m000000_1000|0|0.000000|0.000000|0.000000|0.000000|0.000000|0.000000|1.000000|1.000000|1.000000
m000001_1000|0|0.000000|0.000000|0.000000|0.000000|0.000000|0.000000|1.000000|1.000000|1.000000
m000002_1000|0|0.000000|0.000000|0.000000|0.000000|0.000000|0.000000|1.000000|1.000000|1.000000
m000003_1000|0|0.000000|0.000000|0.000000|0.000000|0.000000|0.000000|1.000000|1.000000|1.000000
c0100_9000|2|1560.607422|-1735.743042|1025.460449|0.000000|129.464005|0.000000|1.000000|1.000000|1.000000
c1000_9000|2|1179.650024|-1538.560059|1927.349976|0.000000|0.000000|0.000000|1.000000|1.000000|1.000000
c4670_9000|2|1183.828979|-1538.411011|1911.776001|3.074000|47.921001|-1.216000|1.000000|1.000000|1.000000
c6010_9000|2|1181.479980|-1538.310059|1963.359985|0.000000|-114.846001|-0.000000|1.000000|1.000000|1.000000
c6010_9001|2|1181.479980|-1538.310059|1963.359985|-0.000000|-114.846001|-0.000000|1.000000|1.000000|1.000000
c6010_9002|2|1181.479980|-1538.310059|1963.359985|1.382000|-114.806000|-3.302000|1.000000|1.000000|1.000000
c6010_9003|2|1181.479980|-1538.310059|1963.359985|0.000000|-114.846001|0.000000|1.000000|1.000000|1.000000
c6010_9004|2|1181.479980|-1538.310059|1963.359985|0.000000|-114.846001|0.000000|1.000000|1.000000|1.000000
c6010_9005|2|1181.479980|-1538.310059|1963.359985|0.000000|-114.846001|-3.270000|1.000000|1.000000|1.000000
c6010_9006|2|1181.479980|-1538.310059|1963.359985|0.000000|-114.846001|0.000000|1.000000|1.000000|1.000000
c6050_9000|2|1181.479980|-1538.310059|1963.359985|0.000000|110.760002|0.000000|1.000000|1.000000|1.000000
c6050_9001|2|1181.479980|-1538.310059|1963.359985|0.000000|110.760002|0.000000|1.000000|1.000000|1.000000
c6050_9002|2|1181.479980|-1538.310059|1963.359985|0.000000|110.760002|0.000000|1.000000|1.000000|1.000000
c6050_9003|2|1181.479980|-1538.310059|1963.359985|0.000000|110.760002|0.000000|1.000000|1.000000|1.000000
c6050_9004|2|1181.479980|-1538.310059|1963.359985|-1.038000|110.760002|0.000000|1.000000|1.000000|1.000000
c6050_9005|2|1181.479980|-1538.310059|1963.359985|0.000000|110.760002|0.000000|1.000000|1.000000|1.000000
c6050_9006|2|1181.479980|-1538.310059|1963.359985|0.000000|110.760002|0.000000|1.000000|1.000000|1.000000
c6060_9000|2|1181.479980|-1538.310059|1963.359985|3.262000|-112.908997|-1.627000|1.000000|1.000000|1.000000
c6060_9001|2|1181.479980|-1538.310059|1963.359985|2.974000|-112.903999|-1.954000|1.000000|1.000000|1.000000
c6060_9002|2|1181.479980|-1538.310059|1963.359985|3.213000|-112.907997|-1.686000|1.000000|1.000000|1.000000
c6060_9003|2|1181.479980|-1538.310059|1963.359985|3.297000|-112.906998|-1.658000|1.000000|1.000000|1.000000
c6060_9004|2|1181.479980|-1538.310059|1963.359985|3.267000|-112.906998|-1.690000|1.000000|1.000000|1.000000
c6060_9005|2|1181.479980|-1538.310059|1963.359985|-0.469000|-112.975998|-5.000000|1.000000|1.000000|1.000000
c6060_9006|2|1181.479980|-1538.310059|1963.359985|2.997000|-112.955002|0.000000|1.000000|1.000000|1.000000
c6100_9000|2|1181.479980|-1538.310059|1963.359985|-0.000000|-133.919006|0.000000|1.000000|1.000000|1.000000
c6100_9001|2|1181.479980|-1538.310059|1963.359985|-2.783000|-133.919006|0.000000|1.000000|1.000000|1.000000
c6100_9002|2|1181.479980|-1538.310059|1963.359985|0.000000|-133.919006|0.000000|1.000000|1.000000|1.000000
c6100_9003|2|1181.479980|-1538.310059|1963.359985|-0.742000|-133.919006|0.000000|1.000000|1.000000|1.000000
c6100_9004|2|1181.479980|-1538.310059|1963.359985|0.000000|-133.919006|0.000000|1.000000|1.000000|1.000000
c6100_9005|2|1181.479980|-1538.310059|1963.359985|0.000000|-133.919006|0.000000|1.000000|1.000000|1.000000
c6100_9006|2|1181.479980|-1538.310059|1963.359985|0.000000|-133.919006|0.000000|1.000000|1.000000|1.000000
c0000_0000|4|1218.515015|-1538.337036|1803.093018|0.000000|180.000000|0.000000|1.000000|1.000000|1.000000
c0000_9000|4|1227.906006|-1537.422974|1790.509033|0.000000|153.979996|0.000000|1.000000|1.000000|1.000000
h020300|5|0.000000|0.000000|0.000000|0.000000|0.000000|0.000000|1.000000|1.000000|1.000000
h020500|5|0.000000|0.000000|0.000000|0.000000|0.000000|0.000000|1.000000|1.000000|1.000000
h901000|5|0.000000|0.000000|0.000000|0.000000|0.000000|0.000000|1.000000|1.000000|1.000000
h905000|5|0.000000|0.000000|0.000000|0.000000|0.000000|0.000000|1.000000|1.000000|1.000000
h020500_0000|11|0.000000|0.000000|0.000000|0.000000|0.000000|0.000000|1.000000|1.000000|1.000000
AEG099_002_9000|13|1215.165039|-1538.365967|1819.874023|0.000000|-28.872000|0.000000|1.000000|1.000000|1.000000
AEG099_053_9000|13|1247.505981|-1538.546997|1847.046997|0.000000|0.000000|0.000000|1.000000|1.000000|1.000000
AEG099_065_9000|13|1190.766968|-1538.529053|1941.703003|0.000000|-172.535004|0.000000|1.000000|1.000000|1.000000
AEG099_504_9000|13|1228.734985|-1537.505005|1794.604004|0.000000|82.056000|0.000000|1.000000|1.000000|1.000000
AEG231_200_1000|13|1170.064331|-1514.892822|2017.746094|0.000000|37.510418|0.000000|1.500000|1.500000|1.500000
AEG231_200_1001|13|1176.092896|-1514.718018|1843.883789|0.000000|95.391678|0.000000|1.500000|1.500000|1.500000
AEG231_200_1002|13|1247.906250|-1513.090820|1979.705566|0.000000|155.393646|0.000000|1.500000|1.500000|1.500000
AEG231_200_1003|13|1137.023193|-1513.347656|1870.814331|0.000000|127.407990|0.000000|1.500000|1.500000|1.500000
AEG231_200_1004|13|1224.152954|-1510.096191|1895.250977|0.000000|55.447662|0.000000|1.500000|1.500000|1.500000
AEG231_200_1005|13|1152.137207|-1508.779785|1964.749634|0.000000|33.270378|0.000000|1.500000|1.500000|1.500000
AEG231_200_1006|13|1185.240356|-1508.993408|1932.797119|0.000000|69.999992|0.000000|1.500000|1.500000|1.500000
AEG231_200_1007|13|1221.320557|-1524.397217|1821.479004|0.000000|97.176750|0.000000|0.800000|0.800000|0.800000
AEG231_200_1008|13|1204.553955|-1524.662354|1816.566895|0.000000|-70.050575|0.000000|0.800000|0.800000|0.800000
AEG231_200_1009|13|1185.720459|-1522.661621|2032.509521|0.000000|-50.050610|0.000000|0.800000|0.800000|0.800000
AEG231_200_1010|13|1203.257446|-1523.177490|2031.399414|0.000000|117.176743|0.000000|0.800000|0.800000|0.800000
AEG231_201_1000|13|1112.923462|-1521.279541|1958.973633|0.000000|21.349041|0.000000|1.500000|1.500000|1.500000
AEG231_201_1001|13|1134.009399|-1521.279541|1993.564697|0.000000|32.048012|0.000000|1.500000|1.500000|1.500000
AEG231_201_1002|13|1213.920288|-1524.375000|2015.413452|0.000000|140.546921|0.000000|1.500000|1.500000|1.500000
AEG231_201_1003|13|1143.814697|-1511.081787|1918.671021|0.000000|151.114899|0.000000|1.500000|1.500000|1.500000
AEG231_201_1004|13|1255.664062|-1523.382812|1878.269165|0.000000|-127.889679|0.000000|1.500000|1.500000|1.500000
AEG231_201_1005|13|1259.829102|-1522.297119|1937.049072|0.000000|-169.584137|0.000000|1.500000|1.500000|1.500000
AEG231_201_1006|13|1220.415039|-1524.404053|1843.635254|0.000000|69.999992|0.000000|1.500000|1.500000|1.500000
AEG231_201_1007|13|1193.439819|-1514.912598|1981.990112|0.000000|89.781616|0.000000|1.500000|1.500000|1.500000
AEG231_201_1008|13|1185.901123|-1510.269531|1884.911255|0.000000|97.101547|0.000000|1.500000|1.500000|1.500000
AEG231_201_1009|13|1109.976196|-1523.663818|1914.027832|0.000000|160.603958|0.000000|1.500000|1.500000|1.500000
AEG231_201_1010|13|1218.478760|-1509.969482|1936.594482|0.000000|69.999992|0.000000|1.500000|1.500000|1.500000
AEG231_201_1012|13|1217.439697|-1528.332275|1790.957520|0.000000|69.999992|0.000000|1.500000|1.500000|1.500000
AEG231_210_1001|13|1106.963623|-1538.757568|1941.456909|-0.794417|-135.454254|-0.475791|1.000000|1.000000|1.000000
AEG231_210_1002|13|1166.825562|-1538.531250|1879.914307|0.682746|-131.937271|-0.048924|1.000000|1.000000|1.000000
AEG231_210_1003|13|1213.849731|-1538.725098|1957.096802|0.321810|-102.332451|-0.449987|1.000001|1.000000|1.000000
AEG231_210_1005|13|1173.218750|-1538.811279|1985.349365|0.289846|-154.411819|-1.386624|1.000000|1.000000|1.000000
AEG231_210_1006|13|1220.591553|-1538.750977|1995.803833|0.200314|110.329254|-0.467732|1.000000|1.000001|1.000000
AEG231_210_1007|13|1125.916870|-1538.309814|1882.645752|0.028495|-31.700127|0.527127|1.000000|1.000000|1.000000
AEG231_210_1008|13|1173.713989|-1538.735596|1915.128052|0.301157|53.542347|-1.194738|1.000001|1.000000|1.000000
AEG231_210_1009|13|1218.381714|-1538.750977|1911.777344|-0.945295|-154.733887|0.365115|1.000000|1.000000|1.000000
AEG231_210_1010|13|1257.169189|-1538.702148|1928.040405|-0.085262|-177.790024|0.091579|1.000000|1.000000|1.000000
AEG231_210_1011|13|1196.791016|-1538.736816|1833.997681|0.245969|74.406891|-0.114337|1.000000|1.000000|1.000000
AEG231_210_1013|13|1119.682983|-1538.737549|1991.161743|-0.095349|54.686680|0.007786|1.000000|1.000000|1.000000
AEG231_210_1014|13|1244.774536|-1538.702148|1951.925293|-0.085262|-148.700043|0.091579|1.000000|1.000001|1.000001
AEG231_210_1015|13|1220.841309|-1538.648193|1870.729492|0.749763|149.818436|-0.711611|1.000000|1.000001|1.000000
AEG231_210_1016|13|1180.532593|-1538.752441|1849.629395|0.403856|141.616913|-0.888155|1.000000|0.999999|1.000000
AEG231_210_1017|13|1138.545410|-1538.768555|1909.833252|-0.296376|-66.240173|0.866369|1.000000|1.000000|1.000000
AEG231_210_1018|13|1147.575439|-1538.937744|1945.284668|0.350088|-154.410339|-1.445627|1.000000|1.000000|1.000000
AEG231_210_1019|13|1130.263306|-1538.713867|1954.620117|0.117097|124.538956|0.395113|1.000000|1.000000|1.000001
AEG231_210_1020|13|1235.195801|-1538.762695|1971.523804|0.321812|43.596989|-0.449985|1.000000|1.000000|1.000000
AEG231_210_1021|13|1114.299927|-1538.486572|1867.847778|0.028496|70.794525|0.527127|1.000000|1.000000|1.000000
AEG231_211_1000|13|1170.360962|-1538.744873|1945.942505|-0.000000|69.999992|0.654278|1.000000|1.000000|1.000000
AEG231_211_1001|13|1139.886475|-1538.964600|1927.223022|0.717552|34.600159|-0.509977|1.000000|1.000000|1.000000
AEG231_211_1002|13|1165.702881|-1538.668945|1853.996826|0.000000|-18.731167|0.000000|1.000000|1.000000|1.000000
AEG231_211_1003|13|1230.497070|-1538.817383|1845.911987|0.721159|-36.179314|-0.209246|1.000000|1.000000|1.000000
AEG231_211_1004|13|1218.864624|-1538.572998|1892.924561|-0.192988|83.344299|-0.409722|1.000000|1.000000|1.000000
AEG231_211_1005|13|1250.643433|-1538.637695|1894.575317|0.000000|-110.142235|0.000000|1.000000|1.000000|1.000000
AEG231_211_1006|13|1259.190674|-1538.379639|1961.724365|0.000000|-110.142235|0.000000|1.000000|1.000000|1.000000
AEG231_211_1007|13|1104.415161|-1538.693115|1915.117920|-0.882065|-32.399715|0.213867|1.000000|1.000000|1.000000
AEG231_211_1008|13|1177.805176|-1538.729980|2020.647705|0.000000|14.576826|0.000000|1.000000|1.000000|1.000000
AEG231_211_1009|13|1152.876221|-1538.603027|1991.378784|-0.496641|157.004562|-0.741403|1.000000|1.000000|1.000000
AEG231_211_1010|13|1242.603027|-1538.634521|1909.389404|0.000000|179.173172|0.000000|1.000000|1.000000|1.000000
AEG231_211_1011|13|1226.222534|-1538.839600|1934.324951|0.498932|151.451599|0.338450|1.000000|1.000000|1.000000
AEG231_211_1012|13|1240.026855|-1538.739990|1882.343994|0.015928|17.351767|-0.747541|1.000000|1.000000|1.000000
AEG231_211_1013|13|1198.677368|-1538.727295|1863.718262|0.325964|6.171049|-0.663308|1.000000|1.000000|1.000000
AEG231_211_1014|13|1145.946655|-1538.605469|1865.809448|0.000000|41.570335|0.000000|1.000000|1.000000|1.000000
AEG231_211_1015|13|1154.622559|-1538.672607|1899.990845|-1.186214|-42.262943|0.484233|1.000000|1.000000|1.000000
AEG231_211_1016|13|1122.181274|-1538.793945|1927.791748|0.478113|-10.977591|-0.070784|1.000000|1.000000|1.000000
AEG231_211_1017|13|1188.959595|-1538.869873|1891.802734|-0.897915|93.972397|0.233046|1.000000|1.000000|1.000000
AEG231_211_1018|13|1201.204834|-1538.678955|1935.214722|-1.538260|4.910306|-0.912627|1.000000|1.000000|1.000000
AEG231_211_1019|13|1134.773926|-1538.837402|1971.728882|0.265448|61.577839|1.314620|1.000000|1.000000|1.000000
AEG231_211_1020|13|1182.113770|-1538.693604|1959.144043|0.372819|-47.369221|0.031173|1.000000|1.000000|1.000000
AEG231_211_1021|13|1207.096313|-1538.766357|1976.812988|0.466529|-9.343042|0.805580|1.000000|1.000000|1.000001
AEG231_211_1022|13|1204.133911|-1538.639160|2009.605835|-0.102699|117.468475|-0.339433|1.000000|1.000000|1.000000
AEG231_211_1024|13|1216.624878|-1538.706177|1813.601196|0.721159|-36.179314|-0.209246|1.000000|1.000000|1.000000
AEG231_215_1000|13|1213.577026|-1538.947998|1795.516724|7.660495|88.277214|3.542082|1.000000|1.000000|1.000000
AEG231_215_1002|13|1225.714233|-1538.696533|1781.208252|2.290844|-110.725357|-3.534231|1.000000|1.000000|1.000001
AEG231_215_1004|13|1229.993530|-1538.218994|1781.721313|7.476107|-110.498199|-5.152660|1.000000|1.000000|1.000000
AEG231_215_1005|13|1227.749878|-1538.743164|1799.348267|-6.732805|34.728752|3.386598|1.000000|1.000000|1.000000
AEG231_215_1007|13|1226.463745|-1537.917480|1774.578369|10.410544|38.625526|3.370725|1.000000|1.000000|1.000000
AEG231_215_1008|13|1211.486450|-1539.079834|1801.935913|-14.663725|-120.911263|0.841014|1.000000|1.000000|1.000000
AEG231_215_1010|13|1223.260132|-1539.271484|1811.635742|4.286763|-91.580254|-1.223059|1.000000|1.000000|1.000000
AEG231_215_1012|13|1211.922729|-1539.416260|1808.019409|-0.134048|71.487892|1.812486|1.000000|1.000000|1.000000
AEG231_215_1017|13|1211.486450|-1539.050781|1801.935913|-14.979592|-120.911148|-0.797595|1.000000|1.000000|1.000000
AEG231_215_1018|13|1221.766968|-1539.239746|1803.385742|1.196840|-91.815598|-4.604922|1.000000|1.000000|1.000000
AEG231_215_1019|13|1221.778564|-1538.743896|1781.001953|7.638968|39.348637|1.152717|1.000000|1.000000|1.000000
AEG231_215_1020|13|1212.030762|-1538.717041|1790.202515|-4.261539|-42.279198|-7.471619|1.000000|1.000000|1.000000
AEG231_215_1021|13|1210.924805|-1537.981689|1780.103027|-5.445938|-125.877884|4.327882|1.000000|1.000000|1.000000
AEG231_215_1023|13|1213.985107|-1539.406250|1810.623291|-9.996147|88.447929|3.349774|1.000000|1.000000|1.000000
AEG231_215_1024|13|1220.257935|-1539.281738|1813.524414|-6.674101|45.977047|2.469496|1.000000|1.000000|1.000000
AEG231_215_1025|13|1229.266968|-1538.323975|1793.729248|-6.202150|109.144310|-2.539054|1.000000|1.000000|1.000000
AEG231_215_1026|13|1218.461304|-1539.281738|1819.966309|-19.516460|88.806702|5.377129|1.000000|1.000000|1.000000
AEG231_216_1002|13|1231.772583|-1537.241943|1782.079590|3.347613|-117.378593|-4.835453|1.000000|1.000000|1.000000
AEG231_216_1004|13|1218.926636|-1537.842773|1780.251343|-1.415307|18.530102|-2.010370|1.000000|1.000000|1.000000
AEG231_216_1005|13|1224.494629|-1537.984375|1791.977661|-2.999915|-80.324257|-0.131871|1.000000|1.000001|1.000000
AEG231_216_1006|13|1231.928345|-1537.082275|1789.806396|7.574925|-102.629517|-1.730733|1.000000|1.000000|1.000000
AEG231_216_1007|13|1210.406494|-1538.563232|1806.347900|-4.814253|-96.598068|-1.539002|1.000000|1.000000|1.000000
AEG231_216_1008|13|1228.359131|-1537.836670|1800.644287|-8.205598|68.146645|-0.647524|1.000000|1.000000|1.000000
AEG231_216_1009|13|1226.043945|-1537.824951|1790.359863|7.171152|96.120613|-1.403890|1.000000|1.000000|1.000000
AEG231_216_1010|13|1225.258301|-1537.919189|1786.870605|0.757085|71.550240|2.021217|1.000000|1.000000|1.000000
AEG231_216_1011|13|1225.734985|-1536.730225|1771.172852|-7.777651|-103.939011|-7.304532|1.000000|1.000000|1.000000
AEG231_216_1012|13|1212.618896|-1538.563232|1814.226685|-2.909177|-77.749619|0.425985|1.000000|1.000000|1.000000
AEG231_216_1014|13|1226.912720|-1537.765137|1795.834473|-4.424218|-63.623028|1.098868|1.000000|1.000000|1.000000
AEG231_216_1015|13|1230.526978|-1537.154297|1775.072021|-0.422845|71.420471|2.195141|1.000000|1.000000|1.000001
AEG231_216_1016|13|1209.324463|-1537.197998|1780.993774|-5.491524|-96.696945|-2.707979|1.000000|1.000000|1.000000
AEG231_216_1017|13|1223.775513|-1538.362061|1805.081055|-2.885668|-107.895935|-3.274644|1.000000|1.000000|1.000000
AEG231_216_1018|13|1224.749146|-1538.220947|1809.120361|-2.425074|-102.629532|-1.730733|1.000000|1.000000|1.000000
AEG231_216_1019|13|1220.635010|-1538.626953|1816.488281|2.457120|77.274223|-1.615193|1.000000|1.000000|1.000000
AEG231_216_1020|13|1232.736328|-1536.809814|1776.925781|0.914507|-96.299026|-4.260863|1.000000|1.000000|1.000000
AEG231_216_1021|13|1227.562012|-1537.798340|1782.580566|-7.854782|-134.931290|-6.068211|1.000000|1.000000|1.000000
AEG231_216_1024|13|1215.842896|-1537.487061|1779.192139|-1.971217|4.575097|-4.185840|1.000000|1.000000|1.000000
AEG231_216_1027|13|1219.536499|-1537.306641|1776.752441|-8.230551|-162.526047|-2.955539|1.000000|1.000000|1.000000
AEG231_216_1028|13|1209.213135|-1537.560303|1790.554199|1.101791|102.222893|-0.000001|1.000000|1.000000|1.000000
AEG231_216_1029|13|1211.612061|-1537.926025|1793.714844|-10.343945|-82.688141|-4.444982|1.000000|1.000000|1.000000
AEG231_216_1030|13|1229.733154|-1537.477783|1785.883667|-8.999901|95.335960|-1.420706|1.000000|1.000000|1.000000
AEG231_220_1000|13|1086.748169|-1537.358643|1914.312866|0.000000|-89.175346|0.000000|1.000000|1.000000|1.000000
AEG231_220_1001|13|1111.121948|-1537.398926|1870.439331|0.000000|-117.421364|0.000000|1.000000|1.000000|1.000000
AEG231_220_1002|13|1146.837769|-1537.608887|1841.201660|0.000000|-118.083359|0.000000|1.000000|1.000000|1.000000
AEG231_220_1003|13|1222.719604|-1538.495605|1822.755249|0.000000|-55.522385|0.000000|1.000000|1.000000|1.000000
AEG231_220_1004|13|1271.068359|-1537.431641|1886.079468|0.000000|109.874283|0.000000|1.000000|1.000000|1.000000
AEG231_220_1005|13|1280.147217|-1537.453369|1931.193970|0.000000|123.846069|0.000000|1.000000|1.000000|1.000000
AEG231_220_1008|13|1245.645264|-1537.330078|2009.640259|0.000000|47.494389|0.000000|1.000000|1.000000|1.000000
AEG231_220_1009|13|1187.164307|-1538.381592|2033.242065|0.000000|103.828239|0.000000|1.000000|1.000000|1.000000
AEG231_220_1010|13|1205.153931|-1538.226807|2031.754395|0.000000|-140.686996|0.000000|1.000000|1.000000|1.000000
AEG231_220_1011|13|1087.466309|-1537.185791|1960.585449|0.000000|-79.338234|0.000000|1.000000|1.000000|1.000000
AEG231_220_1012|13|1127.028076|-1537.514404|2010.569336|0.000000|-17.289124|0.000000|1.000000|1.000000|1.000000
AEG231_220_1019|13|1206.053589|-1538.021729|1816.925171|0.000000|38.142097|0.000000|1.000000|1.000000|1.000000
AEG231_220_1022|13|1239.346802|-1537.020508|1779.701782|0.000000|21.297033|0.000000|1.000000|1.000000|1.000000
AEG231_220_1023|13|1218.782837|-1537.021729|1768.240479|0.000000|-133.083374|0.000000|1.000000|1.000000|1.000000
AEG231_220_1024|13|1113.133423|-1537.398926|1867.073608|0.000000|-175.283203|0.000000|1.000000|1.000000|1.000000
AEG231_225_1000|13|1099.032227|-1517.957520|1982.649048|0.000000|-61.611088|0.000000|1.000000|1.000000|1.000000
AEG231_225_1002|13|1277.228638|-1517.550293|1953.762451|0.000000|81.751160|0.000000|1.000000|1.000000|1.000000
AEG231_225_1003|13|1263.642334|-1517.610107|1865.892822|0.000000|111.181496|0.000000|1.000000|1.000000|1.000000
AEG231_225_1004|13|1241.977295|-1517.549316|1836.591064|0.000000|143.541153|0.000000|1.000000|1.000000|1.000000
AEG231_225_1005|13|1184.454590|-1517.521240|1822.012207|0.000000|-160.741638|0.000000|1.000000|1.000000|1.000000
AEG231_225_1006|13|1151.841675|-1517.883545|1837.721191|0.000000|-143.180557|0.000000|1.000000|1.000000|1.000000
AEG231_225_1007|13|1094.283081|-1517.723145|1894.599365|0.000000|-114.242668|0.000000|1.000000|1.000000|1.000000
AEG231_225_1008|13|1118.441040|-1518.013672|1864.416382|-0.000003|-137.836777|-0.000000|1.000000|1.000000|1.000000
AEG231_225_1009|13|1086.870605|-1517.898926|1937.764282|-0.000003|-87.505547|-0.000000|1.000000|1.000000|1.000000
AEG231_225_1010|13|1275.631836|-1517.988525|1907.131470|-0.000003|99.182579|0.000000|1.000000|1.000000|1.000000
AEG231_225_1011|13|1260.355713|-1517.601318|1992.264282|-0.000003|53.545063|-0.000000|1.000000|1.000000|1.000000
AEG231_225_1012|13|1147.732056|-1517.694336|2019.321289|0.000000|-21.045725|0.000000|1.000000|1.000000|1.000000
AEG231_225_1014|13|1231.796387|-1517.549316|1802.116821|0.000000|73.400032|0.000000|1.000000|1.000000|1.000000
AEG231_225_1018|13|1234.655884|-1517.107666|1775.941040|0.000000|143.419205|0.000000|1.000000|1.000000|1.000000
AEG231_225_1027|13|1226.268066|-1517.601318|2021.911621|-0.000003|34.242512|-0.000000|1.000000|1.000000|1.000000
AEG231_226_1001|13|1118.571899|-1518.108154|2005.335449|0.000000|-26.347837|0.000000|1.000000|1.000000|1.000000
AEG231_226_1004|13|1175.215576|-1518.060303|2029.604736|0.000000|-14.587318|0.000000|1.000000|1.000000|1.000000
AEG231_226_1006|13|1205.606689|-1517.692139|1804.939087|0.000000|-86.173668|0.000000|1.000000|1.000000|1.000000
AEG231_226_1016|13|1204.458984|-1517.692139|1787.888916|0.000000|-71.912903|0.000000|1.000000|1.000000|1.000000
AEG231_226_1017|13|1210.734253|-1517.692139|1774.634155|0.000000|-141.912918|0.000000|1.000000|1.000000|1.000000
AEG231_226_1019|13|1193.974731|-1518.060303|2034.452148|0.000000|10.412678|0.000000|1.000000|1.000000|1.000000
AEG231_230_1000|13|1195.349609|-1538.825195|1892.912842|1.354536|0.435547|-0.849855|1.000000|1.000000|1.000001
AEG231_230_1001|13|1209.448730|-1538.527832|1889.420410|-1.337728|12.013427|2.781335|1.000000|0.999999|1.000000
AEG231_230_1002|13|1179.884888|-1538.730225|1898.599976|0.889728|48.115513|0.095486|1.000000|1.000000|1.000000
AEG231_230_1003|13|1191.298096|-1538.956055|1920.026855|-0.679942|0.411066|-1.835632|1.000000|1.000000|1.000000
AEG231_230_1004|13|1177.863647|-1538.664307|1910.088379|-1.375193|35.914040|1.447836|1.000000|1.000000|1.000000
AEG231_230_1005|13|1203.701294|-1538.600098|1898.009521|-1.088674|108.488571|-1.731625|1.000000|1.000000|1.000000
AEG231_230_1006|13|1188.175781|-1538.580566|1891.214233|-1.108813|21.455183|0.763041|1.000000|1.000000|1.000000
AEG231_230_1007|13|1206.023926|-1538.472412|1918.561768|-0.745566|-17.964577|-0.993291|1.000000|1.000000|1.000000
AEG231_230_1008|13|1178.896484|-1538.661865|1931.328125|-0.824776|0.419729|-0.593052|1.000000|1.000000|1.000000
AEG231_230_1009|13|1196.631592|-1538.648926|1909.423584|0.884537|0.448006|-2.424942|1.000000|1.000000|1.000000
AEG231_230_1010|13|1195.469238|-1538.508789|1938.966309|-0.345200|-96.004982|-2.439046|1.000000|1.000000|1.000000
AEG231_230_1011|13|1184.288086|-1538.613770|1939.495483|-0.077236|176.003204|0.050188|1.000000|1.000000|1.000000
AEG231_230_1012|13|1197.117920|-1538.707275|1957.862549|-2.117664|-155.967178|3.901349|1.000000|1.000000|1.000000
AEG231_230_1013|13|1201.757202|-1538.549072|1968.678223|0.304708|-85.050568|0.782439|1.000000|1.000000|1.000000
AEG231_230_1014|13|1186.367065|-1538.698486|1964.896484|-1.168652|-42.001728|-0.997935|1.000000|1.000000|1.000000
AEG231_230_1015|13|1174.228516|-1538.738770|1955.571045|-0.786575|-114.033623|-2.776452|1.000000|1.000000|1.000000
AEG231_230_1016|13|1163.457764|-1538.934814|1961.733398|0.455820|-47.061970|3.984897|1.000000|1.000000|1.000000
AEG231_230_1017|13|1166.660278|-1538.818604|1981.913086|0.522482|74.988792|1.150368|1.000000|1.000000|1.000000
AEG231_230_1018|13|1162.219482|-1538.611572|1993.086670|2.197873|121.997864|1.163100|1.000000|1.000000|1.000000
AEG231_230_1019|13|1149.876465|-1538.693359|1969.416382|-0.439374|-61.002174|0.190644|1.000000|1.000000|1.000000
AEG231_230_1020|13|1182.589233|-1538.602295|1986.020874|0.628569|108.039253|-0.619407|1.000000|1.000000|1.000000
AEG231_230_1021|13|1210.922119|-1538.582764|1968.836304|-0.351863|-53.013206|-0.592436|1.000000|1.000000|1.000000
AEG231_230_1022|13|1225.085693|-1538.837158|1974.898438|0.441585|154.121796|-0.113083|1.000001|1.000000|1.000000
AEG231_230_1023|13|1235.362305|-1538.699463|1959.084473|0.891832|-159.497543|-0.311888|1.000000|1.000000|1.000001
AEG231_230_1024|13|1227.430786|-1538.819824|1946.761475|-1.880857|-44.951778|0.124719|1.000000|1.000000|1.000000
AEG231_230_1025|13|1242.429932|-1538.650635|1936.397705|-1.393223|13.993881|0.203977|1.000000|1.000000|1.000000
AEG231_230_1026|13|1253.351562|-1538.681641|1946.114990|-0.233168|-127.001564|-0.727946|1.000000|1.000000|1.000000
AEG231_230_1027|13|1251.302124|-1538.758545|1922.945679|-0.495818|-177.024857|0.917786|1.000000|1.000000|1.000001
AEG231_230_1028|13|1237.415894|-1538.658447|1913.817871|-0.887034|-31.000843|1.328800|1.000000|1.000000|1.000000
AEG231_230_1029|13|1226.867920|-1538.639648|1911.653320|-0.659045|-99.004478|-0.439011|1.000000|1.000000|1.000000
AEG231_230_1030|13|1208.572998|-1538.681152|1937.856323|0.358694|-154.995178|-0.812785|1.000000|1.000000|1.000000
AEG231_230_1031|13|1216.646118|-1538.664795|1934.306396|0.006257|143.989288|0.986662|1.000000|1.000000|1.000000
AEG231_230_1032|13|1228.647339|-1538.669189|1894.043579|-0.316219|140.995209|1.485375|1.000000|1.000000|1.000000
AEG231_230_1033|13|1241.507080|-1538.679443|1872.733887|-0.644891|45.001362|0.269246|1.000000|1.000000|1.000000
AEG231_230_1034|13|1251.880981|-1538.686279|1900.830811|-1.776245|170.002411|1.889531|1.000000|1.000000|1.000000
AEG231_230_1035|13|1218.245728|-1538.594482|1866.166992|-0.203981|-115.000877|-0.247325|1.000000|1.000000|1.000000
AEG231_230_1036|13|1224.110840|-1538.616943|1845.123413|1.744233|81.988693|0.556252|1.000000|0.999999|1.000000
AEG231_230_1037|13|1206.021118|-1538.748779|1865.064331|1.310850|39.962975|0.809979|1.000000|1.000000|1.000000
AEG231_230_1038|13|1200.726318|-1538.570068|1852.467041|0.683156|-93.002800|0.331782|1.000000|1.000000|1.000000
AEG231_230_1039|13|1191.063599|-1538.742676|1878.317139|-0.457760|71.995277|-0.587289|1.000000|1.000001|1.000000
AEG231_230_1040|13|1187.477295|-1538.683105|1865.826172|1.168372|69.114197|0.318997|1.000000|1.000000|1.000000
AEG231_230_1041|13|1175.232666|-1538.610596|1875.467163|-0.816754|-74.981575|2.109545|1.000000|1.000000|1.000000
AEG231_230_1042|13|1179.710083|-1538.637207|1844.704102|0.207474|-131.000320|0.065297|1.000000|1.000000|1.000000
AEG231_230_1043|13|1161.906616|-1538.602295|1884.384521|1.145149|-118.017593|0.860740|1.000001|1.000000|1.000000
AEG231_230_1044|13|1168.340088|-1538.649658|1893.660400|3.715104|-11.018929|0.256160|1.000000|1.000000|1.000000
AEG231_230_1045|13|1159.049194|-1538.558838|1903.472046|1.265253|26.152220|-3.046064|1.000000|1.000000|1.000000
AEG231_230_1046|13|1153.247559|-1538.730713|1887.486206|0.402408|110.315933|1.665828|1.000000|1.000000|1.000000
AEG231_230_1047|13|1147.262451|-1538.671143|1872.448486|-0.736049|171.002731|0.044697|1.000000|1.000000|1.000000
AEG231_230_1048|13|1148.628418|-1538.525635|1861.075684|-1.300172|31.997135|-1.030156|1.000000|1.000000|1.000000
AEG231_230_1049|13|1139.623291|-1538.674561|1915.314697|1.382922|-77.973869|-0.350143|1.000000|1.000000|1.000000
AEG231_230_1050|13|1146.905273|-1539.095459|1925.839355|4.045739|-53.913280|-1.187890|1.000000|1.000000|1.000000
AEG231_230_1051|13|1165.359131|-1538.643311|1920.524536|1.188179|-40.995644|-0.098800|1.000000|1.000000|1.000000
AEG231_230_1052|13|1168.292358|-1538.721436|1939.676025|0.489834|-59.013817|-2.303530|1.000000|1.000000|1.000001
AEG231_230_1053|13|1130.774414|-1538.611572|1941.332153|0.596822|-76.829391|-3.736391|1.000000|1.000000|1.000000
AEG231_230_1054|13|1120.965820|-1538.880127|1936.657349|1.006715|98.128654|0.460027|1.000000|1.000000|1.000000
AEG231_230_1055|13|1119.770752|-1538.531982|1913.823975|0.056172|-31.007666|2.153422|1.000000|1.000000|1.000000
AEG231_230_1056|13|1123.976929|-1538.776611|1986.378174|-0.272066|-176.999954|-0.447298|1.000001|1.000000|1.000000
AEG231_230_1057|13|1133.517578|-1538.671143|1977.462158|1.512448|-100.049561|1.864095|1.000000|1.000000|1.000000
AEG231_230_1058|13|1116.343506|-1538.589600|1979.489990|-0.898399|-25.585611|-0.705361|1.000000|1.000000|1.000000
AEG231_230_1059|13|1131.321533|-1538.661865|1964.617188|-0.568888|173.006348|1.772844|1.000000|1.000000|1.000000
AEG231_230_1060|13|1113.093140|-1538.621094|1947.323486|-0.567797|-92.896431|-0.835168|1.000000|1.000000|1.000000
AEG231_230_1061|13|1125.419556|-1538.366699|1893.492920|2.322729|109.954536|2.467665|1.000000|1.000000|1.000000
AEG231_230_1062|13|1137.540649|-1538.375732|1882.731812|-1.373877|-164.610519|6.532284|1.000000|1.000000|1.000000
AEG231_230_1063|13|1179.993408|-1538.649658|2013.242188|0.460983|16.998865|0.103491|1.000000|1.000000|1.000000
AEG231_230_1064|13|1198.359131|-1538.627441|2006.612549|0.009262|146.999771|-0.355092|1.000000|1.000000|1.000000
AEG231_230_1065|13|1167.232910|-1538.759033|2013.578369|0.412898|129.978577|-1.942264|1.000000|1.000000|1.000000
AEG231_230_1066|13|1157.198853|-1538.750488|2005.287109|-0.054751|-160.012436|-2.463688|1.000000|1.000000|1.000000
AEG231_230_1067|13|1147.068970|-1538.565674|1998.037354|0.921666|19.001125|2.036708|1.000000|1.000000|1.000000
AEG231_230_1068|13|1134.851929|-1538.649658|1998.231445|2.066761|-17.001570|-0.812908|1.000000|1.000000|1.000000
AEG231_230_1069|13|1246.421509|-1538.461670|1972.219238|4.846347|3.883566|2.401140|1.000000|1.000000|1.000000
AEG231_230_1070|13|1237.868652|-1538.778564|1987.707642|-0.281858|-26.003401|1.987613|1.000000|1.000000|1.000000
AEG231_230_1071|13|1221.054077|-1538.675537|1991.290649|-0.350469|121.000847|0.362519|1.000000|1.000000|0.999999
AEG231_230_1072|13|1202.518799|-1538.851318|1981.204468|4.617699|33.040493|-0.237893|1.000000|1.000000|1.000000
AEG231_230_1073|13|1146.702271|-1538.672852|1958.545532|2.395921|67.415192|-1.393144|1.000000|1.000000|1.000000
AEG231_230_1075|13|1210.425659|-1537.517578|1785.295776|-6.738036|-93.589462|-2.046245|1.000000|1.000000|1.000000
AEG231_231_1000|13|1201.552979|-1538.538818|1886.026611|-1.263401|-100.868988|0.018413|1.000000|1.000000|1.000000
AEG231_231_1001|13|1194.072510|-1538.550781|1888.760010|0.772549|-153.411316|1.325330|1.000000|1.000000|1.000000
AEG231_231_1002|13|1197.988525|-1538.759033|1920.980957|5.568052|-152.933319|-3.825269|1.000000|1.000000|1.000000
AEG231_231_1003|13|1206.611084|-1538.371094|1895.552856|-8.900603|147.679382|-2.804483|1.000000|1.000000|1.000000
AEG231_231_1004|13|1188.932983|-1538.578857|1902.710205|-2.557906|71.023743|-3.706432|1.000000|1.000000|1.000000
AEG231_231_1005|13|1208.860352|-1538.510986|1903.477783|-0.711250|108.234863|0.288453|1.000000|1.000000|1.000000
AEG231_231_1006|13|1183.598877|-1538.646484|1914.740234|2.940424|-64.158440|-4.542007|1.000000|1.000000|1.000000
AEG231_231_1007|13|1191.275269|-1538.692627|1895.531982|4.538824|90.063110|4.478528|1.000000|1.000000|1.000000
AEG231_231_1008|13|1186.025146|-1538.643188|1921.533691|-0.737889|-9.875563|0.474043|1.000000|1.000000|1.000000
AEG231_231_1009|13|1210.779053|-1538.545898|1884.823853|0.708946|-108.719833|-0.285124|1.000000|1.000000|1.000000
AEG231_231_1010|13|1182.997314|-1538.421631|1908.797119|0.480490|-113.100731|-0.872809|1.000000|1.000000|1.000000
AEG231_231_1011|13|1193.656250|-1538.595215|1904.034180|-1.236157|-39.988724|1.885378|1.000000|1.000000|1.000000
AEG231_231_1012|13|1177.808105|-1538.718994|1904.696777|-0.644725|6.998092|-0.328493|1.000000|1.000000|1.000000
AEG231_231_1013|13|1205.262695|-1538.824219|1932.107422|2.923649|124.594917|-1.586794|1.000000|1.000000|1.000000
AEG231_231_1014|13|1189.487061|-1538.413330|1928.237671|-4.077847|155.010178|-1.455103|1.000000|1.000000|1.000000
AEG231_231_1015|13|1182.975098|-1538.518555|1930.659058|-2.509669|105.960014|-1.822183|1.000000|1.000000|1.000000
AEG231_231_1016|13|1184.412964|-1538.506836|1947.355713|-2.760614|149.184052|-0.674044|1.000000|1.000000|1.000000
AEG231_231_1017|13|1198.486572|-1538.578857|1901.609131|0.670506|105.999092|0.305118|1.000000|1.000000|1.000000
AEG231_231_1018|13|1205.741211|-1538.571045|1908.386841|0.202693|-22.000408|1.092830|1.000000|1.000000|1.000000
AEG231_231_1019|13|1209.988770|-1538.618896|1917.990967|-4.484257|-48.031574|-3.488012|1.000000|1.000000|1.000000
AEG231_231_1020|13|1212.403076|-1538.594727|1913.219604|0.897132|162.001862|2.695384|1.000000|1.000000|1.000000
AEG231_231_1021|13|1221.691650|-1538.442139|1897.457153|-0.177149|-46.970047|-0.941362|1.000000|1.000000|1.000000
AEG231_231_1022|13|1170.594482|-1538.597412|1903.417480|-1.307815|63.001091|0.129446|1.000000|1.000000|1.000000
AEG231_231_1023|13|1201.867065|-1538.638428|1914.181519|-0.211500|47.001141|0.322740|1.000000|1.000000|1.000000
AEG231_231_1024|13|1203.028687|-1538.378174|1948.478271|-0.593047|140.985245|-2.218876|1.000000|1.000000|1.000000
AEG231_231_1025|13|1193.712646|-1538.435791|1950.314209|0.579637|-8.991927|-2.192032|1.000000|1.000000|1.000000
AEG231_231_1026|13|1196.215820|-1538.585205|1968.574097|0.704985|34.981979|0.218975|1.000000|1.000000|1.000000
AEG231_231_1027|13|1211.309448|-1538.523682|1964.716919|0.840195|167.999115|0.054068|1.000000|1.000000|1.000000
AEG231_231_1028|13|1221.449707|-1538.772217|1972.779297|-1.951261|-44.337662|-1.112802|1.000000|1.000000|1.000000
AEG231_231_1029|13|1217.247070|-1538.587646|1991.607544|-1.872949|-177.009216|0.301512|1.000000|1.000000|1.000000
AEG231_231_1030|13|1231.474121|-1538.548340|1957.505859|4.241875|86.967865|-1.015729|1.000000|1.000000|1.000000
AEG231_231_1031|13|1212.297485|-1538.642090|1936.754639|-1.113102|-49.485977|0.137287|1.000000|1.000000|1.000000
AEG231_231_1032|13|1213.385376|-1538.734375|1922.121582|-0.042892|-111.997192|2.055941|1.000000|1.000000|1.000001
AEG231_231_1033|13|1213.192871|-1538.648438|1930.838989|-2.129702|-17.544525|1.317598|1.000000|1.000000|1.000000
AEG231_231_1034|13|1230.534546|-1538.612061|1913.471436|1.212141|-57.990055|-0.801620|1.000000|1.000000|1.000000
AEG231_231_1035|13|1225.743652|-1538.547119|1904.544434|-2.510708|-175.006302|1.236592|1.000000|1.000000|1.000001
AEG231_231_1036|13|1230.906616|-1538.595459|1897.083008|1.495566|-154.010788|0.079640|1.000000|1.000000|1.000000
AEG231_231_1037|13|1243.285400|-1538.553467|1886.321777|-0.351232|164.001434|1.565261|1.000000|1.000000|1.000000
AEG231_231_1038|13|1244.202393|-1538.595459|1891.251221|-0.069636|19.002916|-0.896895|1.000000|1.000000|1.000000
AEG231_231_1039|13|1245.418579|-1538.591797|1874.067261|0.586686|-118.999939|-0.052448|1.000000|1.000000|1.000000
AEG231_231_1040|13|1222.446045|-1538.433594|1863.699219|1.527969|-177.797287|-3.711520|1.000000|1.000000|1.000000
AEG231_231_1041|13|1208.835938|-1538.621826|1866.970581|-2.391080|168.992264|-0.757803|1.000000|1.000000|1.000000
AEG231_231_1042|13|1223.205078|-1538.418701|1841.949707|-0.095692|127.010536|0.615127|1.000000|1.000000|1.000000
AEG231_231_1043|13|1215.875244|-1538.548828|1856.108154|-0.492205|106.000374|1.458845|1.000000|1.000000|1.000000
AEG231_231_1044|13|1198.561401|-1538.428955|1848.204468|0.479561|-9.999874|-0.488716|1.000000|1.000000|1.000000
AEG231_231_1045|13|1255.440308|-1538.562500|1900.049316|1.510674|-54.012222|-0.154472|1.000000|1.000000|1.000000
AEG231_231_1046|13|1246.531250|-1538.520752|1937.802979|1.316532|-121.014954|0.572861|1.000000|1.000000|0.999999
AEG231_231_1047|13|1236.744629|-1538.490967|1938.865234|-0.659842|34.995995|-0.339856|1.000000|1.000000|1.000000
AEG231_231_1048|13|1254.136963|-1538.610107|1949.908813|1.563649|-146.986465|-1.084306|1.000000|1.000000|1.000000
AEG231_231_1049|13|1254.070557|-1538.524902|1941.633057|2.523727|67.937881|1.429094|1.000000|1.000000|1.000000
AEG231_231_1050|13|1230.686890|-1538.725830|1948.431519|0.502428|78.954323|-3.777707|1.000000|1.000000|1.000000
AEG231_231_1051|13|1247.308228|-1538.498291|1976.147217|0.592478|-39.000767|-1.027879|1.000000|1.000000|1.000000
AEG231_231_1052|13|1238.178589|-1538.381592|1972.572021|0.693592|-103.005188|0.458196|1.000000|1.000000|1.000000
AEG231_231_1053|13|1254.084351|-1538.281738|1967.320801|-0.808032|-91.981438|3.400561|1.000000|1.000000|1.000000
AEG231_231_1054|13|1264.493042|-1538.227783|1967.533447|2.308194|128.070328|-1.287996|1.000000|1.000000|1.000000
AEG231_231_1055|13|1262.955200|-1538.239502|1947.857544|2.738387|-89.134018|2.926407|1.000000|1.000000|1.000000
AEG231_231_1056|13|1257.555664|-1538.503418|1936.330688|-1.934218|-76.952522|-1.423658|1.000000|1.000000|1.000000
AEG231_231_1057|13|1264.473511|-1538.477295|1923.162598|2.984356|73.916550|0.570485|1.000000|1.000000|1.000000
AEG231_231_1058|13|1260.190063|-1538.455566|1914.239136|0.129118|-99.000298|0.132888|1.000000|1.000000|1.000000
AEG231_231_1059|13|1251.936890|-1538.533936|1908.929565|1.670528|138.006058|-1.786692|1.000000|0.999999|1.000000
AEG231_231_1060|13|1232.367920|-1538.557617|1862.736206|0.293999|122.999977|0.131741|1.000000|1.000000|1.000000
AEG231_231_1061|13|1221.973633|-1538.486572|1848.396851|2.209731|80.965630|1.087148|1.000000|1.000000|1.000000
AEG231_231_1062|13|1208.156738|-1538.738525|1844.516724|0.702362|-122.019073|2.491490|1.000000|1.000000|1.000000
AEG231_231_1063|13|1210.409302|-1538.547607|1837.788330|2.626454|28.955866|0.606876|1.000000|1.000000|1.000000
AEG231_231_1064|13|1198.430420|-1538.592041|1830.331787|1.319100|36.977219|2.424280|1.000000|1.000000|1.000000
AEG231_231_1065|13|1184.795776|-1538.552002|1840.707764|-2.437079|-28.322470|2.793493|1.000000|1.000000|1.000000
AEG231_231_1066|13|1172.395996|-1538.537598|1846.079590|0.651572|136.999161|0.592068|1.000000|1.000000|1.000000
AEG231_231_1067|13|1164.545044|-1538.600342|1838.605347|-1.302631|-27.999117|-0.789178|1.000000|1.000000|1.000000
AEG231_231_1068|13|1193.414062|-1538.648682|1843.209106|-1.927007|39.962204|-1.130746|1.000000|1.000000|1.000000
AEG231_231_1069|13|1171.633179|-1538.527588|1870.978760|0.245668|-0.000174|0.218539|1.000000|1.000000|1.000000
AEG231_231_1070|13|1181.136475|-1538.268311|1880.658325|-4.733621|-24.983643|-0.527652|1.000000|1.000000|1.000000
AEG231_231_1071|13|1143.275635|-1538.434814|1857.813477|-0.434485|-168.999878|-0.802172|1.000000|1.000000|1.000000
AEG231_231_1072|13|1150.461914|-1538.565186|1857.052368|-0.662640|89.958672|-2.476717|1.000000|1.000000|1.000000
AEG231_231_1073|13|1158.038086|-1538.392822|1850.931152|0.103655|-95.987221|-2.267076|1.000000|1.000000|1.000000
AEG231_231_1074|13|1139.156860|-1538.414307|1877.649536|-4.794899|174.006058|4.038090|1.000000|1.000000|1.000000
AEG231_231_1075|13|1138.178345|-1538.402832|1886.553589|3.294391|140.558167|5.125865|1.000000|1.000000|1.000000
AEG231_231_1076|13|1150.038696|-1538.565186|1887.479248|0.984586|-12.000187|-0.803494|1.000000|1.000000|1.000000
AEG231_231_1077|13|1157.732056|-1538.621826|1889.062012|2.227051|-92.912560|-2.576397|1.000000|1.000000|1.000000
AEG231_231_1078|13|1151.114990|-1538.587158|1872.793945|0.106496|2.999946|0.182175|1.000000|1.000000|1.000000
AEG231_231_1079|13|1142.995483|-1538.552734|1873.455322|-0.208300|-153.059952|0.516198|0.999999|1.000000|1.000000
AEG231_231_1080|13|1160.426392|-1538.546631|1879.705566|1.196732|99.981285|1.192852|1.000000|1.000000|1.000000
AEG231_231_1081|13|1167.694702|-1538.592041|1896.833984|-0.530907|-157.997803|0.530433|1.000000|1.000000|1.000000
AEG231_231_1082|13|1155.714111|-1538.281494|1907.528442|-2.762533|69.888992|-2.299757|1.000001|1.000000|1.000000
AEG231_231_1083|13|1144.293457|-1538.873291|1923.409668|-0.290215|-109.023712|-4.160625|1.000000|1.000000|1.000000
AEG231_231_1084|13|1148.309692|-1538.397705|1914.036133|1.044145|-37.978302|-2.023531|1.000000|1.000000|1.000000
AEG231_231_1085|13|1156.950439|-1538.247803|1913.919312|-3.021398|-132.132019|-2.843385|1.000000|1.000000|1.000001
AEG231_231_1086|13|1162.126831|-1538.607666|1918.463013|0.318969|-61.014156|1.579275|1.000000|1.000000|1.000000
AEG231_231_1087|13|1168.637939|-1538.588135|1921.782959|1.914283|-91.160103|1.804946|1.000000|1.000000|1.000000
AEG231_231_1088|13|1166.937744|-1538.510498|1936.213013|0.677391|150.821655|0.541825|1.000000|1.000000|1.000000
AEG231_231_1089|13|1163.822998|-1538.565674|1940.914917|2.094191|-21.955538|-1.241807|1.000000|1.000001|1.000000
AEG231_231_1090|13|1125.758545|-1538.144287|1889.677490|2.215467|36.192181|-4.660637|1.000000|1.000000|1.000000
AEG231_231_1091|13|1122.376709|-1538.489746|1910.125732|-0.137978|30.987728|-0.706998|1.000000|1.000000|1.000000
AEG231_231_1092|13|1112.706421|-1538.648682|1908.662476|-1.662841|134.011627|0.633951|1.000000|1.000000|1.000000
AEG231_231_1093|13|1102.767090|-1538.655029|1903.977295|-1.112297|-158.009476|-0.747626|1.000000|1.000000|1.000000
AEG231_231_1094|13|1111.711426|-1538.370850|1924.887939|0.918633|175.767044|3.298708|1.000000|1.000000|1.000000
AEG231_231_1095|13|1109.692383|-1538.348877|1933.120117|-0.394571|-153.142822|1.166050|1.000000|1.000000|1.000000
AEG231_231_1096|13|1117.622437|-1538.513428|1946.650146|-3.510498|2.897820|1.579085|1.000000|1.000000|1.000000
AEG231_231_1097|13|1105.490723|-1538.587158|1946.170654|-0.014110|-134.994308|-1.338073|1.000000|1.000000|1.000001
AEG231_231_1098|13|1140.614624|-1538.770264|1941.223145|2.731940|-168.893066|-3.959500|1.000000|1.000000|1.000000
AEG231_231_1099|13|1152.506836|-1538.684814|1954.147705|-3.084012|90.079460|1.898438|1.000000|1.000000|1.000000
AEG231_231_1100|13|1158.261475|-1538.750732|1962.650635|6.492314|-177.136337|5.249793|1.000000|1.000000|1.000000
AEG231_231_1101|13|1157.461060|-1538.586670|1935.584106|1.314238|-169.004196|-0.337572|1.000000|1.000000|1.000001
AEG231_231_1102|13|1149.511963|-1538.658936|1960.515747|4.968881|65.266266|-4.248487|1.000000|1.000000|1.000000
AEG231_231_1103|13|1144.472290|-1538.549805|1954.867188|1.198206|25.002121|-0.636787|1.000000|1.000000|1.000000
AEG231_231_1104|13|1134.409424|-1538.647217|1966.904419|0.878772|73.004440|-0.269924|1.000000|1.000000|1.000001
AEG231_231_1105|13|1138.118408|-1538.526123|1975.754883|-1.702240|122.422630|-0.846982|1.000000|1.000000|1.000000
AEG231_231_1106|13|1126.507812|-1538.624268|1982.791138|-2.418781|60.965115|-0.668910|1.000000|1.000000|0.999999
AEG231_231_1107|13|1112.638062|-1538.429932|1982.270630|0.576577|175.999756|-0.349097|1.000000|1.000000|1.000000
AEG231_231_1108|13|1110.205566|-1538.648193|1967.675537|0.317057|-156.999817|-0.753907|1.000000|1.000000|1.000000
AEG231_231_1109|13|1117.959717|-1538.627930|1966.214111|-1.106854|38.986080|-0.832758|1.000000|1.000000|1.000000
AEG231_231_1110|13|1099.882446|-1538.651611|1954.798584|-1.067940|-125.965836|1.733475|1.000000|1.000000|1.000000
AEG231_231_1111|13|1106.700928|-1538.734619|1953.181030|-2.089089|178.991394|-2.018456|1.000000|1.000000|1.000000
AEG231_231_1112|13|1118.854004|-1538.520264|1974.672607|1.745523|46.013611|-0.836405|1.000000|1.000000|1.000000
AEG231_231_1113|13|1137.571289|-1538.463135|1994.912354|0.118436|14.461280|-0.589732|1.000000|1.000000|1.000000
AEG231_231_1114|13|1144.658691|-1538.666260|1985.890991|-1.117118|101.000839|-0.257021|1.000000|1.000000|1.000000
AEG231_231_1115|13|1139.565552|-1538.545654|1980.569092|-3.017829|-140.266556|2.055968|1.000000|1.000000|1.000000
AEG231_231_1116|13|1155.627808|-1538.722412|2008.777832|-0.592262|-69.002640|-0.470873|1.000000|1.000000|1.000000
AEG231_231_1117|13|1161.398804|-1538.534424|2006.073364|-1.774212|59.077744|2.449989|1.000000|1.000000|1.000000
AEG231_231_1118|13|1162.089844|-1538.669189|2014.847046|-0.608522|62.588787|-0.637929|1.000000|1.000000|1.000000
AEG231_231_1119|13|1168.376099|-1538.350342|2000.565674|0.347411|64.029762|-3.321137|1.000000|1.000000|1.000000
AEG231_231_1120|13|1164.953857|-1538.500488|1995.351562|-0.569716|-93.994781|-0.370276|1.000000|1.000000|1.000000
AEG231_231_1121|13|1158.282471|-1538.587402|1987.437988|-1.281462|-95.026077|0.095268|1.000000|1.000000|1.000000
AEG231_231_1122|13|1162.857544|-1538.644775|1981.806396|0.823175|86.990952|2.775243|1.000000|1.000000|1.000000
AEG231_231_1123|13|1163.353882|-1538.700684|1965.762451|-2.036421|-3.449584|0.388502|1.000000|1.000000|1.000000
AEG231_231_1124|13|1169.866333|-1538.678711|1970.843628|-0.592861|30.996239|-0.596037|1.000000|1.000000|1.000000
AEG231_231_1125|13|1178.907349|-1538.555176|1967.561157|-0.902873|8.935162|1.261673|1.000000|1.000000|1.000000
AEG231_231_1126|13|1174.625244|-1538.789307|1959.504028|-0.962001|-128.007660|-0.370980|1.000000|1.000000|1.000000
AEG231_231_1127|13|1193.158203|-1538.508301|1988.784424|-2.230593|120.966476|-2.202787|1.000000|1.000000|1.000000
AEG231_231_1128|13|1181.885498|-1538.483398|2016.688232|-0.281617|-20.000032|0.421641|1.000000|1.000000|1.000000
AEG231_231_1129|13|1189.066650|-1538.471924|2015.188721|-0.359084|-76.999878|1.188699|1.000000|1.000000|1.000000
AEG231_231_1130|13|1196.261353|-1538.510254|2010.300293|4.663325|-111.028008|0.302687|1.000000|1.000000|1.000000
AEG231_231_1131|13|1201.454834|-1538.506104|2004.542236|1.126572|-61.001621|0.633295|1.000000|1.000000|1.000000
AEG231_231_1132|13|1190.269043|-1538.549561|2002.206421|-0.238571|155.998978|-1.276016|1.000000|1.000000|1.000000
AEG231_231_1133|13|1180.986206|-1538.529785|1995.717407|3.533202|-54.911903|-1.931814|1.000000|1.000000|1.000000
AEG231_231_1134|13|1206.680420|-1538.755615|1993.174805|1.860434|-175.997772|-1.372454|1.000000|1.000000|1.000000
AEG231_231_1135|13|1199.895508|-1538.855713|1984.488403|3.480282|76.835060|2.825076|1.000000|1.000000|1.000000
AEG231_231_1136|13|1223.675537|-1538.538330|1987.657104|-0.086012|-90.000450|-0.224823|1.000000|1.000000|1.000000
AEG231_231_1137|13|1220.510986|-1538.609131|1982.068604|-0.467649|15.998994|-0.013324|1.000000|1.000000|1.000000
AEG231_231_1138|13|1236.656372|-1538.586670|1992.353027|-1.059358|102.001816|-2.086197|1.000000|1.000000|1.000000
AEG231_231_1139|13|1225.947998|-1538.442627|2002.637573|-0.819750|45.994316|-0.318606|1.000000|1.000000|1.000000
AEG231_231_1140|13|1217.180298|-1538.457764|2005.487793|1.210829|-117.012260|0.527319|1.000000|1.000000|1.000000
AEG231_231_1141|13|1202.095947|-1538.457764|2023.533936|1.124850|135.004822|-0.227268|1.000000|1.000000|1.000000
AEG231_231_1142|13|1257.605835|-1538.064209|1962.009277|2.027200|13.952782|3.080169|1.000000|1.000000|1.000000
AEG231_231_1143|13|1246.613281|-1538.291016|1953.561523|0.661353|-135.283264|-1.080563|1.000000|1.000000|1.000000
AEG231_231_1144|13|1227.848022|-1538.388184|1968.447998|-1.080060|-121.426491|1.685853|1.000000|0.999999|1.000000
AEG231_231_1145|13|1233.088013|-1538.404053|1967.100708|3.063205|59.792213|-2.318435|1.000000|1.000001|1.000000
AEG231_231_1146|13|1214.559692|-1538.185059|1954.398438|-0.845905|158.885284|-1.151869|1.000000|1.000000|1.000000
AEG231_231_1147|13|1205.215332|-1538.207031|1969.354980|-0.055873|16.963964|2.223035|1.000000|1.000000|1.000000
AEG231_231_1148|13|1205.403687|-1538.592773|1980.270630|6.065973|-22.739977|0.672691|1.000000|1.000000|1.000000
AEG231_231_1149|13|1150.470093|-1538.127197|1999.090576|-0.587912|86.003990|0.374786|1.000000|1.000000|1.000000
AEG231_231_1150|13|1146.067871|-1538.335693|1970.930664|2.230767|3.349159|-2.989088|1.000000|1.000000|1.000000
AEG231_231_1151|13|1131.203979|-1538.449219|1972.530762|3.055716|100.008118|4.520029|1.000000|1.000000|1.000000
AEG231_231_1152|13|1120.143555|-1538.563965|1983.298096|2.225303|43.967747|1.805383|1.000000|1.000000|1.000000
AEG231_231_1153|13|1127.415161|-1538.396484|1961.543823|-0.646301|101.004051|1.363278|1.000000|1.000000|1.000000
AEG231_231_1154|13|1134.121338|-1538.219971|1953.942871|0.439482|-150.977478|-1.229509|1.000000|1.000000|1.000000
AEG231_231_1155|13|1138.347534|-1538.466309|1946.061401|-0.809981|92.835945|-5.610414|1.000000|1.000000|1.000000
AEG231_231_1156|13|1114.284424|-1538.475342|1943.115356|-0.955395|-139.046524|-0.783201|1.000000|1.000000|1.000000
AEG231_231_1157|13|1123.813110|-1538.480469|1930.692871|1.810465|-7.945436|-1.691213|1.000000|1.000000|1.000000
AEG231_231_1158|13|1141.849854|-1538.642334|1927.682373|-0.304654|-84.166695|-1.368602|1.000000|1.000000|1.000000
AEG231_231_1159|13|1135.387817|-1538.315674|1908.227539|-0.000001|-55.951740|0.000000|1.000000|1.000000|1.000000
AEG231_231_1160|13|1170.010376|-1538.188477|1889.439209|2.885920|-49.904015|-1.192705|1.000000|1.000000|1.000000
AEG231_231_1161|13|1166.427490|-1538.298584|1886.440918|-3.639790|26.248762|1.793253|1.000000|1.000000|1.000000
AEG231_231_1162|13|1146.701172|-1538.281006|1868.545288|0.876859|80.920296|4.318179|1.000000|1.000000|1.000000
AEG231_231_1163|13|1183.144897|-1538.270264|1848.598145|-0.395799|-23.005264|4.390965|1.000000|1.000000|1.000000
AEG231_231_1164|13|1220.267700|-1538.190674|1873.329346|-0.476044|156.637405|-3.311648|1.000000|1.000000|1.000000
AEG231_231_1165|13|1223.859375|-1538.225342|1867.499512|-1.555001|81.296959|-4.049024|1.000000|1.000000|1.000000
AEG231_231_1166|13|1228.371582|-1538.519287|1847.004150|0.079886|50.025959|1.304402|1.000000|1.000000|1.000000
AEG231_231_1167|13|1235.884277|-1538.243896|1877.948364|2.690302|-25.350531|-0.627020|1.000000|1.000000|1.000000
AEG231_231_1168|13|1225.110352|-1538.487793|1891.114990|1.915622|22.980814|-4.466245|1.000000|1.000000|1.000000
AEG231_231_1169|13|1251.292480|-1538.263184|1896.370361|-4.206214|-178.333511|0.670178|1.000000|1.000000|1.000000
AEG231_231_1170|13|1243.001831|-1538.240234|1912.227295|2.084110|-116.060677|0.209824|1.000001|1.000000|1.000000
AEG231_231_1171|13|1255.586426|-1538.435059|1922.792358|-7.517346|98.565041|0.817847|1.000000|1.000000|1.000000
AEG231_231_1172|13|1231.870972|-1538.463379|1993.927612|-2.497017|-99.986237|0.105458|1.000000|1.000000|1.000000
AEG231_231_1173|13|1235.843018|-1538.572754|1983.438599|0.107070|68.978569|-1.000704|1.000000|1.000000|1.000000
AEG231_231_1174|13|1118.334595|-1538.387207|1988.753052|0.130183|-37.643742|-1.170545|1.000000|1.000000|1.000000
AEG231_231_1175|13|1120.118774|-1537.862305|1885.278320|-1.476211|84.164017|-0.040097|1.000000|1.000000|1.000000
AEG231_231_1176|13|1128.422852|-1537.970459|1880.276367|-1.163259|68.975693|0.219713|1.000000|1.000000|1.000000
AEG231_231_1177|13|1181.669312|-1538.429321|1920.563354|3.704831|101.077637|-3.018746|1.000001|1.000000|1.000000
AEG231_231_1178|13|1168.067993|-1538.375488|1944.477173|1.358989|140.046722|0.972100|1.000000|1.000000|1.000000
AEG231_231_1179|13|1181.842163|-1538.347168|1961.606812|-1.358116|139.796265|-0.153078|1.000000|1.000000|1.000000
AEG231_231_1180|13|1197.035278|-1538.321045|1929.753052|-2.287282|65.106911|-0.912778|1.000000|1.000000|1.000000
AEG231_231_1181|13|1189.840820|-1538.253906|1861.127808|-0.144360|-179.710342|0.686134|1.000000|1.000000|1.000000
AEG231_231_1184|13|1223.965698|-1538.125488|1800.420898|-0.404539|21.706011|5.224713|1.000000|1.000000|1.000000
AEG231_231_1185|13|1215.361816|-1538.634766|1809.375122|1.845162|-65.437592|0.252307|1.000000|1.000000|1.000000
AEG231_231_1186|13|1213.877441|-1537.623291|1782.937256|6.028571|22.241299|-0.383576|1.000000|1.000000|1.000000
AEG231_232_1000|13|1204.387695|-1538.598877|1889.609497|-2.273272|-28.908007|5.536251|1.000000|1.000000|1.000000
AEG231_232_1001|13|1203.882324|-1538.578125|1885.519409|1.821666|-29.116844|0.140265|1.000000|1.000000|1.000000
AEG231_232_1002|13|1201.246094|-1538.650879|1894.293579|-0.568643|-28.674667|1.059554|1.000000|1.000000|1.000000
AEG231_232_1003|13|1195.682617|-1538.762451|1896.241821|2.353847|-103.744133|1.925950|1.000000|1.000000|1.000000
AEG231_232_1004|13|1191.890991|-1538.323486|1907.143677|-1.290395|-110.548317|1.898656|1.000000|1.000000|1.000000
AEG231_232_1005|13|1196.016235|-1538.593750|1912.751465|-0.378256|-53.054012|-1.736261|1.000000|1.000000|1.000000
AEG231_232_1006|13|1203.126343|-1538.369629|1917.189331|2.931270|-68.081360|4.937543|1.000000|1.000000|1.000000
AEG231_232_1007|13|1206.669312|-1538.522705|1912.252808|0.000000|35.000019|0.000000|1.000000|1.000000|1.000000
AEG231_232_1008|13|1211.374878|-1538.320312|1900.036377|-2.885399|135.029480|0.202419|1.000000|1.000000|1.000000
AEG231_232_1009|13|1213.856934|-1538.454834|1910.968628|-0.219033|-33.023148|-3.432015|1.000000|1.000000|1.000000
AEG231_232_1010|13|1203.861084|-1538.591797|1923.371216|6.884176|-77.963470|-3.617016|1.000000|1.000000|1.000000
AEG231_232_1011|13|1192.157715|-1538.563232|1923.827271|3.105327|104.124382|-4.591746|1.000000|1.000000|1.000000
AEG231_232_1012|13|1181.604126|-1538.571533|1926.942627|-0.239213|74.007118|3.416843|1.000000|1.000000|1.000000
AEG231_232_1013|13|1185.378662|-1538.739258|1918.532959|-4.319544|-68.874268|1.193343|1.000000|1.000000|1.000000
AEG231_232_1014|13|1187.584961|-1538.296387|1947.562012|-1.310349|111.998932|0.562234|1.000000|1.000000|1.000000
AEG231_232_1015|13|1195.241699|-1538.487305|1944.433105|0.591904|-29.959808|0.959833|1.000000|1.000000|1.000000
AEG231_232_1016|13|1178.326904|-1538.505371|1935.024780|0.000000|64.999977|0.000000|1.000000|1.000000|1.000000
AEG231_232_1017|13|1196.011475|-1538.849854|1916.524780|3.726251|-5.028439|2.352180|1.000000|1.000000|1.000000
AEG231_232_1018|13|1201.584595|-1538.646973|1908.262207|0.005108|54.092686|4.365311|1.000000|1.000000|1.000000
AEG231_232_1019|13|1203.703369|-1538.482666|1902.471069|-0.965164|114.007790|1.356503|1.000000|1.000000|1.000000
AEG231_232_1020|13|1214.842651|-1538.661133|1915.590576|-0.984502|85.215942|0.169198|1.000000|1.000000|1.000000
AEG231_232_1021|13|1217.672607|-1538.381348|1887.470581|3.276715|-26.157904|3.242018|1.000000|1.000000|1.000000
AEG231_232_1022|13|1213.816772|-1538.329102|1889.176514|-1.530063|-82.944893|3.657020|1.000000|1.000000|1.000000
AEG231_232_1023|13|1165.933350|-1538.695557|1901.721191|0.260774|97.952202|2.574770|1.000000|1.000000|1.000000
AEG231_232_1024|13|1180.603516|-1538.430420|1912.204102|-0.194742|-95.000404|-0.139336|1.000000|1.000000|1.000000
AEG231_232_1025|13|1200.630493|-1538.758057|1960.546997|2.003978|97.053368|-1.846255|1.000000|1.000000|1.000000
AEG231_232_1026|13|1187.216064|-1538.631104|1960.876587|-0.947628|-8.999825|0.843282|1.000000|1.000000|1.000001
AEG231_232_1027|13|1202.879761|-1538.699951|1963.004395|-3.578401|-26.978605|1.431772|1.000000|1.000000|1.000000
AEG231_232_1028|13|1199.962280|-1538.424561|1974.894165|-1.624047|-46.990322|1.576899|1.000000|1.000000|1.000000
AEG231_232_1029|13|1211.943604|-1538.495117|1972.885498|2.014469|-17.456608|-0.342302|1.000000|1.000000|1.000000
AEG231_232_1030|13|1218.932861|-1538.436768|1967.469971|-1.585943|142.987198|3.309527|1.000000|1.000000|1.000000
AEG231_232_1031|13|1228.405396|-1538.533936|1976.289307|2.674948|-161.904877|1.282599|1.000000|1.000000|1.000000
AEG231_232_1032|13|1224.442383|-1538.567139|1990.404785|-0.299813|-49.444817|-0.716569|1.000000|1.000000|1.000000
AEG231_232_1033|13|1227.997559|-1538.519531|1962.848999|0.934780|-35.003174|-1.785138|1.000001|1.000000|1.000000
AEG231_232_1034|13|1240.176025|-1538.402100|1961.377197|-1.828805|62.022346|0.818284|1.000000|1.000000|1.000000
AEG231_232_1035|13|1221.143188|-1538.353271|1958.209473|3.326302|-92.896400|-1.552611|1.000000|1.000000|1.000000
AEG231_232_1036|13|1224.983521|-1538.695068|1949.041260|1.748583|124.967781|-4.745616|1.000000|1.000000|1.000000
AEG231_232_1037|13|1227.216064|-1538.271729|1940.767456|6.347569|88.911987|1.761314|1.000000|1.000000|1.000000
AEG231_232_1038|13|1216.128784|-1538.620361|1944.637085|-2.094814|45.015282|0.112151|1.000000|1.000000|1.000000
AEG231_232_1039|13|1215.838867|-1538.542236|1937.424316|-0.370216|-5.997325|-1.317079|1.000000|1.000000|1.000000
AEG231_232_1040|13|1230.084106|-1538.743408|1920.966553|-1.742904|157.000397|0.204059|1.000000|1.000000|1.000000
AEG231_232_1041|13|1226.783936|-1538.511475|1908.026245|1.647742|160.999588|-0.464753|1.000000|1.000000|1.000000
AEG231_232_1042|13|1235.611938|-1538.651611|1910.464844|0.057210|151.999939|0.081662|1.000000|1.000000|1.000000
AEG231_232_1043|13|1238.718384|-1538.488037|1917.466064|-0.494552|51.996231|-2.569868|1.000000|1.000000|1.000000
AEG231_232_1044|13|1232.481567|-1538.586670|1893.127563|2.448459|-59.956482|-1.788142|1.000000|1.000000|1.000000
AEG231_232_1045|13|1231.993896|-1538.519287|1885.248047|3.298654|17.737745|4.963800|1.000000|1.000000|1.000000
AEG231_232_1046|13|1248.868652|-1538.572021|1888.790283|0.695450|34.997528|0.053658|1.000000|1.000000|1.000000
AEG231_232_1047|13|1242.173584|-1538.531006|1876.840698|0.254821|-174.729599|-0.708099|1.000000|1.000000|1.000000
AEG231_232_1048|13|1238.666260|-1538.556885|1868.617920|0.297714|-44.999737|-0.247252|1.000000|1.000000|1.000000
AEG231_232_1049|13|1214.992798|-1538.531982|1868.722778|0.693182|12.990955|0.896612|1.000000|1.000000|1.000000
AEG231_232_1050|13|1225.645630|-1538.671631|1849.380493|3.592842|37.065346|-1.365630|1.000000|1.000000|1.000000
AEG231_232_1051|13|1202.518066|-1538.432861|1855.678223|-0.477095|87.003990|0.553600|1.000000|1.000000|1.000000
AEG231_232_1052|13|1247.788330|-1538.546143|1901.660034|-0.512045|71.999092|-0.106086|1.000000|1.000000|1.000000
AEG231_232_1053|13|1250.959839|-1538.567627|1919.599976|-0.541845|125.998772|-0.483195|1.000000|1.000000|1.000000
AEG231_232_1054|13|1252.400269|-1538.688721|1926.179565|-1.111725|-33.000668|-1.022341|1.000000|1.000000|1.000000
AEG231_232_1055|13|1244.896973|-1538.538818|1926.098877|0.403337|-72.998466|-0.824076|1.000000|1.000000|1.000000
AEG231_232_1056|13|1240.733398|-1538.585205|1933.476074|0.432597|-150.998947|1.324128|1.000000|1.000000|1.000000
AEG231_232_1057|13|1237.205811|-1538.516357|1929.228394|0.061280|-16.000002|-0.205097|1.000000|1.000000|1.000000
AEG231_232_1058|13|1228.947388|-1538.556885|1933.844360|0.012540|42.003601|1.029555|1.000000|1.000000|1.000000
AEG231_232_1059|13|1220.110962|-1538.666504|1939.971924|0.948603|80.863647|5.221489|1.000000|1.000000|1.000000
AEG231_232_1060|13|1241.890503|-1538.529541|1956.414429|0.271650|-66.019165|1.849697|1.000000|1.000000|1.000000
AEG231_232_1061|13|1228.713501|-1538.427002|1953.111084|1.454749|156.991150|4.549918|1.000000|1.000000|1.000000
AEG231_232_1062|13|1246.489990|-1538.100342|1968.767212|1.344373|60.026894|-1.207140|1.000000|1.000000|1.000000
AEG231_232_1063|13|1260.982178|-1538.113037|1953.902588|0.935518|70.958199|2.506106|1.000000|1.000000|1.000000
AEG231_232_1064|13|1254.503174|-1538.437256|1953.525879|-1.475182|6.163717|6.359098|1.000000|1.000000|1.000000
AEG231_232_1065|13|1271.259521|-1538.048096|1947.347290|-0.803415|-94.987221|-0.026422|1.000000|1.000000|1.000000
AEG231_232_1066|13|1266.401489|-1538.570557|1938.482422|-0.456623|-118.000900|-0.079558|1.000000|1.000000|1.000000
AEG231_232_1067|13|1264.898071|-1538.552002|1930.618164|-0.066291|-3.000239|0.573709|1.000000|1.000000|1.000000
AEG231_232_1068|13|1269.215942|-1538.408447|1922.340698|-0.748675|129.002563|0.166083|1.000000|1.000000|1.000001
AEG231_232_1069|13|1245.506836|-1538.528564|1904.942505|0.444837|13.001991|-0.609853|1.000000|1.000000|1.000000
AEG231_232_1070|13|1257.688965|-1538.434814|1909.865967|-0.279759|12.002190|0.652802|1.000000|1.000000|1.000000
AEG231_232_1071|13|1234.534424|-1538.591064|1859.284668|-2.464649|66.933838|-1.499800|1.000001|1.000000|1.000000
AEG231_232_1072|13|1177.245239|-1538.513428|1848.204712|-0.504869|10.998645|-0.253591|1.000000|1.000000|1.000001
AEG231_232_1073|13|1188.027466|-1538.529053|1831.874756|-0.879925|115.999306|2.132003|1.000000|1.000000|1.000000
AEG231_232_1074|13|1162.621948|-1538.547119|1863.012695|0.186109|74.003944|-1.932915|1.000000|1.000000|1.000000
AEG231_232_1075|13|1174.602417|-1538.546631|1866.197021|-1.462543|-25.998749|0.996333|1.000000|1.000000|0.999999
AEG231_232_1076|13|1178.012695|-1538.527588|1876.291260|-2.757725|45.865173|-4.105874|1.000000|1.000000|1.000000
AEG231_232_1077|13|1159.390625|-1538.375732|1868.252319|0.577943|-167.000839|0.888799|1.000000|0.999999|1.000000
AEG231_232_1078|13|1151.916992|-1538.403564|1862.991699|-0.104933|-121.000381|-0.798723|1.000000|1.000000|1.000000
AEG231_232_1079|13|1161.729980|-1538.432373|1845.570312|-1.772688|1.988941|-0.874647|1.000000|1.000000|1.000000
AEG231_232_1080|13|1135.893677|-1538.267334|1871.644653|1.668479|-168.010300|2.156072|1.000000|1.000000|1.000000
AEG231_232_1081|13|1130.764648|-1538.130615|1884.156128|3.303023|156.004593|1.596706|1.000000|1.000000|1.000000
AEG231_232_1082|13|1134.978394|-1538.539307|1891.517456|4.226740|45.756611|3.758244|1.000000|1.000000|1.000000
AEG231_232_1083|13|1158.564209|-1538.539307|1883.616089|0.517210|32.999580|-0.123024|1.000000|1.000000|1.000000
AEG231_232_1084|13|1165.548340|-1538.488037|1892.020264|-0.616604|-121.011490|-1.321450|1.000000|1.000000|1.000000
AEG231_232_1085|13|1171.807617|-1538.402588|1893.371948|-3.448682|105.872314|2.464880|1.000000|1.000000|1.000000
AEG231_232_1086|13|1159.983154|-1538.483643|1900.331909|1.047833|57.055538|-0.759680|1.000000|1.000000|1.000000
AEG231_232_1087|13|1160.840820|-1538.496826|1906.902832|0.748179|10.072663|-4.035384|1.000000|1.000000|1.000000
AEG231_232_1088|13|1151.108398|-1538.781006|1925.458252|3.432989|-5.019461|2.852259|1.000000|1.000000|1.000000
AEG231_232_1089|13|1142.263672|-1538.588135|1918.089478|-2.787282|169.988724|-1.170198|1.000000|1.000000|1.000001
AEG231_232_1090|13|1135.949097|-1538.657471|1915.591919|-1.336806|-41.997562|-0.583025|1.000000|1.000000|1.000000
AEG231_232_1091|13|1171.560913|-1538.586670|1940.501465|-0.720066|163.999680|-0.184406|1.000000|1.000000|1.000000
AEG231_232_1092|13|1166.086426|-1538.480713|1926.973633|-0.884174|37.017265|1.281316|1.000000|1.000000|1.000000
AEG231_232_1093|13|1128.958374|-1538.415283|1894.466675|-1.946935|-154.907639|3.412063|1.000000|1.000000|1.000000
AEG231_232_1094|13|1122.857788|-1538.286865|1898.039795|1.157417|139.980804|1.028845|1.000000|1.000000|1.000000
AEG231_232_1095|13|1113.289185|-1538.487061|1902.228516|1.002508|12.994396|0.472376|1.000000|1.000000|1.000000
AEG231_232_1096|13|1117.378662|-1538.443604|1917.481201|-1.922818|103.013260|-0.060598|1.000000|1.000000|1.000000
AEG231_232_1097|13|1109.842163|-1538.598389|1917.367432|3.593936|-155.961639|1.852430|1.000000|1.000000|1.000000
AEG231_232_1098|13|1099.746826|-1538.521729|1916.435913|-1.701370|-128.871536|3.725841|1.000000|1.000000|1.000000
AEG231_232_1099|13|1097.812012|-1538.422119|1928.811401|-1.011291|-84.994644|0.140128|1.000000|1.000000|1.000000
AEG231_232_1100|13|1117.815674|-1538.721436|1934.336548|-2.540635|-21.998499|-1.053461|1.000000|1.000000|1.000000
AEG231_232_1101|13|1134.116699|-1538.531250|1939.704590|3.598880|78.334663|1.629327|1.000000|1.000000|1.000000
AEG231_232_1102|13|1112.028564|-1538.587158|1951.584351|-1.231226|-117.031250|-1.514307|1.000000|1.000000|1.000000
AEG231_232_1103|13|1133.848999|-1538.615967|1943.121826|-1.019893|-77.996078|-0.011011|1.000000|1.000000|1.000000
AEG231_232_1104|13|1156.779419|-1538.879639|1957.403442|0.528411|-38.999603|-0.548410|1.000000|1.000000|1.000000
AEG231_232_1105|13|1165.819580|-1538.669189|1960.209961|1.908327|-171.017609|1.105451|1.000000|1.000000|1.000000
AEG231_232_1106|13|1142.075562|-1538.594482|1964.166016|-0.595037|150.999725|-0.635182|1.000000|1.000000|1.000000
AEG231_232_1107|13|1134.580322|-1538.623779|1962.142822|1.457890|128.996552|1.066903|1.000000|1.000000|1.000000
AEG231_232_1108|13|1130.514404|-1538.601807|1978.921875|1.143811|153.991486|-3.382227|1.000000|1.000000|1.000000
AEG231_232_1109|13|1126.146973|-1538.701416|1990.195557|1.741972|-61.985065|-0.138679|1.000000|1.000000|1.000000
AEG231_232_1110|13|1119.541016|-1538.573486|1979.712891|-1.186368|-22.001549|-2.469849|1.000000|1.000001|1.000000
AEG231_232_1111|13|1114.332031|-1538.531982|1974.489990|0.332985|-135.999634|-0.147942|1.000000|1.000000|1.000000
AEG231_232_1112|13|1119.583130|-1538.639404|1961.653320|0.491883|120.992050|1.103376|1.000000|1.000000|1.000000
AEG231_232_1113|13|1116.854492|-1538.350830|1955.938843|-1.578307|-91.054832|-2.042417|1.000000|1.000000|1.000000
AEG231_232_1114|13|1146.233154|-1538.408936|1994.523438|1.501140|-100.328468|0.521225|1.000000|1.000000|1.000000
AEG231_232_1115|13|1146.221680|-1538.618896|1989.409790|1.448520|-97.086678|3.040472|1.000000|1.000000|1.000000
AEG231_232_1116|13|1151.229370|-1538.572021|2005.887207|-0.663934|-57.999447|-0.235177|1.000000|1.000000|1.000000
AEG231_232_1117|13|1145.591064|-1538.429932|2006.502441|-2.582533|23.646542|-0.499615|1.000000|1.000000|1.000000
AEG231_232_1118|13|1167.335449|-1538.672852|2009.569702|2.748523|20.527962|0.810443|1.000000|1.000000|1.000000
AEG231_232_1119|13|1168.415405|-1538.772217|1985.873535|0.318369|126.000397|-0.012185|1.000000|1.000000|1.000000
AEG231_232_1120|13|1165.688843|-1538.530518|1977.856445|1.344262|59.957798|1.994305|1.000000|1.000001|1.000000
AEG231_232_1121|13|1159.827393|-1538.505127|1969.509766|-0.347052|-28.515882|1.667140|1.000000|1.000000|1.000000
AEG231_232_1122|13|1187.441406|-1538.617920|1969.194580|-1.923544|-91.002922|-0.412548|1.000000|1.000000|1.000000
AEG231_232_1123|13|1174.886719|-1538.482666|1952.137085|-0.159771|43.026966|2.474005|1.000000|1.000000|1.000000
AEG231_232_1124|13|1182.825684|-1538.541748|1981.960693|-0.726380|84.902954|2.626426|1.000000|1.000000|1.000000
AEG231_232_1125|13|1185.829590|-1538.434082|1989.338135|0.499123|105.464149|-0.944211|1.000000|1.000000|1.000000
AEG231_232_1126|13|1178.764893|-1538.508057|2010.619141|0.703919|10.997905|0.799842|1.000000|1.000000|1.000000
AEG231_232_1127|13|1177.129761|-1538.506348|2004.022095|0.763233|172.998947|0.455355|1.000000|1.000000|1.000000
AEG231_232_1128|13|1204.496338|-1538.482178|2001.168335|-0.008465|53.000019|0.124255|1.000000|1.000001|1.000000
AEG231_232_1129|13|1204.026611|-1538.865967|1984.556885|-2.601622|122.033531|3.754966|1.000000|1.000000|1.000000
AEG231_232_1130|13|1242.386475|-1538.538330|1984.452637|-0.285083|120.994644|-0.943631|1.000000|1.000000|1.000000
AEG231_232_1131|13|1209.958618|-1538.487061|2010.727417|-0.530024|-178.601395|0.585402|1.000000|1.000000|1.000000
AEG231_232_1132|13|1208.990479|-1538.465332|2020.265137|5.082427|103.402061|-0.521908|1.000000|1.000000|1.000000
AEG231_232_1133|13|1191.147461|-1538.434570|2023.618164|-0.453494|-122.993210|0.799050|1.000000|1.000000|1.000000
AEG231_232_1134|13|1182.058960|-1538.515869|2025.651855|0.434400|133.161285|1.038790|1.000000|1.000000|1.000000
AEG231_232_1135|13|1175.942017|-1538.461670|2024.027588|0.420466|-47.006168|1.186432|1.000000|1.000000|1.000000
AEG231_232_1136|13|1245.490234|-1538.190674|1946.546875|-1.460218|-107.939430|0.388966|1.000000|1.000000|1.000000
AEG231_232_1137|13|1221.327026|-1538.432739|1995.473633|2.417368|129.927200|-0.079312|1.000000|1.000000|1.000000
AEG231_232_1138|13|1201.941650|-1538.211914|2009.627319|1.193698|127.042206|-1.606433|1.000000|1.000000|1.000000
AEG231_232_1139|13|1175.712280|-1538.237549|2015.618896|-3.536233|-35.064976|-2.837150|1.000000|1.000000|1.000000
AEG231_232_1140|13|1172.668579|-1538.153809|2013.245483|2.704891|-141.145767|-2.733854|1.000000|1.000000|1.000000
AEG231_232_1141|13|1158.315552|-1538.255615|2000.512939|-3.509130|-159.981064|-7.974465|1.000000|1.000000|1.000000
AEG231_232_1142|13|1156.585693|-1538.183594|1993.887695|-0.562739|14.523187|1.223997|1.000001|1.000000|1.000000
AEG231_232_1143|13|1122.026978|-1538.584229|1988.949707|-3.956888|-116.018349|6.769728|1.000000|1.000000|1.000000
AEG231_232_1144|13|1144.227295|-1538.500732|1935.120117|-2.881539|-166.394318|2.685549|1.000000|1.000000|1.000000
AEG231_232_1145|13|1142.014893|-1538.358643|1910.444824|2.706450|-110.897896|-2.169513|1.000000|1.000000|1.000000
AEG231_232_1146|13|1122.279541|-1538.228271|1917.073120|3.246635|102.047691|-4.059017|1.000000|1.000000|1.000000
AEG231_232_1147|13|1154.226440|-1538.203857|1903.070312|3.180381|-31.869184|-1.304481|1.000000|1.000000|1.000000
AEG231_232_1148|13|1156.256836|-1538.266357|1898.438721|1.314812|-15.997706|-2.280217|1.000000|1.000000|1.000000
AEG231_232_1149|13|1173.224121|-1538.094727|1879.427002|-1.164001|-28.977201|1.093841|1.000000|1.000000|1.000000
AEG231_232_1150|13|1132.314331|-1538.040039|1882.487305|-9.931895|78.682014|-3.891049|1.000000|1.000000|1.000000
AEG231_232_1151|13|1153.180664|-1538.397217|1860.420776|-0.561587|-70.997551|0.224522|1.000000|1.000000|1.000001
AEG231_232_1152|13|1196.413330|-1538.114258|1855.839233|-0.934671|14.002399|-1.999508|1.000000|1.000000|1.000000
AEG231_232_1153|13|1203.180298|-1538.623047|1868.970825|-5.054547|-148.159988|-1.024475|1.000000|1.000000|1.000000
AEG231_232_1154|13|1228.625122|-1538.335449|1842.841309|-7.019722|94.681442|0.957620|1.000000|1.000000|1.000000
AEG231_232_1155|13|1241.348267|-1538.155029|1942.648804|8.210734|-171.824127|0.608543|1.000000|1.000001|1.000000
AEG231_232_1156|13|1121.459961|-1537.848389|1890.759033|-1.684857|-80.983337|0.009890|1.000000|1.000001|1.000001
AEG231_232_1157|13|1173.910278|-1538.136475|1920.959595|0.895247|-83.985786|-1.650544|1.000000|1.000000|1.000000
AEG231_232_1158|13|1171.049805|-1538.129883|1918.879150|-0.845550|11.685868|1.328472|1.000000|0.999999|1.000000
AEG231_232_1159|13|1179.066406|-1538.349854|1942.466064|-0.136407|40.239475|7.726529|1.000000|1.000000|0.999999
AEG231_232_1160|13|1180.190063|-1538.280762|1956.149048|-5.169011|137.070770|-0.803594|1.000000|1.000000|1.000000
AEG231_232_1161|13|1201.266724|-1538.586426|1957.188965|0.974533|50.022156|6.677931|1.000000|1.000000|1.000000
AEG231_232_1162|13|1211.197144|-1538.331299|1941.037109|-1.887019|-37.066601|-1.278849|1.000000|1.000000|1.000000
AEG231_232_1163|13|1197.188721|-1538.262695|1934.824585|5.594746|-37.981762|3.427607|1.000000|1.000000|1.000000
AEG231_232_1164|13|1223.487305|-1538.438965|1914.464844|3.979186|52.367702|1.736152|1.000000|1.000000|1.000000
AEG231_232_1165|13|1222.829834|-1537.581543|1779.379272|4.164831|18.518845|6.141350|1.000000|1.000000|1.000000
AEG231_232_1166|13|1213.886230|-1537.892822|1793.074463|2.677407|18.796589|-2.754039|1.000000|1.000000|1.000000
AEG231_240_1000|13|1198.813477|-1538.708008|1916.420898|6.134056|8.978829|1.472862|1.000000|1.000000|1.000000
AEG231_240_1001|13|1197.958740|-1538.742676|1902.125977|4.726026|114.135628|0.107180|1.000000|1.000001|1.000000
AEG231_240_1002|13|1164.314941|-1538.612549|1927.409424|1.808033|18.236933|0.279928|1.000000|1.000000|1.000000
AEG231_240_1003|13|1158.706177|-1538.639893|1969.038086|3.310156|-59.159958|0.579501|1.000000|1.000000|1.000000
AEG231_240_1004|13|1195.233765|-1538.783936|1984.656494|5.299489|106.070465|-1.253742|1.000000|1.000000|1.000000
AEG231_240_1005|13|1189.671997|-1538.677002|2004.469727|0.224686|-33.999886|-0.144609|1.000000|1.000000|1.000001
AEG231_240_1006|13|1137.209717|-1538.590576|1986.998779|1.091792|162.999969|1.038189|1.000000|1.000000|1.000000
AEG231_240_1007|13|1106.376099|-1538.535400|1966.244141|-0.205255|169.004074|1.710690|1.000000|1.000000|1.000000
AEG231_240_1008|13|1213.245605|-1538.677734|1858.468018|0.157258|-115.008339|-1.415871|1.000001|1.000000|1.000000
AEG231_240_1009|13|1237.975464|-1538.636230|1928.205811|0.133653|6.000129|-0.167203|1.000000|1.000000|1.000000
AEG231_240_1010|13|1212.320557|-1538.659912|1925.854614|-0.439632|0.417516|0.891094|1.000000|1.000000|1.000000
AEG231_240_1011|13|1186.343262|-1538.677246|1975.819458|-3.803725|-152.352524|1.758775|1.000000|1.000000|1.000000
AEG231_240_1012|13|1221.068481|-1538.517578|2012.613770|0.128162|-146.995193|-1.150822|1.000000|1.000000|1.000000
AEG231_240_1013|13|1249.162109|-1538.583496|1982.416260|1.016414|125.006096|-0.471994|1.000000|1.000000|1.000000
AEG231_240_1014|13|1258.205200|-1538.530518|1948.770508|4.229746|-163.496597|-3.254174|1.000000|1.000000|1.000000
AEG231_240_1015|13|1137.830566|-1538.708008|1896.308594|-2.799093|-63.021687|-1.819535|1.000000|1.000000|1.000000
AEG231_240_1016|13|1115.386230|-1538.618896|1901.883057|-2.879027|177.976685|-0.689086|1.000000|1.000000|1.000000
AEG231_240_1018|13|1134.701660|-1538.654297|1937.590088|2.718388|-61.110298|-2.828950|1.000000|1.000000|1.000000
