m000000_1000|0|0.000000|0.000000|0.000000|0.000000|0.000000|0.000000|1.000000|1.000000|1.000000
m000001_1000|0|-0.000015|0.000000|-0.000008|0.000000|0.000027|0.000000|1.000000|1.000000|1.000000
c1000_9000|2|73.448997|60.807999|53.154999|0.000000|54.636002|0.000000|1.000000|1.000000|1.000000
c1000_9001|2|-13.126000|46.299999|72.977997|0.000000|-125.000000|0.000000|1.000000|1.000000|1.000000
c1000_9002|2|12.350000|54.841999|5.353000|0.000000|-128.802002|0.000000|1.000000|1.000000|1.000000
c1000_9003|2|27.065001|51.615002|32.139999|0.000000|130.921005|0.000000|1.000000|1.000000|1.000000
c3080_9000|2|47.236000|61.083000|34.932999|0.000000|-128.897995|0.000000|1.000000|1.000000|1.000000
c3080_9001|2|42.779999|60.652000|31.323999|0.000000|-123.929001|0.000000|1.000000|1.000000|1.000000
c3080_9002|2|61.176998|57.073002|37.695999|0.000000|110.000000|0.000000|1.000000|1.000000|1.000000
c3080_9005|2|12.062000|54.841999|5.443000|0.000000|-126.858002|0.000000|1.000000|1.000000|1.000000
c3080_9006|2|10.765000|54.841999|7.086000|0.000000|-138.203995|0.000000|1.000000|1.000000|1.000000
c3080_9007|2|21.371000|53.915001|8.971000|0.000000|149.744003|0.000000|1.000000|1.000000|1.000000
c3080_9010|2|16.812000|51.409000|51.557999|0.000000|-35.706001|0.000000|1.000000|1.000000|1.000000
c3080_9011|2|13.953000|51.408001|49.490002|0.000000|-35.985001|0.000000|1.000000|1.000000|1.000000
c3080_9012|2|21.608000|56.368999|42.051998|0.000000|135.164001|0.000000|1.000000|1.000000|1.000000
c3400_9000|2|-13.652000|46.104000|88.646004|0.000000|-40.000000|0.000000|1.000000|1.000000|1.000000
c0000_0000|4|85.500000|67.000000|62.000000|0.000000|60.000000|0.000000|1.000000|1.000000|1.000000
c0000_9000|4|74.875999|61.400002|54.254002|0.000000|50.827000|0.000000|1.000000|1.000000|1.000000
c0000_9001|4|85.295998|66.415001|62.000999|0.000000|-126.758003|0.000000|1.000000|1.000000|1.000000
h000100|5|0.000000|0.000000|0.000000|0.000000|0.000000|0.000000|1.000000|1.000000|1.000000
h000200|5|0.000000|0.000000|0.000000|0.000000|0.000000|0.000000|1.000000|1.000000|1.000000
h000300|5|0.000000|0.000000|0.000000|0.000000|0.000000|0.000000|1.000000|1.000000|1.000000
h000400|5|0.000000|0.000000|0.000000|0.000000|0.000000|0.000000|1.000000|1.000000|1.000000
h900800|5|0.000000|0.000000|0.000000|0.000000|0.000000|0.000000|1.000000|1.000000|1.000000
h900900|5|0.000000|0.000000|0.000000|0.000000|0.000000|0.000000|1.000000|1.000000|1.000000
AEG099_055_9000|9|-21.434999|46.310001|82.202003|0.000000|-127.428001|0.000000|1.000000|1.000000|1.000000
AEG099_610_9000|9|15.216000|51.194000|46.022999|0.000000|-17.334000|0.000000|1.000000|1.000000|1.000000
c3080_9003|10|51.276001|56.141998|36.071999|0.000000|65.305000|0.000000|1.000000|1.000000|1.000000
c3080_9004|10|54.445000|56.480000|36.008999|0.000000|145.263000|0.000000|1.000000|1.000000|1.000000
c3080_9008|10|19.886999|53.915001|7.934000|0.000000|141.154007|0.000000|1.000000|1.000000|1.000000
c3080_9009|10|18.382000|54.088001|6.102000|0.000000|135.869003|0.000000|1.000000|1.000000|1.000000
h000100_0000|11|0.000000|0.000000|0.000000|0.000000|0.000000|0.000000|1.000000|1.000000|1.000000
h000200_0000|11|0.000000|0.000000|0.000000|0.000000|0.000000|0.000000|1.000000|1.000000|1.000000
h000300_0000|11|0.000000|0.000000|0.000000|0.000000|0.000000|0.000000|1.000000|1.000000|1.000000
h000400_0000|11|0.000000|0.000000|0.000000|0.000000|0.000000|0.000000|1.000000|1.000000|1.000000
AEG004_692_1000|13|22.567387|51.400002|44.475739|0.000000|167.999863|0.000000|1.000001|1.000000|1.000001
AEG004_692_1001|13|19.189156|51.400002|41.956299|0.000000|-161.999954|0.000000|1.000000|1.000000|1.000000
AEG004_692_1002|13|18.136116|51.400002|50.683006|0.000000|167.999863|0.000000|1.000001|1.000000|1.000001
AEG004_692_1003|13|14.477432|51.400002|47.888458|0.000000|167.999863|0.000000|1.000001|1.000000|1.000001
AEG004_692_1004|13|76.487022|61.720150|53.510265|-35.834751|-46.448322|10.687932|1.000000|1.000001|1.000000
AEG004_692_1005|13|73.602707|61.632793|55.495056|7.138997|-108.437706|-17.342947|1.000000|1.000000|1.000000
AEG004_692_1006|13|25.618511|51.632790|33.953068|7.138995|161.562149|-17.342945|1.000000|1.000000|1.000000
AEG004_692_1020|13|24.605362|51.562088|35.154438|16.111759|-161.282608|9.948986|1.000000|1.000000|1.000000
AEG004_692_1021|13|33.556416|54.062092|20.687130|16.111786|108.717621|9.949018|1.000000|1.000000|1.000000
AEG020_205_1000|13|86.286041|66.400002|62.791023|-0.000015|-126.999786|-0.000010|1.000000|1.000000|1.000000
AEG020_205_1001|13|73.507858|61.400005|53.161930|-0.000015|-126.999786|-0.000010|1.000000|1.000000|1.000000
AEG020_205_1002|13|60.729660|56.400002|43.532921|-0.000001|53.000164|-0.000010|1.000000|1.000000|1.000000
AEG020_205_1004|13|76.702362|61.400005|55.569210|-0.000001|-126.999786|-0.000010|1.000000|1.000000|1.000000
AEG020_205_1005|13|89.480545|66.400002|65.198257|-0.000035|-126.999786|-0.000010|1.000000|1.000000|1.000000
AEG020_205_1009|13|25.544357|51.400002|37.052765|-0.000001|143.000076|-0.000010|1.000000|1.000000|1.000000
AEG020_205_1011|13|27.951603|51.400002|33.858215|-0.000001|143.000076|-0.000010|1.000000|1.000000|1.000000
AEG020_206_1000|13|23.137089|51.400002|40.247292|0.000000|-36.999931|0.000000|1.000001|1.000000|1.000001
AEG020_206_1001|13|60.729591|56.400002|43.532864|0.000000|-127.000008|0.000000|1.000000|1.000000|1.000000
AEG020_206_1004|13|-0.935493|46.400002|72.192749|0.000000|-36.999931|0.000000|1.000001|1.000000|1.000001
AEG020_206_1005|13|41.562481|56.400002|29.089096|-0.000000|52.999607|-0.000027|1.000000|1.000000|1.000000
AEG020_206_1007|13|28.463367|53.899998|19.218212|0.000027|-127.000008|0.000000|1.000000|1.000000|1.000000
AEG020_206_1009|13|22.074295|53.899998|14.403687|0.000027|-127.000008|0.000000|1.000000|1.000000|1.000000
AEG020_210_1000|13|86.286003|66.400002|62.791000|0.000000|-127.000008|0.000000|1.000000|1.000000|1.000000
AEG020_210_1001|13|73.507843|61.400005|53.161957|0.000000|-127.000008|0.000000|1.000000|1.000000|1.000000
AEG020_210_1002|13|60.729591|56.400002|43.532864|0.000000|-127.000008|0.000000|1.000000|1.000000|1.000000
AEG020_210_1005|13|27.951611|51.400002|33.858215|0.000000|142.999786|0.000000|1.000000|1.000000|1.000000
AEG020_211_1000|13|23.136948|51.400002|40.247478|-0.000000|142.999832|-0.000000|1.000001|1.000000|1.000001
AEG020_211_1001|13|28.463371|53.899998|19.218208|0.000027|52.999989|0.000000|1.000000|1.000000|1.000000
AEG020_211_1002|13|25.268826|53.899998|16.810947|0.000027|-127.000008|0.000000|1.000000|1.000000|1.000000
AEG020_250_1000|13|83.091461|66.400002|60.383770|-0.000003|-126.999962|0.000000|1.000000|1.000000|1.000000
AEG020_250_1001|13|70.313293|61.400005|50.754692|0.000000|-126.999962|0.000000|1.000000|1.000000|1.000000
AEG020_252_1000|13|83.091469|66.400002|60.383736|0.000000|-127.000008|0.000000|1.000000|1.000000|1.000000
AEG020_252_1001|13|59.555206|59.663734|38.583691|-32.336983|-34.350449|-3.605130|1.000002|1.000001|1.000000
AEG020_252_1002|13|53.143906|58.989235|45.852001|-28.627996|142.219086|-2.029786|1.000001|1.000000|1.000000
AEG020_252_1003|13|41.553265|58.989235|34.938286|-28.627996|142.219086|-2.029786|1.000001|1.000000|1.000000
AEG020_252_1004|13|43.878063|61.866920|31.960180|47.662430|-21.016796|-9.533128|1.000001|1.000001|1.000000
AEG020_252_1005|13|54.017052|61.540382|33.560001|-4.243270|-41.901928|2.647188|1.000001|1.000002|1.000002
AEG020_252_1011|13|18.447929|57.648689|40.913151|-0.650004|-39.199890|7.065584|1.000000|0.999999|1.000000
AEG020_253_1000|13|70.313293|61.400002|50.754700|0.000000|-127.000008|0.000000|1.000000|1.000000|1.000000
AEG020_253_1001|13|6.286186|51.718819|62.609341|0.000000|-37.000008|0.000000|1.000001|1.000000|1.000001
AEG020_253_1002|13|51.314079|63.445869|36.430458|51.319000|-37.505779|-3.050427|1.000002|1.000001|1.000001
AEG020_253_1003|13|51.314079|63.445869|36.430458|52.493061|147.520401|-0.685252|1.000001|0.999999|1.000000
AEG020_253_1004|13|44.714714|63.445869|31.588551|49.108871|147.390366|-1.870963|1.000001|1.000001|1.000000
AEG020_253_1005|13|58.439095|63.445869|40.698383|49.108860|-37.609489|-1.870934|1.000002|1.000000|1.000001
AEG020_450_1000|13|18.322998|51.882675|46.636002|0.000000|-37.000008|0.000000|1.000001|1.000000|1.000001
AEG020_454_1000|13|60.389713|56.955223|37.106064|0.000000|-127.000008|0.000000|1.000000|1.000000|1.000000
AEG020_454_1001|13|54.203209|56.955223|44.836796|0.000000|52.999859|0.000000|1.000000|1.000000|1.000000
AEG020_454_1002|13|41.846714|57.212418|35.557571|0.000000|52.999859|0.000000|1.000000|1.000000|1.000000
AEG020_454_1003|13|48.047024|57.211082|27.695423|0.000000|-126.999977|0.000000|1.000000|1.000000|1.000000
AEG020_455_1000|13|60.389713|56.955223|37.106064|-0.000000|-127.000008|-0.000000|1.000000|1.000000|1.000000
AEG020_455_1001|13|54.203209|56.955223|44.836796|-0.000000|52.999859|0.000000|1.000000|1.000000|1.000000
AEG020_455_1002|13|42.257160|57.365173|35.587326|-0.000000|56.517101|-0.000000|1.000001|1.000000|1.000001
AEG020_455_1003|13|48.047024|57.211082|27.695423|-0.000000|-126.999977|-0.000000|1.000000|1.000000|1.000000
AEG020_456_1000|13|51.146004|56.400002|36.310982|0.000000|-127.000008|0.000000|1.000000|1.000000|1.000000
AEG020_461_1000|13|51.146004|56.400002|36.310982|0.000000|-127.000008|0.000000|1.000000|1.000000|1.000000
AEG020_462_1000|13|47.951996|56.400002|33.903996|0.000000|-127.000008|0.000000|1.000000|1.000000|1.000000
AEG020_463_1000|13|18.322998|51.492676|46.636002|0.000000|-37.000008|0.000000|1.000001|1.000000|1.000001
AEG020_701_1005|13|15.685211|53.900002|9.589188|0.000027|-127.000031|-0.000000|1.000000|1.000000|1.000000
AEG020_702_1000|13|54.340652|56.400002|38.718124|0.000000|53.000031|0.000000|1.000000|1.000000|1.000000
AEG020_704_1000|13|15.685188|53.900002|9.589172|0.000000|142.999954|0.000000|1.000000|1.000000|1.000000
AEG020_704_1001|13|15.685188|53.900002|9.589172|0.000000|-37.000038|0.000000|1.000000|1.000000|1.000000
AEG020_704_1002|13|18.322594|51.400002|46.636391|0.000000|-127.000130|0.000000|1.000000|1.000000|1.000000
AEG020_704_1003|13|18.322594|51.400002|46.636391|0.000000|52.999989|0.000000|1.000000|1.000000|1.000000
AEG020_713_1000|13|51.146122|56.400002|36.310890|0.000000|-126.999962|0.000000|1.000000|1.000000|1.000000
AEG020_713_1001|13|51.146122|56.400002|36.310890|0.000000|52.999664|0.000000|1.000001|1.000000|1.000001
AEG020_836_1000|13|87.883255|66.400002|63.994629|0.000000|-126.999962|0.000000|1.000000|1.000000|1.000000
AEG020_885_1000|13|51.146004|56.400002|36.310982|0.000000|-127.000008|0.000000|1.000000|1.000000|1.000000
AEG020_899_1000|13|-10.763542|46.606636|108.984451|0.000000|13.000019|0.000000|1.000000|1.000000|1.000000
AEG020_899_1001|13|83.544113|66.634407|62.812271|0.000000|-72.000000|0.000000|1.000001|1.000000|1.000001
AEG020_899_1002|13|21.666969|54.134418|11.950653|-0.000009|122.999985|-0.000026|1.000000|1.000000|1.000000
AEG020_899_1004|13|83.482620|66.634407|62.683971|0.000000|-71.999947|0.000000|1.000000|1.000000|1.000000
AEG020_899_1005|13|57.987667|56.634415|43.554146|0.000000|-72.000000|0.000000|1.000001|1.000000|1.000001
AEG020_899_1006|13|22.526905|54.134411|16.832245|0.000027|-72.000000|0.000027|1.000001|1.000000|1.000001
AEG020_900_1000|13|-14.201958|46.116959|85.965431|0.000000|-126.999893|0.000000|1.000000|1.000000|1.000000
AEG020_900_1001|13|-6.490105|46.116959|83.264267|0.000000|158.000015|0.000000|1.000000|1.000000|1.000000
AEG020_900_1002|13|24.877058|53.899998|16.515738|-0.000066|-126.999893|-0.000087|1.000000|1.000000|1.000000
AEG020_900_1003|13|26.649338|53.899994|18.416487|-0.000066|3.000102|-0.000087|1.000000|1.000000|1.000000
AEG020_900_1004|13|27.041534|53.899998|17.696873|-0.000066|168.000107|-0.000087|1.000000|1.000000|1.000000
AEG020_900_1005|13|22.124718|53.899990|14.146720|-0.000066|168.000107|-0.000087|1.000000|1.000000|1.000000
AEG020_900_1006|13|20.792189|51.325535|43.359051|-0.000066|142.999771|-0.000087|1.000000|1.000000|1.000000
AEG020_900_1007|13|22.252867|51.421967|41.693520|-0.000066|22.999771|-0.000087|1.000000|1.000000|1.000000
AEG020_900_1008|13|30.229656|51.421944|31.571577|-0.000066|22.999771|-0.000087|1.000000|1.000000|1.000000
AEG020_900_1009|13|19.369488|53.769127|12.614703|-0.000066|93.000099|-0.000087|1.000000|1.000000|1.000000
AEG020_904_1000|13|14.795094|54.198029|16.431250|0.000000|-37.000038|0.000000|1.000000|1.000000|1.000000
AEG020_904_1001|13|9.360271|54.181870|12.335819|0.000000|-37.000038|0.000000|1.000000|1.000000|1.000000
AEG020_904_1002|13|22.009706|54.183109|6.842227|0.000000|142.999954|0.000000|1.000000|1.000000|1.000000
AEG020_904_1003|13|16.576017|54.180382|2.747643|0.000000|142.999954|0.000000|1.000000|1.000000|1.000000
AEG020_905_1000|13|12.172623|54.198029|14.455073|0.000000|-37.000038|0.000000|1.000000|1.000000|1.000000
AEG020_905_1001|13|19.220528|54.183109|4.740427|0.000000|142.999954|0.000000|1.000000|1.000000|1.000000
AEG020_906_1001|13|-4.628365|48.359726|102.383682|0.000000|53.000122|0.000000|1.000000|1.000000|1.000000
AEG020_906_1002|13|-25.556648|48.153374|79.301147|0.000000|-131.999832|0.000000|1.000000|1.000000|1.000000
AEG020_906_1003|13|2.260719|50.133049|93.662987|0.000000|53.000122|0.000000|1.000000|1.000000|1.000000
AEG020_906_1004|13|8.438225|48.167091|85.146484|0.000000|53.000122|0.000000|1.000000|1.000000|1.000000
AEG020_907_1000|13|-26.223892|48.145042|80.084396|0.000000|-116.999954|0.000000|1.000000|1.000000|1.000000
AEG020_907_1001|13|1.883842|48.135277|93.642410|0.000000|63.000175|0.000000|1.000000|1.000000|1.000000
AEG020_907_1002|13|-16.768028|48.133446|67.521439|0.000000|-116.999954|0.000000|1.000000|1.000000|1.000000
AEG020_907_1003|13|-7.405952|50.094078|106.289444|0.000000|63.000175|0.000000|1.000000|1.000000|1.000000
AEG020_961_1000|13|12.801544|51.449638|45.474785|-12.868059|-48.652077|-25.302935|1.000000|1.000000|1.000000
AEG020_962_1000|13|23.222733|51.449448|48.489479|0.789379|-43.567993|21.048460|1.000000|1.000000|1.000001
AEG020_963_1000|13|22.547867|51.762772|46.598984|-11.704192|-15.076273|31.800787|1.000000|1.000001|1.000001
AEG020_965_1000|13|74.930855|67.991585|56.021690|0.000000|-122.779526|0.000000|1.000001|1.000000|1.000001
AEG020_965_1001|13|63.544498|62.714317|43.321541|0.000000|-143.130569|0.000000|1.000000|1.000000|1.000000
AEG020_965_1002|13|54.450111|62.335609|42.538212|0.000000|40.944878|0.000000|1.000000|1.000000|1.000000
AEG020_965_1003|13|53.424168|62.768421|38.827126|0.000000|40.944878|0.000000|1.000000|1.000000|1.000000
AEG020_965_1004|13|48.342175|63.140087|37.625286|0.000000|40.944878|0.000000|1.000000|1.000000|1.000000
AEG020_965_1005|13|50.736233|61.915108|32.830093|0.000000|-151.784683|0.000000|1.000001|1.000000|1.000001
AEG020_965_1006|13|41.441292|62.828899|32.766129|0.000000|-114.055107|0.000000|1.000000|1.000000|1.000000
AEG020_965_1007|13|45.147499|63.829659|28.792538|0.000000|30.944880|0.000000|1.000000|1.000000|1.000000
AEG020_965_1008|13|45.477074|62.544567|27.038170|0.000000|-145.509262|0.000000|1.000000|1.000000|1.000000
AEG020_965_1009|13|16.646538|59.206863|51.913918|0.000000|153.382126|0.000000|1.000000|1.000000|1.000000
AEG020_965_1010|13|12.386604|59.030067|47.552063|0.000000|98.038300|0.000000|1.000000|1.000000|1.000000
AEG020_965_1011|13|14.572807|60.254704|48.402664|0.000000|165.534286|0.000000|1.000001|1.000000|1.000001
AEG020_965_1012|13|25.079098|58.053329|44.355721|0.000000|135.369415|0.000000|1.000000|1.000000|1.000000
AEG020_965_1013|13|53.681904|62.055126|40.895172|0.000000|-111.120003|0.000000|1.000000|1.000000|1.000000
AEG020_965_1014|13|59.516048|63.231403|39.786942|0.000000|-141.737930|0.000000|1.000001|1.000000|1.000001
AEG020_965_1015|13|52.195740|61.848381|40.554287|0.000000|40.944878|0.000000|1.000000|1.000000|1.000000
AEG020_965_1016|13|50.689415|63.732124|37.919399|0.000000|-121.961403|0.000000|1.000000|1.000000|1.000000
AEG020_965_1017|13|77.673073|68.646172|59.314556|0.000000|27.220491|0.000000|1.000000|1.000000|1.000000
AEG020_965_1018|13|76.577461|68.681267|57.376648|0.000000|131.767776|0.000000|1.000000|1.000000|1.000000
AEG020_965_1019|13|80.871658|68.274452|55.157810|0.000000|146.767776|0.000000|1.000000|1.000000|1.000000
AEG020_965_1020|13|65.410919|62.892239|44.285931|0.000000|91.471558|0.000000|1.000000|1.000000|1.000000
AEG020_965_1021|13|68.328369|64.147163|51.619286|0.000000|118.342690|0.000000|1.000001|1.000000|1.000001
AEG020_965_1022|13|83.052834|69.233742|58.338417|0.000000|-15.394538|0.000000|1.000000|1.000000|1.000000
AEG020_965_1023|13|48.894695|62.461636|32.201752|0.000000|60.826504|0.000000|1.000000|1.000000|1.000000
AEG020_965_1024|13|17.909073|58.074356|53.875298|0.000000|-41.369331|0.000000|1.000000|1.000000|1.000000
AEG020_965_1025|13|19.593391|59.206863|49.299995|0.000000|153.382126|0.000000|1.000000|1.000000|1.000000
AEG020_965_1026|13|19.049217|58.370468|41.347179|0.000000|140.453491|0.000000|1.000000|1.000000|1.000000
AEG020_965_1027|13|79.234055|68.611282|55.703876|0.000000|-33.528439|0.000000|1.000000|1.000000|1.000000
AEG020_965_1028|13|77.385201|67.461807|54.479855|0.000000|16.471560|0.000000|1.000000|1.000000|1.000000
AEG020_965_1029|13|63.860222|63.366425|48.120514|0.000000|-113.130577|0.000000|1.000000|1.000000|1.000000
AEG020_965_1030|13|50.014263|63.196407|34.297394|0.000000|10.826496|0.000000|1.000000|1.000000|1.000000
AEG020_965_1031|13|52.565430|61.895012|41.419155|0.000000|-54.055122|0.000000|1.000000|1.000000|1.000000
AEG020_965_1032|13|57.243095|62.828815|44.570389|0.000000|53.262093|0.000000|1.000001|1.000000|1.000001
AEG020_965_1033|13|74.561874|67.955727|56.931980|0.000000|131.767776|0.000000|1.000000|1.000000|1.000000
AEG020_965_1034|13|84.788490|69.872307|58.483662|0.000000|136.767746|0.000000|1.000000|1.000000|1.000000
AEG020_965_1035|13|79.279022|69.022026|60.682999|0.000000|-122.779510|0.000000|1.000000|1.000000|1.000000
AEG020_965_1036|13|66.622833|63.865517|51.088261|0.000000|-36.657314|0.000000|1.000001|1.000000|1.000001
AEG020_965_1037|13|68.538055|64.278603|46.962589|0.000000|-151.657288|0.000000|1.000001|1.000000|1.000001
AEG020_965_1038|13|67.469917|63.068947|44.969036|0.000000|-159.157211|0.000000|1.000001|1.000000|1.000001
AEG020_965_1039|13|54.412704|62.173988|40.415123|0.000000|135.944885|0.000000|1.000000|1.000000|1.000000
AEG020_965_1040|13|55.066509|63.458778|42.787457|0.000000|-24.055119|0.000000|1.000000|1.000000|1.000000
AEG020_965_1041|13|56.972710|63.561970|43.518925|0.000000|23.262089|0.000000|1.000001|1.000000|1.000001
AEG020_965_1042|13|55.081333|63.016712|40.124027|0.000000|-89.055122|0.000000|1.000000|1.000000|1.000000
AEG020_965_1043|13|52.038746|62.658638|33.297890|0.000000|18.215330|0.000000|1.000001|1.000000|1.000001
AEG020_965_1044|13|52.639908|61.927437|31.412966|0.000000|-176.784683|0.000000|1.000001|1.000000|1.000001
AEG020_965_1045|13|40.650707|62.226849|35.170094|0.000000|80.944916|0.000000|1.000000|1.000000|1.000000
AEG020_965_1046|13|46.012413|61.911999|26.771433|0.000000|-25.509243|0.000000|1.000000|1.000000|1.000000
AEG020_965_1047|13|43.859020|63.986671|30.878839|0.000000|-149.055130|0.000000|1.000000|1.000000|1.000000
AEG020_965_1048|13|47.074459|63.525635|34.395840|0.000000|-129.173508|0.000000|1.000000|1.000000|1.000000
AEG020_973_1000|13|56.786850|56.627983|35.484909|0.000000|142.999985|0.000000|1.000000|1.000000|1.000000
AEG020_973_1001|13|51.947983|56.627983|41.906315|0.000000|-37.000023|0.000000|1.000000|1.000000|1.000000
AEG020_973_1002|13|50.396317|56.627983|30.676510|0.000000|142.999939|0.000000|1.000000|1.000000|1.000000
AEG020_973_1003|13|45.999836|56.614029|36.993149|16.813549|-51.099087|7.379938|1.000000|1.000000|1.000000
AEG020_974_1000|13|26.360350|51.600006|32.666206|0.000000|-127.000267|0.000000|1.000000|1.000000|1.000000
AEG020_974_1001|13|29.550426|51.600006|35.042713|0.000000|52.999763|0.000000|1.000000|1.000000|1.000000
AEG020_975_1000|13|32.904877|54.099998|19.967438|-0.000075|143.000000|0.000055|1.000000|1.000000|1.000000
AEG020_975_1001|13|30.515646|54.099998|23.303261|-0.000075|-36.999992|0.000055|1.000000|1.000000|1.000000
AEG020_976_1000|13|26.472794|54.099998|15.212548|0.000000|143.000000|0.000000|1.000000|1.000000|1.000000
AEG020_976_1001|13|24.083326|54.099998|18.388964|0.000000|-37.000000|0.000000|1.000000|1.000000|1.000000
AEG020_982_1000|13|23.136944|51.400002|40.247482|0.000000|142.999786|0.000000|1.000000|1.000000|1.000000
AEG020_982_1001|13|28.463367|53.900002|19.218208|0.000000|52.999989|0.000000|1.000000|1.000000|1.000000
AEG020_992_1000|13|75.167526|61.890709|56.547779|0.000000|53.000111|0.000000|1.000000|1.000000|1.000000
AEG020_992_1001|13|61.343563|58.081272|46.625599|0.000000|-116.999924|0.000000|1.000000|1.000000|1.000000
AEG020_992_1002|13|57.570412|58.089787|43.706253|0.000000|-116.003632|0.000000|1.000001|1.000000|1.000001
AEG020_992_1003|13|60.087925|58.089787|40.591873|0.000000|-42.334091|0.000000|1.000001|1.000000|1.000001
AEG020_992_1005|13|78.843880|63.977055|58.860912|0.000000|-126.999962|0.000000|1.000000|1.000000|1.000000
AEG020_992_1006|13|80.024406|63.754650|56.488796|0.000000|-126.999962|0.000000|1.000000|1.000000|1.000000
AEG020_992_1007|13|79.061005|64.243431|59.529621|0.000000|53.000046|0.000000|1.000000|1.000000|1.000000
AEG020_992_1008|13|76.674286|62.838459|57.772808|0.000000|53.000027|0.000000|1.000000|1.000000|1.000000
AEG020_992_1009|13|76.269463|62.315651|56.692238|0.000000|53.000027|0.000000|1.000000|1.000000|1.000000
AEG020_992_1010|13|74.662224|61.645397|56.443977|0.000000|53.000027|0.000000|1.000000|1.000000|1.000000
AEG020_992_1011|13|80.779289|64.017845|56.266407|0.000000|-126.999962|0.000000|1.000000|1.000000|1.000000
AEG020_992_1012|13|77.117310|61.876747|54.032310|0.000000|53.000027|0.000000|1.000000|1.000000|1.000000
AEG020_992_1013|13|81.193512|65.415688|60.761368|0.000000|-126.999962|0.000000|1.000000|1.000000|1.000000
AEG020_992_1015|13|80.367256|63.765392|56.159786|0.000000|63.000046|0.000000|1.000000|1.000000|1.000000
AEG020_992_1036|13|-30.306953|46.997894|106.564224|-0.000000|-31.999956|-0.000000|1.000000|1.000000|1.000000
AEG020_992_1081|13|-1.311867|47.274010|97.491974|0.000000|54.604984|-0.000000|1.000000|1.000000|1.000000
AEG020_992_1082|13|3.305931|47.291832|77.957321|-0.000000|144.605011|-0.000000|1.000000|1.000000|1.000000
AEG020_992_1083|13|84.628380|66.550117|59.748650|0.000000|-126.999962|0.000000|1.000000|1.000000|1.000000
AEG020_992_1084|13|79.896729|64.960075|60.455601|0.000000|-126.999962|0.000000|1.000000|1.000000|1.000000
AEG020_992_1085|13|83.568901|65.672539|58.351234|0.000000|-126.999962|0.000000|1.000000|1.000000|1.000000
AEG020_992_1086|13|81.570442|64.687309|57.645313|0.000000|-126.999962|0.000000|1.000000|1.000000|1.000000
AEG020_992_1087|13|81.434975|64.474983|56.994995|0.000000|-126.999962|0.000000|1.000000|1.000000|1.000000
AEG020_992_1088|13|71.882156|61.550125|50.185120|0.000000|-126.999962|0.000000|1.000000|1.000000|1.000000
AEG020_992_1089|13|67.118568|59.960079|50.826530|0.000000|-126.999962|0.000000|1.000000|1.000000|1.000000
AEG020_992_1090|13|70.790726|60.672543|48.722160|0.000000|-126.999962|0.000000|1.000000|1.000000|1.000000
AEG020_992_1091|13|68.751404|59.687325|48.016224|0.000000|-126.999962|0.000000|1.000000|1.000000|1.000000
AEG020_992_1092|13|68.800652|59.474983|47.365944|0.000000|68.000015|0.000000|1.000000|1.000000|1.000000
AEG020_992_1094|13|67.233521|58.739288|46.857857|0.000000|-126.999962|0.000000|1.000000|1.000000|1.000000
AEG020_992_1095|13|66.282822|59.243439|49.900539|0.000000|53.000046|0.000000|1.000000|1.000000|1.000000
AEG020_992_1096|13|63.896130|57.838463|48.143726|0.000000|53.000027|0.000000|1.000000|1.000000|1.000000
AEG020_992_1097|13|63.491280|57.315655|47.063156|0.000000|53.000027|0.000000|1.000000|1.000000|1.000000
AEG020_992_1098|13|61.884056|56.645416|46.814896|0.000000|53.000027|0.000000|1.000000|1.000000|1.000000
AEG020_992_1099|13|67.999847|59.017853|46.632790|0.000000|-126.999962|0.000000|1.000000|1.000000|1.000000
AEG020_992_1100|13|64.339149|56.876774|44.403214|0.000000|53.000027|0.000000|1.000000|1.000000|1.000000
AEG020_992_1101|13|68.415344|60.415699|51.132267|0.000000|-126.999962|0.000000|1.000000|1.000000|1.000000
AEG020_992_1102|13|69.834961|61.320549|52.126560|0.000000|-126.999962|0.000000|1.000000|1.000000|1.000000
AEG020_992_1103|13|67.527924|58.768341|46.531525|0.000000|63.000046|0.000000|1.000000|1.000000|1.000000
AEG020_992_1104|13|60.918770|56.622749|41.013149|0.000000|177.999939|0.000000|1.000000|1.000000|1.000000
AEG020_992_1105|13|58.437302|56.622749|44.549404|0.000000|-37.000008|0.000000|1.000001|1.000000|1.000001
AEG020_992_1106|13|28.785089|51.622749|36.232113|0.000000|-157.000198|-0.000001|1.000000|1.000000|1.000000
AEG020_992_1107|13|23.412163|51.622749|36.305908|0.000000|62.999828|-0.000001|1.000000|1.000000|1.000000
AEG020_992_1108|13|28.139263|54.122726|21.636250|0.000027|-2.000053|-0.000022|1.000000|1.000000|1.000000
AEG020_992_1110|13|56.164196|56.698582|36.354397|0.000000|-23.375376|0.000000|1.000000|1.000000|1.000000
AEG020_992_1111|13|52.681255|56.698582|41.378796|0.000000|-23.375376|0.000000|1.000000|1.000000|1.000000
AEG020_992_1112|13|51.989674|56.698582|41.079876|0.000000|168.887177|0.000000|1.000000|1.000000|1.000000
AEG020_992_1113|13|50.258842|56.698582|31.595110|0.000000|-23.375376|0.000000|1.000000|1.000000|1.000000
AEG020_992_1114|13|49.794792|56.698582|31.474165|0.000000|155.219604|0.000000|1.000000|1.000000|1.000000
AEG020_992_1115|13|49.658142|56.698582|31.165602|0.000000|-54.313679|0.000000|1.000000|1.000000|1.000000
AEG020_992_1116|13|56.689220|56.698582|36.471218|0.000000|171.930222|0.000000|1.000000|1.000000|1.000000
AEG020_993_1000|13|66.269173|59.493565|44.588043|0.000000|142.999985|0.000000|1.000000|1.000000|1.000000
AEG020_993_1001|13|63.265350|59.493565|48.574234|0.000000|-36.999931|0.000000|1.000000|1.000000|1.000000
AEG020_993_1002|13|77.804657|63.271996|53.295143|0.000000|142.999832|0.000000|1.000000|1.000000|1.000000
AEG020_993_1003|13|81.131210|67.570381|62.037182|0.000000|-36.999931|0.000000|1.000000|1.000000|1.000000
AEG023_545_1000|13|35.173389|53.400002|24.274582|0.000000|-126.999962|0.000000|1.000000|1.000000|1.000000
AEG023_546_1000|13|15.685211|53.900002|9.589188|0.000000|-127.000008|0.000000|1.000000|1.000000|1.000000
AEG023_667_1000|13|-12.972008|46.400002|88.165009|0.000000|143.000000|0.000000|1.000000|1.000000|1.000000
AEG023_668_1000|13|18.322998|51.400002|46.636002|0.000000|-37.000008|0.000000|1.000001|1.000000|1.000001
AEG023_668_1001|13|18.322395|51.400002|46.635952|0.000000|-37.000038|0.000000|1.000000|1.000000|1.000000
AEG023_671_1000|13|-12.972031|46.400002|88.165009|0.000000|143.000000|0.000000|1.000000|1.000000|1.000000
AEG023_672_1000|13|-12.972008|46.400002|88.165009|0.000000|143.000000|0.000000|1.000000|1.000000|1.000000
AEG023_673_1000|13|-12.972031|46.400002|88.165009|0.000000|143.000000|0.000000|1.000000|1.000000|1.000000
AEG023_674_1000|13|-12.972031|46.400002|88.165009|0.000000|143.000000|0.000000|1.000000|1.000000|1.000000
AEG023_675_1000|13|-12.972031|46.400002|88.165009|0.000000|143.000000|0.000000|1.000000|1.000000|1.000000
AEG023_676_1000|13|-17.792755|46.400002|68.832336|0.000000|142.999939|0.000000|1.000000|1.000000|1.000000
AEG023_676_1001|13|-24.438591|46.400002|77.651672|0.000000|142.999939|0.000000|1.000000|1.000000|1.000000
AEG023_676_1002|13|-31.098915|46.400002|86.490219|0.000000|142.999939|0.000000|1.000000|1.000000|1.000000
AEG023_676_1003|13|-37.729370|46.400002|95.289139|0.000000|142.999939|0.000000|1.000000|1.000000|1.000000
AEG023_677_1000|13|6.928459|46.400002|87.456818|0.000000|-37.000008|0.000000|1.000001|1.000000|1.000001
AEG023_677_1001|13|0.312111|46.400002|96.237015|0.000000|-37.000008|0.000000|1.000001|1.000000|1.000001
AEG023_677_1002|13|-6.331932|46.400002|105.053932|0.000000|-37.000008|0.000000|1.000001|1.000000|1.000001
AEG023_677_1003|13|-12.968903|46.400002|113.861931|0.000000|-37.000008|0.000000|1.000001|1.000000|1.000001
AEG023_678_1000|13|-12.972031|46.400002|88.165009|0.000000|143.000000|0.000000|1.000000|1.000000|1.000000
AEG023_679_1000|13|-19.582954|46.400002|96.938034|0.000000|143.000000|0.000000|1.000000|1.000000|1.000000
AEG023_829_1000|13|15.685211|53.900002|9.589188|0.000000|-37.000004|0.000000|1.000000|1.000000|1.000000
AEG023_829_1001|13|15.685211|53.900002|9.589188|0.000000|143.000000|0.000000|1.000000|1.000000|1.000000
AEG023_829_1002|13|18.322998|51.492676|46.636002|0.000000|53.000004|-0.000004|1.000000|1.000000|1.000000
AEG023_829_1003|13|18.322998|51.492676|46.636002|0.000000|-127.000008|-0.000004|1.000000|1.000000|1.000000
AEG023_862_1000|13|58.908585|56.627270|44.592548|11.966845|-127.679634|-4.834459|1.000001|1.000000|1.000000
AEG023_862_1001|13|22.166969|53.891155|9.302368|0.000027|-127.000008|0.000000|1.000000|1.000000|1.000000
AEG023_862_1002|13|16.944763|53.957554|16.397476|-13.086599|-107.171043|-15.327341|1.000000|1.000000|1.000000
AEG023_862_1003|13|10.619124|54.823277|7.294631|0.000027|-111.999992|-0.000000|1.000000|1.000000|1.000000
AEG023_862_1004|13|12.241548|54.823002|5.133443|0.000027|-127.000008|0.000000|1.000000|1.000000|1.000000
AEG023_871_1000|13|81.761772|64.696587|57.340870|0.000000|-126.999962|0.000000|1.000000|1.000000|1.000000
AEG023_871_1001|13|78.528633|64.006348|59.249584|0.000000|-126.999962|0.000000|1.000000|1.000000|1.000000
AEG023_871_1002|13|76.988480|63.076008|58.173077|0.000000|53.000027|0.000000|1.000000|1.000000|1.000000
AEG023_871_1003|13|81.217430|64.263939|56.443409|0.000000|-126.999962|0.000000|1.000000|1.000000|1.000000
AEG023_871_1004|13|80.021156|63.538841|55.914600|0.000000|53.000034|0.000000|1.000000|1.000000|1.000000
AEG023_871_1005|13|69.072144|59.706509|47.654896|0.000000|-126.999954|0.000000|1.000000|1.000000|1.000000
AEG023_871_1006|13|66.823280|59.718624|50.506645|-0.000006|-126.999954|-0.000008|1.000000|1.000000|1.000000
AEG023_871_1007|13|64.863564|57.311275|45.375237|-0.000006|-126.999954|-0.000008|1.000000|1.000000|1.000000
AEG023_871_1008|13|67.038956|58.543423|46.402058|0.000000|33.000046|0.000000|1.000000|1.000000|1.000000
AEG023_871_1009|13|72.295433|61.648026|49.829529|-0.000015|-126.999954|-0.000020|1.000000|1.000000|1.000000
AEG023_872_1000|13|85.887840|68.103554|59.965900|0.000000|147.999969|0.000000|1.000001|1.000000|1.000001
AEG023_872_1001|13|86.683701|68.103554|65.606476|0.000000|-32.000130|0.000000|1.000000|1.000000|1.000000
AEG023_872_1002|13|63.539062|58.094646|43.115791|0.000000|143.000000|0.000000|1.000000|1.000000|1.000000
AEG023_872_1003|13|73.905540|63.103569|55.977406|0.000000|-32.000130|0.000000|1.000000|1.000000|1.000000
AEG023_872_1004|13|70.711006|63.103569|53.570152|0.000000|-32.000080|0.000000|1.000000|1.000000|1.000000
AEG023_872_1006|13|23.536934|53.103561|43.055305|0.000000|58.000015|0.000000|1.000000|1.000000|1.000000
AEG023_872_1007|13|25.962059|53.103561|39.849293|0.000000|57.999802|-0.000001|1.000000|1.000000|1.000000
AEG023_872_1008|13|25.655380|55.603550|19.618046|-0.000002|-32.000130|0.000027|1.000000|1.000000|1.000000
AEG023_872_1009|13|24.870628|55.603558|13.985855|0.000000|147.999969|-0.000027|1.000001|1.000000|1.000001
AEG023_872_1010|13|28.861553|55.603531|22.043312|0.000000|-32.000008|-0.000027|1.000000|1.000000|1.000000
AEG023_872_1011|13|44.806915|58.094646|28.649147|0.000000|-122.500031|0.000000|1.000000|1.000000|1.000000
AEG023_873_1000|13|83.502472|68.098457|63.191330|0.000000|-37.000008|0.000000|1.000001|1.000000|1.000001
AEG023_873_1001|13|21.613564|55.598461|11.576675|0.000000|143.000000|-0.000027|1.000000|1.000000|1.000000
AEG023_873_1002|13|85.830025|68.098457|59.967590|0.000000|142.999985|0.000000|1.000000|1.000000|1.000000
AEG023_873_1003|13|73.051857|63.098484|50.338512|0.000000|142.999985|0.000000|1.000000|1.000000|1.000000
AEG023_873_1005|13|25.128181|53.098465|34.314198|0.000000|-126.999893|0.000000|1.000000|1.000000|1.000000
AEG023_873_1006|13|22.736633|53.098465|37.463928|-0.000000|-127.000145|-0.000000|1.000000|1.000000|1.000000
AEG023_873_1007|13|34.369522|55.598465|21.188980|0.000000|143.000000|-0.000027|1.000000|1.000000|1.000000
AEG023_873_1008|13|22.485271|55.598454|17.211296|-0.000000|-37.000008|0.000027|1.000001|1.000000|1.000001
AEG023_873_1009|13|31.246918|55.598465|18.817863|-0.000000|143.000000|0.000027|1.000001|1.000000|1.000001
AEG023_874_1002|13|76.146858|63.072742|52.685680|0.000000|132.999939|0.000000|1.000000|1.000000|1.000000
AEG023_874_1003|13|58.045609|58.072723|43.993309|0.000000|-46.999935|0.000000|1.000000|1.000000|1.000000
AEG023_874_1004|13|32.201355|53.093460|31.528343|0.000000|43.000050|0.000000|1.000000|1.000000|1.000000
AEG023_874_1005|13|27.491180|53.072723|31.174232|0.000000|-137.000092|0.000000|1.000000|1.000000|1.000000
AEG023_874_1006|13|28.427895|53.072723|36.497211|0.000000|42.999844|0.000000|1.000000|1.000000|1.000000
AEG023_874_1007|13|27.907818|55.572720|16.334667|-0.000005|132.999939|-0.000027|1.000000|1.000000|1.000000
AEG023_874_1008|13|42.073685|58.072723|31.953766|0.000000|-46.999935|0.000000|1.000000|1.000000|1.000000
AEG023_875_1000|13|87.989845|67.995461|61.028152|0.000000|142.999939|0.000000|1.000000|1.000000|1.000000
AEG023_875_1001|13|24.025433|53.006180|35.039616|-0.000000|-127.000168|0.000000|1.000000|1.000000|1.000000
AEG023_875_1002|13|-26.316544|47.283730|81.031250|0.000000|-127.000061|0.000000|1.000000|1.000000|1.000000
AEG023_875_1003|13|-23.670746|50.153244|76.681557|0.000000|52.999950|0.000000|1.000000|1.000000|1.000000
AEG023_875_1004|13|-16.099205|47.262733|67.521622|0.000000|52.999859|0.000000|1.000000|1.000000|1.000000
AEG023_875_1005|13|4.242561|47.290932|90.120773|0.000000|54.117756|0.000000|1.000000|1.000000|1.000000
AEG023_875_1006|13|-2.114967|48.203201|99.174973|0.000000|53.000008|0.000000|1.000000|1.000000|1.000000
AEG023_875_1007|13|1.396446|50.135002|94.383575|0.000000|-126.999954|0.000000|1.000000|1.000000|1.000000
AEG023_875_1008|13|-22.745178|48.182571|75.751251|0.000000|52.999950|0.000000|1.000000|1.000000|1.000000
AEG023_875_1009|13|-30.893852|47.277382|87.190338|0.000000|52.999859|0.000000|1.000000|1.000000|1.000000
AEG023_875_1010|13|-8.576515|47.278358|107.066284|0.000000|-127.000023|0.000000|1.000000|1.000000|1.000000
AEG023_875_1011|13|-7.341805|47.312737|69.994568|0.000000|142.999908|0.000000|1.000000|1.000000|1.000000
AEG023_875_1012|13|-35.627769|47.283730|93.289795|0.000000|-127.000061|0.000000|1.000000|1.000000|1.000000
AEG023_875_1013|13|-37.084686|47.283730|95.223175|0.000000|-127.000061|0.000000|1.000000|1.000000|1.000000
AEG023_875_1014|13|84.840012|68.006172|64.737312|0.000000|-37.000038|0.000000|1.000000|1.000000|1.000000
AEG023_875_1015|13|81.982338|65.189278|58.571533|0.000000|53.000046|0.000000|1.000000|1.000000|1.000000
AEG023_875_1016|13|72.061859|63.006203|55.108265|0.000000|-37.000038|0.000000|1.000000|1.000000|1.000000
AEG023_875_1017|13|70.025925|60.189285|47.839661|0.000000|53.000046|0.000000|1.000000|1.000000|1.000000
AEG023_875_1018|13|64.303490|57.079285|45.174416|0.000000|53.000046|0.000000|1.000000|1.000000|1.000000
AEG023_875_1019|13|58.602928|58.006176|44.966248|0.000000|-37.000038|0.000000|1.000000|1.000000|1.000000
AEG023_875_1022|13|21.396667|53.006176|38.528065|0.000000|-127.000084|0.000000|1.000000|1.000000|1.000000
AEG023_875_1023|13|24.899788|52.995468|41.951321|-0.000000|52.999744|-0.000001|1.000000|1.000000|1.000000
AEG023_875_1024|13|26.759533|55.495438|20.981052|-0.000000|-37.000038|-0.000027|1.000000|1.000000|1.000000
AEG023_875_1025|13|30.330259|55.506184|17.589069|0.000000|142.999939|0.000027|1.000000|1.000000|1.000000
AEG023_875_1026|13|23.439465|55.495468|12.385651|0.000000|142.999939|-0.000027|1.000000|1.000000|1.000000
AEG023_875_1027|13|23.822849|55.506184|18.757278|0.000000|-37.000038|0.000027|1.000000|1.000000|1.000000
AEG023_877_1000|13|38.289814|55.586525|24.141621|0.000000|148.000015|0.000000|1.000000|1.000000|1.000000
AEG023_877_1001|13|32.070515|55.586525|25.146435|0.000000|-126.999962|0.000000|1.000000|1.000000|1.000000
AEG023_878_1000|13|34.454205|55.576874|21.331432|0.000000|148.000046|0.000000|1.000000|1.000000|1.000000
AEG023_878_1001|13|35.908958|55.576874|27.314922|0.000000|-31.999956|0.000000|1.000000|1.000000|1.000000
AEG023_878_1002|13|42.981033|58.066719|27.661762|0.000000|138.000031|0.000000|1.000000|1.000000|1.000000
AEG023_878_1003|13|28.954865|53.080948|29.287643|0.000000|-121.999992|0.000000|1.000000|1.000000|1.000000
AEG023_879_1001|13|35.741798|55.595566|27.615711|0.000000|53.000046|0.000000|1.000000|1.000000|1.000000
AEG023_879_1002|13|32.210449|55.595566|24.426414|0.000000|-37.000050|0.000000|1.000000|1.000000|1.000000
AEG023_879_1008|13|38.255810|54.151001|23.393570|0.000000|-129.979630|0.000000|1.000000|1.000000|1.000000
AEG023_879_1009|13|56.904568|56.702362|36.341846|0.000000|-106.906593|0.000000|1.000000|1.000000|1.000000
AEG023_879_1010|13|52.441647|56.702362|41.400181|0.000000|19.498789|0.000000|1.000000|1.000000|1.000000
AEG023_879_1011|13|51.941032|56.702362|41.220394|0.000000|62.978455|0.000000|1.000000|1.000000|1.000000
AEG023_879_1012|13|56.181347|56.702362|36.131107|0.000000|-162.096710|0.000000|1.000000|1.000000|1.000000
AEG023_880_1000|13|-15.603218|61.887703|104.943291|0.000000|143.000015|-19.999998|1.000000|1.000000|1.000000
AEG023_880_1001|13|84.019882|68.944176|62.475342|0.000000|-127.000008|0.000000|1.000000|1.000000|1.000000
AEG023_880_1002|13|23.002689|56.444172|16.495274|0.000027|-127.000008|0.000000|1.000000|1.000000|1.000000
AEG023_881_1000|13|23.002689|56.444172|16.495274|0.000027|-127.000008|0.000000|1.000000|1.000000|1.000000
AEG023_890_1000|13|-19.570625|48.122673|71.393097|0.000000|-126.999893|0.000000|1.000000|1.000000|1.000000
AEG023_890_1001|13|-0.957130|48.145500|97.320419|0.000000|53.000122|0.000000|1.000000|1.000000|1.000000
AEG023_890_1002|13|5.769875|50.102615|88.524406|0.000000|53.000122|0.000000|1.000000|1.000000|1.000000
AEG023_890_1003|13|-32.634254|48.124016|89.200897|0.000000|-126.999893|0.000000|1.000000|1.000000|1.000000
AEG023_890_1004|13|-11.249428|48.139519|111.257828|0.000000|53.000122|0.000000|1.000000|1.000000|1.000000
AEG023_891_1000|13|-8.487747|46.102875|79.388153|0.000000|13.000019|0.000000|1.000000|1.000000|1.000000
AEG023_891_1001|13|-12.511772|46.102875|83.586922|0.000000|163.000198|0.000000|1.000000|1.000000|1.000000
AEG023_891_1002|13|-10.648270|46.102875|89.370987|0.000000|13.000019|0.000000|1.000000|1.000000|1.000000
AEG023_891_1003|13|-15.647102|46.102875|97.226532|0.000000|13.000019|0.000000|1.000000|1.000000|1.000000
AEG023_891_1004|13|-20.077812|46.102875|91.549881|0.000000|13.000019|0.000000|1.000000|1.000000|1.000000
AEG023_892_1000|13|-18.398689|46.125198|90.523621|0.000000|-1.999952|0.000000|1.000000|1.000000|1.000000
AEG023_892_1001|13|-16.449684|46.125198|93.958794|0.000000|-61.999916|0.000000|1.000000|1.000000|1.000000
AEG023_892_1002|13|-12.258324|46.125198|88.396667|0.000000|-61.999916|0.000000|1.000000|1.000000|1.000000
AEG023_892_1003|13|-14.146088|46.125198|86.974159|0.000000|-81.999939|0.000000|1.000000|1.000000|1.000000
AEG023_892_1004|13|-9.779137|46.125198|80.409515|0.000000|-126.999893|0.000000|1.000000|1.000000|1.000000
AEG023_892_1005|13|-6.530327|46.125198|80.289001|0.000000|-71.999908|0.000000|1.000000|1.000000|1.000000
AEG023_892_1006|13|-6.145348|46.125198|84.806046|0.000000|-6.999979|0.000000|1.000000|1.000000|1.000000
AEG023_892_1007|13|-3.167397|46.362053|85.307922|-0.000003|-36.999920|4.999998|1.000000|1.000000|1.000000
AEG023_892_1008|13|-4.563980|46.335464|86.778763|0.000000|123.000038|0.000000|1.000000|1.000000|1.000000
AEG023_892_1009|13|-16.562172|46.125198|89.878586|1.345061|-11.740260|179.106430|1.000000|1.000001|1.000001
AEG023_892_1010|13|-12.738815|46.125198|81.917542|-170.267502|-20.917500|0.640863|1.000000|1.000001|1.000001
AEG023_892_1011|13|-23.092873|46.125198|99.951645|0.000000|-92.000053|0.000000|1.000000|1.000000|1.000000
AEG023_892_1012|13|-18.586647|46.125198|98.519547|0.000000|-156.999924|0.000000|1.000000|1.000000|1.000000
AEG023_892_1013|13|-25.457878|46.125198|102.434128|0.000000|48.000099|0.000000|1.000000|1.000000|1.000000
AEG023_892_1014|13|-22.508247|46.125198|105.761795|0.000000|-106.999901|0.000000|1.000000|1.000000|1.000000
AEG023_895_1000|13|-30.816429|47.631805|107.726196|-28.284685|-172.984497|-9.911720|1.000001|1.000000|1.000000
AEG023_895_1001|13|-29.195824|47.775284|110.205200|-28.284679|107.015442|-9.911724|1.000000|1.000000|1.000001
AEG023_895_1003|13|-36.856194|48.025116|104.432922|-12.500381|155.072464|-7.454943|1.000000|1.000000|1.000001
AEG023_895_1004|13|-23.288467|47.841904|116.373077|-23.287346|132.915451|-10.826460|1.000000|1.000000|1.000000
AEG023_895_1005|13|-36.233040|47.827728|106.638916|25.858961|74.766670|-0.131357|1.000000|0.999999|1.000000
AEG023_896_1000|13|-32.905815|47.024422|107.272896|-60.000015|-126.999893|0.000002|1.000000|1.000001|1.000000
AEG023_896_1001|13|-29.814308|46.988220|108.411758|-60.000050|163.000000|-0.000003|1.000000|1.000001|1.000000
AEG023_896_1002|13|-37.232033|46.845161|103.880386|-41.508881|139.747238|5.910876|1.000000|1.000000|0.999999
AEG023_896_1003|13|-25.456459|46.947205|115.362167|-64.699905|-146.929825|1.708176|1.000000|1.000000|1.000000
AEG023_897_1000|13|-28.690285|47.212143|109.660187|-37.307350|103.431328|-6.408640|1.000000|1.000001|1.000001
AEG023_897_1001|13|-36.159966|47.107834|106.008804|-45.000023|103.000061|0.000010|1.000001|1.000000|1.000001
AEG023_897_1002|13|-22.961685|47.107834|117.317375|-45.000000|97.999985|0.000005|1.000000|1.000000|1.000000
AEG023_898_1000|13|-31.775665|47.234169|106.988785|-60.654545|-157.256195|4.027542|1.000000|1.000000|1.000000
AEG023_898_1001|13|-28.905502|47.101868|108.980103|-58.329296|123.187393|-8.397269|1.000000|1.000000|1.000000
AEG023_898_1002|13|-23.790459|47.270485|115.457901|-58.061924|157.712723|-2.416842|1.000000|1.000000|1.000000
AEG023_898_1003|13|-23.081924|46.928192|118.530701|-62.726635|62.543743|-4.525586|1.000000|1.000000|1.000000
AEG023_899_1000|13|-30.798805|47.273483|108.177765|-24.999994|-126.999893|0.000000|1.000000|1.000000|1.000000
AEG023_899_1001|13|-36.389549|47.273483|104.897156|-25.000004|133.000031|-0.000007|1.000000|1.000000|1.000000
AEG023_910_1000|13|31.029562|51.600006|33.962872|0.000000|142.999786|0.000000|1.000000|1.000000|1.000000
AEG023_910_1001|13|60.822323|56.600010|46.733074|0.000000|53.000004|0.000000|1.000000|1.000000|1.000000
AEG023_910_1002|13|13.998886|53.885151|15.706505|-0.000027|52.999908|-0.000000|1.000000|1.000000|1.000000
AEG023_910_1005|13|19.936729|51.600006|40.340210|-0.000001|-37.000172|-0.000000|1.000000|1.000000|1.000000
AEG023_910_1006|13|31.750648|54.099976|24.825684|0.000027|52.999989|0.000000|1.000000|1.000000|1.000000
AEG023_910_1007|13|28.370632|54.100006|16.017979|-0.000027|-126.999962|-0.000000|1.000000|1.000000|1.000000
AEG023_910_1008|13|19.417465|53.885155|4.997894|0.000027|-127.000008|0.000000|1.000000|1.000000|1.000000
AEG023_914_1000|13|83.091011|66.400002|60.384014|0.000000|-127.000008|0.000000|1.000000|1.000000|1.000000
AEG023_914_1001|13|70.313004|61.400002|50.754997|0.000000|-127.000008|0.000000|1.000000|1.000000|1.000000
AEG023_915_1000|13|89.387833|66.599998|61.998039|0.000000|-127.000008|0.000000|1.000000|1.000000|1.000000
AEG023_917_1000|13|60.822388|56.600113|46.733074|0.000000|-126.999962|0.000000|1.000000|1.000000|1.000000
AEG023_920_1000|13|17.201996|53.896626|17.484131|-0.000000|-37.000008|0.000027|1.000001|1.000000|1.000001
AEG023_920_1001|13|24.377468|54.100006|13.008919|-0.000027|52.999908|-0.000000|1.000000|1.000000|1.000000
AEG023_921_1000|13|86.378738|66.600105|65.991287|0.000000|-127.000008|0.000000|1.000000|1.000000|1.000000
AEG023_921_1001|13|73.600594|61.600105|56.362217|0.000000|-127.000008|0.000000|1.000000|1.000000|1.000000
AEG023_921_1002|13|22.508396|51.600094|36.927391|0.000000|142.999832|0.000000|1.000000|1.000000|1.000000
AEG023_921_1003|13|28.370621|54.100090|16.017918|0.000027|52.999989|0.000000|1.000000|1.000000|1.000000
AEG023_921_1004|13|25.361565|54.100101|20.011246|0.000027|-127.000008|0.000000|1.000000|1.000000|1.000000
AEG023_921_1005|13|12.112236|53.903084|14.268845|0.000027|-127.000008|0.000000|1.000000|1.000000|1.000000
AEG023_922_1000|13|25.801331|51.600010|40.865795|0.000000|142.999832|0.000000|1.000000|1.000000|1.000000
AEG023_922_1001|13|60.890549|56.600010|40.523815|0.000000|-127.000008|0.000000|1.000000|1.000000|1.000000
AEG023_922_1002|13|34.681339|54.100006|20.773453|0.000000|-126.999962|0.000000|1.000000|1.000000|1.000000
AEG023_922_1003|13|21.981552|54.099995|11.203468|0.000027|-127.000008|0.000000|1.000000|1.000000|1.000000
AEG023_923_1000|13|86.373138|66.600197|65.987106|0.000000|-127.000008|0.000000|1.000000|1.000000|1.000000
AEG023_923_1002|13|24.751259|51.600208|33.950962|0.000000|142.999832|0.000000|1.000000|1.000000|1.000000
AEG023_923_1003|13|19.936592|51.600204|40.340218|0.000000|142.999786|0.000000|1.000000|1.000000|1.000000
AEG023_923_1004|13|28.370621|54.100204|16.017845|0.000027|52.999989|0.000000|1.000000|1.000000|1.000000
AEG023_923_1005|13|25.361576|54.100193|20.011307|0.000027|-127.000008|0.000000|1.000000|1.000000|1.000000
AEG023_924_1000|13|76.609673|61.600105|52.369049|0.000000|-127.000008|0.000000|1.000000|1.000000|1.000000
AEG023_924_1001|13|63.831409|56.600094|42.739975|0.000000|-127.000008|0.000000|1.000000|1.000000|1.000000
AEG023_924_1002|13|18.962078|54.139866|15.214401|-0.000030|53.000034|-0.000039|1.000000|1.000000|1.000000
AEG023_924_1003|13|26.594057|51.600094|39.813721|0.000000|142.999832|0.000000|1.000000|1.000000|1.000000
AEG023_924_1004|13|24.269697|51.600098|42.898304|0.000000|142.999786|0.000000|1.000000|1.000000|1.000000
AEG023_924_1005|13|25.361538|54.100090|20.011097|0.000027|52.999989|0.000000|1.000000|1.000000|1.000000
AEG023_924_1006|13|19.731285|53.896858|5.246147|0.000027|-127.000008|0.000000|1.000000|1.000000|1.000000
AEG023_925_1000|13|86.193268|66.599998|59.590813|0.000000|-126.999962|0.000000|1.000000|1.000000|1.000000
AEG023_925_1001|13|73.415108|61.600014|49.961716|0.000000|-126.999962|0.000000|1.000000|1.000000|1.000000
AEG023_926_1000|13|60.822399|56.600014|46.733124|0.000000|-126.999962|0.000000|1.000000|1.000000|1.000000
AEG023_927_1000|13|76.609650|61.600010|52.369026|0.000000|-126.999962|0.000000|1.000000|1.000000|1.000000
AEG023_927_1001|13|63.831467|56.600014|42.739952|0.000000|-126.999962|0.000000|1.000000|1.000000|1.000000
AEG023_928_1000|13|70.313293|61.400005|50.754692|0.000000|-126.999962|0.000000|1.000000|1.000000|1.000000
AEG023_930_1000|13|23.136944|51.400002|40.247482|0.000000|142.999786|0.000000|1.000000|1.000000|1.000000
AEG023_930_1001|13|28.463375|53.900009|19.218204|0.000027|52.999989|0.000000|1.000000|1.000000|1.000000
AEG023_932_1000|13|27.951611|51.400002|33.858215|0.000000|142.999832|0.000000|1.000000|1.000000|1.000000
AEG023_932_1001|13|60.729591|56.400002|43.532864|0.000000|-127.000008|0.000000|1.000000|1.000000|1.000000
AEG023_932_1002|13|51.146004|56.128731|36.310982|0.000000|-127.000023|0.000000|1.000000|1.000000|1.000000
AEG023_932_1003|13|55.201744|56.160469|39.800240|0.000000|52.999989|0.000000|1.000000|1.000000|1.000000
AEG023_932_1004|13|25.268826|53.899998|16.810946|0.000000|-127.000023|0.000000|1.000000|1.000000|1.000000
AEG023_932_1005|13|18.770882|53.710056|11.914392|0.000000|-127.000023|0.000000|1.000000|1.000000|1.000000
AEG023_933_1000|13|27.951611|51.400002|33.858215|0.000000|142.999832|0.000000|1.000000|1.000000|1.000000
AEG023_941_1000|13|60.729591|56.400002|43.532864|0.000000|-127.000008|0.000000|1.000000|1.000000|1.000000
AEG023_942_1000|13|83.091461|66.400002|60.383770|0.000000|-126.999962|0.000000|1.000000|1.000000|1.000000
AEG023_946_1000|13|15.685188|53.900002|9.589172|0.000027|-127.000008|0.000000|1.000000|1.000000|1.000000
AEG027_041_0500|13|14.262225|51.538673|52.039452|0.000000|143.000015|0.000000|1.000000|1.000000|1.000000
AEG027_044_0500|13|23.136944|51.534279|40.247482|0.000000|142.999786|0.000000|1.000000|1.000000|1.000000
AEG027_044_0501|13|28.463367|54.018410|19.218208|0.000000|52.999989|0.000000|1.000000|1.000000|1.000000
AEG027_090_1000|13|15.232689|54.085545|16.129837|-3.837226|-125.379295|24.950785|1.000001|1.000000|1.000001
AEG027_091_1000|13|-1.370491|46.529106|96.971756|0.000006|142.999969|-40.000008|1.000000|1.000000|1.000000
AEG027_091_1001|13|9.540276|53.956394|11.401146|0.000027|-114.457870|-0.000000|1.000000|1.000000|1.000000
AEG027_092_1000|13|-26.824944|46.272751|82.719696|0.000000|148.000000|0.000000|1.000000|1.000000|1.000000
AEG027_092_1001|13|22.041290|54.026218|7.834595|3.140711|-116.008278|0.610645|1.000000|0.999999|1.000000
AEG027_115_0500|13|12.836148|54.850441|7.437849|0.000000|-127.000008|0.000000|1.000000|1.000000|1.000000
AEG027_130_1000|13|-6.690460|46.102989|82.089851|-30.000008|-126.999893|0.000003|1.000000|1.000000|1.000001
AEG027_130_1001|13|-6.061859|46.102989|85.839279|-18.267565|-150.254364|-2.443955|1.000000|1.000000|1.000000
AEG027_130_1002|13|-6.875656|46.102989|84.446152|-29.999998|168.000015|-0.000001|1.000001|1.000000|1.000000
AEG027_130_1003|13|-10.107491|46.102989|82.173248|-35.012356|-74.959808|3.690680|1.000000|1.000000|1.000000
AEG027_130_1004|13|-8.756844|46.102989|84.188370|-35.268509|-123.184883|4.329258|1.000000|1.000001|1.000000
AEG027_130_1005|13|-10.985832|46.102989|87.146317|-41.248512|111.063522|-8.449421|1.000000|1.000000|1.000001
AEG027_130_1006|13|-13.528923|45.942215|87.525864|-23.604195|-51.978951|-3.186112|1.000000|1.000001|1.000000
AEG027_130_1007|13|-15.217018|46.014755|84.299011|-15.830754|57.642288|-9.553496|1.000001|1.000000|1.000000
AEG027_130_1008|13|-11.278206|46.102989|85.461014|-34.043903|-44.368439|-4.200098|1.000000|1.000000|1.000000
AEG027_130_1009|13|-15.079826|46.102989|94.022629|-40.204937|116.986351|-5.988702|1.000000|1.000000|1.000000
AEG027_130_1010|13|-15.630608|46.102989|92.834358|-37.757893|-99.230957|0.961181|1.000000|1.000000|1.000001
AEG027_130_1011|13|-16.619019|46.102989|90.235077|-39.098679|-174.927902|-7.407909|1.000000|1.000001|1.000000
AEG027_130_1012|13|-12.788460|46.118515|94.361969|-32.025936|-177.722015|-9.318991|1.000001|1.000001|1.000000
AEG027_130_1013|13|-4.716942|46.102989|80.243698|-24.064625|-37.271042|0.288977|1.000000|1.000000|1.000000
AEG027_130_1014|13|-6.094673|45.946968|83.044296|-31.347082|171.366425|-5.204917|1.000000|1.000000|1.000000
AEG027_130_1016|13|-13.363289|46.102989|85.605942|-39.083710|156.267090|-17.386116|1.000000|1.000000|1.000000
AEG027_130_1017|13|-11.735222|46.108154|89.572365|-40.091553|73.382050|-20.410517|1.000000|1.000000|1.000000
AEG027_130_1018|13|-13.863777|45.926788|92.311317|-29.886269|-97.324539|-9.189901|1.000000|1.000000|1.000000
AEG027_130_1019|13|-14.317024|45.926788|94.537552|-30.562504|-35.697853|4.468554|1.000000|1.000000|1.000000
AEG027_130_1020|13|-16.940430|45.926788|93.333755|-23.199436|-47.717834|-3.746692|1.000001|1.000000|1.000000
AEG027_130_1021|13|-15.688774|45.926788|86.868988|-30.308064|-90.067619|2.448802|1.000001|1.000001|1.000001
AEG027_130_1022|13|-9.161217|46.102989|82.673904|-35.520786|175.683517|-4.798727|1.000000|1.000000|1.000000
AEG027_130_1023|13|-10.856659|45.982254|82.621521|-27.836464|167.918274|-8.141887|1.000000|1.000000|1.000001
AEG027_130_1024|13|-5.017464|46.102989|81.858032|-39.550571|99.934448|0.483477|1.000001|1.000000|1.000001
AEG027_130_1025|13|-28.172516|45.936905|101.826492|-19.284119|169.332901|9.211190|1.000000|1.000000|1.000000
AEG027_130_1026|13|-12.522118|46.037720|81.585022|-37.988224|-37.331779|-4.788924|1.000000|1.000000|1.000001
AEG027_130_1027|13|-20.551590|45.926788|98.832306|-30.562504|-95.697868|4.468545|1.000000|1.000001|1.000000
AEG027_130_1028|13|-20.909187|45.926788|96.778412|-30.562489|139.302139|4.468544|1.000000|1.000000|1.000001
AEG027_130_1029|13|-21.311195|45.936905|105.024261|-24.850029|-22.809702|-0.670925|1.000000|1.000000|1.000000
AEG027_130_1030|13|-22.672188|45.926788|95.449890|-30.562485|-45.697903|4.468555|1.000001|1.000000|1.000000
AEG027_130_1031|13|-22.792564|45.926788|101.129120|-20.561789|138.582886|3.759173|1.000000|1.000000|1.000000
AEG027_130_1032|13|-20.300316|45.926788|102.318130|-22.306557|83.811516|-3.088916|1.000000|1.000001|1.000000
AEG027_130_1033|13|-23.735039|45.926788|104.584045|-23.079340|-54.958424|2.047854|1.000000|1.000000|1.000000
AEG027_130_1034|13|-25.586174|46.036896|98.334984|-22.306557|83.811516|-3.088916|1.000000|1.000001|1.000000
AEG027_130_1035|13|-19.056526|45.926788|96.002708|-30.562489|139.302139|4.468544|1.000000|1.000000|1.000001
AEG027_130_1036|13|-23.617683|45.926788|97.711716|-30.562498|-85.697876|4.468556|1.000000|1.000001|1.000000
AEG027_131_1000|13|-6.127739|46.292206|85.288208|11.952009|14.034489|-9.857905|1.000001|1.000000|1.000000
AEG027_131_1001|13|-7.069450|46.292206|80.854424|27.711308|-50.245949|-7.102502|1.000000|1.000000|1.000001
AEG027_131_1002|13|-16.841377|46.266632|94.217972|22.465641|-47.853859|0.554417|1.000001|1.000001|1.000001
AEG027_131_1003|13|-14.614052|46.292206|87.101067|14.015550|-61.511372|-3.441567|1.000000|1.000000|1.000000
AEG027_131_1004|13|-12.623711|46.292206|88.392807|19.235920|-85.600494|12.991947|1.000000|1.000000|1.000000
AEG027_131_1005|13|-18.381447|46.173546|91.032715|26.783243|19.415915|-2.851611|1.000000|1.000000|1.000001
AEG027_131_1006|13|-10.234337|46.223511|79.947464|20.676542|-124.490318|0.947782|1.000000|1.000000|1.000000
AEG027_131_1007|13|-23.601967|46.275597|99.968880|27.128557|-75.748405|-11.080329|1.000000|1.000001|1.000001
AEG027_131_1008|13|-18.817406|46.275597|98.065445|27.128561|-140.748383|-11.080310|1.000001|1.000001|1.000000
AEG027_131_1009|13|-25.056847|46.275597|102.748184|27.128565|64.251686|-11.080309|1.000000|1.000001|1.000001
AEG027_131_1010|13|-23.004486|46.275597|105.646698|27.128540|-90.748390|-11.080325|1.000000|1.000001|1.000001
AEG027_135_1000|13|-13.568771|46.399990|78.990982|0.000000|-126.999893|0.000000|1.000000|1.000000|1.000000
AEG027_135_1001|13|-20.188766|46.399990|87.776001|0.000000|-126.999893|0.000000|1.000000|1.000000|1.000000
AEG027_135_1002|13|-26.808708|46.399990|96.560997|0.000000|-126.999893|0.000000|1.000000|1.000000|1.000000
AEG027_135_1003|13|-17.226852|46.399990|103.779678|0.000000|53.000011|0.000000|1.000000|1.000000|1.000000
AEG027_135_1004|13|-10.603859|46.399990|94.990509|0.000000|53.000011|0.000000|1.000000|1.000000|1.000000
AEG027_136_1000|13|-3.997704|46.399990|86.201706|0.000000|53.000004|0.000000|1.000000|1.000000|1.000000
AEG092_300_0500|13|87.717537|66.399994|63.869755|-0.000000|53.000137|-0.000000|1.000000|1.000000|1.000000
AEG099_001_9000|13|-1.955000|46.403000|73.900002|0.000000|-36.919998|0.000000|1.000000|1.000000|1.000000
AEG099_015_9000|13|62.018002|56.575001|41.969002|0.000000|142.735992|0.000000|1.000000|1.000000|1.000000
AEG099_053_9000|13|-14.643000|46.289001|73.237999|0.000000|143.460999|0.000000|1.000000|1.000000|1.000000
AEG099_060_9000|13|73.335999|61.307999|53.021999|0.000000|57.708000|0.000000|1.000000|1.000000|1.000000
AEG099_065_9000|13|-33.712002|46.915001|104.851997|0.000000|-50.581001|0.000000|1.000000|1.000000|1.000000
AEG099_620_9001|13|17.201000|53.720001|10.887000|0.000000|-138.320007|0.000000|1.000000|1.000000|1.000000
AEG099_920_9000|13|46.750000|56.756001|28.256001|0.000000|102.830002|0.000000|1.000000|1.000000|1.000000
AEG099_920_9001|13|47.595001|56.303001|35.882000|0.000000|-57.919998|0.000000|1.000000|1.000000|1.000000
AEG099_930_9000|13|14.935000|51.241001|45.846001|0.000000|-158.317001|0.000000|1.000000|1.000000|1.000000
