m000000_1000|0|0.000000|0.000000|0.000000|0.000000|0.000000|0.000000|1.000000|1.000000|1.000000
c1000_9000|2|-147.604004|-4.279000|24.420000|0.000000|-174.552994|0.000000|1.000000|1.000000|1.000000
c1000_9001|2|-304.876007|-29.084000|-30.452000|0.000000|130.000000|0.000000|1.000000|1.000000|1.000000
c4080_9000|2|-236.643005|-27.445999|62.859001|-0.000000|37.466000|5.222000|1.000000|1.000000|1.000000
c4080_9001|2|-234.386002|-27.483999|64.066002|0.000000|42.408001|0.000000|1.000000|1.000000|1.000000
c4080_9006|2|-231.026993|-27.639000|66.147003|-2.008000|-83.964996|-1.868000|1.000000|1.000000|1.000000
c4090_9000|2|-263.070007|-27.069000|51.354000|2.443000|153.179001|-0.000000|1.000000|1.000000|1.000000
c4090_9001|2|-226.845001|-26.625000|67.896004|10.037000|-92.606003|-5.666000|1.000000|1.000000|1.000000
c4170_9003|2|-254.966003|-14.462000|-6.464000|0.000000|-41.669998|0.000000|1.000000|1.000000|1.000000
c4170_9004|2|-257.200989|-13.493000|20.628000|0.000000|85.903000|0.000000|1.000000|1.000000|1.000000
c4385_9000|2|-201.100998|-22.916000|0.182000|0.000000|109.108002|0.000000|1.000000|1.000000|1.000000
c4385_9001|2|-219.063995|-22.334000|8.650000|0.000000|-23.048000|0.000000|1.000000|1.000000|1.000000
c4385_9005|2|-238.417999|-22.433001|3.167000|0.000000|112.189003|0.000000|1.000000|1.000000|1.000000
c4385_9006|2|-266.157990|-22.452000|2.216000|0.000000|-35.470001|0.000000|1.000000|1.000000|1.000000
c4385_9007|2|-265.419006|-22.702999|4.747000|0.000000|-25.615000|0.000000|1.000000|1.000000|1.000000
c4385_9011|2|-255.266998|-23.232000|17.042999|0.000000|-20.735001|0.000000|1.000000|1.000000|1.000000
c4385_9012|2|-255.822006|-23.202999|20.122999|0.000000|13.573000|0.000000|1.000000|1.000000|1.000000
c4385_9018|2|-292.319000|-25.256001|7.036000|0.000000|99.980003|0.000000|1.000000|1.000000|1.000000
c4385_9019|2|-296.299011|-25.261999|8.041000|0.000000|-44.761002|0.000000|1.000000|1.000000|1.000000
c4385_9020|2|-297.574005|-25.429001|4.313000|0.000000|-132.563995|0.000000|1.000000|1.000000|1.000000
c4480_9000|2|-311.058014|-28.917999|-27.177000|0.419000|-107.081001|-0.725000|1.000000|1.000000|1.000000
c4481_9000|2|-282.291992|-24.886000|0.045000|-2.464000|30.642000|3.194000|1.000000|1.000000|1.000000
c4481_9001|2|-291.484985|-25.018999|-6.762000|-2.229000|-44.980999|-4.222000|1.000000|1.000000|1.000000
c4481_9007|2|-283.846985|-18.662001|2.099000|5.603000|-32.737999|6.343000|1.000000|1.000000|1.000000
c4481_9008|2|-285.356995|-18.542999|2.113000|4.482000|-3.567000|3.915000|1.000000|1.000000|1.000000
c4481_9009|2|-287.458008|-18.573999|8.216000|3.680000|164.679001|0.973000|1.000000|1.000000|1.000000
c4481_9011|2|-307.877991|-28.997000|-26.235001|-3.604000|-116.348000|-0.624000|1.000000|1.000000|1.000000
c4481_9012|2|-308.678986|-29.040001|-25.204000|0.000000|-70.742996|-7.358000|1.000000|1.000000|1.000000
c4481_9013|2|-308.075012|-29.010000|-29.546000|2.053000|-124.083000|1.939000|1.000000|1.000000|1.000000
c0000_0000|4|-116.000000|6.500000|30.900000|0.000000|75.000000|0.000000|1.000000|1.000000|1.000000
c0000_9000|4|-146.022003|-4.223000|23.886000|0.000000|6.340000|0.000000|1.000000|1.000000|1.000000
h000100|5|0.000000|0.000000|0.000000|0.000000|0.000000|0.000000|1.000000|1.000000|1.000000
h000101|5|0.000000|0.000000|0.000000|0.000000|0.000000|0.000000|1.000000|1.000000|1.000000
h000200|5|0.000000|0.000000|0.000000|0.000000|0.000000|0.000000|1.000000|1.000000|1.000000
h000300|5|0.000000|0.000000|0.000000|0.000000|0.000000|0.000000|1.000000|1.000000|1.000000
h000400|5|0.000000|0.000000|0.000000|0.000000|0.000000|0.000000|1.000000|1.000000|1.000000
h900300|5|0.000000|0.000000|0.000000|0.000000|0.000000|0.000000|1.000000|1.000000|1.000000
h900800|5|0.000000|0.000000|0.000000|0.000000|0.000000|0.000000|1.000000|1.000000|1.000000
h900900|5|0.000000|0.000000|0.000000|0.000000|0.000000|0.000000|1.000000|1.000000|1.000000
c4080_9002|10|-236.830002|-27.486000|65.788002|1.535000|46.070000|-4.648000|1.000000|1.000000|1.000000
c4080_9003|10|-236.052002|-27.533001|65.764000|1.487000|46.029999|-1.731000|1.000000|1.000000|1.000000
c4080_9004|10|-235.404007|-27.570999|65.745003|3.815000|46.084999|-2.327000|1.000000|1.000000|1.000000
c4080_9005|10|-234.757004|-27.611000|65.732002|2.116000|46.020000|-0.690000|1.000000|1.000000|1.000000
c4170_9000|10|-252.768997|-22.951000|-1.675000|0.000000|-170.690994|0.000000|1.000000|1.000000|1.000000
c4170_9001|10|-251.682999|-22.952000|-1.865000|-0.000000|-170.690994|-0.000000|1.000000|1.000000|1.000000
c4170_9002|10|-252.233002|-22.951000|-1.697000|0.000000|-170.690994|0.000000|1.000000|1.000000|1.000000
c4385_9002|10|-225.761002|-22.934000|3.685000|0.000000|7.318000|0.000000|1.000000|1.000000|1.000000
c4385_9003|10|-225.281998|-22.930000|2.983000|0.000000|7.318000|0.000000|1.000000|1.000000|1.000000
c4385_9004|10|-224.554993|-22.934999|3.433000|0.000000|7.318000|0.000000|1.000000|1.000000|1.000000
c4385_9008|10|-268.320007|-22.094999|8.257000|0.000000|95.194000|0.000000|1.000000|1.000000|1.000000
c4385_9009|10|-268.201996|-22.108999|8.243000|0.000000|95.194000|0.000000|1.000000|1.000000|1.000000
c4385_9010|10|-268.037994|-22.115000|8.209000|0.000000|95.194000|0.000000|1.000000|1.000000|1.000000
c4385_9013|10|-251.662003|-23.459000|23.594000|0.000000|178.225998|0.000000|1.000000|1.000000|1.000000
c4385_9014|10|-251.554993|-23.459000|23.594999|0.000000|178.225998|0.000000|1.000000|1.000000|1.000000
c4385_9015|10|-251.386993|-23.459999|23.598000|0.000000|178.225998|0.000000|1.000000|1.000000|1.000000
c4385_9016|10|-252.914993|-23.426001|23.014000|0.000000|-159.423996|0.000000|1.000000|1.000000|1.000000
c4385_9017|10|-252.822006|-23.436001|23.011000|0.000000|-159.423996|0.000000|1.000000|1.000000|1.000000
c4481_9002|10|-292.455994|-24.695000|-0.456000|0.000000|115.751999|0.000000|1.000000|1.000000|1.000000
c4481_9003|10|-292.356995|-24.625999|-0.715000|0.000000|115.751999|0.000000|1.000000|1.000000|1.000000
c4481_9004|10|-292.158997|-24.614000|-0.961000|0.000000|115.751999|0.000000|1.000000|1.000000|1.000000
c4481_9005|10|-291.912994|-24.655001|-1.175000|0.000000|115.751999|0.000000|1.000000|1.000000|1.000000
c4481_9006|10|-291.679993|-24.691999|-1.340000|0.000000|115.751999|0.000000|1.000000|1.000000|1.000000
h000100_0000|11|0.000000|0.000000|0.000000|0.000000|0.000000|0.000000|1.000000|1.000000|1.000000
h000101_0000|11|0.000000|0.000000|0.000000|0.000000|0.000000|0.000000|1.000000|1.000000|1.000000
h000200_0000|11|0.000000|0.000000|0.000000|0.000000|0.000000|0.000000|1.000000|1.000000|1.000000
h000300_0000|11|0.000000|0.000000|0.000000|0.000000|0.000000|0.000000|1.000000|1.000000|1.000000
h000400_0000|11|0.000000|0.000000|0.000000|0.000000|0.000000|0.000000|1.000000|1.000000|1.000000
AEG020_000_1000|13|-281.000000|-18.500000|10.199997|0.000000|90.000008|0.000000|1.000000|1.000000|1.000000
AEG020_005_1000|13|-157.000000|-8.500000|3.199993|0.000027|90.000023|0.000000|1.000000|1.000000|1.000000
AEG020_005_1001|13|-173.000000|-14.500000|-1.800003|0.000027|-89.999969|0.000000|1.000000|1.000000|1.000000
AEG020_005_1002|13|-115.000000|6.500000|31.200001|0.000000|-89.999947|0.000000|1.000000|1.000000|1.000000
AEG020_005_1003|13|-147.000000|-5.500000|13.638998|0.000027|15.000060|-0.000000|1.000000|1.000000|1.000000
AEG020_005_1004|13|-291.000000|-24.500000|-11.800003|0.000027|-179.999954|0.000000|1.000000|1.000000|1.000000
AEG020_005_1005|13|-295.356018|-18.524040|15.963593|-8.019266|172.557617|3.960991|1.000000|1.000000|1.000000
AEG020_005_1006|13|-285.000000|-21.500000|26.199997|0.000000|-89.999947|0.000000|1.000000|1.000000|1.000000
AEG020_005_1007|13|-291.000000|-26.499992|-19.799988|-0.000008|-179.999954|0.000000|1.000000|1.000000|1.000000
AEG020_005_1008|13|-291.000000|-24.500000|-15.820023|-0.000035|-179.999954|-0.000000|1.000000|1.000000|1.000000
AEG020_015_1000|13|-299.000000|-28.500000|-25.800034|0.000000|-89.999969|0.000000|1.000000|1.000000|1.000000
AEG020_030_1000|13|-147.000000|-5.500000|13.200033|0.000000|-180.000000|0.000000|1.000000|1.000000|1.000000
AEG020_030_1002|13|-295.000031|-18.500000|16.199997|0.000000|0.000035|0.000000|1.000000|1.000000|1.000000
AEG020_070_1004|13|-173.000000|-14.500000|-1.800003|0.000000|-90.000000|0.000000|1.000000|1.000000|1.000000
AEG020_078_1000|13|-115.000000|6.500000|31.200001|0.000000|-90.000000|0.000000|1.000000|1.000000|1.000000
AEG020_095_1000|13|-291.000000|-26.499992|-19.799988|0.000000|179.999985|0.000000|1.000000|1.000000|1.000000
AEG020_140_1000|13|-273.000000|-22.500000|-1.800003|0.000000|-90.000000|0.000000|1.000000|1.000000|1.000000
AEG020_140_1001|13|-291.000000|-24.500000|-15.820023|0.000000|-180.000000|0.000000|1.000000|1.000000|1.000000
AEG020_140_1002|13|-189.020020|-20.500008|-1.799995|0.000000|-90.000000|0.000000|1.000000|1.000000|1.000000
AEG020_154_1000|13|-130.999863|0.500114|31.200047|0.000000|-90.000000|0.000000|1.000000|1.000000|1.000000
AEG020_170_1000|13|-285.000000|-21.500000|26.199997|0.000000|90.000008|0.000000|1.000000|1.000000|1.000000
AEG020_170_1002|13|-291.000031|-24.500000|-11.799988|0.000000|-179.999969|0.000000|1.000000|1.000000|1.000000
AEG020_180_1000|13|-147.000000|-5.500000|17.200035|0.000000|-180.000000|0.000000|1.000000|1.000000|1.000000
AEG020_305_1000|13|-147.000000|-5.500000|17.200035|0.000000|-0.000010|0.000000|1.000000|1.000000|1.000000
AEG020_523_1000|13|-289.000000|-24.500000|1.199997|0.000000|-180.000000|0.000000|1.000000|1.000000|1.000000
AEG020_570_1000|13|-233.000000|-22.500000|0.199997|0.000000|-90.000000|-0.000002|1.000000|1.000000|1.000000
AEG020_572_1000|13|-233.000000|-22.500000|0.199997|0.000000|-90.000000|0.000000|1.000000|1.000000|1.000000
AEG020_577_1000|13|-233.000000|-22.500000|0.199997|0.000000|-90.000000|0.000000|1.000000|1.000000|1.000000
AEG020_930_1000|13|-118.877884|5.365479|33.503239|-20.000013|89.999939|-0.000003|1.000000|1.000000|1.000000
AEG020_930_1003|13|-123.618515|3.174217|28.937962|-22.978317|88.834053|9.434980|1.000000|1.000000|1.000001
AEG020_930_1004|13|-128.163757|1.307732|33.115788|-15.167906|88.820511|-9.412362|1.000000|1.000000|1.000000
AEG020_930_1005|13|-134.446564|-0.614708|33.302250|5.734003|-105.977798|4.535734|1.000000|1.000000|1.000001
AEG020_930_1006|13|-141.992310|-1.757011|30.587446|-12.437016|61.637745|-1.876106|1.000000|1.000001|1.000001
AEG020_930_1007|13|-138.451096|-1.955070|24.038486|-22.576000|45.972023|7.718199|1.000000|1.000000|1.000000
AEG020_930_1008|13|-150.100586|-4.339981|24.327341|-0.189469|23.478779|4.116828|1.000000|1.000000|1.000001
AEG020_930_1009|13|-150.303925|-6.594261|9.690256|-10.463755|28.237236|-5.973377|1.000000|1.000000|1.000001
AEG020_930_1010|13|-144.475906|-6.760460|3.870092|-4.771620|72.951118|-1.218884|1.000000|1.000001|1.000001
AEG020_930_1011|13|-141.926086|-6.323570|10.465425|-5.007707|-56.745403|7.026900|1.000000|1.000001|1.000001
AEG020_930_1012|13|-151.765335|-7.680092|2.279243|10.928412|-103.147110|-3.302411|1.000000|1.000001|1.000001
AEG020_930_1013|13|-188.189331|-20.401588|-4.104774|-12.769300|86.763580|1.377161|1.000000|1.000000|1.000001
AEG020_930_1014|13|-187.009109|-19.885139|0.218414|-15.167913|88.820511|-9.412354|1.000000|1.000000|1.000001
AEG020_930_1015|13|-176.877899|-15.634521|0.264359|-20.000015|89.999908|-0.000001|1.000000|1.000000|1.000000
AEG020_930_1016|13|-163.565918|-10.707512|4.050133|-25.300121|58.311859|7.415922|1.000000|1.000001|1.000001
AEG020_930_1017|13|-161.294449|-9.822334|-2.721336|-22.768324|51.962940|22.979355|1.000000|1.000000|1.000000
AEG020_930_1018|13|-168.678406|-12.991402|-4.651745|29.092125|-78.749504|0.246514|1.000000|1.000001|1.000001
AEG020_930_1019|13|-199.229645|-22.789551|-3.523239|2.772510|-96.379219|0.233336|1.000000|1.000000|1.000000
AEG020_930_1020|13|-267.242432|-22.879616|13.904434|4.436153|15.483592|-4.464343|1.000000|1.000000|1.000000
AEG020_930_1021|13|-256.598358|-22.946190|25.189697|5.556004|59.207333|-1.523354|1.000000|1.000000|1.000001
AEG020_930_1022|13|-267.415833|-22.585548|-5.996262|-2.146742|119.168961|2.627600|1.000000|1.000000|1.000000
AEG020_930_1023|13|-233.594589|-22.650848|2.531693|-4.194279|-137.623764|3.960826|1.000000|1.000001|1.000001
AEG020_930_1024|13|-228.624420|-23.513681|14.926170|5.999999|81.027176|0.134893|1.000000|1.000001|1.000001
AEG020_930_1025|13|-249.171509|-22.969673|-11.508087|3.368352|68.114128|-8.230864|1.000000|1.000001|1.000000
AEG020_930_1026|13|-270.657837|-22.672104|3.958221|-4.126587|-158.774826|-0.941010|1.000001|1.000001|1.000001
AEG020_930_1027|13|-217.469849|-22.804039|-2.569160|1.597718|-64.824760|-2.730190|1.000000|1.000000|1.000001
AEG020_930_1028|13|-211.173904|-23.020035|10.177307|-6.038706|90.912407|1.303909|1.000001|1.000001|1.000001
AEG020_930_1029|13|-238.853241|-23.321770|22.199013|-3.234404|-23.044147|6.751369|1.000000|1.000001|1.000001
AEG020_930_1030|13|-201.805634|-22.730888|8.436554|0.770336|127.407959|-8.927131|1.000000|1.000000|1.000001
AEG020_930_1031|13|-263.191406|-27.195580|54.568314|1.131653|79.336845|-4.537889|1.000000|1.000000|1.000001
AEG020_930_1032|13|-269.258148|-27.264503|49.267609|3.365180|-178.046783|2.445673|1.000000|1.000001|1.000001
AEG020_930_1033|13|-269.139954|-27.145607|40.915573|-9.912647|167.913528|0.442022|1.000000|1.000000|1.000001
AEG020_930_1034|13|-261.237152|-25.488182|33.426926|-1.484826|13.315917|6.109303|1.000001|1.000001|1.000001
AEG020_930_1035|13|-266.221313|-24.617226|28.844421|-17.801714|-118.223923|-11.503567|1.000001|1.000000|1.000001
AEG020_930_1036|13|-274.907715|-23.138557|30.685150|11.972802|53.392555|-7.973221|1.000000|1.000000|1.000001
AEG020_930_1037|13|-277.419159|-22.492439|24.191208|-10.697145|-94.661926|-2.562215|1.000000|1.000000|1.000001
AEG020_930_1038|13|-290.234680|-20.680092|27.126389|10.928412|76.852852|-3.302413|1.000000|1.000000|1.000000
AEG020_930_1039|13|-297.524109|-19.760460|25.767242|-4.771622|-107.048859|-1.218884|1.000001|1.000001|1.000000
AEG020_930_1040|13|-300.285370|-19.266190|18.957184|-6.307708|123.254669|7.026899|0.999999|1.000000|1.000000
AEG020_930_1041|13|-291.864380|-19.602928|19.319992|10.975266|22.872589|4.961722|1.000000|1.000000|1.000000
AEG020_930_1042|13|-288.117737|-18.077049|14.290909|2.453572|116.231873|-11.809217|1.000000|1.000000|1.000000
AEG020_930_1043|13|-297.542053|-18.296013|11.729477|5.205177|-1.250091|-6.386749|1.000000|1.000000|1.000000
AEG020_930_1044|13|-299.154724|-24.883331|3.031052|-2.148651|143.271606|9.294551|1.000000|1.000000|1.000000
AEG020_930_1045|13|-281.640442|-24.126740|4.590637|4.692722|-119.431908|12.497852|1.000000|1.000000|1.000000
AEG020_930_1047|13|-295.275696|-23.699226|-7.121094|5.043246|157.224609|23.688459|1.000000|1.000000|1.000000
AEG020_930_1048|13|-283.087769|-24.390846|-6.486893|3.270892|-117.545067|-0.203983|1.000000|1.000000|1.000000
AEG020_930_1056|13|-258.248474|-27.071518|51.867760|-1.877054|-12.219378|0.221244|1.000001|1.000000|1.000001
AEG020_930_1057|13|-131.838623|0.134483|28.770695|-13.321207|80.924309|9.005361|1.000000|1.000000|1.000001
AEG020_930_1058|13|-143.781174|-4.985100|18.488682|8.475413|-164.151459|-11.551340|1.000000|1.000000|1.000000
AEG020_930_1059|13|-150.590805|-5.740471|17.376499|3.571499|153.119995|-7.503240|1.000000|1.000000|1.000000
AEG020_930_1060|13|-180.328918|-17.321045|-3.841110|19.955462|-89.165535|1.110507|1.000000|1.000000|1.000000
AEG020_930_1061|13|-224.441437|-22.932701|0.960640|-1.300000|118.163300|0.000001|1.000000|1.000000|1.000000
AEG020_930_1062|13|-234.676849|-23.570339|16.507210|2.556732|-45.179607|-0.561194|1.000001|1.000001|1.000001
AEG020_937_1000|13|-308.948486|-29.023537|-30.502319|-2.564219|-147.994537|0.244030|1.000000|1.000000|1.000000
AEG020_937_1001|13|-311.292786|-29.023537|-25.225525|-2.564221|152.005447|0.244029|1.000000|1.000000|1.000000
AEG020_937_1002|13|-309.827515|-29.023537|-27.447174|-2.564220|-35.994526|0.244029|1.000000|1.000000|1.000000
AEG020_937_1003|13|-307.870728|-29.023537|-25.143555|-2.564221|150.005463|0.244029|1.000000|1.000000|1.000000
AEG020_950_1011|13|-254.503113|-8.833961|7.355209|0.000027|103.000015|0.000000|1.000000|1.000000|1.000000
AEG020_950_1012|13|-253.206696|-7.765717|14.341919|0.000027|103.000015|0.000000|1.000000|1.000000|1.000000
AEG020_950_1013|13|-243.606384|-14.526543|25.264389|0.000027|178.619644|-0.000000|1.000000|1.000000|1.000000
AEG020_950_1015|13|-246.086426|-14.099136|25.526520|0.000027|-56.881035|0.000000|1.000000|1.000000|1.000000
AEG020_950_1016|13|-261.313324|-14.277252|-7.595825|0.000027|-87.173180|0.000000|1.000000|1.000000|1.000000
AEG020_950_1017|13|-239.112061|-11.852135|1.337425|0.000027|-74.169373|-0.000000|1.000000|1.000000|1.000000
AEG020_950_1018|13|-246.744461|-12.560257|-3.207977|0.000027|103.000015|0.000000|1.000000|1.000000|1.000000
AEG020_950_1019|13|-251.724823|-10.486786|3.180908|0.000027|103.000015|0.000000|1.000000|1.000000|1.000000
AEG020_950_1020|13|-237.164978|-12.110321|6.489685|0.000027|1.746825|-0.000000|1.000000|1.000000|1.000000
AEG020_950_1021|13|-249.760162|-9.595917|3.180908|0.000027|-163.851974|0.000000|1.000000|1.000000|1.000000
AEG020_950_1022|13|-258.078918|-10.331024|-0.382004|0.000027|-163.851974|0.000000|1.000000|1.000000|1.000000
AEG020_950_1023|13|-247.179443|-12.991547|-6.212555|0.000027|-41.657200|0.000000|1.000000|1.000000|1.000000
AEG020_950_1024|13|-253.519470|-13.053192|-7.862305|0.000027|-8.283121|0.000000|1.000000|1.000000|1.000000
AEG020_950_1025|13|-253.741943|-9.469940|4.279236|0.000027|-18.663597|-0.000000|1.000000|1.000000|1.000000
AEG020_950_1026|13|-248.697540|-11.570282|-3.630341|0.000027|112.583733|-0.000000|1.000000|1.000000|1.000000
AEG020_950_1027|13|-262.715485|-12.622650|-3.902954|0.000027|-68.097626|-0.000000|1.000000|1.000000|1.000000
AEG020_950_1028|13|-247.060013|-11.962067|-0.873795|0.000027|9.562746|0.000000|1.000000|1.000000|1.000000
AEG020_950_1029|13|-241.775574|-14.306732|24.429810|0.000027|103.000015|0.000000|1.000000|1.000000|1.000000
AEG020_950_1030|13|-231.494812|-15.062225|7.893181|0.000027|103.000015|0.000000|1.000000|1.000000|1.000000
AEG020_950_1031|13|-258.304169|-11.690277|-2.313721|0.000027|16.086668|0.000000|1.000000|1.000000|1.000000
AEG020_950_1032|13|-244.996796|-11.377991|1.231888|0.000027|68.996780|-0.000000|1.000000|1.000000|1.000000
AEG020_950_1033|13|-247.916199|-9.311722|3.822464|0.000027|39.757568|0.000000|1.000000|1.000000|1.000000
AEG020_950_1034|13|-251.769745|-10.901947|-0.037415|0.000027|-177.852844|0.000000|1.000000|1.000000|1.000000
AEG020_950_1035|13|-256.564575|-10.847137|19.722954|0.000027|1.746825|-0.000000|1.000000|1.000000|1.000000
AEG020_950_1036|13|-258.508667|-10.872528|18.306602|0.006639|102.152359|-0.217020|1.000000|1.000000|1.000000
AEG020_950_1037|13|-215.298416|-14.582826|2.789063|0.000027|25.194460|-0.000000|1.000000|1.000000|1.000000
AEG020_950_1038|13|-215.388016|-16.738007|-1.099350|0.000027|-84.638489|0.000000|1.000000|1.000000|1.000000
AEG020_950_1039|13|-223.199997|-14.807953|4.940773|0.000027|49.935097|0.000000|1.000000|1.000000|1.000000
AEG020_950_1040|13|-222.818726|-16.407318|11.194817|0.000027|-110.367699|0.000000|1.000000|1.000000|1.000000
AEG020_950_1041|13|-213.822647|-15.277618|1.201050|0.000027|75.939697|0.000000|1.000000|1.000000|1.000000
AEG020_950_1042|13|-232.207611|-14.366913|9.817467|0.000027|-91.307045|-0.000000|1.000000|1.000000|1.000000
AEG020_950_1043|13|-232.427826|-15.261810|12.784782|0.000027|-173.975998|0.000000|1.000000|1.000000|1.000000
AEG020_950_1044|13|-247.585999|-10.847137|21.317497|0.000027|1.746825|-0.000000|1.000000|1.000000|1.000000
AEG020_950_1045|13|-257.962128|-8.833961|7.355209|0.000027|-17.419861|0.000000|1.000000|1.000000|1.000000
AEG020_950_1046|13|-260.189850|-9.750954|12.195053|0.000027|31.064320|0.000000|1.000000|1.000000|1.000000
AEG020_950_1047|13|-266.312164|-11.876808|-0.582169|0.000027|31.064320|0.000000|1.000000|1.000000|1.000000
AEG020_950_1048|13|-203.158920|-14.839447|4.510842|0.000027|108.960670|0.000000|1.000000|1.000000|1.000000
AEG020_950_1049|13|-202.960770|-15.595917|7.910061|0.000027|70.565369|0.000000|1.000000|1.000000|1.000000
AEG020_950_1050|13|-204.817093|-15.277618|6.139797|0.000027|-111.055244|-0.000000|1.000000|1.000000|1.000000
AEG020_950_1051|13|-204.762466|-15.586029|-1.790427|0.000027|30.070202|-0.000000|1.000000|1.000000|1.000000
AEG020_950_1052|13|-211.859634|-15.280853|7.025125|0.000027|30.070202|-0.000000|1.000000|1.000000|1.000000
AEG020_950_1053|13|-235.013245|-12.422577|13.199120|0.000027|-173.363724|0.000000|1.000000|1.000000|1.000000
AEG020_950_1054|13|-141.590515|-3.837250|5.054966|0.000027|-85.034630|-0.000000|1.000000|1.000000|1.000000
AEG020_950_1055|13|-141.182800|-3.837250|9.291111|0.000027|113.637611|-0.000000|1.000000|1.000000|1.000000
AEG020_950_1056|13|-146.308990|-3.199997|4.097202|0.000027|-30.046116|0.000000|1.000000|1.000000|1.000000
AEG020_950_1057|13|-201.623306|-15.887787|-3.111533|0.000027|-87.647530|0.000000|1.000000|1.000000|1.000000
AEG020_950_1058|13|-211.026260|-16.744293|-1.953491|0.000027|6.224150|0.000000|1.000000|1.000000|1.000000
AEG020_950_1059|13|-222.818726|-14.279144|8.948135|0.000027|156.300125|0.000000|1.000000|1.000000|1.000000
AEG020_950_1060|13|-213.570389|-16.142181|-0.296738|0.000027|-24.591753|0.000000|1.000000|1.000000|1.000000
AEG020_950_1061|13|-243.802063|-12.733238|-2.938942|0.000027|33.452389|0.000000|1.000000|1.000000|1.000000
AEG020_950_1062|13|-243.321304|-10.376923|18.824211|0.000027|-152.963715|-0.000000|1.000000|1.000000|1.000000
AEG020_950_1063|13|-264.452911|-11.963234|-1.998184|0.000027|-107.555580|-0.000000|1.000000|1.000000|1.000000
AEG020_950_1064|13|-266.110626|-10.801117|3.889038|0.000027|100.326363|-0.000000|1.000000|1.000000|1.000000
AEG020_950_1065|13|-239.942261|-17.225113|40.765228|0.000027|-56.881035|0.000000|1.000000|1.000000|1.000000
AEG020_950_1066|13|-245.494797|-17.681900|27.733612|0.000027|14.259117|-0.000000|1.000000|1.000000|1.000000
AEG020_950_1067|13|-245.617233|-17.488785|33.615692|0.000027|14.259117|-0.000000|1.000000|1.000000|1.000000
AEG020_950_1068|13|-240.849670|-17.248306|33.516968|0.000027|176.777252|0.000000|1.000000|1.000000|1.000000
AEG020_950_1069|13|-239.645447|-22.192886|55.884216|0.000027|176.777252|0.000000|1.000000|1.000000|1.000000
AEG020_950_1070|13|-243.243500|-21.333267|54.890991|0.000027|95.189056|0.000000|1.000000|1.000000|1.000000
AEG020_950_1071|13|-226.128021|-22.766891|70.409637|0.000027|95.189056|0.000000|1.000000|1.000000|1.000000
AEG020_950_1072|13|-225.357880|-22.766891|65.241730|0.000027|53.266766|-0.000000|1.000000|1.000000|1.000000
AEG020_950_1073|13|-261.068542|-21.408279|41.667213|0.000027|41.801609|0.000000|1.000000|1.000000|1.000000
AEG020_950_1074|13|-300.014679|-16.336685|23.989693|0.000027|114.165833|0.000000|1.000000|1.000000|1.000000
AEG020_950_1075|13|-293.401489|-13.845545|1.389671|0.000027|-107.555580|-0.000000|1.000000|1.000000|1.000000
AEG020_950_1076|13|-285.905548|-13.662195|-2.843971|0.000027|-107.555580|-0.000000|1.000000|1.000000|1.000000
AEG020_950_1077|13|-284.630646|-16.684565|-5.531136|0.000027|155.151871|-0.000000|1.000000|1.000000|1.000000
AEG020_950_1078|13|-288.624847|-18.882318|-10.095406|0.000027|150.335068|-0.000000|1.000000|1.000000|1.000000
AEG020_950_1079|13|-291.013977|-15.336664|-6.242104|0.000027|81.325081|0.000000|1.000000|1.000000|1.000000
AEG020_950_1080|13|-297.197540|-15.040543|17.810127|0.000027|-15.142879|0.000000|1.000000|1.000000|1.000000
AEG020_950_1081|13|-281.590942|-13.970301|9.368004|0.000027|-107.555580|-0.000000|1.000000|1.000000|1.000000
AEG020_953_1000|13|-250.536743|-23.107101|0.662872|0.000000|-134.999969|0.000000|1.000000|1.000000|1.000000
AEG020_953_1001|13|-248.737061|-24.092133|-9.524139|0.000000|-40.000008|0.000000|1.000000|1.000000|1.000000
AEG020_953_1002|13|-261.431458|-23.897552|-7.160156|0.000000|30.000032|0.000000|1.000000|1.000000|1.000000
AEG020_954_1000|13|-209.623856|-14.729340|2.672714|0.000000|-102.439720|0.000000|1.000000|1.000000|1.000000
AEG020_954_1001|13|-211.494217|-15.186127|1.291382|0.000000|77.643166|0.000000|1.000000|1.000000|1.000000
AEG020_954_1002|13|-201.489365|-15.342865|-1.096107|0.000000|5.573200|0.000000|1.000000|1.000000|1.000000
AEG020_954_1003|13|-202.959763|-14.363085|0.779297|0.000000|126.911255|0.000000|1.000000|1.000000|1.000000
AEG020_954_1004|13|-201.341324|-14.636566|3.031921|0.000000|139.927902|0.000000|1.000000|1.000000|1.000000
AEG020_954_1005|13|-211.373978|-15.285004|5.608566|0.000000|66.771347|0.000000|1.000000|1.000000|1.000000
AEG020_954_1006|13|-229.326889|-14.728607|9.035767|0.000000|77.643166|0.000000|1.000000|1.000000|1.000000
AEG020_954_1007|13|-222.360825|-14.467133|6.685483|0.000000|57.273602|0.000000|1.000000|1.000000|1.000000
AEG020_954_1008|13|-248.495850|-8.638519|6.669464|0.000000|77.643166|0.000000|1.000000|1.000000|1.000000
AEG020_954_1009|13|-246.801636|-9.114105|5.371124|0.000000|-98.953392|0.000000|1.000000|1.000000|1.000000
AEG020_954_1010|13|-244.005493|-10.722504|2.025299|0.000000|-130.930756|0.000000|1.000000|1.000000|1.000000
AEG020_954_1011|13|-252.763184|-8.240082|7.877625|0.000000|-82.933853|0.000000|1.000000|1.000000|1.000000
AEG020_954_1012|13|-253.156189|-10.066742|19.648438|0.000000|94.876038|0.000000|1.000000|1.000000|1.000000
AEG020_954_1013|13|-248.536682|-9.962494|20.196411|0.000000|145.007599|0.000000|1.000000|1.000000|1.000000
AEG020_954_1014|13|-142.648132|-3.574535|6.522110|0.000000|-85.034615|0.000000|1.000000|1.000000|1.000000
AEG020_954_1015|13|-142.591904|-3.129974|9.642107|0.000000|175.955063|0.000000|1.000000|1.000000|1.000000
AEG020_954_1016|13|-144.366638|-2.908531|6.202282|0.000000|-11.456870|0.000000|1.000000|1.000000|1.000000
AEG020_954_1017|13|-146.608826|-2.354515|6.321087|0.000000|23.701666|0.000000|1.000000|1.000000|1.000000
AEG020_954_1018|13|-148.705017|-2.962494|7.178249|0.000000|56.960072|0.000000|1.000000|1.000000|1.000000
AEG020_954_1019|13|-200.747467|-14.712547|0.621712|0.000000|-123.690590|0.000000|1.000000|1.000000|1.000000
AEG020_954_1020|13|-205.882385|-15.481884|-0.558708|0.000000|-102.803169|0.000000|1.000000|1.000000|1.000000
AEG020_954_1021|13|-210.490829|-15.986176|-0.439178|0.000000|84.213402|0.000000|1.000000|1.000000|1.000000
AEG020_954_1022|13|-209.513168|-15.235687|0.972321|0.000000|-26.434092|0.000000|1.000000|1.000000|1.000000
AEG020_954_1023|13|-208.557693|-14.649193|4.837250|0.000000|13.203549|0.000000|1.000000|1.000000|1.000000
AEG020_954_1024|13|-208.557693|-14.862396|6.681412|0.000000|177.408264|0.000000|1.000000|1.000000|1.000000
AEG020_954_1025|13|-220.641159|-14.120697|5.744354|0.000000|-74.335335|0.000000|1.000000|1.000000|1.000000
AEG020_954_1026|13|-216.180145|-14.356598|5.688049|0.000000|118.738564|0.000000|1.000000|1.000000|1.000000
AEG020_954_1027|13|-214.104095|-14.710358|5.688049|0.000000|-79.782501|0.000000|1.000000|1.000000|1.000000
AEG020_954_1028|13|-213.601334|-14.748684|3.263134|0.000000|55.400520|0.000000|1.000000|1.000000|1.000000
AEG020_954_1029|13|-211.691772|-14.829217|3.270653|0.000000|-138.348450|0.000000|1.000000|1.000000|1.000000
AEG020_954_1030|13|-205.174911|-14.446738|2.582916|0.000000|-148.681396|0.000000|1.000000|1.000000|1.000000
AEG020_954_1031|13|-246.940796|-8.228607|14.730499|0.000000|-98.953392|0.000000|1.000000|1.000000|1.000000
AEG020_954_1032|13|-243.958542|-10.117035|17.173859|0.000000|35.927868|0.000000|1.000000|1.000000|1.000000
AEG020_954_1033|13|-239.163986|-11.220306|13.557465|0.000000|-133.399689|0.000000|1.000000|1.000000|1.000000
AEG020_954_1034|13|-236.407852|-11.851898|12.504639|0.000000|26.673542|0.000000|1.000000|1.000000|1.000000
AEG020_954_1035|13|-234.648514|-12.675140|10.593170|0.000000|-109.567223|0.000000|1.000000|1.000000|1.000000
AEG020_954_1036|13|-236.499100|-13.008881|3.936340|0.000000|-80.506569|0.000000|1.000000|1.000000|1.000000
AEG020_954_1037|13|-267.035065|-11.558937|1.881577|0.000000|45.769077|0.000000|1.000000|1.000000|1.000000
AEG020_954_1038|13|-264.050446|-10.552307|1.881577|0.000000|63.965008|0.000000|1.000000|1.000000|1.000000
AEG020_954_1039|13|-263.517731|-11.515171|-0.586670|0.000000|15.512080|0.000000|1.000000|1.000000|1.000000
AEG020_954_1040|13|-240.600021|-23.976089|62.569458|0.000000|78.187134|0.000000|1.000000|1.000000|1.000000
AEG020_954_1041|13|-235.212936|-23.798355|64.642487|0.000000|-90.606873|0.000000|1.000000|1.000000|1.000000
AEG020_954_1042|13|-231.914764|-22.769974|67.348083|0.000000|161.388565|0.000000|1.000000|1.000000|1.000000
AEG020_954_1043|13|-227.067108|-21.840042|68.552063|0.000000|161.388565|0.000000|1.000000|1.000000|1.000000
AEG020_954_1044|13|-260.923920|-20.889908|48.559875|0.000000|161.388565|0.000000|1.000000|1.000000|1.000000
AEG020_954_1045|13|-260.923920|-21.408279|43.541931|0.000000|-93.747238|0.000000|1.000000|1.000000|1.000000
AEG020_954_1046|13|-256.965912|-22.731277|44.893578|0.000000|122.637016|0.000000|1.000000|1.000000|1.000000
AEG020_954_1047|13|-264.163940|-20.340225|46.710693|0.000000|-93.747238|0.000000|1.000000|1.000000|1.000000
AEG020_954_1048|13|-266.991852|-20.193008|39.119141|0.000000|13.066445|0.000000|1.000000|1.000000|1.000000
AEG020_954_1049|13|-266.986938|-19.576347|36.296204|0.000000|-156.155487|0.000000|1.000000|1.000000|1.000000
AEG020_954_1050|13|-263.297241|-20.829277|42.077499|0.000000|-73.062904|0.000000|1.000000|1.000000|1.000000
AEG020_954_1051|13|-300.369659|-16.394058|21.459084|0.000000|55.216904|0.000000|1.000000|1.000000|1.000000
AEG020_954_1052|13|-298.555695|-16.185287|24.606850|0.000000|55.216904|0.000000|1.000000|1.000000|1.000000
AEG020_954_1053|13|-298.555695|-15.993057|22.247231|0.000000|160.819962|0.000000|1.000000|1.000000|1.000000
AEG020_954_1054|13|-292.218414|-16.750362|20.890938|0.000000|-106.418030|0.000000|1.000000|1.000000|1.000000
AEG020_954_1055|13|-286.022369|-13.178696|3.197914|0.000000|55.216904|0.000000|1.000000|1.000000|1.000000
AEG020_954_1056|13|-286.298187|-13.604385|-0.740746|0.000000|160.819962|0.000000|1.000000|1.000000|1.000000
AEG020_954_1057|13|-283.913483|-13.574203|0.252357|0.000000|-59.919933|0.000000|1.000000|1.000000|1.000000
AEG020_954_1058|13|-290.366394|-13.395594|6.639366|0.000000|-78.382835|0.000000|1.000000|1.000000|1.000000
AEG020_954_1059|13|-290.186096|-14.328455|0.538857|0.000000|98.470779|0.000000|1.000000|1.000000|1.000000
AEG020_954_1060|13|-287.662354|-13.531928|7.119789|0.000000|-113.404449|0.000000|1.000000|1.000000|1.000000
AEG020_954_1061|13|-292.641754|-13.071735|4.226860|0.000000|-5.640632|0.000000|1.000000|1.000000|1.000000
AEG020_954_1062|13|-290.366394|-13.703455|4.514488|0.000000|-3.720449|0.000000|1.000000|1.000000|1.000000
AEG020_954_1063|13|-284.980042|-13.306342|7.053383|0.000000|-15.598984|0.000000|1.000000|1.000000|1.000000
AEG020_955_1000|13|-250.434052|-11.761810|-1.559326|0.000000|125.204811|0.000000|1.000000|1.000000|1.000000
AEG020_955_1001|13|-251.278137|-13.544525|-8.880493|0.000000|-60.005310|0.000000|1.000000|1.000000|1.000000
AEG020_955_1002|13|-268.878815|-12.388519|0.443842|0.000000|69.876183|0.000000|1.000000|1.000000|1.000000
AEG020_955_1003|13|-243.547012|-16.941498|37.140007|0.000000|125.204811|0.000000|1.000000|1.000000|1.000000
AEG020_955_1004|13|-292.039490|-14.328455|-0.445168|0.000000|69.876183|0.000000|1.000000|1.000000|1.000000
AEG020_955_1005|13|-290.762451|-15.864120|-8.452156|0.000000|109.417580|0.000000|1.000000|1.000000|1.000000
AEG020_956_1000|13|-260.972565|-8.717072|6.773376|0.000027|68.439995|0.000000|1.000000|1.000000|1.000000
AEG020_956_1001|13|-262.296204|-9.656403|9.108307|0.000027|-19.553911|0.000000|1.000000|1.000000|1.000000
AEG020_956_1002|13|-259.052246|-8.844513|8.631775|0.000027|-117.214287|0.000000|1.000000|1.000000|1.000000
AEG020_956_1003|13|-253.585342|-7.736603|5.450317|0.000027|-117.214287|0.000000|1.000000|1.000000|1.000000
AEG020_956_1004|13|-255.999649|-8.765900|0.553589|0.000027|15.075445|0.000000|1.000000|1.000000|1.000000
AEG020_956_1005|13|-260.972565|-12.125031|-5.739944|0.000027|68.439995|0.000000|1.000000|1.000000|1.000000
AEG020_956_1006|13|-248.875305|-13.124603|-7.743042|0.000027|-18.663614|-0.000000|1.000000|1.000000|1.000000
AEG020_956_1007|13|-234.829285|-12.379486|6.284073|0.000027|-76.752022|-0.000000|1.000000|1.000000|1.000000
AEG020_956_1008|13|-250.290924|-11.236969|21.602631|0.000027|166.226212|-0.000000|1.000000|1.000000|1.000000
AEG020_956_1009|13|-248.320038|-10.864541|1.795853|0.000027|103.000015|0.000000|1.000000|1.000000|1.000000
AEG020_956_1010|13|-222.994171|-14.315369|2.566223|0.000027|-38.202156|0.000000|1.000000|1.000000|1.000000
AEG020_956_1011|13|-211.850861|-14.855652|8.612152|0.000027|168.337234|0.000000|1.000000|1.000000|1.000000
AEG020_956_1012|13|-235.081635|-13.403992|15.721710|0.000027|168.337234|0.000000|1.000000|1.000000|1.000000
AEG020_956_1013|13|-240.773987|-16.546600|25.403931|0.000027|1.746825|0.000000|1.000000|1.000000|1.000000
AEG020_956_1014|13|-229.975586|-15.242096|6.330765|0.000027|-29.910803|0.000000|1.000000|1.000000|1.000000
AEG020_956_1015|13|-241.517242|-11.877472|-2.043278|0.000027|-59.634914|-0.000000|1.000000|1.000000|1.000000
AEG020_956_1016|13|-267.188782|-12.257843|-2.992905|0.000027|-117.214287|0.000000|1.000000|1.000000|1.000000
AEG020_956_1017|13|-239.333344|-16.519318|42.654938|0.000027|-123.063644|-0.000000|1.000000|1.000000|1.000000
AEG020_957_1000|13|-210.558594|-22.684654|-2.908859|0.000000|-170.250351|0.000000|1.000000|1.000000|1.000000
AEG020_957_1001|13|-205.386841|-22.684654|9.809402|0.000000|-170.250351|0.000000|1.000000|1.000000|1.000000
AEG020_957_1002|13|-216.338898|-22.377281|11.823074|0.000000|46.683529|0.000000|1.000000|1.000000|1.000000
AEG020_957_1003|13|-199.076385|-22.900963|5.461990|0.000000|-100.354912|0.000000|1.000000|1.000000|1.000000
AEG020_957_1004|13|-206.017944|-22.820396|-3.477463|0.000000|-170.250351|0.000000|1.000000|1.000000|1.000000
AEG020_957_1005|13|-215.228668|-22.617638|11.139236|0.000000|-138.498550|0.000000|1.000000|1.000000|1.000000
AEG020_957_1006|13|-220.001678|-22.377281|13.993362|0.000000|11.974706|0.000000|1.000000|1.000000|1.000000
AEG020_957_1007|13|-194.969406|-24.342735|0.854813|0.000000|-145.720764|0.000000|1.000000|1.000000|1.000000
AEG020_958_1001|13|-259.138184|-23.272057|22.117233|0.000000|100.356392|0.000000|1.000000|1.000000|1.000000
AEG020_958_1002|13|-261.313568|-22.400963|-8.123550|0.000000|-17.998171|0.000000|1.000000|1.000000|1.000000
AEG020_958_1003|13|-236.970337|-22.873375|-2.077339|0.000000|-93.598312|0.000000|1.000000|1.000000|1.000000
AEG020_958_1004|13|-250.623627|-23.154381|-0.602219|0.000000|-73.998177|0.000000|1.000000|1.000000|1.000000
AEG020_958_1005|13|-251.857025|-24.068199|-0.860519|0.000000|137.134277|0.000000|1.000000|1.000000|1.000000
AEG020_958_1006|13|-248.772308|-23.456993|0.191971|0.000000|-23.527109|0.000000|1.000000|1.000000|1.000000
AEG020_958_1007|13|-198.099823|-22.175621|4.585526|0.000000|-159.738922|0.000000|1.000000|1.000000|1.000000
AEG020_958_1008|13|-213.883026|-22.580528|9.670364|0.000000|108.314545|0.000000|1.000000|1.000000|1.000000
AEG020_958_1009|13|-203.865295|-22.976891|-3.283615|0.000000|-170.250351|0.000000|1.000000|1.000000|1.000000
AEG020_958_1010|13|-211.394653|-23.295189|-2.774582|0.000000|5.074544|0.000000|1.000000|1.000000|1.000000
AEG020_958_1011|13|-228.995178|-23.161705|4.916580|0.000000|-138.500092|0.000000|1.000000|1.000000|1.000000
AEG020_958_1012|13|-245.769958|-27.196220|36.249466|0.000000|129.327744|0.000000|1.000000|1.000000|1.000000
AEG020_958_1013|13|-244.263611|-28.068092|37.637405|0.000000|-26.521204|0.000000|1.000000|1.000000|1.000000
AEG020_958_1014|13|-238.423401|-27.343315|51.681381|0.000000|129.327744|0.000000|1.000000|1.000000|1.000000
AEG020_958_1015|13|-262.909760|-23.009972|-8.011520|0.000000|130.001785|0.000000|1.000000|1.000000|1.000000
AEG020_959_1000|13|-203.499481|-22.323692|7.829056|0.000000|108.314552|0.000000|1.000000|1.000000|1.000000
AEG020_959_1001|13|-200.180557|-22.617882|-2.859055|0.000000|-167.652069|0.000000|1.000000|1.000000|1.000000
AEG020_959_1002|13|-206.201080|-22.867149|-3.023361|0.000000|-2.729385|0.000000|1.000000|1.000000|1.000000
AEG020_959_1003|13|-212.943130|-22.230064|-3.069992|0.000000|176.168991|0.000000|1.000000|1.000000|1.000000
AEG020_959_1004|13|-206.071671|-22.870201|-2.381638|0.000000|18.939989|0.000000|1.000000|1.000000|1.000000
AEG020_959_1005|13|-244.879944|-27.196220|36.860184|0.000000|158.830399|0.000000|1.000000|1.000000|1.000000
AEG020_959_1006|13|-240.532684|-23.441643|27.099380|0.000000|-128.252686|0.000000|1.000000|1.000000|1.000000
AEG020_959_1007|13|-238.651917|-27.194023|40.693558|0.000000|-117.910278|0.000000|1.000000|1.000000|1.000000
AEG023_840_1000|13|-198.152893|-22.874107|1.099075|0.000000|0.000000|0.000000|1.000000|1.000000|1.000000
AEG023_840_1001|13|-200.619278|-22.907310|5.105484|0.000000|171.030960|0.000000|1.000000|1.000000|1.000000
AEG023_840_1002|13|-201.637589|-22.874107|5.319656|0.000000|13.364288|0.000000|1.000000|1.000000|1.000000
AEG023_840_1003|13|-198.188004|-22.893517|0.125687|0.000000|-77.815346|0.000000|1.000000|1.000000|1.000000
AEG023_840_1004|13|-198.924606|-22.927696|2.484482|0.000000|-95.125870|0.000000|1.000000|1.000000|1.000000
AEG023_840_1005|13|-213.975235|-22.886803|0.719360|0.000000|13.364288|0.000000|1.000000|1.000000|1.000000
AEG023_840_1006|13|-210.856216|-22.894493|-1.282639|0.000000|-68.131294|0.000000|1.000000|1.000000|1.000000
AEG023_840_1007|13|-212.807755|-22.886803|1.078873|0.000000|-158.502777|0.000000|1.000000|1.000000|1.000000
AEG023_840_1008|13|-217.179581|-22.942284|6.771320|0.000000|13.364288|0.000000|1.000000|1.000000|1.000000
AEG023_840_1009|13|-218.315140|-22.960533|7.257278|0.000000|-89.213852|0.000000|1.000000|1.000000|1.000000
AEG023_840_1010|13|-201.467117|-22.939049|4.474258|0.000000|-73.038681|0.000000|1.000000|1.000000|1.000000
AEG023_840_1011|13|-199.478226|-22.939049|1.376114|0.000000|-73.038681|0.000000|1.000000|1.000000|1.000000
AEG023_840_1012|13|-216.317734|-22.998375|6.356094|0.000000|-167.825058|0.000000|1.000000|1.000000|1.000000
AEG024_054_1000|13|-309.083313|-1.504971|-27.033844|0.000000|-180.000000|0.000000|1.000000|1.000000|0.600000
AEG024_200_1000|13|-157.000000|-8.500000|3.199993|0.000000|0.000000|0.000000|1.000000|1.000000|1.000000
AEG024_301_1000|13|-243.000000|-23.500000|28.200005|0.000000|0.000000|0.000000|1.000000|1.000000|1.000000
AEG024_304_1000|13|-243.000000|-23.500000|28.200005|0.000000|0.000000|0.000000|1.000000|1.000000|1.000000
AEG024_356_1000|13|-253.000000|-27.500000|44.200005|0.000000|90.000008|0.000000|1.000000|1.000000|1.000000
AEG024_357_1000|13|-233.000000|-22.500000|0.199997|0.000000|-90.000000|0.000000|1.000000|1.000000|1.000000
AEG024_359_1000|13|-281.000000|-21.500000|26.199997|0.000000|90.000008|0.000000|1.000000|1.000000|1.000000
AEG024_360_1000|13|-245.000000|-27.500000|44.200005|0.000000|-90.000008|0.000000|1.000000|1.000000|1.000000
AEG024_360_1001|13|-257.000000|-27.500000|44.199997|0.000000|89.999969|0.000000|1.000000|1.000000|1.000000
AEG024_491_1000|13|-299.176422|-24.952324|7.776047|0.000000|36.000008|0.000000|1.000000|1.000000|1.000000
AEG024_491_1001|13|-306.472717|-29.338594|-24.030701|0.000000|128.027557|0.000000|1.000000|1.000000|1.000000
AEG024_540_1000|13|-233.000000|-22.500015|0.200005|-0.000005|-90.000000|-0.000022|1.000000|1.000000|1.000000
AEG024_541_1000|13|-233.000000|-22.500000|0.199997|0.000000|-90.000000|0.000000|1.000000|1.000000|1.000000
AEG024_544_1000|13|-289.451141|-23.760185|-9.445129|0.000000|180.000000|0.000000|1.000000|1.000000|1.000000
AEG024_545_1000|13|-289.451141|-23.760185|-9.445129|0.000000|-180.000000|0.000000|1.000000|1.000000|1.000000
AEG024_629_1000|13|-233.000000|-22.500000|0.199997|0.000000|-90.000000|0.000000|1.000000|1.000000|1.000000
AEG024_693_1000|13|-242.000000|-24.058998|31.010002|0.000000|0.000000|0.000000|1.000000|1.000000|1.000000
AEG024_830_1000|13|-289.000000|-24.500000|4.199997|0.000000|-180.000000|0.000000|1.000000|1.000000|1.000000
AEG024_831_1000|13|-289.000000|-23.500006|-9.800049|0.000000|-180.000000|0.000000|1.000000|1.000000|1.000000
AEG024_832_1000|13|-289.000000|-24.500000|4.199997|0.000000|0.000000|0.000000|1.000000|1.000000|1.000000
AEG092_300_1000|13|-114.694183|5.757629|31.188440|0.000000|90.000031|0.000000|1.000000|1.000000|1.000000
AEG099_003_9000|13|-299.033997|-28.697001|-25.754000|-0.025000|-90.115997|0.031000|1.000000|1.000000|1.000000
AEG099_015_9000|13|-148.503998|-5.605000|15.583000|0.000000|-106.564003|0.000000|1.000000|1.000000|1.000000
AEG099_053_9000|13|-304.876007|-29.084000|-30.452000|0.000000|130.000000|0.000000|1.000000|1.000000|1.000000
AEG099_060_9000|13|-147.604004|-4.279000|24.420000|-0.000000|-174.052994|8.000000|1.000000|1.000000|1.000000
AEG099_065_9000|13|-313.382996|-29.063999|-30.096001|0.000000|55.992001|0.000000|1.000000|1.000000|1.000000
AEG099_090_9000|13|-114.930000|6.203000|31.190001|0.000000|-94.365997|0.000000|1.000000|1.000000|1.000000
AEG099_232_9000|13|-114.582001|6.141000|31.018999|0.000000|-88.554001|0.000000|1.000000|1.000000|1.000000
AEG099_610_9000|13|-224.699997|-22.719999|13.179000|-11.642000|113.086998|-0.000000|1.000000|1.000000|1.000000
AEG099_610_9001|13|-269.316010|-22.283001|3.176000|0.000000|-59.799000|0.000000|1.000000|1.000000|1.000000
AEG099_610_9002|13|-293.761993|-25.045000|4.583000|-7.713000|152.302994|-0.000000|1.000000|1.000000|1.000000
AEG099_610_9003|13|-287.636993|-18.415001|1.845000|0.000000|1.655000|0.000000|1.000000|1.000000|1.000000
AEG099_610_9004|13|-224.544006|-26.403999|67.545998|0.000000|84.177002|0.000000|1.000000|1.000000|1.000000
AEG099_610_9005|13|-227.485001|-26.836000|65.643997|7.623000|-86.518997|5.582000|1.000000|1.000000|1.000000
AEG099_650_9000|13|-248.996994|-22.995001|-0.966000|-1.000000|49.062000|-3.000000|1.000000|1.000000|1.000000
AEG099_650_9001|13|-248.912003|-22.929001|2.084000|-6.000000|159.429001|-0.000000|1.000000|1.000000|1.000000
AEG099_650_9002|13|-217.904999|-23.011000|0.092000|0.000000|93.196999|0.000000|1.000000|1.000000|1.000000
AEG099_650_9003|13|-249.322006|-22.987000|-6.403000|0.000000|121.641998|0.000000|1.000000|1.000000|1.000000
AEG099_650_9004|13|-261.484009|-23.039000|14.177000|0.000000|-104.099998|0.000000|1.000000|1.000000|1.000000
AEG099_650_9005|13|-242.309006|-23.253000|23.533001|5.000000|-45.060001|-0.000000|1.000000|1.000000|1.000000
AEG099_650_9006|13|-239.104996|-27.177999|47.509998|0.000000|161.966995|0.000000|1.000000|1.000000|1.000000
AEG099_650_9007|13|-246.386993|-27.121000|33.734001|0.000000|-107.799004|0.000000|1.000000|1.000000|1.000000
AEG099_650_9008|13|-243.468994|-27.445000|59.381001|0.000000|126.361000|0.000000|1.000000|1.000000|1.000000
AEG099_650_9009|13|-265.321991|-27.065001|41.137001|0.000000|90.231003|0.000000|1.000000|1.000000|1.000000
AEG099_650_9010|13|-266.852997|-27.183001|41.403999|0.000000|17.122000|0.000000|1.000000|1.000000|1.000000
AEG099_650_9011|13|-296.253998|-25.221001|2.913000|0.000000|144.509003|0.000000|1.000000|1.000000|1.000000
AEG099_840_9000|13|-142.283005|-6.504000|7.929000|0.000000|-66.608002|0.000000|1.000000|1.000000|1.000000
AEG099_840_9001|13|-166.184998|-11.758000|-3.793000|20.145000|-95.136002|-1.890000|1.000000|1.000000|1.000000
AEG099_840_9002|13|-282.330994|-18.676001|10.572000|-4.367000|-23.158001|1.087000|1.000000|1.000000|1.000000
AEG099_840_9003|13|-283.407013|-18.667999|4.101000|3.329000|-71.731003|7.563000|1.000000|1.000000|1.000000
AEG099_840_9004|13|-299.183014|-19.465000|23.597000|-0.973000|119.820999|1.697000|1.000000|1.000000|1.000000
