m000000_1000|0|0.000000|0.000000|0.000000|0.000000|0.000000|0.000000|1.000000|1.000000|1.000000
c0000_9001|2|21.357000|-26.152000|-72.018997|0.000000|20.450001|0.000000|1.000000|1.000000|1.000000
c1000_9000|2|21.004000|-28.496000|-116.384003|0.000000|165.000000|0.000000|1.000000|1.000000|1.000000
c1000_9001|2|45.828999|-9.368000|-18.674999|0.000000|-177.561005|0.000000|1.000000|1.000000|1.000000
c4100_9003|2|29.976000|-20.225000|-52.299999|0.000000|5.874000|0.000000|1.000000|1.000000|1.000000
c4100_9005|2|4.836000|-21.566999|-38.393002|0.000000|8.764000|0.000000|1.000000|1.000000|1.000000
c4100_9006|2|5.509000|-21.671000|-36.660999|0.000000|-57.516998|0.000000|1.000000|1.000000|1.000000
c4100_9007|2|27.659000|-29.332001|-92.459000|0.000000|-24.011000|0.000000|1.000000|1.000000|1.000000
c4100_9008|2|32.057999|-29.332001|-104.338997|0.000000|44.771000|0.000000|1.000000|1.000000|1.000000
c4100_9009|2|31.110001|-29.332001|-102.246002|0.000000|61.176998|0.000000|1.000000|1.000000|1.000000
c4100_9010|2|9.626000|-29.330000|-128.955994|0.000000|88.252998|0.000000|1.000000|1.000000|1.000000
c4100_9011|2|10.800000|-29.332001|-125.056000|0.000000|50.960999|0.000000|1.000000|1.000000|1.000000
c4100_9012|2|4.936000|-28.455000|-141.990997|0.000000|39.555000|0.000000|1.000000|1.000000|1.000000
c4100_9013|2|6.974000|-28.343000|-139.317001|0.000000|-52.113998|0.000000|1.000000|1.000000|1.000000
c4100_9014|2|-2.723000|-15.832000|-204.651001|0.000000|-142.533005|0.000000|1.000000|1.000000|1.000000
c4100_9015|2|-10.372000|-10.891000|-221.117004|0.000000|-150.973007|0.000000|1.000000|1.000000|1.000000
c4100_9016|2|-8.619000|-11.670000|-218.854996|0.000000|135.177994|0.000000|1.000000|1.000000|1.000000
c4100_9017|2|31.615999|-26.475000|-58.948002|0.000000|-1.924000|0.000000|1.000000|1.000000|1.000000
c4100_9019|2|20.587999|-26.284000|-65.554001|0.000000|-140.925995|0.000000|1.000000|1.000000|1.000000
c4100_9020|2|19.566999|-26.440001|-56.182999|0.000000|-7.517000|0.000000|1.000000|1.000000|1.000000
c4101_9000|2|30.934000|-26.844000|-54.737999|0.000000|-116.431999|0.000000|1.000000|1.000000|1.000000
c4110_9000|2|42.557999|-9.054000|-18.379000|-9.599000|-129.207993|-0.000000|1.000000|1.000000|1.000000
c4120_9001|2|30.938999|-29.330000|-99.890999|-0.584000|94.371002|-0.000000|1.000000|1.000000|1.000000
c4120_9002|2|6.073000|-29.374001|-126.195000|-1.710000|-111.054001|0.000000|1.000000|1.000000|1.000000
c0000_0000|4|48.000000|-0.200000|-41.000000|0.000000|-160.000000|0.000000|1.000000|1.000000|1.000000
c0000_9000|4|44.759998|-9.180000|-15.332000|0.000000|85.120003|0.000000|1.000000|1.000000|1.000000
h000100|5|0.000000|0.000000|0.000000|0.000000|0.000000|0.000000|1.000000|1.000000|1.000000
h000200|5|0.000000|0.000000|0.000000|0.000000|0.000000|0.000000|1.000000|1.000000|1.000000
h000300|5|0.000000|0.000000|0.000000|0.000000|0.000000|0.000000|1.000000|1.000000|1.000000
h000400|5|0.000000|0.000000|0.000000|0.000000|0.000000|0.000000|1.000000|1.000000|1.000000
h000500|5|0.000000|0.000000|0.000000|0.000000|0.000000|0.000000|1.000000|1.000000|1.000000
h900100|5|0.000000|0.000000|0.000000|0.000000|-0.000010|0.000000|1.000000|1.000000|1.000000
h900300|5|0.000000|0.000000|0.000000|0.000000|0.000000|0.000000|1.000000|1.000000|1.000000
h900800|5|0.000000|0.000000|0.000000|0.000000|0.000000|0.000000|1.000000|1.000000|1.000000
h900900|5|0.000000|0.000000|0.000000|0.000000|0.000000|0.000000|1.000000|1.000000|1.000000
c4100_9000|10|45.536999|-8.904000|-19.978001|0.000000|89.627998|0.000000|1.000000|1.000000|1.000000
c4100_9001|10|46.426998|-8.850000|-17.322001|0.000000|82.764000|0.000000|1.000000|1.000000|1.000000
c4100_9002|10|29.319000|-20.059999|-51.771999|0.000000|133.699997|0.000000|1.000000|1.000000|1.000000
c4100_9004|10|20.271999|-20.131001|-52.893002|0.000000|-49.987999|0.000000|1.000000|1.000000|1.000000
c4100_9018|10|32.424999|-26.875000|-54.827999|0.000000|27.448999|0.000000|1.000000|1.000000|1.000000
c4120_9000|10|30.945000|-26.573000|-58.378998|10.398000|29.767000|-0.000000|1.000000|1.000000|1.000000
h000100_0000|11|0.000000|0.000000|0.000000|0.000000|0.000000|0.000000|1.000000|1.000000|1.000000
h000200_0000|11|0.000000|0.000000|0.000000|0.000000|0.000000|0.000000|1.000000|1.000000|1.000000
h000300_0001|11|0.000000|0.000000|0.000000|0.000000|0.000000|0.000000|1.000000|1.000000|1.000000
h000400_0001|11|0.000000|0.000000|0.000000|0.000000|0.000000|0.000000|1.000000|1.000000|1.000000
h000500_0000|11|0.000000|0.000000|0.000000|0.000000|0.000000|0.000000|1.000000|1.000000|1.000000
AEG003_361_1000|13|15.904568|-28.833107|-87.478271|-4.856471|-0.169435|-3.993924|1.000000|1.000000|1.000000
AEG003_361_1001|13|19.964993|-28.901604|-117.478439|-3.123068|-20.555265|0.676134|1.000000|1.000000|1.000000
AEG003_361_1002|13|5.917995|-28.533213|-138.579956|1.933818|0.066034|3.344006|1.000000|1.000000|1.000000
AEG003_361_1003|13|35.971340|-29.012367|-100.370911|0.000000|-0.169435|10.000002|1.000000|1.000000|1.000000
AEG020_001_1000|13|36.353752|-25.992855|-58.530113|0.000000|105.000015|0.000000|1.000000|1.000000|1.000000
AEG020_005_1000|13|35.701084|-14.000000|-29.010132|0.000000|-160.000015|0.000000|1.000000|1.000000|1.000000
AEG020_005_1001|13|34.927227|-20.000000|-45.755306|0.000000|-155.000015|0.000000|1.000000|1.000000|1.000000
AEG020_005_1002|13|21.591875|-26.000000|-70.698616|0.000000|-160.000000|0.000000|1.000000|1.000000|1.000000
AEG020_005_1003|13|-7.137856|-28.000000|-149.632828|0.000000|20.000021|0.000000|1.000000|1.000000|1.000000
AEG020_005_1005|13|-8.865265|-13.999994|-212.854782|0.000000|20.000021|0.000000|1.000000|1.000000|1.000000
AEG020_005_1006|13|35.701084|-14.000000|-29.010132|0.000000|-160.000015|0.000000|1.000000|1.000000|1.000000
AEG020_005_1007|13|48.000000|0.000000|-42.000000|0.000000|20.000021|0.000000|1.000000|1.000000|1.000000
AEG020_010_1000|13|-4.070040|-24.000000|-176.289673|0.000000|20.000021|0.000000|1.000000|1.000000|1.000000
AEG020_060_1000|13|-8.865265|-13.999994|-212.854782|0.000000|20.000021|0.000000|1.000000|1.000000|1.000000
AEG020_070_1003|13|-9.542374|-18.000000|-191.324722|0.000000|20.000021|0.000000|1.000000|1.000000|1.000000
AEG020_078_1000|13|48.000000|0.000000|-42.000000|0.000000|20.000021|0.000000|1.000000|1.000000|1.000000
AEG020_081_1000|13|13.687340|2.000002|-221.063309|0.000000|-159.999969|0.000000|1.000000|1.000000|1.000000
AEG020_110_1000|13|53.472321|-6.000000|-26.964920|0.000000|20.000021|0.000000|1.000000|1.000000|1.000000
AEG020_111_1000|13|53.472324|-6.000000|-26.964920|0.000000|20.000021|0.000000|1.000000|1.000000|1.000000
AEG020_130_1000|13|19.719400|-20.000000|-46.605183|0.000000|-69.999992|0.000000|1.000000|1.000000|1.000000
AEG020_140_1000|13|21.591877|-26.000000|-70.698616|0.000000|-160.000000|0.000000|1.000000|1.000000|1.000000
AEG020_520_1000|13|25.184814|-26.000000|-54.979500|0.000000|20.000021|0.000000|1.000000|1.000000|1.000000
AEG020_521_1000|13|25.184814|-26.000000|-54.979500|0.000000|20.000021|0.000000|1.000000|1.000000|1.000000
AEG020_573_1000|13|8.864406|-28.000000|-112.995842|0.000000|20.000021|0.000000|1.000000|1.000000|1.000000
AEG020_930_1000|13|51.318653|-1.134521|-39.143734|-20.000011|-160.000031|-0.000003|1.000000|1.000000|1.000000
AEG020_930_1001|13|54.572945|-5.385139|-29.995979|-15.167913|-161.179489|-9.412371|1.000000|1.000000|1.000000
AEG020_930_1002|13|49.923782|-5.495094|-29.055695|-14.929899|-164.699905|1.708203|1.000000|1.000000|1.000000
AEG020_930_1003|13|56.791962|-7.188114|-21.673233|13.128850|-15.216057|4.864844|1.000000|1.000000|1.000000
AEG020_930_1004|13|51.184940|-7.788490|-20.054634|-13.820738|166.148376|-0.801817|1.000000|1.000001|1.000001
AEG020_930_1005|13|51.166611|-8.358143|-9.643641|3.097871|-75.815910|1.874477|1.000000|1.000001|1.000001
AEG020_930_1006|13|36.579567|-9.896023|-13.107676|3.151423|-152.087372|2.372998|1.000000|1.000001|1.000001
AEG020_930_1007|13|34.577271|-12.049210|-22.368612|-19.644533|6.816507|5.610182|1.000000|1.000001|1.000001
AEG020_930_1008|13|38.797314|-12.108528|-25.108700|26.582064|-161.360153|-9.473639|1.000000|1.000001|1.000001
AEG020_930_1009|13|32.656551|-16.207512|-34.889317|-25.300112|-11.688188|7.415919|1.000000|1.000001|1.000000
AEG020_930_1010|13|39.796520|-15.322335|-35.070808|-22.768326|-18.037094|22.979353|1.000000|1.000000|1.000001
AEG020_930_1011|13|39.085064|-18.491402|-42.669693|29.092129|-148.749542|0.246517|1.000000|1.000001|1.000001
AEG020_930_1012|13|26.879478|-19.705723|-44.813744|3.080743|-94.593132|2.018595|1.000000|1.000000|1.000001
AEG020_930_1013|13|36.066017|-19.765245|-50.668709|4.245153|7.911552|-0.458467|1.000001|1.000000|1.000001
AEG020_930_1014|13|32.139671|-26.887949|-52.038658|-9.034501|-85.329323|-0.307713|1.000000|1.000000|1.000000
AEG020_930_1015|13|19.027136|-26.194246|-53.387672|4.380419|128.713409|2.646755|1.000000|0.999999|1.000000
AEG020_930_1016|13|33.918453|-26.027050|-59.799362|-0.657289|27.312143|11.984878|1.000000|1.000000|1.000000
AEG020_930_1017|13|26.806784|-25.914520|-67.342369|6.403714|-136.045715|-8.664996|1.000000|1.000001|1.000001
AEG020_930_1018|13|26.634485|-28.812529|-81.006691|-4.126588|-58.774776|-0.941010|1.000001|1.000000|1.000000
AEG020_930_1019|13|13.407586|-28.292336|-79.328552|-2.146742|-129.190002|2.627600|1.000000|1.000000|1.000000
AEG020_930_1020|13|32.910549|-29.256557|-85.517471|4.436152|125.483597|-4.464343|1.000000|1.000000|1.000000
AEG020_930_1021|13|4.948075|-28.792107|-89.514717|1.668350|-155.385696|-8.230861|1.000000|1.000001|1.000000
AEG020_930_1022|13|8.838680|-28.444721|-111.261520|-4.194280|-46.623749|3.960829|1.000000|1.000001|1.000001
AEG020_930_1023|13|39.976109|-28.446196|-99.100922|5.556003|169.207336|-1.523352|1.000000|1.000000|1.000001
AEG020_930_1024|13|34.153954|-29.125835|-113.167656|-2.506515|49.231464|-0.041118|1.000001|1.000001|1.000001
AEG020_930_1025|13|20.667582|-29.271120|-120.966492|8.120522|-146.872803|-2.765110|1.000000|1.000001|1.000001
AEG020_930_1027|13|10.098120|-28.520035|-136.651398|-6.038710|-159.087570|1.303911|1.000001|1.000001|1.000002
AEG020_930_1028|13|4.470242|-28.230894|-145.325623|0.770337|-122.592003|-8.927128|1.000000|1.000000|1.000001
AEG020_930_1029|13|-5.991222|-28.234642|-142.499405|2.772510|16.313532|3.133337|1.000001|1.000000|1.000000
AEG020_930_1030|13|-7.232595|-23.529793|-178.380417|-14.929899|-164.699921|1.708203|1.000000|1.000000|1.000000
AEG020_930_1031|13|-2.967357|-23.385139|-179.320694|-15.167915|-161.179504|-9.412370|1.000000|1.000000|1.000000
AEG020_930_1032|13|-7.413239|-18.309448|-191.393753|17.487526|10.661713|4.743103|1.000000|1.000000|1.000000
AEG020_930_1033|13|-10.982569|-16.510269|-199.422852|-6.179536|148.523438|1.947451|1.000000|1.000000|1.000000
AEG020_930_1034|13|-9.335690|-15.025440|-207.740631|-11.968122|-174.821854|-4.199330|1.000000|1.000000|1.000000
AEG020_930_1035|13|-3.984049|-14.699396|-210.119522|-6.471382|-130.902954|-7.699658|1.000000|1.000000|1.000000
AEG020_930_1036|13|-7.226540|-12.474987|-217.863785|21.553757|-2.875438|-0.058057|1.000000|1.000000|1.000000
AEG020_930_1037|13|-12.141316|-10.966254|-219.956238|-14.366992|166.400436|19.107807|1.000000|1.000000|1.000000
AEG020_930_1038|13|-10.554362|-8.061419|-227.353180|-14.587519|163.678711|9.068224|1.000000|1.000000|1.000000
AEG020_930_1039|13|-7.464941|-7.283270|-232.698181|-20.496712|127.197044|12.092634|1.000000|1.000000|1.000000
AEG020_930_1040|13|-2.744895|-6.335329|-230.043304|18.362310|-70.725151|8.360128|1.000000|1.000000|1.000000
AEG020_930_1041|13|4.410495|-3.960445|-234.254532|-16.851336|59.610546|8.242259|1.000000|1.000000|1.000000
AEG020_930_1042|13|7.985013|-1.056609|-225.082382|23.641712|-137.387543|3.160026|1.000000|1.000000|1.000000
AEG020_930_1043|13|13.183995|0.111966|-226.258621|26.756535|-140.557999|-0.721892|1.000000|1.000000|1.000000
AEG020_930_1044|13|-6.880610|-27.270302|-156.849350|-5.009989|159.343842|-5.594209|1.000000|1.000000|1.000000
AEG020_930_1045|13|-1.227046|-25.982216|-166.014633|-5.009989|159.343842|-5.594209|1.000000|1.000000|1.000000
AEG020_930_1046|13|-1.177648|-24.998451|-174.300583|8.298092|15.463717|-7.351635|1.000000|1.000000|1.000000
AEG020_930_1047|13|-11.532952|-18.134964|-190.205170|-15.205905|-163.795242|6.917262|1.000000|1.000000|1.000000
AEG020_930_1048|13|-9.173211|-20.745071|-185.306137|11.018000|24.956549|-9.537011|1.000000|1.000000|1.000000
AEG020_930_1049|13|18.578024|-20.946503|-44.098717|0.000001|-55.433521|-0.000001|1.000001|1.000001|1.000000
AEG020_930_1050|13|12.990713|-21.199188|-44.349815|4.157015|-51.962154|3.259721|1.000000|1.000001|1.000001
AEG020_930_1051|13|4.751394|-22.651520|-44.303566|10.616053|166.420410|2.081952|1.000000|1.000001|1.000001
AEG020_930_1052|13|9.010305|-26.180328|-57.603249|-0.408168|112.804031|0.000003|1.000000|1.000001|1.000001
AEG020_933_1000|13|4.512681|-29.002556|-96.937195|0.000000|-100.000008|0.000000|1.000000|1.000000|1.000000
AEG020_933_1001|13|25.434296|-29.195305|-115.554176|0.000000|149.999954|0.000000|1.000000|1.000000|1.000000
AEG020_933_1002|13|4.381805|-29.260368|-124.874580|0.000000|-45.000034|0.000000|1.000000|1.000000|1.000000
AEG020_933_1003|13|16.145233|-29.581169|-127.221260|0.000000|134.999954|0.000000|1.000000|1.000000|1.000000
AEG020_933_1004|13|17.419662|-26.153191|-64.288269|-3.493396|-99.611267|2.610853|1.000000|1.000000|1.000000
AEG020_933_1005|13|25.564026|-26.550896|-54.306091|-0.000000|-27.313547|0.000000|1.000000|1.000000|1.000000
AEG020_933_1006|13|34.366272|-26.913750|-54.675240|-0.000000|86.489571|0.000000|1.000000|1.000000|1.000000
AEG020_935_1003|13|3.300502|-28.686934|-141.236618|1.050075|-107.106331|-4.794235|1.000000|1.000000|1.000000
AEG020_935_1004|13|1.002193|-29.223171|-131.484650|-0.820144|-172.700790|4.731245|1.000001|1.000001|1.000000
AEG020_935_1005|13|14.231322|-29.360289|-127.264458|-2.267748|-118.326523|-1.246664|1.000001|1.000000|1.000000
AEG020_935_1006|13|14.687388|-29.153233|-117.079208|4.075409|49.563896|-4.623776|1.000000|1.000000|1.000000
AEG020_935_1007|13|29.931705|-29.495529|-110.482330|-0.454665|39.588348|5.014151|1.000000|1.000000|1.000000
AEG020_935_1008|13|32.714161|-29.333542|-96.830643|4.952679|-81.690201|-0.572074|1.000000|1.000000|1.000001
AEG020_935_1009|13|20.621336|-29.312763|-109.056702|1.228059|123.090187|-0.042301|1.000000|1.000000|1.000000
AEG020_935_1010|13|27.996895|-29.223764|-85.364265|3.406704|103.339127|-6.146721|1.000000|1.000000|1.000001
AEG020_935_1011|13|15.579361|-28.511997|-82.331009|8.017689|145.233139|3.750321|1.000000|1.000001|1.000001
AEG020_935_1012|13|19.232847|-29.303928|-97.620193|0.228007|-138.297409|1.285406|1.000000|1.000001|1.000001
AEG020_935_1013|13|9.634020|-29.077990|-95.285896|2.424226|177.693253|3.095661|1.000000|1.000000|1.000000
AEG020_935_1014|13|9.537540|-28.525433|-105.494583|-0.033410|137.696075|6.630284|1.000000|1.000000|1.000000
AEG020_935_1015|13|24.513365|-26.414402|-63.232498|-0.000000|-138.297409|-0.000000|1.000000|1.000000|1.000001
AEG020_950_1000|13|22.728630|-14.719657|-86.916435|0.000000|-94.999992|0.000000|1.000000|1.000000|1.000000
AEG020_950_1001|13|12.568526|-17.277147|-91.026215|0.000000|-60.000008|0.000000|1.000000|1.000000|1.000000
AEG020_950_1002|13|21.644407|-16.410263|-111.381020|0.000000|160.000015|0.000000|1.000000|1.000000|1.000000
AEG020_950_1003|13|24.669704|-16.826523|-111.217102|0.000000|165.000015|0.000000|1.000000|1.000000|1.000000
AEG020_950_1004|13|17.714664|-18.730360|-122.350082|0.000000|-170.000000|0.000000|1.000000|1.000000|1.000000
AEG020_950_1005|13|11.155864|-18.522022|-123.187927|0.000000|-160.000000|0.000000|1.000000|1.000000|1.000000
AEG020_950_1006|13|14.410298|-18.876043|-119.589951|0.000000|-94.999977|0.000000|1.000000|1.000000|1.000000
AEG020_950_1007|13|31.216885|-16.091801|-108.041428|0.000000|105.000000|0.000000|1.000000|1.000000|1.000000
AEG020_950_1008|13|28.133131|-15.928960|-108.356644|0.000000|105.000000|0.000000|1.000000|1.000000|1.000000
AEG020_950_1009|13|25.981565|-15.823247|-109.085365|0.000000|-30.000008|0.000000|1.000000|1.000000|1.000000
AEG020_950_1010|13|29.305355|-15.687437|-107.496620|0.000000|-35.000008|0.000000|1.000000|1.000000|1.000000
AEG020_950_1011|13|33.386581|-16.286047|-105.221336|0.000000|-65.000015|0.000000|1.000000|1.000000|1.000000
AEG020_950_1012|13|24.833445|-14.032646|-97.833611|0.000000|-94.999992|0.000000|1.000000|1.000000|1.000000
AEG020_950_1013|13|35.025276|-16.209513|-100.496086|0.000000|4.999993|0.000000|1.000000|1.000000|1.000000
AEG020_950_1014|13|31.833595|-14.914748|-55.948345|0.000000|-84.999992|0.000000|1.000000|1.000000|1.000000
AEG020_950_1015|13|31.528612|-16.086779|-95.618660|0.000000|-120.000008|0.000000|1.000000|1.000000|1.000000
AEG020_950_1016|13|33.289703|-15.639850|-94.541351|0.000000|-120.000008|0.000000|1.000000|1.000000|1.000000
AEG020_950_1017|13|32.864815|-16.040825|-97.502480|0.000000|-120.000008|0.000000|1.000000|1.000000|1.000000
AEG020_950_1018|13|26.325062|-15.192727|-59.065971|0.000000|70.000015|0.000000|1.000000|1.000000|1.000000
AEG020_950_1019|13|9.833988|-17.954020|-106.558472|0.000000|50.000015|0.000000|1.000000|1.000000|1.000000
AEG020_950_1020|13|9.532732|-17.728367|-103.744766|0.000000|85.000008|0.000000|1.000000|1.000000|1.000000
AEG020_950_1021|13|7.748882|-18.752907|-101.224434|0.000000|85.000008|0.000000|1.000000|1.000000|1.000000
AEG020_950_1022|13|8.128017|-18.760874|-98.857391|0.000000|85.000008|0.000000|1.000000|1.000000|1.000000
AEG020_950_1023|13|6.845596|-18.752069|-95.691620|0.000000|-9.999991|0.000000|1.000000|1.000000|1.000000
AEG020_950_1024|13|7.052034|-19.805027|-88.839363|0.000000|115.000008|0.000000|1.000000|1.000000|1.000000
AEG020_950_1025|13|10.494043|-19.122622|-85.389091|0.000000|115.000008|0.000000|1.000000|1.000000|1.000000
AEG020_950_1026|13|13.164043|-17.501526|-109.332550|0.000000|25.000011|0.000000|1.000000|1.000000|1.000000
AEG020_950_1027|13|12.110870|-17.422630|-107.211548|0.000000|50.000015|0.000000|1.000000|1.000000|1.000000
AEG020_950_1028|13|27.112913|-15.604272|-94.810745|0.000000|-120.000008|0.000000|1.000000|1.000000|1.000000
AEG020_950_1029|13|30.589109|-14.524693|-91.938660|0.000000|-80.000008|0.000000|1.000000|1.000000|1.000000
AEG020_950_1030|13|21.936785|-16.327028|-84.600464|0.000000|-65.000000|0.000000|1.000000|1.000000|1.000000
AEG020_950_1031|13|17.597935|-15.517694|-102.637222|0.000000|-65.000000|0.000000|1.000000|1.000000|1.000000
AEG020_950_1032|13|26.514595|-16.574629|-86.348648|0.000000|-15.000012|0.000000|1.000000|1.000000|1.000000
AEG020_950_1033|13|21.722437|-14.551626|-101.866905|0.000000|-94.999992|0.000000|1.000000|1.000000|1.000000
AEG020_950_1034|13|20.384037|-17.532417|-116.093536|0.000000|-44.999977|0.000000|1.000000|1.000000|1.000000
AEG020_950_1035|13|18.676046|-17.625328|-118.405724|0.000000|-124.999992|0.000000|1.000000|1.000000|1.000000
AEG020_950_1036|13|13.856361|-20.320837|-116.693665|0.000000|85.000008|0.000000|1.000000|1.000000|1.000000
AEG020_950_1037|13|15.718433|-18.341030|-116.693665|0.000000|80.000015|0.000000|1.000000|1.000000|1.000000
AEG020_950_1038|13|16.065268|-17.217461|-114.383667|0.000000|70.000015|0.000000|1.000000|1.000000|1.000000
AEG020_950_1039|13|14.589305|-15.752292|-92.142830|0.000000|-35.000042|0.000000|1.000000|1.000000|1.000000
AEG020_950_1040|13|16.797585|-14.705891|-94.901527|0.000000|-35.000042|0.000000|1.000000|1.000000|1.000000
AEG020_950_1041|13|18.332689|-13.575225|-92.812057|0.000000|-90.000031|0.000000|1.000000|1.000000|1.000000
AEG020_950_1042|13|17.149313|-15.687786|-90.234848|0.000000|139.999969|0.000000|1.000000|1.000000|1.000000
AEG020_950_1043|13|18.189091|-14.003444|-90.911766|0.000000|-115.000015|0.000000|1.000000|1.000000|1.000000
AEG020_950_1044|13|17.573662|-17.371239|-116.267014|0.000000|175.000015|0.000000|1.000000|1.000000|1.000000
AEG020_950_1045|13|22.151138|-16.555141|-82.262466|0.000000|110.000015|0.000000|1.000000|1.000000|1.000000
AEG020_950_1046|13|10.231743|-17.905296|-88.238792|0.000000|15.000008|0.000000|1.000000|1.000000|1.000000
AEG020_950_1047|13|23.367744|-15.551908|-109.521988|0.000000|-74.999985|0.000000|1.000000|1.000000|1.000000
AEG020_950_1048|13|21.379324|-15.046485|-86.089142|0.000000|139.999985|0.000000|1.000000|1.000000|1.000000
AEG020_950_1049|13|19.285149|-16.300579|-83.818108|0.000000|-29.999987|0.000000|1.000000|1.000000|1.000000
AEG020_950_1050|13|17.676172|-15.309670|-56.474503|0.000000|40.000008|0.000000|1.000000|1.000000|1.000000
AEG020_950_1051|13|19.250467|-15.893575|-108.440346|0.000000|55.000011|0.000000|1.000000|1.000000|1.000000
AEG020_950_1052|13|20.581451|-14.424179|-105.803383|0.000000|-14.999989|0.000000|1.000000|1.000000|1.000000
AEG020_950_1053|13|18.247303|-16.505650|-113.262901|0.000000|-144.999985|0.000000|1.000000|1.000000|1.000000
AEG020_950_1054|13|20.489758|-13.698784|-99.784615|0.000000|155.000015|0.000000|1.000000|1.000000|1.000000
AEG020_950_1055|13|22.098106|-14.151218|-97.724609|0.000000|104.999992|0.000000|1.000000|1.000000|1.000000
AEG020_950_1056|13|15.749363|-18.020340|-83.162506|0.000000|134.999985|0.000000|1.000000|1.000000|1.000000
AEG020_950_1057|13|11.320865|-17.295496|-90.886223|0.000000|-75.000000|0.000000|1.000000|1.000000|1.000000
AEG020_950_1058|13|6.616225|-18.707232|-93.417030|0.000000|110.000000|0.000000|1.000000|1.000000|1.000000
AEG020_950_1059|13|6.387018|-17.415022|-92.407135|0.000000|14.999999|0.000000|1.000000|1.000000|1.000000
AEG020_950_1060|13|19.660130|-15.298644|-88.195312|0.000000|120.000008|0.000000|1.000000|1.000000|1.000000
AEG020_950_1061|13|12.966607|-17.027349|-95.822464|0.000000|-174.999985|0.000000|1.000000|1.000000|1.000000
AEG020_950_1062|13|12.666543|-18.902716|-111.990433|0.000000|-144.999985|0.000000|1.000000|1.000000|1.000000
AEG020_950_1063|13|10.304082|-17.924894|-98.377640|0.000000|40.000031|0.000000|1.000000|1.000000|1.000000
AEG020_950_1064|13|10.290622|-17.709688|-101.309486|0.000000|60.000004|0.000000|1.000000|1.000000|1.000000
AEG020_950_1065|13|19.750971|-14.480321|-93.641815|0.000000|-25.000006|0.000000|1.000000|1.000000|1.000000
AEG020_950_1066|13|23.290867|-13.697657|-95.919136|0.000000|65.000000|0.000000|1.000000|1.000000|1.000000
AEG020_950_1067|13|14.912289|-16.187920|-103.693329|0.000000|-125.000000|0.000000|1.000000|1.000000|1.000000
AEG020_950_1068|13|28.926273|-14.885598|-59.151402|0.000000|110.000015|0.000000|1.000000|1.000000|1.000000
AEG020_950_1069|13|25.718384|-16.326702|-60.889786|0.000000|-24.999994|0.000000|1.000000|1.000000|1.000000
AEG020_951_1000|13|26.939701|-30.783001|-89.606369|0.000000|20.000021|0.000000|1.000000|1.000000|1.000000
AEG020_952_1000|13|12.700260|-29.388683|-115.795761|0.000000|0.000000|0.000000|1.000000|1.000000|1.000000
AEG020_954_1000|13|25.398535|-15.444228|-56.794365|0.000000|-85.000008|0.000000|1.000000|1.000000|1.000000
AEG020_954_1001|13|8.616474|-19.752651|-86.730667|0.000000|-79.999985|0.000000|1.000000|1.000000|1.000000
AEG020_954_1002|13|9.102116|-18.145020|-96.385483|0.000000|-124.999992|0.000000|1.000000|1.000000|1.000000
AEG020_954_1003|13|14.863875|-16.035530|-90.347382|0.000000|119.999992|0.000000|1.000000|1.000000|1.000000
AEG020_954_1004|13|17.955385|-18.061474|-81.382462|0.694876|104.829208|6.511683|1.000000|1.000000|1.000000
AEG020_954_1005|13|8.272810|-18.512983|-93.958794|0.000000|90.000031|0.000000|1.000000|1.000000|1.000000
AEG020_954_1006|13|22.524931|-13.757484|-96.924042|0.000000|105.000015|0.000000|1.000000|1.000000|1.000000
AEG020_954_1007|13|19.681541|-17.165693|-82.247002|0.000000|-75.000023|0.000000|1.000000|1.000000|1.000000
AEG020_954_1008|13|25.012373|-14.970767|-54.175102|0.000000|125.000084|0.000000|1.000000|1.000000|1.000000
AEG020_954_1009|13|13.701149|-18.013449|-86.766922|0.000000|-94.999992|0.000000|1.000000|1.000000|1.000000
AEG020_954_1010|13|14.637766|-17.320488|-86.791122|0.000000|-34.999973|0.000000|1.000000|1.000000|1.000000
AEG020_954_1011|13|20.928936|-14.950136|-93.693298|0.000000|20.000010|0.000000|1.000000|1.000000|1.000000
AEG020_954_1012|13|13.183797|-17.579956|-88.309303|0.000000|-85.000000|0.000000|1.000000|1.000000|1.000000
AEG020_954_1013|13|14.217966|-16.628605|-105.348686|0.000000|-150.000000|0.000000|1.000000|1.000000|1.000000
AEG020_954_1014|13|21.383451|-16.296520|-109.809883|0.000000|-50.000000|0.000000|1.000000|1.000000|1.000000
AEG020_954_1015|13|15.109404|-16.224794|-88.844437|0.000000|119.999962|0.000000|1.000000|1.000000|1.000000
AEG020_954_1016|13|14.988678|-16.951738|-107.960213|0.000000|-130.000000|0.000000|1.000000|1.000000|1.000000
AEG020_954_1017|13|16.218760|-16.140881|-88.220238|0.000000|10.000032|0.000000|1.000000|1.000000|1.000000
AEG020_954_1018|13|18.532448|-15.469173|-88.829163|0.000000|-155.000031|0.000000|1.000000|1.000000|1.000000
AEG020_954_1019|13|14.397929|-16.061371|-99.676956|0.000000|-9.999980|0.000000|1.000000|1.000000|1.000000
AEG020_954_1020|13|19.842440|-15.405787|-86.236771|0.000000|99.999977|0.000000|1.000000|1.000000|1.000000
AEG020_954_1021|13|9.551809|-18.270262|-100.553963|0.000000|-125.000000|0.000000|1.000000|1.000000|1.000000
AEG020_954_1022|13|18.425953|-14.688120|-98.942574|0.000000|-59.999969|0.000000|1.000000|1.000000|1.000000
AEG020_954_1023|13|21.503424|-14.936579|-87.578667|0.000000|125.000000|0.000000|1.000000|1.000000|1.000000
AEG020_954_1024|13|23.575878|-14.974051|-88.256744|-3.666719|145.042618|5.429399|1.000000|1.000000|1.000000
AEG020_954_1025|13|21.069302|-14.533329|-103.626831|0.000000|15.000008|0.000000|1.000000|1.000000|1.000000
AEG020_954_1026|13|23.464970|-14.660124|-87.801903|-3.666719|-134.957336|5.429399|1.000000|1.000000|1.000000
AEG020_954_1027|13|14.173928|-16.754820|-106.081993|0.000000|30.000069|0.000000|1.000000|1.000000|1.000000
AEG020_954_1028|13|11.302746|-17.222965|-94.280388|0.000000|70.000038|0.000000|1.000000|1.000000|1.000000
AEG020_954_1029|13|25.440458|-15.069054|-87.041542|-3.666719|145.042618|5.429399|1.000000|1.000000|1.000000
AEG020_954_1030|13|10.754601|-17.501675|-91.320160|0.000000|-99.999977|0.000000|1.000000|1.000000|1.000000
AEG020_954_1031|13|24.148525|-15.668685|-86.827003|-3.666719|-134.957336|5.429399|1.000000|1.000000|1.000000
AEG020_954_1032|13|9.268082|-17.185699|-90.838524|0.000000|-149.999969|0.000000|1.000000|1.000000|1.000000
AEG020_954_1033|13|24.386539|-16.054981|-85.384102|-3.666719|145.042618|5.429399|1.000000|1.000000|1.000000
AEG020_954_1034|13|25.192186|-15.516418|-86.834679|-3.666719|-134.957336|5.429399|1.000000|1.000000|1.000000
AEG020_954_1035|13|8.480888|-18.495905|-89.586441|0.000000|110.000046|0.000000|1.000000|1.000000|1.000000
AEG020_954_1036|13|27.180141|-15.027460|-102.967354|-3.666718|-174.957352|5.429398|1.000000|1.000000|1.000000
AEG020_954_1037|13|23.635635|-14.900720|-100.649979|0.000000|45.000031|0.000000|1.000000|1.000000|1.000000
AEG020_954_1038|13|23.291552|-15.074978|-106.301880|-3.666718|0.042655|5.429398|1.000000|1.000000|1.000000
AEG020_954_1039|13|19.586279|-15.047680|-94.779556|0.000000|120.000046|0.000000|1.000000|1.000000|1.000000
AEG020_954_1040|13|18.335613|-15.447940|-95.811813|0.000000|74.999962|0.000000|1.000000|1.000000|1.000000
AEG020_954_1041|13|30.066753|-17.155367|-94.689957|-3.666719|145.042664|5.429400|1.000000|1.000000|1.000000
AEG020_954_1042|13|13.289215|-16.474108|-92.402786|0.000000|-125.000114|0.000000|1.000000|1.000000|1.000000
AEG020_954_1043|13|31.454399|-16.720654|-97.097076|-3.666719|65.042679|5.429399|1.000000|1.000000|1.000000
AEG020_954_1044|13|31.589796|-15.984227|-90.152557|-3.666720|-149.957336|5.429400|1.000000|1.000000|1.000000
AEG020_954_1045|13|16.187973|-15.690198|-93.546143|0.000000|-170.000137|0.000000|1.000000|1.000000|1.000000
AEG020_954_1046|13|26.346710|-15.221588|-96.339058|0.000000|-9.999979|0.000000|1.000000|1.000000|1.000000
AEG020_954_1047|13|28.539541|-15.913726|-98.971695|0.000000|-64.999992|0.000000|1.000000|1.000000|1.000000
AEG020_954_1048|13|10.112839|-17.936129|-104.723213|0.000000|40.000008|0.000000|1.000000|1.000000|1.000000
AEG020_954_1049|13|7.086502|-17.797125|-97.322708|0.000000|70.000023|0.000000|1.000000|1.000000|1.000000
AEG020_954_1050|13|8.321447|-18.243111|-102.258133|0.000000|70.000023|0.000000|1.000000|1.000000|1.000000
AEG020_954_1051|13|10.593897|-16.446678|-105.455917|0.000000|40.000008|0.000000|1.000000|1.000000|1.000000
AEG020_954_1052|13|22.110312|-15.201236|-58.230377|0.000000|80.000008|0.000000|1.000000|1.000000|1.000000
AEG020_954_1053|13|16.607168|-17.275108|-110.810013|0.000000|60.000004|0.000000|1.000000|1.000000|1.000000
AEG020_954_1054|13|29.995455|-15.189413|-100.343338|0.000000|-85.000000|0.000000|1.000000|1.000000|1.000000
AEG020_954_1055|13|33.312866|-16.666615|-95.580093|0.000000|-80.000031|0.000000|1.000000|1.000000|1.000000
AEG020_954_1056|13|23.910400|-14.661221|-103.306999|0.000000|-80.000031|0.000000|1.000000|1.000000|1.000000
AEG020_954_1057|13|30.602890|-16.513212|-96.194489|0.000000|-125.000031|0.000000|1.000000|1.000000|1.000000
AEG020_954_1058|13|24.498581|-13.847658|-98.866188|0.000000|-164.999969|0.000000|1.000000|1.000000|1.000000
AEG020_954_1059|13|25.930061|-14.464088|-100.067688|0.000000|-164.999969|0.000000|1.000000|1.000000|1.000000
AEG020_954_1060|13|27.519207|-14.318367|-99.032257|0.000000|-4.999952|0.000000|1.000000|1.000000|1.000000
AEG020_954_1061|13|32.836945|-16.039982|-99.480896|0.000000|-80.000031|0.000000|1.000000|1.000000|1.000000
AEG020_954_1062|13|34.976425|-16.258440|-98.931564|0.000000|-80.000031|0.000000|1.000000|1.000000|1.000000
AEG020_954_1063|13|37.194592|-17.499516|-99.197815|0.000000|-80.000031|0.000000|1.000000|1.000000|1.000000
AEG020_954_1064|13|29.294769|-15.343397|-102.851044|0.000000|-85.000000|0.000000|1.000000|1.000000|1.000000
AEG020_954_1065|13|33.457222|-16.024780|-101.506752|0.000000|170.000015|0.000000|1.000000|1.000000|1.000000
AEG020_954_1066|13|31.299788|-15.387740|-102.465286|0.000000|-145.000031|0.000000|1.000000|1.000000|1.000000
AEG020_954_1067|13|32.214001|-16.239414|-106.403305|0.000000|129.999954|0.000000|1.000000|1.000000|1.000000
AEG020_954_1068|13|30.095184|-15.842930|-105.611397|0.000000|-40.000038|0.000000|1.000000|1.000000|1.000000
AEG020_954_1069|13|24.926254|-15.526627|-108.088608|0.000000|-40.000038|0.000000|1.000000|1.000000|1.000000
AEG020_954_1070|13|28.866684|-15.627841|-106.683014|0.000000|144.999969|0.000000|1.000000|1.000000|1.000000
AEG020_954_1071|13|16.262850|-15.235319|-98.905739|0.000000|30.000011|0.000000|1.000000|1.000000|1.000000
AEG020_954_1072|13|19.525982|-17.081041|-114.138252|0.000000|125.000031|0.000000|1.000000|1.000000|1.000000
AEG020_954_1073|13|17.284569|-15.359170|-97.180664|0.000000|125.000031|0.000000|1.000000|1.000000|1.000000
AEG020_954_1074|13|17.309515|-14.666527|-93.584152|0.000000|-29.999981|0.000000|1.000000|1.000000|1.000000
AEG020_954_1075|13|17.113239|-16.632048|-107.966621|0.000000|5.000017|0.000000|1.000000|1.000000|1.000000
AEG020_954_1076|13|14.946285|-16.192284|-97.937698|0.000000|-109.999962|0.000000|1.000000|1.000000|1.000000
AEG020_954_1077|13|15.808651|-15.713551|-95.628777|0.000000|-179.999954|0.000000|1.000000|1.000000|1.000000
AEG020_954_1078|13|14.276876|-16.192284|-93.903885|0.000000|25.000059|0.000000|1.000000|1.000000|1.000000
AEG020_954_1079|13|17.636116|-17.627363|-114.846741|0.000000|25.000059|0.000000|1.000000|1.000000|1.000000
AEG020_954_1080|13|10.531820|-19.391239|-127.882751|0.000000|-39.999905|0.000000|1.000000|1.000000|1.000000
AEG020_954_1081|13|13.511290|-16.738827|-95.300308|0.000000|135.000061|0.000000|1.000000|1.000000|1.000000
AEG020_954_1082|13|12.993492|-16.402351|-93.569595|0.000000|80.000084|0.000000|1.000000|1.000000|1.000000
AEG020_954_1083|13|11.798787|-16.806293|-94.108917|0.000000|-99.999870|0.000000|1.000000|1.000000|1.000000
AEG020_954_1084|13|11.812297|-18.311085|-124.181854|0.000000|-64.999939|0.000000|1.000000|1.000000|1.000000
AEG020_954_1085|13|13.288297|-17.167330|-95.986580|0.000000|25.000059|0.000000|1.000000|1.000000|1.000000
AEG020_954_1086|13|11.110218|-17.222965|-93.177544|0.000000|120.000015|0.000000|1.000000|1.000000|1.000000
AEG020_954_1087|13|11.485476|-17.549606|-95.582718|0.000000|90.000031|0.000000|1.000000|1.000000|1.000000
AEG020_954_1088|13|11.717703|-17.549606|-97.347038|0.000000|-129.999954|0.000000|1.000000|1.000000|1.000000
AEG020_954_1089|13|10.712143|-17.594528|-96.477562|0.000000|140.000061|0.000000|1.000000|1.000000|1.000000
AEG020_954_1090|13|9.958170|-17.706532|-94.912910|0.000000|140.000061|0.000000|1.000000|1.000000|1.000000
AEG020_954_1091|13|26.606482|-15.227553|-55.243126|0.000000|0.000035|0.000000|1.000000|1.000000|1.000000
AEG020_954_1092|13|13.486606|-16.818026|-97.471626|0.000000|100.000015|0.000000|1.000000|1.000000|1.000000
AEG020_954_1093|13|17.586817|-17.725166|-118.302193|0.000000|95.000053|0.000000|1.000000|1.000000|1.000000
AEG020_954_1094|13|27.915392|-14.787246|-53.040947|0.000000|60.000023|0.000000|1.000000|1.000000|1.000000
AEG020_954_1095|13|14.273998|-18.319736|-121.874298|0.000000|100.000061|0.000000|1.000000|1.000000|1.000000
AEG020_954_1096|13|19.207439|-14.731320|-102.513451|0.000000|45.000031|0.000000|1.000000|1.000000|1.000000
AEG020_954_1097|13|18.515598|-14.205338|-102.043297|0.000000|45.000031|0.000000|1.000000|1.000000|1.000000
AEG020_954_1098|13|20.217110|-13.788734|-103.866646|0.000000|175.000000|0.000000|1.000000|1.000000|1.000000
AEG020_954_1099|13|18.913008|-14.389333|-103.700691|0.000000|45.000031|0.000000|1.000000|1.000000|1.000000
AEG020_954_1100|13|19.803650|-14.389333|-104.470139|0.000000|45.000031|0.000000|1.000000|1.000000|1.000000
AEG020_954_1101|13|18.289455|-14.714332|-104.036209|0.000000|45.000031|0.000000|1.000000|1.000000|1.000000
AEG020_954_1102|13|10.906084|-17.663448|-90.961876|0.000000|45.000031|0.000000|1.000000|1.000000|1.000000
AEG020_954_1103|13|12.147486|-17.836729|-105.175812|0.000000|45.000031|0.000000|1.000000|1.000000|1.000000
AEG020_954_1104|13|16.632658|-15.319608|-102.756088|0.000000|45.000031|0.000000|1.000000|1.000000|1.000000
AEG020_954_1105|13|16.018675|-15.518802|-101.206276|0.000000|45.000031|0.000000|1.000000|1.000000|1.000000
AEG020_954_1106|13|16.887520|-14.994250|-99.830261|0.000000|110.000046|0.000000|1.000000|1.000000|1.000000
AEG020_954_1107|13|17.683311|-14.357962|-99.780098|0.000000|110.000046|0.000000|1.000000|1.000000|1.000000
AEG020_954_1108|13|16.586428|-17.669254|-112.819649|0.000000|110.000046|0.000000|1.000000|1.000000|1.000000
AEG020_954_1109|13|14.680059|-16.030201|-100.879753|0.000000|35.000042|0.000000|1.000000|1.000000|1.000000
AEG020_954_1110|13|25.498014|-14.444921|-49.861061|0.000000|115.000084|0.000000|1.000000|1.000000|1.000000
AEG020_954_1111|13|15.536909|-15.751272|-103.530037|0.000000|115.000084|0.000000|1.000000|1.000000|1.000000
AEG020_954_1112|13|15.354962|-16.173515|-102.291992|0.000000|45.000031|0.000000|1.000000|1.000000|1.000000
AEG020_954_1113|13|15.764961|-16.745251|-104.563034|0.000000|45.000031|0.000000|1.000000|1.000000|1.000000
AEG020_954_1114|13|14.008588|-16.450508|-103.656288|0.000000|85.000046|0.000000|1.000000|1.000000|1.000000
AEG020_954_1115|13|23.845091|-15.152082|-51.344578|0.000000|85.000046|0.000000|1.000000|1.000000|1.000000
AEG020_954_1116|13|13.163774|-16.934021|-103.328308|0.000000|85.000046|0.000000|1.000000|1.000000|1.000000
AEG020_954_1117|13|13.940184|-16.545668|-102.029434|0.000000|135.000015|0.000000|1.000000|1.000000|1.000000
AEG020_954_1118|13|23.458481|-15.192727|-61.399498|0.000000|-179.999969|0.000000|1.000000|1.000000|1.000000
AEG020_954_1119|13|14.569016|-17.978382|-111.313522|0.000000|-179.999969|0.000000|1.000000|1.000000|1.000000
AEG020_954_1120|13|12.768877|-16.941273|-102.368324|0.000000|-179.999969|0.000000|1.000000|1.000000|1.000000
AEG020_954_1121|13|13.238688|-16.509632|-100.108833|0.000000|90.000053|0.000000|1.000000|1.000000|1.000000
AEG020_954_1122|13|12.251572|-17.192940|-98.515778|0.000000|90.000053|0.000000|1.000000|1.000000|1.000000
AEG020_954_1123|13|11.989866|-17.248116|-99.780067|0.000000|90.000053|0.000000|1.000000|1.000000|1.000000
AEG020_954_1124|13|11.745775|-17.354759|-101.463554|0.000000|110.000046|0.000000|1.000000|1.000000|1.000000
AEG020_954_1125|13|17.003635|-15.730290|-96.577087|0.000000|125.000031|0.000000|1.000000|1.000000|1.000000
AEG020_954_1126|13|14.294231|-18.687492|-124.223335|0.000000|-80.000008|0.000000|1.000000|1.000000|1.000000
AEG020_954_1127|13|20.695665|-14.469400|-97.779442|0.000000|-179.999954|0.000000|1.000000|1.000000|1.000000
AEG020_954_1128|13|16.497545|-15.081901|-91.921463|0.000000|10.000018|0.000000|1.000000|1.000000|1.000000
AEG020_954_1129|13|20.025547|-16.800711|-112.820061|0.000000|-50.000000|0.000000|1.000000|1.000000|1.000000
AEG020_954_1130|13|23.203842|-16.782091|-111.016693|0.000000|140.000015|0.000000|1.000000|1.000000|1.000000
AEG020_954_1131|13|31.696032|-15.419737|-91.517891|-3.666719|145.042664|5.429400|1.000000|1.000000|1.000000
AEG020_954_1132|13|30.411699|-16.374775|-98.291328|-3.666719|145.042664|5.429400|1.000000|1.000000|1.000000
AEG020_954_1133|13|26.547209|-15.077119|-51.464146|0.000000|165.000015|0.000000|1.000000|1.000000|1.000000
AEG020_955_1000|13|17.090536|-16.892803|-84.371445|0.000000|-79.999985|0.000000|1.000000|1.000000|1.000000
AEG020_955_1001|13|8.891489|-17.910910|-91.204292|0.000000|50.000027|0.000000|1.000000|1.000000|1.000000
AEG020_955_1002|13|20.858730|-14.487860|-90.651695|0.000000|50.000015|0.000000|1.000000|1.000000|1.000000
AEG020_955_1003|13|20.400198|-15.552337|-96.296700|0.000000|-44.999939|0.000000|1.000000|1.000000|1.000000
AEG020_955_1004|13|17.196833|-16.199371|-104.796631|0.000000|0.000014|0.000000|1.000000|1.000000|1.000000
AEG020_955_1005|13|25.074553|-14.340939|-104.633232|0.000000|-60.000023|0.000000|1.000000|1.000000|1.000000
AEG020_955_1006|13|22.344940|-17.274940|-113.254807|0.000000|-29.999973|0.000000|1.000000|1.000000|1.000000
AEG020_955_1007|13|30.838715|-14.780715|-58.346111|0.000000|-119.999947|0.000000|1.000000|1.000000|1.000000
AEG020_956_1000|13|25.074553|-15.695240|-93.212944|0.000000|64.999977|0.000000|1.000000|1.000000|1.000000
AEG020_956_1001|13|23.672230|-15.695240|-89.504730|0.000000|-130.000031|0.000000|1.000000|1.000000|1.000000
AEG020_956_1002|13|30.213352|-17.172459|-92.433922|0.000000|29.999981|0.000000|1.000000|1.000000|1.000000
AEG020_956_1003|13|21.430407|-16.640491|-80.489082|0.000000|154.999954|0.000000|1.000000|1.000000|1.000000
AEG020_956_1004|13|12.896214|-18.112381|-84.973663|0.000000|-130.000031|0.000000|1.000000|1.000000|1.000000
AEG020_956_1005|13|13.623278|-18.982944|-114.653755|0.000000|-160.000031|0.000000|1.000000|1.000000|1.000000
AEG020_957_1000|13|25.323498|-29.679626|-91.205261|0.000000|0.000000|0.000000|1.000000|1.000000|1.000000
AEG020_957_1001|13|24.254162|-29.415405|-89.902283|0.000000|-109.999992|0.000000|1.000000|1.000000|1.000000
AEG020_957_1002|13|10.850780|-28.452881|-80.862724|0.000000|-60.000004|0.000000|1.000000|1.000000|1.000000
AEG020_957_1003|13|8.486889|-27.849487|-84.217072|0.000000|125.000000|0.000000|1.000000|1.000000|1.000000
AEG020_957_1004|13|3.616039|-28.310059|-90.891571|0.000000|125.000000|0.000000|1.000000|1.000000|1.000000
AEG020_957_1005|13|5.208263|-27.906616|-107.010834|0.000000|-70.000000|0.000000|1.000000|1.000000|1.000000
AEG020_957_1006|13|11.716412|-29.283813|-80.575890|0.000000|149.999985|0.000000|1.000000|1.000000|1.000000
AEG020_958_1000|13|23.946911|-29.479675|-88.508240|0.000000|-99.999992|0.000000|1.000000|1.000000|1.000000
AEG020_958_1001|13|22.316002|-28.805603|-79.128952|0.000000|44.999996|0.000000|1.000000|1.000000|1.000000
AEG020_958_1002|13|9.941124|-28.062195|-83.608688|0.000000|44.999996|0.000000|1.000000|1.000000|1.000000
AEG020_958_1003|13|7.657920|-29.131531|-122.185524|0.000000|70.000000|0.000000|1.000000|1.000000|1.000000
AEG020_958_1004|13|3.618614|-28.062195|-91.095016|0.000000|-180.000000|0.000000|1.000000|1.000000|1.000000
AEG020_958_1005|13|14.022789|-29.819000|-114.638107|0.000000|-180.000000|0.000000|1.000000|1.000000|1.000000
AEG020_958_1006|13|12.976891|-29.142395|-114.054520|0.000000|-60.000004|0.000000|1.000000|1.000000|1.000000
AEG020_958_1007|13|6.353722|-28.269897|-107.657608|0.000000|44.999996|0.000000|1.000000|1.000000|1.000000
AEG020_958_1008|13|25.174450|-30.263000|-86.183350|0.000000|165.219101|0.000000|1.000000|1.000000|1.000000
AEG020_958_1009|13|21.176737|-20.105408|-49.697269|0.000000|-114.815247|0.000000|1.000000|1.000000|1.000000
AEG020_959_1000|13|24.044933|-29.539856|-91.482239|0.000000|0.000000|0.000000|1.000000|1.000000|1.000000
AEG020_959_1001|13|21.696026|-28.549744|-78.091209|0.000000|-129.999985|0.000000|1.000000|1.000000|1.000000
AEG020_959_1002|13|23.949963|-29.258240|-87.171234|0.000000|-85.000008|0.000000|1.000000|1.000000|1.000000
AEG020_959_1003|13|10.514019|-27.772278|-82.722069|0.000000|-94.999992|0.000000|1.000000|1.000000|1.000000
AEG020_959_1004|13|8.551842|-28.841614|-121.624092|0.000000|-70.000008|0.000000|1.000000|1.000000|1.000000
AEG020_959_1005|13|12.734825|-29.008545|-113.114456|0.000000|-70.000008|0.000000|1.000000|1.000000|1.000000
AEG020_959_1006|13|24.928234|-29.258240|-86.696991|0.000000|165.750473|0.000000|1.000000|1.000000|1.000000
AEG020_959_1007|13|20.139254|-20.091370|-48.467987|0.000000|-133.880600|0.000000|1.000000|1.000000|1.000000
AEG020_959_1008|13|20.986483|-20.091370|-51.118317|0.000000|67.814835|0.000000|1.000000|1.000000|1.000000
AEG024_200_1000|13|35.701084|-14.000000|-29.010132|0.000000|-69.999992|0.000000|1.000000|1.000000|1.000000
AEG024_610_1000|13|8.422352|-28.000000|-112.729141|0.000000|20.000021|0.000000|1.000000|1.000000|1.000000
AEG024_699_1000|13|8.422352|-28.000000|-112.729141|0.000000|20.000021|0.000000|1.000000|1.000000|1.000000
AEG027_114_9000|13|42.043999|-9.287000|-17.125999|-11.293000|-156.156998|0.780000|1.000000|1.000000|1.000000
AEG092_300_1000|13|48.045898|-0.498413|-41.863708|0.000000|-159.999985|0.000000|1.000000|1.000000|1.000000
AEG092_300_1001|13|13.711052|1.564699|-221.281265|-0.000011|20.000013|-0.000004|1.000000|1.000000|1.000000
AEG099_001_9000|13|-5.541000|-28.194000|-147.649002|0.000000|29.438999|0.000000|1.000000|1.000000|1.000000
AEG099_003_9000|13|19.422001|-28.660000|-76.697998|0.000000|-169.330002|0.000000|1.000000|1.000000|1.000000
AEG099_015_9000|13|38.688000|-9.993000|-14.038000|-6.909000|-56.029999|3.487000|1.000000|1.000000|1.000000
AEG099_053_9000|13|21.004000|-29.018999|-116.384003|0.000000|165.000000|0.000000|1.000000|1.000000|1.000000
AEG099_060_9000|13|45.828999|-8.868000|-18.674999|1.080000|-167.505997|-4.882000|1.000000|1.000000|1.000000
AEG099_065_9000|13|-3.538000|-28.354000|-141.998993|0.000000|40.330002|0.000000|1.000000|1.000000|1.000000
AEG099_230_9000|13|13.956000|2.082000|-220.723999|0.000000|-170.539993|0.000000|1.000000|1.000000|1.000000
AEG099_232_9000|13|47.728001|-0.733000|-42.050999|0.000000|15.574000|0.000000|1.000000|1.000000|1.000000
AEG099_620_9000|13|20.000999|-25.915001|-67.981003|-13.000000|-112.213997|-8.000000|1.000000|1.000000|1.000000
AEG099_620_9001|13|-1.502000|-15.745000|-203.779007|-2.000000|111.761002|-3.600000|1.000000|1.000000|1.000000
AEG099_810_9000|13|11.984000|-29.181999|-100.411003|30.236000|36.846001|0.000000|1.000000|1.000000|1.000000
AEG099_810_9001|13|11.258000|-29.121000|-100.431999|-9.200000|-100.195999|1.669000|1.000000|1.000000|1.000000
AEG099_810_9002|13|11.340000|-29.188000|-99.755997|-0.000000|-42.016998|-7.757000|1.000000|1.000000|1.000000
AEG099_810_9003|13|10.102000|-29.073999|-100.522003|-8.088000|-118.376999|-7.793000|1.000000|1.000000|1.000000
AEG099_810_9004|13|10.267000|-29.075001|-100.748001|-0.000000|-69.400002|-6.690000|1.000000|1.000000|1.000000
AEG099_840_9000|13|34.278999|-19.517000|-51.244999|24.395000|-67.218002|-0.084000|1.000000|1.000000|1.000000
AEG099_840_9001|13|3.483000|-21.349001|-36.002998|12.000000|168.322006|6.000000|1.000000|1.000000|1.000000
AEG099_840_9002|13|31.601999|-26.009001|-60.209000|22.000000|-34.287998|-8.000000|1.000000|1.000000|1.000000
AEG099_840_9003|13|-0.960000|-4.999000|-234.485001|22.000000|-70.657997|-20.000000|1.000000|1.000000|1.000000
AEG099_840_9004|13|-2.857000|-15.768000|-200.229004|10.926000|-142.884003|7.495000|1.000000|1.000000|1.000000
AEG099_840_9005|13|-13.123000|-26.499001|-155.985992|-15.408000|-132.195999|5.920000|1.000000|1.000000|1.000000
AEG801_006_1000|13|27.119427|-28.849890|-83.307732|0.000000|-60.000004|0.000000|1.000000|1.000000|1.000000
AEG801_006_1001|13|30.723412|-29.001373|-85.189713|-4.980925|0.435220|-0.018929|1.000000|1.000000|1.000000
AEG801_006_1002|13|24.913153|-29.812912|-98.772118|0.000000|-30.000004|0.000000|1.000000|1.000000|1.000000
AEG801_006_1003|13|27.179699|-29.679626|-95.854431|0.000000|-90.000000|0.000000|1.000000|1.000000|1.000000
AEG801_006_1004|13|37.538475|-29.296183|-103.489655|0.000000|0.000000|0.000000|1.000000|1.000000|1.000000
AEG801_006_1005|13|35.095764|-29.387695|-107.207558|0.000000|-30.000004|0.000000|1.000000|1.000000|1.000000
AEG801_006_1006|13|30.163950|-29.447325|-112.436226|0.000000|0.000000|0.000000|1.000000|1.000000|1.000000
AEG801_006_1007|13|26.739441|-29.693283|-112.436226|0.000000|-30.000004|0.000000|1.000000|1.000000|1.000000
AEG801_006_1008|13|12.936397|-29.358154|-103.347214|0.000000|-60.000004|0.000000|1.000000|1.000000|1.000000
AEG801_006_1009|13|9.413514|-28.723099|-104.991768|2.000000|0.000000|-5.000000|1.000000|1.000000|1.000000
AEG801_006_1010|13|23.930256|-28.930542|-80.867386|0.183104|-120.024048|2.424225|1.000000|1.000000|1.000000
AEG801_006_1011|13|31.227982|-29.387695|-107.956093|0.000000|0.000000|0.000000|1.000000|1.000000|1.000000
AEG801_006_1012|13|32.734417|-29.331890|-88.608978|0.000000|0.000000|0.000000|1.000000|1.000000|1.000000
AEG801_006_1013|13|35.568356|-29.174530|-90.969269|2.871166|-0.303436|12.063209|1.000000|1.000000|1.000000
AEG801_006_1014|13|35.913033|-28.782152|-94.856483|-4.561445|-0.231024|13.272233|1.000000|1.000000|1.000000
AEG801_006_1015|13|37.459187|-28.714233|-97.261414|-4.561445|-0.231024|13.272233|1.000000|1.000000|1.000000
