m000000_1000|0|0.000000|0.000000|0.000000|0.000000|0.000000|0.000000|1.000000|1.000000|1.000000
c1000_9000|2|-57.210999|206.548004|22.620001|0.000000|-56.776001|0.000000|1.000000|1.000000|1.000000
c1000_9001|2|13.220000|110.489998|20.540001|0.000000|0.000000|0.000000|1.000000|1.000000|1.000000
c3350_9000|2|13.051000|110.763000|21.882000|0.000000|-25.000000|0.000000|1.000000|1.000000|1.000000
c3850_9006|2|-48.459000|152.839005|-0.790000|0.000000|128.406006|0.000000|1.000000|1.000000|1.000000
c3850_9007|2|-47.416000|152.520996|4.089000|0.000000|67.888000|0.000000|1.000000|1.000000|1.000000
c3850_9008|2|-36.630001|155.485992|2.248000|0.000000|110.716003|0.000000|1.000000|1.000000|1.000000
c3850_9009|2|-27.256001|151.988998|18.020000|0.000000|-32.456001|0.000000|1.000000|1.000000|1.000000
c3850_9010|2|-29.218000|156.526001|6.663000|0.000000|-121.117996|0.000000|1.000000|1.000000|1.000000
c3850_9011|2|-25.504999|156.645996|5.126000|0.000000|178.455994|0.000000|1.000000|1.000000|1.000000
c4383_9001|2|-58.900002|209.673996|-7.228000|0.000000|13.829000|0.000000|1.000000|1.000000|1.000000
c4383_9002|2|-52.467999|209.671997|-6.269000|0.000000|-128.296005|0.000000|1.000000|1.000000|1.000000
c4383_9005|2|5.834000|201.039001|20.556000|0.000000|-177.597000|0.000000|1.000000|1.000000|1.000000
c4383_9006|2|-2.558000|198.852005|-0.730000|0.000000|53.416000|0.000000|1.000000|1.000000|1.000000
c4383_9007|2|1.060000|196.761002|-15.664000|0.000000|32.130001|0.000000|1.000000|1.000000|1.000000
c4383_9008|2|-0.177000|198.910995|2.106000|0.000000|3.880000|0.000000|1.000000|1.000000|1.000000
c4383_9010|2|40.972000|193.171997|-42.894001|0.000000|151.720001|0.000000|1.000000|1.000000|1.000000
c4383_9011|2|40.231998|193.175995|-40.310001|0.000000|-9.179000|0.000000|1.000000|1.000000|1.000000
c4383_9012|2|47.262001|188.955994|-33.098000|0.000000|-13.763000|0.000000|1.000000|1.000000|1.000000
c4383_9013|2|54.245998|193.087006|-49.299999|0.000000|-67.523003|0.000000|1.000000|1.000000|1.000000
c4383_9014|2|53.397999|188.682007|-26.547001|0.000000|-71.880997|0.000000|1.000000|1.000000|1.000000
c4383_9015|2|31.254000|197.227997|-48.049000|0.000000|-29.190001|0.000000|1.000000|1.000000|1.000000
c4383_9016|2|18.527000|188.975006|-43.165001|0.000000|40.199001|0.000000|1.000000|1.000000|1.000000
c4383_9017|2|27.167000|189.033997|-45.594002|0.000000|-170.959000|0.000000|1.000000|1.000000|1.000000
c4383_9021|2|22.854000|154.889999|3.636000|0.000000|14.708000|0.000000|1.000000|1.000000|1.000000
c4383_9022|2|2.175000|155.085999|-6.021000|0.000000|93.028000|0.000000|1.000000|1.000000|1.000000
c4383_9025|2|-0.841000|153.029999|5.755000|0.000000|179.968994|0.000000|1.000000|1.000000|1.000000
c4383_9026|2|11.551000|155.050995|0.237000|0.000000|-173.207001|0.000000|1.000000|1.000000|1.000000
c4383_9030|2|-18.214001|147.669006|-48.900002|0.000000|-32.174000|0.000000|1.000000|1.000000|1.000000
c4383_9031|2|-15.366000|147.716003|-49.967999|0.000000|71.629997|0.000000|1.000000|1.000000|1.000000
c4383_9032|2|-17.590000|147.598999|-52.069000|0.000000|-167.382996|0.000000|1.000000|1.000000|1.000000
c4383_9033|2|-34.286999|148.403000|-49.320000|0.000000|23.841000|0.000000|1.000000|1.000000|1.000000
c4383_9034|2|-33.676998|148.557999|-40.769001|0.000000|130.442001|0.000000|1.000000|1.000000|1.000000
c4383_9035|2|-11.603000|146.839996|-31.802999|0.000000|-134.268997|0.000000|1.000000|1.000000|1.000000
c4383_9036|2|-17.629000|150.667999|-58.803001|0.000000|171.985001|0.000000|1.000000|1.000000|1.000000
c4384_9000|2|-23.657000|147.630997|-50.825001|0.000000|-81.320000|0.000000|1.000000|1.000000|1.000000
c0000_0000|4|-99.820000|243.110001|26.250000|0.000000|-90.000000|0.000000|1.000000|1.000000|1.000000
c0000_9000|4|-58.040001|206.970001|25.510000|0.000000|-31.049999|0.000000|1.000000|1.000000|1.000000
h000100|5|0.000000|0.000000|0.000000|0.000000|0.000000|0.000000|1.000000|1.000000|1.000000
h000200|5|0.000000|0.000000|0.000000|0.000000|0.000000|0.000000|1.000000|1.000000|1.000000
h000300|5|0.000000|0.000000|0.000000|0.000000|0.000000|0.000000|1.000000|1.000000|1.000000
h000400|5|0.000000|0.000000|0.000000|0.000000|0.000000|0.000000|1.000000|1.000000|1.000000
h000500|5|0.000000|0.000000|0.000000|0.000000|0.000000|0.000000|1.000000|1.000000|1.000000
h900010|5|0.000000|0.000000|0.000000|0.000000|0.000000|0.000000|1.000000|1.000000|1.000000
h900020|5|0.000000|0.000000|0.000000|0.000000|0.000000|0.000000|1.000000|1.000000|1.000000
h900030|5|0.000000|0.000000|0.000000|0.000000|0.000000|0.000000|1.000000|1.000000|1.000000
h900040|5|0.000000|0.000000|0.000000|0.000000|0.000000|0.000000|1.000000|1.000000|1.000000
h900200|5|0.000000|0.000000|0.000000|0.000000|0.000000|0.000000|1.000000|1.000000|1.000000
h900210|5|0.000000|0.000000|0.000000|0.000000|0.000000|0.000000|1.000000|1.000000|1.000000
h900220|5|0.000000|0.000000|0.000000|0.000000|0.000000|0.000000|1.000000|1.000000|1.000000
h900230|5|0.000000|0.000000|0.000000|0.000000|0.000000|0.000000|1.000000|1.000000|1.000000
h900240|5|0.000000|0.000000|0.000000|0.000000|0.000000|0.000000|1.000000|1.000000|1.000000
h900250|5|0.000000|0.000000|0.000000|0.000000|0.000000|0.000000|1.000000|1.000000|1.000000
AEG099_610_9000|9|-55.903000|209.686005|-13.189000|0.000000|117.383003|0.000000|1.000000|1.000000|1.000000
AEG099_610_9005|9|0.379000|153.033997|1.007000|0.000000|32.153000|0.000000|1.000000|1.000000|1.000000
AEG099_780_9003|9|-98.444000|219.356003|30.922001|27.952999|-40.862000|-2.586000|1.000000|1.000000|1.000000
AEG099_780_9004|9|-97.879997|219.324005|31.372999|10.286000|-28.480000|-0.000000|1.000000|1.000000|1.000000
AEG099_780_9011|9|-33.067001|208.223999|16.961000|0.000000|39.456001|-41.150002|1.000000|1.000000|1.000000
AEG099_780_9012|9|-32.055000|208.190994|16.361000|0.000000|32.073002|-67.275002|1.000000|1.000000|1.000000
AEG099_780_9013|9|-32.594002|208.216003|11.655000|5.279000|142.444000|38.280998|1.000000|1.000000|1.000000
AEG099_780_9014|9|-31.569000|208.380997|12.014000|11.015000|162.587997|62.175999|1.000000|1.000000|1.000000
AEG099_780_9021|9|16.728001|199.278000|-11.769000|0.000000|76.578003|0.000000|1.000000|1.000000|1.000000
AEG099_780_9022|9|16.775000|199.248001|-13.314000|0.000000|91.578003|0.000000|1.000000|1.000000|1.000000
AEG099_780_9023|9|16.173000|198.324005|-11.667000|0.000000|71.578003|0.000000|1.000000|1.000000|1.000000
AEG099_780_9024|9|16.382999|198.337006|-13.531000|0.000000|81.578003|0.000000|1.000000|1.000000|1.000000
AEG099_780_9030|9|55.515999|192.128006|-59.243000|90.000000|-10.286000|-0.000000|1.000000|1.000000|1.000000
AEG099_780_9031|9|60.971001|192.811005|-60.509998|30.575001|96.667999|3.960000|1.000000|1.000000|1.000000
AEG099_780_9032|9|61.134998|193.029007|-60.242001|23.291000|87.624001|-1.023000|1.000000|1.000000|1.000000
AEG099_780_9038|9|50.293999|191.313995|-17.947001|0.000000|-50.692001|0.000000|1.000000|1.000000|1.000000
AEG099_780_9039|9|51.363998|191.175995|-16.301001|0.000000|-60.692001|0.000000|1.000000|1.000000|1.000000
AEG099_780_9042|9|26.728001|177.130997|5.030000|90.000000|-86.269997|0.000000|1.000000|1.000000|1.000000
AEG099_780_9044|9|23.186001|171.425995|2.644000|0.000000|-177.779007|0.000000|1.000000|1.000000|1.000000
AEG099_780_9050|9|0.980000|155.386002|-5.728000|47.944000|-119.561996|0.000000|1.000000|1.000000|1.000000
AEG099_780_9051|9|0.968000|155.597000|-6.317000|47.973999|-136.229004|17.985001|1.000000|1.000000|1.000000
AEG099_780_9052|9|6.122000|158.039993|-9.575000|0.000000|-176.796997|0.000000|1.000000|1.000000|1.000000
AEG099_780_9053|9|6.739000|157.022995|-9.784000|0.000000|-166.796997|0.000000|1.000000|1.000000|1.000000
AEG099_780_9054|9|5.470000|157.233994|-9.499000|0.000000|168.203003|0.000000|1.000000|1.000000|1.000000
AEG099_780_9055|9|-19.035999|154.406006|7.648000|0.000000|150.598007|0.000000|1.000000|1.000000|1.000000
AEG099_780_9056|9|-20.478001|154.279007|7.100000|0.000000|165.598007|0.000000|1.000000|1.000000|1.000000
AEG099_780_9057|9|-21.804001|154.266006|6.671000|0.000000|150.598007|0.000000|1.000000|1.000000|1.000000
AEG099_780_9058|9|-18.594999|153.121002|7.942000|0.000000|175.598007|0.000000|1.000000|1.000000|1.000000
AEG099_780_9059|9|-21.389000|153.001007|7.324000|0.000000|175.598007|0.000000|1.000000|1.000000|1.000000
AEG099_780_9062|9|-16.636999|147.695007|-51.547001|64.694000|0.622000|4.962000|1.000000|1.000000|1.000000
AEG099_780_9063|9|-15.475000|147.746994|-50.570999|74.202003|-40.438000|-19.391001|1.000000|1.000000|1.000000
AEG099_780_9064|9|-17.318001|147.649002|-50.591000|63.493000|95.925003|-2.966000|1.000000|1.000000|1.000000
AEG099_780_9065|9|-16.884001|147.720001|-49.608002|77.752998|93.404999|21.830999|1.000000|1.000000|1.000000
AEG099_780_9066|9|-16.464001|147.917999|-50.615002|90.000000|93.811996|0.000000|1.000000|1.000000|1.000000
AEG099_780_9067|9|-16.105000|147.750000|-51.185001|79.019997|-56.957001|0.301000|1.000000|1.000000|1.000000
AEG099_780_9068|9|-17.656000|147.580994|-49.860001|85.824997|125.674004|0.000000|1.000000|1.000000|1.000000
AEG099_780_9073|9|13.174000|110.893997|54.604000|0.000000|58.674999|0.000000|1.000000|1.000000|1.000000
AEG099_780_9074|9|13.174000|110.893997|54.604000|0.000000|58.674999|0.000000|1.000000|1.000000|1.000000
AEG099_862_9000|9|-60.931999|209.802002|-2.208000|57.438999|-23.770000|-10.887000|1.000000|1.000000|1.000000
c3850_9000|10|3.794000|152.906006|13.578000|0.000000|-104.865997|0.000000|1.000000|1.000000|1.000000
c3850_9001|10|3.794000|152.908997|12.821000|0.000000|-96.831001|0.000000|1.000000|1.000000|1.000000
c3850_9002|10|1.139000|152.878006|11.799000|0.000000|-84.516998|0.000000|1.000000|1.000000|1.000000
c3850_9003|10|1.052000|152.927994|10.651000|0.000000|-95.974998|0.000000|1.000000|1.000000|1.000000
c3850_9004|10|0.837000|152.938004|9.310000|0.000000|-88.782997|0.000000|1.000000|1.000000|1.000000
c3850_9005|10|-22.441000|152.425995|16.783001|0.000000|115.359001|0.000000|1.000000|1.000000|1.000000
c3850_9012|10|-34.271999|152.080002|-16.759001|0.000000|-0.991000|0.000000|1.000000|1.000000|1.000000
c3850_9013|10|-31.840000|152.009003|-15.973000|0.000000|17.184000|0.000000|1.000000|1.000000|1.000000
c3850_9014|10|-32.761002|152.078995|-15.612000|0.000000|-4.351000|0.000000|1.000000|1.000000|1.000000
c4383_9000|10|-56.316002|209.673996|-13.060000|0.000000|115.264999|0.000000|1.000000|1.000000|1.000000
c4383_9003|10|-50.460999|209.673996|-10.398000|0.000000|88.528999|0.000000|1.000000|1.000000|1.000000
c4383_9004|10|-51.140999|209.673996|-9.146000|0.000000|66.045998|0.000000|1.000000|1.000000|1.000000
c4383_9009|10|-2.929000|201.029007|9.659000|0.000000|-98.954002|0.000000|1.000000|1.000000|1.000000
c4383_9018|10|50.435001|189.177994|-22.164000|0.000000|33.942001|0.000000|1.000000|1.000000|1.000000
c4383_9019|10|49.912998|189.257004|-21.500999|0.000000|28.413000|0.000000|1.000000|1.000000|1.000000
c4383_9020|10|28.077000|152.906998|14.336000|0.000000|130.951996|0.000000|1.000000|1.000000|1.000000
c4383_9023|10|7.992000|155.050003|0.397000|0.000000|-150.654007|0.000000|1.000000|1.000000|1.000000
c4383_9024|10|8.739000|155.050995|-0.348000|0.000000|-150.108994|0.000000|1.000000|1.000000|1.000000
c4383_9027|10|3.297000|152.589996|10.429000|0.000000|-84.922997|0.000000|1.000000|1.000000|1.000000
c4383_9028|10|2.853000|152.942993|9.168000|0.000000|-90.596001|0.000000|1.000000|1.000000|1.000000
c4383_9029|10|3.161000|152.822006|8.213000|0.000000|-87.528999|0.000000|1.000000|1.000000|1.000000
c4383_9037|10|-8.976000|147.720001|-50.652000|0.000000|-168.996002|0.000000|1.000000|1.000000|1.000000
c4383_9038|10|-7.882000|147.709000|-50.610001|0.000000|-167.335007|0.000000|1.000000|1.000000|1.000000
c4383_9039|10|-6.743000|148.026001|-50.598999|0.000000|-179.143997|0.000000|1.000000|1.000000|1.000000
h000100_0000|11|0.000000|0.000000|0.000000|0.000000|0.000000|0.000000|1.000000|1.000000|1.000000
h000200_0000|11|0.000000|0.000000|0.000000|0.000000|0.000000|0.000000|1.000000|1.000000|1.000000
h000300_0000|11|0.000000|0.000000|0.000000|0.000000|0.000000|0.000000|1.000000|1.000000|1.000000
h000400_0000|11|0.000000|0.000000|0.000000|0.000000|0.000000|0.000000|1.000000|1.000000|1.000000
h000500_0000|11|0.000000|0.000000|0.000000|0.000000|0.000000|0.000000|1.000000|1.000000|1.000000
AEG003_054_1036|13|59.411758|189.135422|-7.791794|-1.465917|-88.204414|0.186300|1.000000|1.000000|1.000000
AEG003_054_1039|13|18.231369|148.203018|-38.803734|-1.465917|-88.204414|0.186300|1.000000|1.000000|1.000000
AEG003_054_1040|13|-0.301042|196.759995|-11.997622|-1.465916|86.363457|0.186300|1.000000|1.000000|1.000000
AEG003_054_1041|13|0.218153|152.909103|18.537609|-0.747640|158.207626|-1.274647|1.000000|1.000000|1.000000
AEG003_054_1042|13|22.194593|152.909103|19.116634|-0.747640|90.526314|1.319612|1.000000|1.000000|1.000000
AEG003_054_1043|13|26.455824|197.199997|-38.791019|-1.465917|-179.253876|0.186300|1.000000|1.000000|1.000000
AEG003_054_1044|13|44.515518|193.199997|-40.423985|-1.465916|-58.727783|0.186300|1.000000|1.000000|1.000000
AEG003_054_1045|13|40.025162|189.433975|-29.869968|-8.769461|-58.727791|0.186301|1.000000|1.000000|1.000000
AEG003_054_1046|13|-27.647858|152.925919|-57.828403|0.000000|17.208946|0.000000|1.000000|1.000000|1.000000
AEG003_054_1048|13|-63.381088|209.666916|-6.329928|-1.050617|68.288742|-0.580013|1.000000|1.000000|1.000000
AEG003_054_1049|13|-20.126284|152.077316|14.062511|1.633671|23.863010|-4.464921|1.000000|1.000000|1.000000
AEG003_054_1050|13|-31.330004|152.401779|17.158825|-9.138413|-134.433334|0.109489|1.000000|1.000000|1.000000
AEG003_054_1051|13|-1.251587|111.009712|21.607578|6.520508|62.196220|1.111928|1.000000|1.000000|1.000000
AEG003_054_9000|13|-50.370998|152.578003|4.852000|-1.466000|-34.988998|0.186000|1.000000|1.000000|1.000000
AEG003_055_1018|13|-82.716591|207.117844|23.207642|-0.000000|-11.185308|-0.000003|1.000000|1.000000|1.000000
AEG003_055_1020|13|19.508341|112.033615|-26.428413|8.595135|109.872032|0.297280|1.000000|1.000000|1.000000
AEG003_055_1021|13|-25.287155|152.950363|-41.218262|-0.000000|-107.326256|-0.000003|1.000000|1.000000|1.000000
AEG003_055_1022|13|28.322678|197.199997|-49.360596|-0.000000|0.751588|-0.000004|1.000000|1.000000|1.000000
AEG003_055_1023|13|45.464157|188.953934|-30.912109|-0.000000|-144.253845|1.168794|1.000000|1.000000|1.000000
AEG003_055_1024|13|19.998398|188.883133|-40.182861|6.620394|129.519608|-0.307167|1.000000|1.000000|1.000000
AEG003_055_1025|13|55.064400|193.140839|-48.153774|1.579993|-118.111877|-1.932299|1.000000|1.000000|1.000000
AEG003_055_1026|13|-27.998230|152.061325|-3.788841|5.282988|-69.285561|1.050210|1.000000|1.000000|1.000000
AEG003_055_1027|13|-29.991135|152.293793|-18.035553|8.134373|-80.889610|-0.074780|1.000000|1.000000|1.000000
AEG003_055_1028|13|56.262608|193.184860|-51.241512|1.579993|87.788132|-1.932300|1.000000|1.000000|1.000000
AEG003_055_9000|13|-52.396999|152.923004|1.553000|0.000000|-91.184998|-0.000000|1.000000|1.000000|1.000000
AEG003_055_9001|13|-52.226002|152.888000|-1.092000|0.000000|-91.184998|-0.000000|1.000000|1.000000|1.000000
AEG003_069_1021|13|-98.944611|243.865311|29.054779|22.405945|-24.749628|-0.000005|1.000000|1.000000|1.000001
AEG003_069_1022|13|57.843430|189.803574|-11.362564|14.000389|125.287910|3.357774|0.999999|1.000000|1.000001
AEG003_069_1023|13|19.945236|148.865311|-41.944588|22.405928|-114.749680|-0.000007|0.999999|1.000000|1.000001
AEG003_069_1024|13|-3.139725|201.576797|19.944817|9.752305|-45.387714|0.644084|0.999999|1.000000|1.000001
AEG003_069_1025|13|-0.838699|197.244827|-14.451954|-15.036180|85.672379|1.646187|0.999999|1.000000|1.000001
AEG003_069_1026|13|-3.746658|153.441971|15.469624|3.521858|-87.683426|2.464716|0.999999|1.000000|1.000001
AEG003_069_1027|13|-61.018791|207.625320|27.940125|6.814690|-31.089064|1.199409|0.999999|1.000000|1.000001
AEG003_069_1028|13|28.262146|153.444901|13.661148|6.854925|105.078606|1.048051|0.999999|1.000000|1.000001
AEG003_069_1029|13|21.242073|197.720825|-38.860168|-12.292829|144.205887|0.294658|0.999999|1.000000|1.000001
AEG003_069_1030|13|48.281868|190.245560|-20.072205|-6.483836|147.843506|5.049536|0.999999|1.000000|1.000001
AEG003_069_1031|13|-27.865677|153.505081|-38.382133|8.065125|49.619881|0.203131|0.999999|1.000000|1.000001
AEG003_069_1032|13|-30.974442|153.445267|-55.631523|-6.284478|44.689152|0.896096|0.999999|1.000000|1.000001
AEG003_069_1033|13|51.424484|153.517258|4.170670|14.166707|-65.929199|-0.367927|0.999999|1.000000|1.000001
AEG003_069_1034|13|15.294448|197.569092|-16.036556|-12.068287|-66.761238|-3.103285|0.999999|1.000000|1.000001
AEG003_071_1014|13|-40.093658|206.923630|1.398285|-0.086797|152.049667|0.000437|1.000000|1.000000|1.000000
AEG003_071_1015|13|-40.603642|206.927673|11.353135|-0.000000|111.760445|0.000437|1.000000|1.000000|1.000000
AEG003_071_1018|13|53.355072|191.518784|-68.802322|3.233132|111.119942|0.000000|1.000000|1.000000|1.000000
AEG003_071_1022|13|-31.544022|152.561142|3.378815|4.862821|85.966591|1.078432|1.000000|1.000000|1.000000
AEG003_071_1023|13|-36.424637|152.071030|-13.440430|-0.000001|175.255234|0.000001|1.000000|1.000000|1.000000
AEG003_071_1024|13|-34.089371|152.459488|22.157501|0.000002|26.598894|-0.000000|1.000000|1.000000|1.000000
AEG003_071_9000|13|-59.167999|209.632996|-14.667000|-0.087000|-2.950000|0.000000|1.000000|1.000000|1.000000
AEG003_071_9001|13|-63.347000|209.776993|-9.594000|-0.087000|132.050003|0.000000|1.000000|1.000000|1.000000
AEG003_079_1000|13|11.007172|196.755005|-16.710608|-5.650525|-4.186371|12.364172|1.000000|1.000000|1.000000
AEG003_079_1001|13|9.882494|196.790588|-16.169220|1.603018|177.287140|-3.415183|1.000000|1.000000|1.000000
AEG003_079_1002|13|-2.510529|198.867767|5.117317|-0.552969|-126.021950|3.531126|1.000000|1.000000|1.000000
AEG003_079_1003|13|-85.568085|207.202911|23.178106|-0.750228|-157.748871|2.886083|1.000000|1.000000|1.000000
AEG003_079_1004|13|-99.635635|243.170959|23.340132|-5.993255|22.637087|3.452714|1.000000|1.000000|1.000000
AEG003_079_1005|13|-100.274490|243.120438|24.345747|-0.646055|-96.533363|-4.944637|1.000000|1.000000|1.000000
AEG003_079_1006|13|-52.671829|207.149780|23.497572|7.564872|167.891510|-8.983829|1.000000|1.000000|1.000000
AEG003_079_1008|13|-52.902008|206.776245|-4.063435|0.000000|-38.116524|0.000000|1.000000|1.000000|1.000000
AEG003_079_1009|13|-53.775459|206.953415|-3.058062|0.000000|-113.962990|0.000000|1.000000|1.000000|1.000000
AEG003_079_1010|13|53.415451|191.615112|-62.376434|2.669101|-139.099564|-12.290711|1.000000|1.000000|1.000000
AEG003_079_1011|13|-34.084114|152.961121|-40.434612|7.349476|-38.361668|2.713826|1.000000|1.000000|1.000000
AEG003_079_1012|13|20.855347|111.965851|-24.899147|-0.737387|3.162269|-2.125663|1.000000|1.000000|1.000000
AEG003_079_1014|13|25.410645|148.134369|-42.652504|-3.185751|146.332626|-2.378927|1.000000|1.000000|1.000000
AEG003_079_1015|13|51.799446|189.289368|-10.680115|5.035161|-63.739319|6.036850|1.000000|1.000000|1.000000
AEG003_079_1016|13|-28.825844|152.457275|9.415783|-6.307278|-6.422527|-10.773260|1.000000|1.000000|1.000000
AEG003_079_1017|13|-28.661415|151.996704|-6.732380|-4.022863|113.828590|4.402195|1.000000|1.000000|1.000000
AEG003_079_1018|13|-29.496498|152.482788|8.533947|1.510018|74.693665|0.629798|1.000000|1.000000|1.000000
AEG003_079_1019|13|18.555908|111.830109|2.294792|18.342607|-120.372536|-11.845868|1.000000|1.000000|1.000000
AEG003_079_1020|13|15.277758|196.790588|-14.555098|3.333215|-145.778183|-1.767278|1.000000|1.000000|1.000000
AEG003_084_1000|13|25.420773|112.222046|-26.677036|-2.377650|170.604446|-7.241469|1.000000|1.000000|1.000000
AEG003_085_1000|13|20.907238|112.159668|-23.532393|-3.690553|-11.991394|-3.805645|1.000000|1.000000|1.000000
AEG003_405_1000|13|-85.224129|209.711411|22.832031|0.000000|178.423050|0.000000|1.000000|1.000000|1.000000
AEG003_405_1001|13|-76.558815|209.711411|24.569016|0.000000|170.055771|0.000000|1.000000|1.000000|1.000000
AEG003_405_1003|13|-102.219673|245.281784|25.054108|-2.243403|-177.651688|1.008027|1.000000|1.000000|1.000000
AEG003_405_1006|13|-85.438393|233.084946|28.915085|-0.000000|177.348312|-0.000000|1.000000|1.000000|1.000000
AEG003_405_1007|13|-91.002617|237.200516|34.223709|-0.000000|-97.651680|-0.000000|1.000000|1.000000|1.000000
AEG003_405_1028|13|-85.486694|209.711411|30.272385|-2.243404|-2.337182|1.008027|1.000000|1.000001|1.000001
AEG003_405_1029|13|-89.359047|209.756088|29.131775|-0.000000|-90.000000|-0.000000|1.000000|1.000000|1.000000
AEG003_405_1030|13|-89.366768|209.772018|22.778397|-0.000000|-90.000000|-0.000000|1.000000|1.000000|1.000000
AEG003_405_1031|13|-90.724907|229.853989|29.131775|-0.000000|-90.000000|-0.000000|1.000000|1.000000|1.000000
AEG003_405_1032|13|-90.732620|229.869919|22.743896|-0.000000|-90.000000|-0.000000|1.000000|1.000000|1.000000
AEG003_405_1033|13|-94.126564|245.746262|29.131775|-0.000000|89.999985|-0.000000|1.000000|1.000000|1.000000
AEG003_405_1034|13|-94.138641|245.724838|22.862122|-0.000000|89.999985|-0.000000|1.000000|1.000000|1.000000
AEG003_405_1035|13|-90.724907|239.355423|29.131775|-0.000000|-90.000000|-0.000000|1.000000|1.000000|1.000000
AEG003_405_1036|13|-90.732643|239.371384|22.758209|-0.000000|-90.000000|-0.000000|1.000000|1.000000|1.000000
AEG003_405_1037|13|-90.732643|221.700851|22.773270|-0.000000|-90.000000|-0.000000|1.000000|1.000000|1.000000
AEG003_405_1038|13|-90.724907|221.684921|29.166031|-0.000000|-90.000000|-0.000000|1.000000|1.000000|1.000000
AEG003_405_1039|13|-76.278297|209.711411|27.515427|0.000000|-2.337181|0.000000|1.000000|1.000000|1.000000
AEG003_405_1044|13|56.430969|155.643845|11.441193|0.000000|80.055702|0.000000|1.000000|1.000000|1.000000
AEG003_405_1045|13|51.868195|155.688522|-1.359039|-0.000000|179.999954|-0.000000|1.000000|1.000000|1.000000
AEG003_405_1046|13|58.221588|155.704453|-1.366730|-0.000000|179.999954|-0.000000|1.000000|1.000000|1.000000
AEG003_405_1047|13|51.868195|191.678696|-6.126556|-0.000000|-0.000027|-0.000000|1.000000|1.000000|1.000000
AEG003_405_1048|13|58.137894|191.657272|-6.138626|-0.000000|-0.000027|-0.000000|1.000000|1.000000|1.000000
AEG003_405_1049|13|51.868225|185.287827|-2.724884|-0.000000|179.999954|-0.000000|1.000000|1.000000|1.000000
AEG003_405_1050|13|51.868225|175.786423|-2.724884|-0.000000|179.999954|-0.000000|1.000000|1.000000|1.000000
AEG003_405_1051|13|58.256104|175.802353|-2.732605|-0.000000|179.999954|-0.000000|1.000000|1.000000|1.000000
AEG003_405_1053|13|58.167938|155.643845|2.775909|0.000000|88.423042|0.000000|1.000000|1.000000|1.000000
AEG003_405_1054|13|58.226715|167.633286|-2.732605|-0.000000|179.999954|-0.000000|1.000000|1.000000|1.000000
AEG003_405_1055|13|51.833984|167.617355|-2.724884|-0.000000|179.999954|-0.000000|1.000000|1.000000|1.000000
AEG003_405_1056|13|53.484558|155.643845|11.721725|0.000000|-92.337204|0.000000|1.000001|1.000000|1.000001
AEG003_405_1057|13|50.727631|155.643845|2.513306|-2.243403|-92.337181|1.008026|1.000000|1.000001|1.000001
AEG003_405_1059|13|58.241760|185.303818|-2.732605|-0.000000|179.999954|-0.000000|1.000000|1.000000|1.000000
AEG003_405_1060|13|22.793762|150.281784|-50.106606|-2.243404|127.348236|1.008027|1.000000|1.000000|1.000000
AEG003_405_1061|13|20.084900|138.084946|-28.438370|-0.000000|87.348320|-0.000000|1.000000|1.000000|1.000000
AEG003_405_1062|13|19.868225|144.355423|-33.724884|-0.000000|179.999954|-0.000000|1.000000|1.000000|1.000000
AEG003_405_1063|13|19.868225|134.853989|-33.724884|-0.000000|179.999954|-0.000000|1.000000|1.000000|1.000000
AEG003_405_1064|13|26.256104|134.869919|-33.732597|-0.000000|179.999954|-0.000000|1.000000|1.000000|1.000000
AEG003_405_1065|13|22.004730|150.194992|-45.983849|-0.000000|-88.049927|-0.000000|1.000000|1.000000|1.000000
AEG003_405_1066|13|26.167938|114.711411|-28.224098|0.000000|88.423042|0.000000|1.000000|1.000000|1.000000
AEG003_405_1067|13|26.226715|126.700851|-33.732597|-0.000000|179.999954|-0.000000|1.000000|1.000000|1.000000
AEG003_405_1068|13|19.833984|126.684921|-33.724884|-0.000000|179.999954|-0.000000|1.000000|1.000000|1.000000
AEG003_405_1069|13|21.484558|114.711411|-19.278267|0.000000|-92.337204|0.000000|1.000001|1.000000|1.000001
AEG003_405_1070|13|24.430969|114.711411|-19.558784|0.000000|80.055702|0.000000|1.000000|1.000000|1.000000
AEG003_405_1071|13|19.868195|114.756088|-32.359024|-0.000000|179.999954|-0.000000|1.000000|1.000000|1.000000
AEG003_405_1072|13|26.221588|114.772018|-32.366737|-0.000000|179.999954|-0.000000|1.000000|1.000000|1.000000
AEG003_405_1073|13|19.868195|150.746262|-37.126526|-0.000000|-0.000027|-0.000000|1.000000|1.000000|1.000000
AEG003_405_1074|13|26.137894|150.724838|-37.138618|-0.000000|-0.000027|-0.000000|1.000000|1.000000|1.000000
AEG003_405_1075|13|18.727631|114.711411|-28.486694|-2.243403|-92.337181|1.008026|1.000000|1.000001|1.000001
AEG003_405_1077|13|26.241760|144.371384|-33.732597|-0.000000|179.999954|-0.000000|1.000000|1.000000|1.000000
AEG003_405_1078|13|8.013878|199.388412|-18.181015|-0.000000|91.248299|-0.000000|1.000000|1.000000|1.000000
AEG003_405_1079|13|-29.799492|209.210007|14.848337|-0.000000|0.413127|-0.000000|1.000000|1.000000|1.000000
AEG003_405_1081|13|15.286694|199.822006|-11.008957|-0.000000|0.975089|-0.000000|1.000000|1.000000|1.000000
AEG003_405_1082|13|9.186382|199.822006|-11.008957|-0.000000|0.975089|-0.000000|1.000000|1.000000|1.000000
AEG003_405_1083|13|31.233700|155.463882|22.904356|-0.000000|-2.894321|-0.000000|1.000000|1.000000|1.000000
AEG003_405_1084|13|-5.233433|154.505539|8.997953|-0.000000|-179.586868|-0.000000|1.000000|1.000000|1.000000
AEG003_405_1085|13|9.159719|191.850571|-4.150803|-0.000000|-178.031464|-0.000000|1.000000|1.000000|1.000000
AEG003_405_1086|13|15.383297|191.850571|-4.150803|-0.000000|-178.031464|-0.000000|1.000000|1.000000|1.000000
AEG003_405_1087|13|15.383297|182.020157|-4.150803|-0.000000|-178.031464|-0.000000|1.000000|1.000000|1.000000
AEG003_405_1088|13|9.159719|182.020157|-4.150803|-0.000000|-178.031464|-0.000000|1.000000|1.000000|1.000000
AEG003_405_1089|13|15.383297|172.913788|-4.150803|-0.000000|-178.031464|-0.000000|1.000000|1.000000|1.000000
AEG003_405_1090|13|9.159719|172.913788|-4.150803|-0.000000|-178.031464|-0.000000|1.000000|1.000000|1.000000
AEG003_405_1091|13|15.383297|164.520142|-4.150803|-0.000000|-178.031464|-0.000000|1.000000|1.000000|1.000000
AEG003_405_1092|13|9.159719|164.520142|-4.150803|-0.000000|-178.031464|-0.000000|1.000000|1.000000|1.000000
AEG003_405_1093|13|15.383297|158.981995|-4.150803|-0.000000|-178.031464|-0.000000|1.000000|1.000000|1.000000
AEG003_405_1094|13|9.159719|158.981995|-4.150803|-0.000000|-178.031464|-0.000000|1.000000|1.000000|1.000000
AEG003_405_1095|13|28.800884|179.340317|19.133495|-0.000000|85.000008|-0.000000|1.000000|1.000000|1.000000
AEG003_405_1096|13|-66.583313|209.221893|27.062424|0.000000|-2.337181|0.000000|1.000000|1.000000|1.000000
AEG003_405_1097|13|-56.244568|209.455719|17.874924|0.000000|145.550369|0.000000|1.000000|1.000000|1.000000
AEG003_405_1098|13|8.026573|199.388412|-33.395260|-0.000000|91.248299|-0.000000|1.000000|1.000000|1.000000
AEG003_405_1099|13|14.004986|199.388412|-40.969112|-0.000000|5.053619|-0.000000|1.000000|1.000000|1.000000
AEG003_405_1100|13|46.805843|155.241104|20.945250|-0.000000|-175.637756|-0.000000|1.000000|1.000000|1.000000
AEG003_405_1101|13|51.997421|179.415970|2.566530|-0.000000|83.435555|-0.000000|1.000000|1.000000|1.000000
AEG003_405_1103|13|44.018295|179.227402|16.973818|-0.000000|-169.391586|-0.000000|1.000000|1.000000|1.000000
AEG003_405_1104|13|-29.285473|155.117188|-43.686485|-0.000000|92.629059|-0.000000|1.000000|1.000000|1.000000
AEG003_405_1105|13|-33.740063|155.117188|-50.840294|-0.000000|-95.141106|-0.000000|1.000000|1.000000|1.000000
AEG003_405_1106|13|-29.318554|150.633240|-50.699669|-0.000000|-173.496841|-0.000000|1.000000|1.000000|1.000000
AEG003_405_1107|13|7.557171|150.460815|-54.042686|-0.000000|172.212189|-0.000000|1.000000|1.000000|1.000000
AEG003_405_1108|13|-33.235561|150.633240|-43.485313|-0.000000|-77.406578|-0.000000|1.000000|1.000000|1.000000
AEG003_405_1110|13|35.691772|191.568542|-36.349518|-0.000000|-148.884460|-0.000000|1.000000|1.000000|1.000000
AEG003_405_1111|13|28.772339|191.717987|-44.924530|-0.000000|-177.417068|-0.000000|1.000000|1.000000|1.000000
AEG003_405_1113|13|-29.678967|154.552612|6.724037|-0.000000|-158.897644|-0.000000|1.000000|1.000000|1.000000
AEG003_405_1114|13|-34.954361|154.552612|-9.155602|-0.000000|-178.921906|-0.000000|1.000000|1.000000|1.000000
AEG003_405_1115|13|-18.252567|206.812531|13.075082|-0.000000|-179.586914|-0.000000|1.000000|1.000000|1.000000
AEG003_405_1116|13|-5.827690|203.477188|15.041204|-0.000000|-89.586876|-0.000000|1.000000|1.000000|1.000000
AEG003_405_1117|13|25.560986|114.373901|5.190494|-0.000000|112.864265|-0.000000|1.000000|1.000000|1.000000
AEG003_405_1118|13|29.354189|114.373901|13.566757|-0.000000|120.413109|-0.000000|1.000000|1.000000|1.000000
AEG003_405_1120|13|27.426842|114.373901|29.061630|-0.000000|63.088722|-0.000000|1.000000|1.000000|1.000000
AEG003_405_1121|13|21.819632|114.188477|32.229362|-0.000000|27.343418|-0.000000|1.000000|1.000000|1.000000
AEG003_405_1122|13|17.948584|114.373901|2.087595|-0.000000|-148.626053|-0.000000|1.000000|1.000000|1.000000
AEG003_405_1126|13|-1.884075|114.029419|23.115372|-0.000000|-98.456718|-0.000000|1.000000|1.000000|1.000000
AEG003_405_1127|13|4.957325|114.089600|32.432968|-0.000000|-45.546093|-0.000000|1.000000|1.000000|1.000000
AEG003_405_1128|13|-5.195423|154.369751|10.088877|-0.000000|-172.361130|-0.000000|1.000000|1.000000|1.000000
AEG020_000_1003|13|-78.000000|231.199997|30.000000|0.000000|90.000092|0.000000|1.000000|1.000000|1.000000
AEG020_000_1004|13|-90.000023|235.199997|41.999969|0.000000|0.000000|0.000000|1.000000|1.000000|1.000000
AEG020_000_1007|13|19.000015|136.199997|-21.000000|0.000000|0.000109|0.000000|1.000000|1.000000|1.000000
AEG020_000_1008|13|47.000000|180.999985|-2.000000|0.000000|-89.999901|0.000000|1.000000|1.000000|1.000000
AEG020_000_1009|13|15.019058|140.145020|-33.041557|0.000000|-89.999878|0.000000|1.000000|1.000000|1.000000
AEG020_000_1011|13|-25.000000|152.199997|-1.000000|0.000000|90.000092|0.000000|1.000000|1.000000|1.000000
AEG020_003_1000|13|-42.604752|148.000000|-45.009537|0.000000|-74.999992|0.000000|1.000000|1.000000|1.000000
AEG020_005_1000|13|-110.000023|243.199997|25.999969|0.000000|-90.000000|0.000000|1.000000|1.000000|1.000000
AEG020_005_1001|13|-102.000015|243.199997|25.999969|0.000000|90.000000|0.000000|1.000000|1.000000|1.000000
AEG020_005_1002|13|-90.000000|235.199997|34.435425|0.000000|-0.000010|0.000000|1.000000|1.000000|1.000000
AEG020_005_1003|13|-86.000000|231.199997|30.000000|0.000000|89.999969|0.000000|1.000000|1.000000|1.000000
AEG020_005_1004|13|-66.000000|207.199997|26.000000|0.000000|89.999969|0.000000|1.000000|1.000000|1.000000
AEG020_005_1005|13|-73.999992|207.199997|26.000000|0.000000|-90.000053|0.000000|1.000000|1.000000|1.000000
AEG020_005_1006|13|-30.000000|207.199997|14.000000|0.000000|89.999924|0.000000|1.000000|1.000000|1.000000
AEG020_005_1007|13|-21.986441|205.241348|14.000000|0.000000|-90.000046|0.000000|1.000000|1.000000|1.000000
AEG020_005_1008|13|6.999999|197.163864|-25.999996|0.000000|-0.000040|0.000000|1.000000|1.000000|1.000000
AEG020_005_1009|13|7.000000|197.144821|-33.931152|0.000000|-0.000040|0.000000|1.000000|1.000000|1.000000
AEG020_005_1010|13|55.000011|193.199997|-54.000000|0.000000|-179.999893|0.000000|1.000000|1.000000|1.000000
AEG020_005_1011|13|54.999992|189.171646|-13.999962|0.000000|-179.999893|0.000000|1.000000|1.000000|1.000000
AEG020_005_1012|13|51.000000|177.199997|2.000000|0.000000|0.000141|0.000000|1.000000|1.000000|1.000000
AEG020_005_1013|13|51.000000|177.199997|10.000000|0.000000|-179.999939|0.000000|1.000000|1.000000|1.000000
AEG020_005_1014|13|42.484680|177.199997|18.000000|0.000000|-90.000046|0.000000|1.000000|1.000000|1.000000
AEG020_005_1015|13|35.000000|177.199997|18.000000|0.000000|-89.999969|0.000031|1.000000|1.000000|1.000000
AEG020_005_1016|13|30.999996|177.126022|18.000013|0.000000|89.999969|0.000046|1.000000|1.000000|1.000000
AEG020_005_1017|13|55.000000|153.199997|14.000000|0.000000|-0.000080|0.000046|1.000000|1.000000|1.000000
AEG020_005_1018|13|47.021851|153.199997|22.000000|0.000000|90.000175|0.000046|1.000000|1.000000|1.000000
AEG020_005_1019|13|39.000000|153.199997|22.000000|-0.000000|-89.999901|0.000103|1.000000|1.000000|1.000000
AEG020_005_1020|13|-13.000000|152.199997|11.000000|0.000000|-90.000122|0.000103|1.000000|1.000000|1.000000
AEG020_005_1021|13|-32.999985|152.265198|-25.000002|-0.000000|-175.000015|0.000103|1.000000|1.000000|1.000000
AEG020_005_1022|13|-13.000000|148.199997|-37.000000|0.000000|-0.000080|0.000103|1.000000|1.000000|1.000000
AEG020_005_1023|13|-0.812012|148.159225|-52.999992|-0.000000|89.999969|0.000103|1.000000|1.000000|1.000000
AEG020_005_1024|13|7.000002|148.216354|-52.999992|0.000000|-90.000122|0.000103|1.000000|1.000000|1.000000
AEG020_005_1025|13|15.000000|148.199997|-52.999992|-0.000000|99.999863|0.000103|1.000000|1.000000|1.000000
AEG020_005_1026|13|23.000000|148.199997|-44.999992|0.000000|-0.000008|0.000103|1.000000|1.000000|1.000000
AEG020_005_1027|13|19.000000|136.199997|-29.000000|0.000000|0.000210|0.000103|1.000000|1.000000|1.000000
AEG020_005_1028|13|23.000000|112.199997|-16.999992|0.000000|179.999924|0.000103|1.000000|1.000000|1.000000
AEG020_005_1029|13|23.000000|112.199997|-8.999985|0.000000|0.000064|0.000103|1.000000|1.000000|1.000000
AEG020_030_1000|13|-13.000000|148.199997|-37.000000|0.000000|0.000000|0.000000|1.000000|1.000000|1.000000
AEG020_030_1001|13|55.000011|193.199997|-54.000000|0.000000|-179.999939|0.000000|1.000000|1.000000|1.000000
AEG020_300_1000|13|-8.871437|146.204819|-28.454643|0.000000|60.000015|0.000000|1.000000|1.000000|1.000000
AEG020_300_1001|13|51.619049|191.445419|-61.811241|0.000000|-120.000008|0.000000|1.000000|1.000000|1.000000
AEG020_300_1004|13|-29.837959|152.199997|28.935616|0.000000|4.999908|0.000000|1.000000|1.000000|1.000000
AEG020_300_1005|13|-37.005402|207.000000|-1.967008|0.000000|89.999947|0.000000|1.000000|1.000000|1.000000
AEG020_300_1007|13|18.554810|189.048355|-42.001259|0.000000|-94.999992|0.000000|1.000000|1.000000|1.000000
AEG020_410_1002|13|-102.000023|243.199997|25.999969|0.000000|-90.000000|0.000000|1.000000|1.000000|1.000000
AEG020_410_1003|13|-90.000000|235.199997|34.000000|0.000000|0.000000|0.000000|1.000000|1.000000|1.000000
AEG020_410_1004|13|-86.000000|231.199997|30.000000|0.000000|90.000092|0.000000|1.000000|1.000000|1.000000
AEG020_410_1005|13|-66.000000|207.199997|26.000000|0.000000|-89.999832|0.000000|1.000000|1.000000|1.000000
AEG020_410_1008|13|23.000000|112.199997|-16.999992|0.000000|0.000000|0.000000|1.000000|1.000000|1.000000
AEG020_410_1010|13|51.000000|177.199997|2.000000|0.000000|0.000109|0.000000|1.000000|1.000000|1.000000
AEG020_410_1011|13|39.000000|153.199997|22.000000|0.000000|90.000122|0.000000|1.000000|1.000000|1.000000
AEG020_410_1012|13|31.000000|153.199997|22.000000|0.000000|90.000122|0.000000|1.000000|1.000000|1.000000
AEG020_410_1013|13|35.000000|177.199997|18.000000|0.000000|90.000122|0.000000|1.000000|1.000000|1.000000
AEG020_410_1015|13|7.000000|148.199997|-52.999992|0.000000|90.000008|0.000000|1.000000|1.000000|1.000000
AEG020_410_1016|13|-1.000000|148.199997|-52.999992|0.000000|90.000008|0.000000|1.000000|1.000000|1.000000
AEG020_410_1017|13|7.000000|197.199997|-34.000000|0.000000|0.000027|0.000000|1.000000|1.000000|1.000000
AEG020_410_1018|13|7.000000|197.199997|-26.000000|0.000000|0.000027|0.000000|1.000000|1.000000|1.000000
AEG020_410_1019|13|-13.000000|152.199997|11.000000|0.000000|90.000061|0.000000|1.000000|1.000000|1.000000
AEG020_410_1020|13|19.000000|136.199997|-29.000000|0.000000|0.000109|0.000000|1.000000|1.000000|1.000000
AEG020_411_1000|13|21.000000|112.201584|39.000000|0.000000|-180.000000|0.000000|1.000000|1.000000|1.000000
AEG020_414_1000|13|-30.000000|207.199997|14.000000|0.000000|90.000290|0.000000|1.000000|1.000000|1.000000
AEG020_420_1000|13|55.000000|153.199997|14.000000|0.000000|0.000000|0.000000|1.000000|1.000000|1.000000
AEG020_420_1001|13|51.000000|177.199997|10.000000|0.000000|0.000000|0.000000|1.000000|1.000000|1.000000
AEG020_420_1002|13|15.000000|148.199997|-52.999992|0.000000|90.000008|0.000000|1.000000|1.000000|1.000000
AEG020_420_1003|13|7.000000|197.199997|-34.000000|0.000000|-179.999939|0.000000|1.000000|1.000000|1.000000
AEG020_430_1000|13|30.999996|177.199997|18.000013|0.000000|90.000122|0.000000|1.000000|1.000000|1.000000
AEG020_441_1000|13|-22.000000|205.199997|14.000000|0.000000|89.999985|0.000000|1.000000|1.000000|1.000000
AEG020_574_1000|13|21.000000|112.199997|39.000000|0.000000|180.000000|0.000000|1.000000|1.000000|1.000000
AEG020_590_1000|13|21.000000|112.201584|39.000000|0.000000|-180.000000|0.000000|1.000000|1.000000|1.000000
AEG020_591_1000|13|21.000000|112.199997|39.000000|0.000000|180.000000|0.000000|1.000000|1.000000|1.000000
AEG020_592_1000|13|21.000000|112.199997|39.000000|0.000000|180.000000|0.000000|1.000000|1.000000|1.000000
AEG020_593_1000|13|21.000000|112.199997|39.000000|0.000000|180.000000|0.000000|1.000000|1.000000|1.000000
AEG020_594_1000|13|21.000000|112.199997|39.000000|0.000000|180.000000|0.000000|1.000000|1.000000|1.000000
AEG020_595_1000|13|21.000000|112.199997|39.000000|0.000000|-180.000000|0.000000|1.000000|1.000000|1.000000
AEG020_596_1000|13|21.000000|112.199997|39.000000|0.000000|180.000000|0.000000|1.000000|1.000000|1.000000
AEG020_597_1000|13|21.000000|112.199997|39.000000|0.000000|180.000000|0.000000|1.000000|1.000000|1.000000
AEG020_598_1000|13|21.000000|112.199997|39.000000|0.000000|180.000000|0.000000|1.000000|1.000000|1.000000
AEG020_603_1000|13|-1.000000|148.199997|-52.999992|0.000000|-90.000000|0.000000|1.000000|1.000000|1.000000
AEG020_616_1000|13|15.000000|189.199982|-41.999992|0.000000|90.000008|0.000000|1.000000|1.000000|1.000000
AEG020_620_1000|13|-102.000000|243.199997|26.000000|0.000000|-90.000000|0.000000|1.000000|1.000000|1.000000
AEG020_620_1001|13|55.000000|189.199997|-14.000000|0.000000|179.999954|0.000000|1.000000|1.000000|1.000000
AEG020_620_1003|13|23.000000|148.199997|-44.999992|0.000000|179.999954|0.000000|1.000000|1.000000|1.000000
AEG020_621_1000|13|-102.000000|243.199997|26.000000|0.000000|-90.000000|0.000000|1.000000|1.000000|1.000000
AEG020_621_1001|13|55.000015|189.132431|-13.999985|0.000000|179.999954|0.000000|1.000000|1.000000|1.000000
AEG020_621_1002|13|22.999985|148.199997|-44.999977|0.000000|179.999954|0.000000|1.000000|1.000000|1.000000
AEG020_622_1000|13|-102.000000|243.199997|26.000000|0.000000|-90.000000|0.000000|1.000000|1.000000|1.000000
AEG020_622_1001|13|55.000015|189.132431|-13.999985|0.000000|179.999954|0.000000|1.000000|1.000000|1.000000
AEG020_622_1002|13|22.999985|148.199997|-44.999977|0.000000|179.999954|0.000000|1.000000|1.000000|1.000000
AEG020_623_1000|13|-102.000000|243.199997|26.000000|0.000000|-90.000000|0.000000|1.000000|1.000000|1.000000
AEG020_623_1001|13|55.000015|189.132431|-13.999985|0.000000|179.999954|0.000000|1.000000|1.000000|1.000000
AEG020_623_1002|13|22.999985|148.199997|-44.999977|0.000000|179.999954|0.000000|1.000000|1.000000|1.000000
AEG020_642_1000|13|-41.276318|207.199997|5.832123|0.000000|44.999985|0.000000|1.000000|1.000000|1.000000
AEG020_642_1001|13|-53.741394|207.199997|18.501465|0.000000|145.000000|0.000000|1.000000|1.000000|1.000000
AEG020_642_1002|13|-32.364933|152.199997|-9.297188|0.000000|0.000000|0.000000|1.000000|1.000000|1.000000
AEG020_642_1003|13|-36.637047|152.307297|-0.251583|0.000000|110.000015|0.000000|1.000000|1.000000|1.000000
AEG020_642_1004|13|-27.743917|152.199997|4.968940|0.000000|-160.000000|0.000000|1.000000|1.000000|1.000000
AEG020_642_1005|13|-24.504429|152.199997|13.836832|0.000000|145.000031|0.000000|1.000000|1.000000|1.000000
AEG020_643_1000|13|-36.637047|152.307297|-0.251583|0.000000|109.999992|0.000000|1.000000|1.000000|1.000000
AEG020_644_1000|13|-24.504431|152.199997|13.836832|0.000000|145.000000|0.000000|1.000000|1.000000|1.000000
AEG020_650_1000|13|-34.000000|207.199997|-2.000000|0.000000|-90.000000|0.000000|1.000000|1.000000|1.000000
AEG020_651_1000|13|-34.000000|207.199997|-2.000000|0.000000|-90.000000|0.000000|1.000000|1.000000|1.000000
AEG020_670_1000|13|-13.000000|152.199997|11.000000|0.000000|-90.000008|0.000000|1.000000|1.000000|1.000000
AEG020_930_1031|13|-83.130257|207.215347|21.238480|-0.253429|75.937233|2.260546|0.999999|1.000000|1.000000
AEG020_930_1032|13|-77.590004|207.313736|29.734787|2.059032|-83.352699|5.662935|1.000000|1.000002|1.000002
AEG020_930_1033|13|-93.113960|207.427261|33.680786|2.258333|77.517120|-2.783736|1.000000|0.999999|1.000000
AEG020_930_1034|13|-98.538284|207.279343|21.532547|-1.474448|124.801231|4.648462|1.000000|1.000000|1.000001
AEG020_930_1035|13|-87.283615|207.236374|33.171982|4.835146|119.173836|-0.615329|1.000001|1.000000|1.000001
AEG020_930_1036|13|47.828018|153.168808|0.716385|4.835145|29.173685|-0.615326|1.000000|1.000000|1.000001
AEG020_930_1037|13|47.319183|153.359665|-5.113953|2.258334|-12.482919|-2.783736|1.000000|0.999999|1.000000
AEG020_930_1038|13|59.467453|153.211777|-10.538284|-1.474450|34.801224|4.648463|1.000000|1.000000|1.000001
AEG020_930_1039|13|51.265198|153.246140|10.410019|2.059029|-173.352722|5.662937|1.000000|1.000003|1.000002
AEG020_930_1040|13|59.761505|153.147751|4.869781|-0.253424|-14.062813|2.260547|0.999999|1.000000|1.000000
AEG020_930_1041|13|15.828018|112.236374|-30.283615|4.835145|29.173685|-0.615326|1.000000|1.000000|1.000001
AEG020_930_1042|13|15.319183|112.427261|-36.113922|2.258334|-12.482919|-2.783736|1.000000|0.999999|1.000000
AEG020_930_1043|13|27.467453|112.279343|-41.538261|-1.474450|34.801224|4.648463|1.000000|1.000000|1.000001
AEG020_930_1044|13|19.265198|112.313736|-20.589981|2.059029|-173.352722|5.662937|1.000000|1.000003|1.000002
AEG020_930_1045|13|27.761505|112.215347|-26.130226|-0.253424|-14.062813|2.260547|0.999999|1.000000|1.000000
AEG020_930_1046|13|0.279521|155.032410|-6.868573|-1.153732|142.071686|-0.615321|1.000001|1.000000|1.000001
AEG020_930_1047|13|-3.294085|152.883682|3.821280|0.449836|-16.122000|4.858846|1.000001|1.000000|1.000001
AEG020_930_1048|13|-0.725426|152.882126|-3.699722|-2.265764|161.478134|-4.322771|1.000001|1.000000|1.000001
AEG020_930_1049|13|-0.995785|171.810532|-13.333741|-2.767584|168.488739|-5.237281|1.000001|1.000000|1.000001
AEG020_930_1050|13|8.211249|172.055695|-15.577050|-3.758174|-172.515091|2.516898|1.000001|1.000000|1.000001
AEG020_930_1051|13|3.205245|172.195038|-17.662617|-2.737210|94.682465|0.470952|1.000001|1.000000|1.000001
AEG020_930_1052|13|2.758430|152.968674|-1.732925|-1.249144|174.416916|1.621979|1.000001|1.000000|1.000001
AEG020_930_1053|13|4.587760|155.047073|-10.062428|0.177477|-83.328537|-0.389578|1.000001|1.000000|1.000001
AEG020_930_1054|13|29.218800|177.117432|11.441021|1.635229|175.522202|-0.343395|1.000001|1.000000|1.000001
AEG020_930_1055|13|25.078796|169.083420|1.563950|-0.000000|81.322929|-0.000000|1.000001|1.000000|1.000001
AEG020_930_1056|13|-0.763268|163.733932|21.791122|-2.386100|-105.436172|-8.388742|1.000001|1.000000|1.000001
AEG020_930_1059|13|0.219994|152.996384|-3.543472|-2.265765|92.059265|-4.322774|1.000001|1.000000|1.000001
AEG020_930_1060|13|-42.164490|207.202652|13.765793|0.270502|-143.363022|4.341569|1.000000|1.000002|1.000002
AEG020_930_1061|13|-37.032822|206.974258|17.519455|3.575382|67.655716|-2.320778|1.000000|1.000002|1.000002
AEG020_930_1062|13|-36.439880|206.830948|6.263474|-1.170484|-154.406586|3.395451|1.000000|1.000003|1.000002
AEG020_930_1063|13|-46.378601|207.433853|-12.872147|-8.949230|-139.115921|-5.373575|1.000000|1.000003|1.000002
AEG020_930_1064|13|-40.681274|207.098892|-7.062576|0.787777|59.206573|-0.000001|1.000000|1.000002|1.000002
AEG020_930_1065|13|-47.324829|206.852615|18.308525|-1.625670|-33.768360|-3.076273|1.000000|1.000003|1.000002
AEG020_930_1066|13|-52.436279|207.040649|25.703423|0.000001|144.197281|-0.000001|1.000000|1.000003|1.000002
AEG020_930_1067|13|-60.345150|207.587296|20.263664|3.044325|-35.357658|-4.400000|1.000000|1.000002|1.000002
AEG020_930_1068|13|-67.532166|207.191040|23.781132|2.367975|-80.579636|-6.627873|1.000000|1.000003|1.000002
AEG020_930_1069|13|24.527935|188.860031|-34.405933|-1.008426|75.011070|-0.082134|1.000001|1.000000|1.000001
AEG020_930_1070|13|28.489849|188.749435|-50.100025|10.021226|70.799286|-1.648128|1.000001|1.000000|1.000001
AEG020_930_1071|13|-18.983181|151.917831|7.213945|-1.815258|70.951973|4.717230|1.000000|1.000003|1.000002
AEG020_930_1072|13|-26.736864|151.974197|-6.917740|0.878226|-171.651962|2.421083|1.000000|1.000003|1.000002
AEG020_930_1073|13|-38.663254|152.031754|-15.066483|0.691762|172.192917|-1.381037|1.000000|1.000003|1.000002
AEG020_930_1074|13|-24.535936|148.110611|-41.787552|7.045998|144.005341|-2.383221|1.000000|1.000002|1.000002
AEG020_930_1076|13|-52.278847|209.306778|-17.696854|3.879846|50.881733|-2.751937|1.000000|1.000003|1.000002
AEG020_930_1077|13|-34.672188|152.611206|16.432331|0.878219|117.052559|2.421085|1.000000|1.000002|1.000002
AEG020_930_1078|13|-22.185127|152.092072|20.569742|0.553055|162.401443|0.157012|1.000000|1.000003|1.000002
AEG020_930_1079|13|-38.414917|152.683533|6.634902|2.695624|113.639297|-2.990000|1.000000|1.000002|1.000002
AEG020_930_1080|13|51.110271|193.027512|-51.336887|-0.251764|-46.034752|-4.768273|1.000001|1.000000|1.000001
AEG020_930_1081|13|27.699160|112.303329|6.143028|5.480596|-147.762955|-13.413387|1.000000|1.000003|1.000002
AEG020_930_1082|13|13.377512|110.687195|41.461292|0.427873|-81.427757|-4.874557|1.000000|1.000003|1.000002
AEG020_930_1083|13|20.319897|111.718086|37.787411|6.313998|-65.970444|-0.711506|1.000000|1.000003|1.000002
AEG020_930_1089|13|-25.217478|151.888382|0.239183|0.000003|176.305252|0.000000|1.000000|1.000003|1.000002
AEG020_930_1090|13|-37.789658|147.561661|-44.378746|-0.969263|91.437683|-1.825568|1.000000|1.000003|1.000002
AEG020_930_1091|13|-30.301132|152.572159|-29.014664|-2.467666|175.462036|-3.292927|1.000000|1.000003|1.000002
AEG020_930_1092|13|-36.256172|152.588989|23.292194|3.387308|27.036228|-6.408794|1.000000|1.000002|1.000002
AEG020_930_1093|13|-29.477219|148.626480|-37.784042|-1.202312|-107.860382|4.638544|1.000000|1.000003|1.000002
AEG020_930_1094|13|14.248978|197.206192|-44.689651|0.585508|84.121910|2.875363|1.000000|1.000002|1.000002
AEG020_930_1096|13|-34.495415|206.740738|18.663254|1.603921|136.583786|-3.284380|1.000000|1.000003|1.000002
AEG020_930_1097|13|-30.660126|206.639542|11.795151|-3.454549|-99.561562|3.978338|1.000000|1.000003|1.000002
AEG020_930_1098|13|-26.242193|152.065460|27.183573|0.553055|147.000900|0.157012|1.000000|1.000003|1.000002
AEG020_930_1099|13|-32.000496|152.592285|29.216267|-2.132651|-149.856339|11.086164|1.000000|1.000003|1.000002
AEG020_930_1100|13|-47.613739|152.780212|-3.689622|2.046431|61.030350|-0.145917|1.000000|1.000002|1.000002
AEG020_930_1101|13|-45.283127|152.849579|8.555281|1.712634|-96.965843|-1.413952|1.000000|1.000003|1.000002
AEG020_930_1102|13|-28.326685|152.246841|-15.871824|0.691761|177.192917|-1.381037|1.000000|1.000003|1.000002
AEG020_930_1103|13|-29.271366|152.168976|-21.152370|0.691761|12.192943|-1.381037|1.000000|1.000003|1.000002
AEG020_930_1104|13|-17.022905|147.114395|-28.386335|-0.000002|70.432335|0.000000|1.000000|1.000003|1.000002
AEG020_930_1105|13|-19.848057|147.441910|-59.904541|0.000005|-84.567703|-0.000000|1.000000|1.000003|1.000002
AEG020_930_1106|13|-30.177525|147.393692|-56.982910|0.000003|120.432327|-0.000000|1.000000|1.000003|1.000002
AEG020_930_1107|13|50.399334|189.213974|-16.983082|6.106286|44.436619|0.532479|1.000001|1.000000|1.000001
AEG020_930_1108|13|43.162151|189.055542|-23.310719|-1.009484|-137.241226|2.625196|1.000001|1.000000|1.000001
AEG020_930_1109|13|37.760906|189.231079|-29.690235|-1.008426|32.711033|-0.082132|1.000001|1.000000|1.000001
AEG020_930_1110|13|31.864178|189.297363|-33.162281|-1.008426|-97.289001|-0.082127|1.000001|1.000000|1.000001
AEG020_930_1111|13|52.278484|189.632568|-36.202442|8.229257|17.413481|3.763077|1.000001|1.000000|1.000001
AEG020_930_1112|13|53.246761|191.700531|-43.831074|12.441326|-32.764034|1.062477|1.000001|1.000000|1.000001
AEG020_930_1113|13|39.008713|188.400742|-44.391224|-9.467257|18.697302|-3.235192|1.000001|1.000000|1.000001
AEG020_930_1114|13|20.375103|189.285690|-46.869556|-2.924813|125.834885|4.057053|1.000001|1.000000|1.000001
AEG020_930_1115|13|18.143841|189.008591|-39.676441|0.000000|35.834850|-0.000004|1.000001|1.000000|1.000001
AEG020_930_1116|13|56.811138|188.841660|-22.949848|8.229258|-167.586517|3.763078|1.000001|1.000000|1.000001
AEG020_930_1117|13|-37.883820|151.813416|-7.944811|-4.200000|-171.360733|-0.000001|1.000000|1.000002|1.000002
AEG020_930_1125|13|-53.383881|152.780212|0.680007|2.046434|6.030364|-0.145918|1.000000|1.000003|1.000002
AEG020_930_1126|13|-8.202579|147.825577|-48.621063|-0.000005|103.032333|0.000001|1.000000|1.000003|1.000002
AEG020_930_1127|13|-4.397419|147.862137|-55.631744|-0.000002|73.032333|0.000000|1.000000|1.000003|1.000002
AEG020_930_1128|13|-35.485214|152.477432|-32.171585|-0.969258|166.437668|-1.825568|1.000000|1.000003|1.000002
AEG020_930_1129|13|-35.480209|147.653778|-49.859947|-0.969257|136.437668|-1.825569|1.000000|1.000003|1.000002
AEG020_930_1130|13|-54.445236|207.397781|12.961435|-1.064628|139.019791|-0.000001|1.000000|1.000002|1.000002
AEG020_930_1131|13|-52.407238|207.288651|6.399031|-1.064630|179.019791|-7.249665|1.000000|1.000002|1.000002
AEG020_930_1132|13|-55.046764|207.918777|-7.307573|0.000001|139.019821|15.000001|1.000000|1.000003|1.000002
AEG020_930_1133|13|-58.048286|209.462418|-18.454666|-2.260380|-54.109341|0.817601|1.000000|1.000003|1.000002
AEG020_930_1134|13|-66.237129|209.552383|-6.536697|4.849026|164.201324|-1.220879|1.000000|1.000003|1.000002
AEG020_930_1135|13|-62.707344|209.552383|-2.143120|4.849022|65.901321|-1.220877|1.000000|1.000003|1.000002
AEG020_930_1136|13|-16.855679|151.917831|14.921160|-1.815251|-71.448029|4.717228|1.000000|1.000003|1.000002
AEG020_930_1137|13|-45.790161|207.048172|11.249138|1.300000|-8.768360|-3.076271|1.000000|1.000003|1.000002
AEG020_930_1139|13|-56.928188|207.027374|29.392948|-2.699999|-84.379654|-0.000000|1.000000|1.000003|1.000002
AEG020_930_1140|13|-34.986633|206.907089|0.010956|-0.000000|-20.793432|-0.000001|1.000000|1.000003|1.000002
AEG020_930_1141|13|43.720722|192.999191|-47.419128|2.000001|94.121910|2.000000|1.000000|1.000003|1.000002
AEG020_930_1142|13|18.070627|111.659492|0.716565|4.330971|-74.159157|-2.279602|1.000000|1.000002|1.000002
AEG020_930_1143|13|-4.675472|198.918655|-5.900575|-0.000002|139.888702|0.000000|1.000001|1.000000|1.000001
AEG020_935_1000|13|-80.435799|206.966782|28.424652|0.899372|-80.687836|-0.388687|1.000001|0.999999|0.999999
AEG020_935_1001|13|-95.376991|207.283493|20.810074|-0.076278|127.224281|1.810627|1.000000|1.000000|1.000000
AEG020_935_1002|13|-88.955795|207.199387|31.606750|-1.958652|-60.910870|0.762961|1.000001|1.000001|1.000000
AEG020_935_1003|13|52.575317|152.899216|7.564209|0.899372|-170.687866|-0.388687|1.000000|0.999999|0.999999
AEG020_935_1004|13|60.189911|153.215927|-7.376953|-0.076279|37.224255|1.810629|1.000000|1.000000|1.000000
AEG020_935_1005|13|49.393250|153.131821|-0.955780|-1.958652|-150.910812|0.762959|1.000001|1.000002|1.000000
AEG020_935_1006|13|28.189911|112.283493|-38.376945|-0.076279|37.224255|1.810629|1.000000|1.000000|1.000000
AEG020_935_1007|13|20.575317|111.966782|-23.435776|0.899372|-170.687866|-0.388687|1.000000|0.999999|0.999999
AEG020_935_1008|13|17.393250|112.199387|-31.955795|-1.958652|-150.910812|0.762959|1.000001|1.000002|1.000000
AEG020_935_1009|13|-56.253162|206.961838|24.698442|0.704134|111.614372|-0.341180|1.000000|1.000000|1.000000
AEG020_935_1010|13|-53.253090|207.500290|12.394318|-1.864860|160.693970|6.814235|1.000000|1.000000|1.000000
AEG020_935_1011|13|-46.591042|206.919479|-9.189117|0.623160|-166.630005|-5.685314|1.000000|1.000000|1.000000
AEG020_935_1012|13|-47.551613|207.014328|2.995926|-0.036050|23.967337|-3.693805|1.000000|1.000000|1.000000
AEG020_935_1022|13|-23.349674|151.896149|11.000005|0.000002|-90.000023|-0.000001|1.000000|1.000000|1.000000
AEG020_935_1023|13|-44.155647|152.616867|3.079965|0.000000|4.999987|0.000000|1.000000|1.000000|1.000000
AEG020_935_1024|13|-28.108957|151.964401|20.106327|-0.000001|-135.000046|0.000001|1.000000|1.000000|1.000000
AEG020_935_1025|13|39.147964|189.068817|-36.838474|0.000001|-58.727783|-0.000000|1.000000|1.000000|1.000000
AEG020_935_1026|13|-28.824512|147.619431|-50.775455|1.299999|-166.630005|1.700000|1.000000|1.000000|1.000000
AEG020_950_1000|13|-51.438416|214.567459|21.980858|0.000000|-33.768360|0.000000|1.000000|1.000000|1.000000
AEG020_950_1001|13|-52.950603|215.960953|19.998371|0.000000|-108.768356|-0.000000|1.000000|1.000000|1.000000
AEG020_950_1002|13|-56.263401|214.986557|17.892946|-0.000000|81.231644|0.000000|1.000000|1.000000|1.000000
AEG020_950_1003|13|-54.445816|216.076736|18.972313|0.000000|16.231659|-0.000000|1.000000|1.000000|1.000000
AEG020_950_1004|13|-44.195480|215.741043|7.726955|0.000000|41.231651|0.000000|1.000000|1.000000|1.000000
AEG020_950_1005|13|-45.885696|215.759018|7.800645|0.000000|131.231644|-0.000000|1.000000|1.000000|1.000000
AEG020_950_1006|13|-43.261765|215.748291|5.765587|0.000000|-148.768341|-0.000000|1.000000|1.000000|1.000000
AEG020_950_1007|13|-38.055328|213.585068|2.388215|-0.000000|61.231647|0.000000|1.000000|1.000000|1.000000
AEG020_950_1008|13|-59.234161|219.983246|-12.099707|0.000000|-63.768326|-0.000000|1.000000|1.000000|1.000000
AEG020_950_1009|13|-57.552395|218.612396|-15.584877|-0.000000|56.231651|0.000000|1.000000|1.000000|1.000000
AEG020_950_1010|13|-62.595188|219.006409|-11.630580|0.000000|171.231644|-0.000000|1.000000|1.000000|1.000000
AEG020_950_1011|13|-61.759853|219.219650|-9.197160|0.000000|146.231644|0.000000|1.000000|1.000000|1.000000
AEG020_950_1012|13|-48.132187|216.512466|11.960931|0.000000|-113.768364|-0.000000|1.000000|1.000000|1.000000
AEG020_950_1013|13|-49.343029|219.616302|-12.621376|-0.000000|171.231659|0.000000|1.000000|1.000000|1.000000
AEG020_950_1014|13|-53.984119|221.252258|-11.052559|-0.000000|-55.482609|0.000000|1.000000|1.000000|1.000000
AEG020_950_1015|13|-55.720840|220.589142|-7.614212|-0.000000|20.931818|0.000000|1.000000|1.000000|1.000000
AEG020_950_1016|13|-60.934052|219.636505|-13.117590|0.000000|-7.811424|-0.000000|1.000000|1.000000|1.000000
AEG020_950_1017|13|-64.329117|218.313751|-13.117590|0.000000|38.609467|-0.000000|1.000000|1.000000|1.000000
AEG020_950_1018|13|-47.229359|219.195160|-10.308723|-0.000000|-71.457298|0.000000|1.000000|1.000000|1.000000
AEG020_950_1019|13|-51.185169|219.290375|-13.736702|-0.000000|15.047025|0.000000|1.000000|1.000000|1.000000
AEG020_950_1020|13|-51.607132|215.903824|10.563409|0.000000|-18.675985|-0.000000|1.000000|1.000000|1.000000
AEG020_950_1021|13|-45.602493|214.770920|9.893174|0.000000|75.432686|-0.000000|1.000000|1.000000|1.000000
AEG020_950_1022|13|-53.780018|220.586975|-12.710762|-0.000000|-6.626810|0.000000|1.000000|1.000000|1.000000
AEG020_950_1023|13|-58.367298|221.125183|-8.802071|-0.000000|-55.482609|0.000000|1.000000|1.000000|1.000000
AEG020_950_1024|13|-56.739502|220.844940|-11.617163|0.000000|-161.633408|-0.000000|1.000000|1.000000|1.000000
AEG020_955_1000|13|-54.331997|219.013214|-16.021278|-0.000000|-173.768341|0.000000|1.000000|1.000000|1.000000
AEG020_955_1001|13|-64.001801|218.789948|-6.627602|-0.000000|56.231651|0.000000|1.000000|1.000000|1.000000
AEG020_955_1002|13|-46.731159|216.458282|9.672832|-0.000000|171.231644|0.000000|1.000000|1.000000|1.000000
AEG020_955_1003|13|-56.322147|220.332947|-13.002754|-0.000000|119.368828|0.000000|1.000000|1.000000|1.000000
AEG020_970_1000|13|8.647496|196.750000|-14.538193|0.000000|73.500015|0.000000|1.000000|1.000000|1.000000
AEG020_970_1001|13|4.722560|196.750000|-12.516274|0.000000|-101.499985|0.000000|1.000000|1.000000|1.000000
AEG020_970_1002|13|1.830235|196.750000|-16.402328|0.000000|-16.499971|0.000000|1.000000|1.000000|1.000000
AEG020_970_1003|13|-0.264908|198.874863|1.521790|0.000000|-51.500004|0.000000|1.000000|1.000000|1.000000
AEG020_970_1004|13|-1.168472|198.874863|-3.901672|0.000000|93.500031|0.000000|1.000000|1.000000|1.000000
AEG020_970_1005|13|-3.937424|201.029266|16.327667|0.000000|-31.499971|0.000000|1.000000|1.000000|1.000000
AEG020_970_1006|13|-3.937424|201.029266|10.976074|0.000000|-161.499985|0.000000|1.000000|1.000000|1.000000
AEG020_970_1007|13|-0.259323|201.029266|20.493164|0.000000|173.500015|0.000000|1.000000|1.000000|1.000000
AEG020_970_1008|13|-31.046894|152.948730|-47.040482|0.000000|-161.499985|0.000000|1.000000|1.000000|1.000000
AEG020_970_1009|13|-31.046894|152.948730|-39.347244|0.000000|-56.499996|0.000000|1.000000|1.000000|1.000000
AEG020_970_1010|13|-28.722431|152.948730|-39.726883|0.000000|-136.500000|0.000000|1.000000|1.000000|1.000000
AEG020_970_1011|13|-26.702168|152.948730|-41.332352|0.000000|-51.500004|0.000000|1.000000|1.000000|1.000000
AEG020_970_1012|13|-15.464832|150.703491|-55.544678|0.000000|-161.499985|0.000000|1.000000|1.000000|1.000000
AEG020_970_1013|13|-25.277000|152.923462|-56.318184|0.000000|103.500015|0.000000|1.000000|1.000000|1.000000
AEG020_970_1014|13|-26.222605|151.964401|17.146370|0.000000|103.500015|0.000000|1.000000|1.000000|1.000000
AEG020_970_1015|13|-29.259470|151.964401|22.628304|0.000000|-131.500000|0.000000|1.000000|1.000000|1.000000
AEG020_970_1016|13|-34.595016|152.161285|-19.942291|-5.699998|-131.391617|0.600001|1.000000|1.000000|1.000000
AEG020_970_1017|13|27.317600|152.899643|19.287155|0.000000|148.500015|0.000000|1.000000|1.000000|1.000000
AEG020_970_1018|13|9.133081|155.045166|-1.556578|0.000000|-102.264648|0.000000|1.000000|1.000000|1.000000
AEG020_970_1019|13|24.477634|152.899643|16.213425|0.000000|-116.499985|0.000000|1.000000|1.000000|1.000000
AEG020_970_1020|13|26.207859|152.899643|11.679123|0.000000|148.500015|0.000000|1.000000|1.000000|1.000000
AEG020_970_1021|13|3.901951|152.899643|11.679123|0.000000|148.500015|0.000000|1.000000|1.000000|1.000000
AEG020_970_1022|13|-1.875515|152.899643|14.696396|0.000000|148.500015|0.000000|1.000000|1.000000|1.000000
AEG020_970_1023|13|1.045405|152.940765|9.073166|0.100000|33.500015|-0.600000|1.000000|1.000000|1.000000
AEG020_970_1024|13|3.901951|152.899643|4.759689|0.000000|-151.499969|0.000000|1.000000|1.000000|1.000000
AEG020_970_1025|13|21.553867|197.199997|-41.857468|0.000000|73.500015|0.000000|1.000000|1.000000|1.000000
AEG020_970_1026|13|29.709995|197.199997|-47.017075|0.000000|-26.499971|0.000000|1.000000|1.000000|1.000000
AEG020_970_1027|13|39.801186|193.199997|-33.509895|0.000000|-26.499971|0.000000|1.000000|1.000000|1.000000
AEG020_970_1028|13|-56.179169|209.674194|-4.417648|0.000000|-151.493073|0.000000|1.000000|1.000000|1.000000
AEG020_970_1029|13|18.434326|110.829636|15.547729|0.771673|165.850128|-6.453390|1.000000|1.000000|1.000000
AEG020_970_1035|13|26.877628|197.199997|-43.452866|0.000000|168.500015|0.000000|1.000000|1.000000|1.000000
AEG020_970_1036|13|40.327431|193.199997|-41.685112|0.000000|113.500031|0.000000|1.000000|1.000000|1.000000
AEG020_970_1037|13|20.477264|112.086594|1.694824|2.803847|-68.738525|-0.823831|1.000000|1.000000|1.000000
AEG020_971_1000|13|6.877013|196.750000|-15.398857|0.000000|-76.499992|0.000000|1.000000|1.000000|1.000000
AEG020_971_1001|13|1.471837|196.750000|-13.956406|0.000000|103.500015|0.000000|1.000000|1.000000|1.000000
AEG020_971_1002|13|1.657333|198.874863|-5.914429|0.000000|103.500015|0.000000|1.000000|1.000000|1.000000
AEG020_971_1003|13|-3.937424|201.029266|8.499023|0.000000|-161.500000|0.000000|1.000000|1.000000|1.000000
AEG020_971_1004|13|4.231033|201.029266|20.804871|0.000000|63.500011|0.000000|1.000000|1.000000|1.000000
AEG020_971_1005|13|25.103428|197.193390|-40.791775|0.000000|-124.099991|0.000000|1.000000|1.000000|1.000000
AEG020_971_1006|13|26.377110|197.199997|-46.811081|0.000000|-16.500002|0.000000|1.000000|1.000000|1.000000
AEG020_971_1007|13|40.287514|193.199997|-35.656868|0.000000|-151.500000|0.000000|1.000000|1.000000|1.000000
AEG020_971_1008|13|-33.524437|152.948730|-49.117020|0.000000|-151.500000|0.000000|1.000000|1.000000|1.000000
AEG020_971_1009|13|-28.960228|152.948730|-56.228836|0.000000|98.500000|0.000000|1.000000|1.000000|1.000000
AEG020_971_1010|13|-33.626358|151.718140|-7.987457|2.800000|98.500000|2.700000|1.000000|1.000000|1.000000
AEG020_971_1011|13|-14.026596|147.121750|-33.160492|8.494706|84.778236|8.268900|1.000000|1.000000|1.000000
AEG020_971_1012|13|24.477634|152.899643|14.424606|-0.000001|-116.499985|0.000000|1.000000|1.000000|1.000000
AEG020_971_1013|13|23.595310|152.899643|22.092697|-0.000001|-71.499985|0.000000|1.000000|1.000000|1.000000
AEG020_971_1014|13|1.139378|152.899643|16.743698|-0.000001|148.500015|0.000000|1.000000|1.000000|1.000000
AEG020_971_1015|13|-3.054348|152.899643|15.731125|-0.000001|-76.499962|0.000000|1.000000|1.000000|1.000000
AEG020_971_1016|13|-52.413925|209.674194|-10.593299|0.000000|-131.493088|0.000000|1.000000|1.000000|1.000000
AEG020_971_1017|13|23.473503|111.600182|5.874849|-1.063160|-162.464676|-7.544775|1.000000|1.000000|1.000000
AEG020_972_1000|13|-54.792801|209.674194|-11.117147|0.000000|-151.493073|0.000000|1.000000|1.000000|1.000000
AEG020_972_1001|13|-57.629063|207.354660|20.802479|-12.600007|-151.493073|2.800002|1.000000|1.000000|1.000000
AEG020_972_1002|13|-2.950431|201.029266|19.704115|0.000000|-151.493073|0.000000|1.000000|1.000000|1.000000
AEG020_972_1003|13|2.950952|196.750000|-15.354943|0.000000|-151.493073|0.000000|1.000000|1.000000|1.000000
AEG020_972_1004|13|-0.845435|153.035446|3.319325|0.000000|-151.493073|0.000000|1.000000|1.000000|1.000000
AEG020_972_1005|13|54.886993|152.947250|4.975677|0.000000|53.506935|0.000000|1.000000|1.000000|1.000000
AEG020_972_1006|13|51.692894|188.844559|-27.284294|3.447087|53.556351|-2.919981|1.000000|1.000000|1.000000
AEG020_972_1007|13|24.556309|197.199997|-43.306068|0.000000|73.500015|0.000000|1.000000|1.000000|1.000000
AEG020_972_1008|13|-31.056778|151.865112|-5.452301|-6.699999|98.500000|0.000001|1.000000|1.000000|1.000000
AEG020_972_1009|13|-1.957058|152.925415|16.268951|-0.000000|18.499977|0.000000|1.000000|1.000000|1.000000
AEG020_972_1010|13|55.558910|192.345673|-56.510033|-10.460237|53.797081|-9.251034|1.000000|1.000000|1.000000
AEG020_972_1011|13|27.915897|152.899643|16.318771|-0.000002|-71.499985|-0.000002|1.000000|1.000000|1.000000
AEG020_991_1005|13|-61.992081|207.110031|27.843750|-9.666920|-20.846775|2.651042|1.000000|1.000000|1.000000
AEG020_991_1006|13|-95.090828|243.369797|22.883835|0.000000|-21.133646|0.000000|1.000000|1.000000|1.000000
AEG020_991_1016|13|-97.361366|243.195602|22.312881|0.000000|-21.133646|0.000000|1.000000|1.000000|1.000000
AEG020_991_1018|13|-95.239822|207.328445|21.421738|0.000000|-21.133642|-4.078180|1.000000|1.000000|1.000000
AEG020_991_1019|13|-88.548782|207.376755|19.675644|0.000000|-21.133646|0.000000|1.000000|1.000000|1.000000
AEG020_991_1020|13|-88.656441|207.160629|27.958099|0.000000|-21.133646|0.000000|1.000000|1.000000|1.000000
AEG020_991_1034|13|-100.330544|243.224625|27.673965|-9.372233|-20.449219|5.955597|1.000000|1.000000|1.000000
AEG020_991_1035|13|58.687134|189.128036|-9.361328|0.000000|-111.133644|0.000000|1.000000|1.000000|1.000000
AEG020_991_1036|13|52.243500|189.304855|-10.263031|-9.339688|-110.840385|3.589541|0.999999|1.000000|1.000000
AEG020_991_1037|13|61.324356|153.382919|-0.548782|0.000000|-111.133644|0.000000|1.000000|1.000000|1.000000
AEG020_991_1038|13|53.041870|153.161057|-0.656433|0.000000|-111.133644|0.000000|1.000000|1.000000|1.000000
AEG020_991_1039|13|51.445084|152.974594|3.259689|0.000000|-111.133644|0.000000|1.000000|1.000000|1.000000
AEG020_991_1040|13|51.881042|189.302231|-7.090790|0.000000|-111.133644|0.000000|1.000000|1.000000|1.000000
AEG020_991_1041|13|56.777237|153.200912|-8.967850|0.000000|-111.133644|0.000000|1.000000|1.000000|1.000000
AEG020_991_1042|13|26.687134|148.195602|-40.361320|0.000000|-111.133644|0.000000|1.000000|1.000000|1.000000
AEG020_991_1043|13|21.269623|148.249039|-42.849663|-9.339688|-110.840385|3.589541|0.999999|1.000000|1.000000
AEG020_991_1044|13|29.324356|112.376755|-31.548775|0.000000|-111.133644|0.000000|1.000000|1.000000|1.000000
AEG020_991_1045|13|21.041870|112.160629|-31.656410|0.000000|-111.133644|0.000000|1.000000|1.000000|1.000000
AEG020_991_1046|13|21.717850|111.924362|-24.891693|0.000000|-111.133644|0.000000|1.000000|1.000000|1.000000
AEG020_991_1047|13|19.861156|148.369797|-38.090782|0.000000|-111.133644|0.000000|1.000000|1.000000|1.000000
AEG020_991_1048|13|27.578262|112.328445|-38.239799|0.000000|-111.133644|-4.346570|1.000000|1.000000|1.000000
AEG020_991_1049|13|14.801544|196.753952|-11.563873|0.000000|89.799973|0.000000|1.000000|1.000000|1.000000
AEG020_991_1050|13|-3.331924|199.077866|-5.251648|4.528798|89.590012|2.651671|1.000000|1.000000|1.000000
AEG020_991_1051|13|23.499420|169.286972|4.254822|0.000000|89.590012|0.000000|1.000000|1.000000|1.000000
AEG020_991_1052|13|2.137033|152.902084|19.023132|0.000000|89.590012|0.000000|1.000000|1.000000|1.000000
AEG020_991_1053|13|1.837698|155.381927|-7.058166|4.537295|50.724190|-4.429136|1.000000|1.000000|1.000000
AEG020_991_1054|13|17.117378|154.970078|4.340820|0.000000|50.548611|0.000000|1.000000|1.000000|1.000000
AEG020_991_1055|13|7.612374|152.902084|5.689240|0.000000|89.590012|0.000000|1.000000|1.000000|1.000000
AEG020_991_1056|13|27.272530|152.902084|10.809387|0.000000|89.590012|0.000000|1.000000|1.000000|1.000000
AEG020_991_1057|13|11.458817|155.044540|0.609375|0.000000|89.590012|0.000000|1.000000|1.000000|1.000000
AEG020_991_1058|13|23.501534|152.902084|20.878052|0.000000|89.590012|0.000000|1.000000|1.000000|1.000000
AEG020_991_1059|13|0.970566|196.748764|-12.757065|4.528798|89.590012|2.651671|1.000000|1.000000|1.000000
AEG020_991_1060|13|-2.270889|201.026291|20.328613|0.000000|0.000000|0.000000|1.000000|1.000000|1.000000
AEG020_991_1061|13|8.337387|201.026291|18.260010|0.000000|0.000000|0.000000|1.000000|1.000000|1.000000
AEG020_991_1063|13|-73.557144|207.135300|25.092255|14.089488|-19.919050|4.489074|1.000000|1.000000|1.000000
AEG020_991_1064|13|-84.950577|206.957809|28.493530|-0.842679|-21.133644|-2.112041|1.000000|1.000000|1.000000
AEG020_991_1065|13|0.654404|198.874863|2.286743|0.087966|89.667397|0.654718|1.000000|1.000000|1.000000
AEG020_991_1066|13|6.107208|197.062546|-25.648514|7.377466|89.799973|-0.000000|1.000000|1.000000|1.000000
AEG020_991_1067|13|28.687531|197.221039|-40.164001|0.000000|89.799973|0.000000|1.000000|1.000000|1.000000
AEG020_991_1068|13|26.702972|197.221039|-48.448006|0.000000|89.799973|0.000000|1.000000|1.000000|1.000000
AEG020_991_1070|13|21.906738|152.902084|13.354492|0.000000|6.215472|0.000000|1.000000|1.000000|1.000000
AEG020_991_1071|13|37.324127|193.168243|-39.968414|0.000000|3.585768|0.000000|1.000000|1.000000|1.000000
AEG020_991_1072|13|44.727173|193.170731|-35.294830|0.000000|3.585768|0.000000|1.000000|1.000000|1.000000
AEG020_991_1073|13|21.360626|188.869064|-39.245026|-4.262686|3.585768|-0.000000|1.000000|1.000000|1.000000
AEG020_991_1074|13|34.568085|188.493698|-43.908356|-5.821080|3.338624|-2.424940|1.000000|1.000000|1.000000
AEG020_991_1075|13|53.197876|152.907394|20.429749|2.971228|-111.133652|0.675613|1.000000|1.000000|1.000000
AEG020_991_1076|13|35.493347|153.046921|22.786926|0.000000|-111.133652|1.768231|1.000000|1.000000|1.000000
AEG020_991_1077|13|-23.298981|152.914780|-55.202118|0.000000|3.585768|0.000000|1.000000|1.000000|1.000000
AEG020_991_1078|13|-7.467621|147.715073|-52.016907|0.000000|3.585768|0.000000|1.000000|1.000000|1.000000
AEG020_991_1079|13|-32.865753|152.945175|-37.294159|0.000000|3.585768|0.000000|1.000000|1.000000|1.000000
AEG020_991_1080|13|55.723022|189.398788|-21.780853|-0.227346|3.592954|3.623088|1.000000|1.000000|1.000000
AEG020_991_1081|13|-49.972427|209.667892|-9.239309|0.000002|-19.919050|-0.000000|1.000000|1.000000|1.000000
AEG020_991_1082|13|55.335930|193.214508|-49.966129|-2.066255|89.799965|-0.000000|1.000000|1.000000|1.000000
AEG020_991_1083|13|-31.067862|152.133835|-18.974918|4.537295|3.889820|13.706630|1.000000|1.000000|1.000000
AEG020_991_1084|13|-32.013947|152.633652|-30.866959|1.602881|3.845724|11.796336|1.000000|1.000000|1.000000
AEG020_991_1085|13|-18.913576|151.888458|12.932371|-0.145135|3.582161|-0.478942|1.000000|1.000000|1.000000
AEG020_991_1086|13|48.947693|181.018784|-4.732513|-5.542027|-111.369278|-2.429163|1.000000|1.000000|1.000000
AEG020_991_1087|13|60.271423|169.086395|0.420502|-0.000001|-111.133652|13.584295|1.000000|1.000000|1.000000
AEG020_991_1088|13|60.726929|161.117645|-6.033844|3.636884|-110.947258|-10.527461|1.000000|1.000000|1.000000
AEG020_991_1089|13|-63.548607|212.240280|-13.353508|0.000002|-19.919050|-0.000000|1.000000|1.000000|1.000000
AEG020_991_1090|13|-62.699242|212.239182|-14.271355|0.000002|-19.919050|-0.000000|1.000000|1.000000|1.000000
AEG020_991_1091|13|-89.271919|222.292130|19.238281|-5.147359|-172.586563|-4.407127|1.000000|1.000000|1.000000
AEG020_991_1092|13|-93.679710|215.164932|19.767822|-5.250216|-171.081070|12.159978|1.000000|1.000000|1.000000
AEG020_991_1093|13|29.277153|127.763626|-31.140800|15.844837|-112.873322|21.303362|0.999999|1.000000|1.000000
AEG020_991_1094|13|29.266205|120.153763|-36.567070|9.408315|-104.182281|-14.480239|0.999999|1.000000|1.000000
AEG020_991_1095|13|50.625175|193.117950|-49.063053|2.070340|-90.572899|0.624170|1.000000|1.000000|1.000000
AEG020_991_1096|13|-35.516239|152.563293|21.554564|-4.985868|-124.537109|0.739819|1.000000|1.000000|1.000000
AEG020_991_1097|13|-50.891605|152.739822|0.232537|-4.589433|-124.982788|-1.728038|1.000000|1.000000|1.000000
AEG020_991_1098|13|14.619563|197.129257|-16.764193|0.000000|-64.949730|0.000000|1.000000|1.000000|1.000000
AEG020_991_1099|13|50.678772|191.433990|-62.145092|-1.368866|41.295929|1.547912|1.000000|1.000000|1.000000
AEG020_991_1100|13|-1.322743|153.265045|0.818274|0.000000|49.587711|0.000000|1.000000|1.000000|1.000000
AEG020_991_1101|13|-12.899879|148.404373|-47.672981|0.000000|-150.273209|0.000000|1.000000|1.000000|1.000000
AEG020_991_1102|13|-14.373711|148.049561|-36.052547|0.000000|-150.273209|0.000000|1.000000|1.000000|1.000000
AEG020_991_1103|13|-13.147591|146.981934|-28.839169|0.000000|142.636307|0.000000|1.000000|1.000000|1.000000
AEG021_900_9000|13|-64.347000|211.042999|-14.749000|-0.000000|-126.873001|0.000000|1.000000|1.000000|1.000000
AEG022_900_1000|13|13.255772|110.221863|22.118069|-0.436039|22.702236|-0.010874|1.000000|1.000000|1.000000
AEG022_903_1000|13|3.218963|110.623230|22.635220|-1.836387|-178.083527|-1.600471|1.000000|1.000000|1.000000
AEG022_903_1001|13|13.465662|110.726006|31.747650|2.734125|-87.164040|-0.693866|1.000000|1.000000|1.000000
AEG022_903_1003|13|13.632756|110.525291|12.831418|-3.097660|88.971222|5.760774|1.000000|1.000000|1.000000
AEG022_903_1005|13|23.072599|111.048508|21.435894|-0.365880|2.042036|1.569438|1.000000|1.000000|1.000000
AEG022_903_1006|13|18.680986|110.991753|33.017071|3.077738|-59.009796|12.117276|1.000000|1.000000|1.000000
AEG022_903_1007|13|27.668560|111.526611|15.896345|1.376392|14.535789|3.068940|1.000000|1.000000|1.000000
AEG022_903_1008|13|19.414291|111.222458|9.009841|-1.442758|63.223080|-0.861533|1.000000|1.000000|1.000000
AEG022_903_1010|13|5.324040|110.760399|33.531796|-0.284266|-126.167519|0.477457|1.000000|1.000000|1.000000
AEG022_905_1000|13|13.341995|110.847878|37.674286|0.000000|0.000000|0.000000|1.000000|1.000000|1.000000
AEG022_905_1001|13|26.658039|111.073204|23.794376|0.000000|0.000000|0.000000|1.000000|1.000000|1.000000
AEG022_905_1002|13|6.994844|110.467751|13.685791|0.000000|-115.208900|0.000000|1.000000|1.000000|1.000000
AEG022_908_1000|13|32.860676|107.302597|5.736862|-155.185684|-73.903618|-2.577905|1.000000|1.000000|1.000000
AEG022_908_1001|13|33.915607|112.202133|22.769272|-17.502026|-40.921757|-7.943550|1.000000|1.000000|1.000000
AEG022_908_1002|13|29.060688|105.768295|29.776932|-21.904711|-107.587349|20.806562|1.000000|1.000000|1.000000
AEG022_908_1003|13|24.029243|107.516464|31.573471|-0.116486|50.383167|-8.477768|1.000000|1.000000|1.000000
AEG022_908_1004|13|6.492760|113.929977|36.823898|8.420951|-8.143034|-16.688000|1.000000|1.000000|1.000000
AEG022_908_1005|13|0.100362|106.204941|31.583115|-29.805683|150.492523|9.927982|1.000000|1.000000|1.000000
AEG022_908_1006|13|-3.503764|106.918930|25.976547|-18.768915|106.013741|-4.410914|1.000000|1.000000|1.000000
AEG022_908_1007|13|-2.378764|107.672592|18.284561|-30.837368|70.264786|1.414041|1.000000|1.000000|1.000000
AEG022_908_1008|13|0.151573|117.369431|12.126999|10.445636|-141.320038|-13.781382|1.000000|1.000000|1.000000
AEG022_908_1009|13|7.959462|108.018051|5.087814|-19.785795|40.375011|7.511350|1.000000|1.000000|1.000000
AEG022_909_1000|13|21.000000|112.201584|39.000000|0.000000|-180.000000|0.000000|1.000000|1.000000|1.000000
AEG024_862_1000|13|15.000000|189.199997|-41.999992|0.000000|89.999985|0.000000|1.000000|1.000000|1.000000
AEG024_863_1000|13|-1.000000|148.199997|-52.999992|0.000000|-90.000000|0.000000|1.000000|1.000000|1.000000
AEG027_001_0500|13|12.270378|155.020996|-7.828000|0.000000|0.000000|0.000000|1.000000|1.000000|1.000000
AEG027_001_1000|13|-91.738213|207.199997|26.021973|0.000000|-90.000000|0.000000|1.000000|1.000000|1.000000
AEG027_001_1001|13|54.978027|153.132431|-3.738190|0.000000|179.999954|0.000000|1.000000|1.000000|1.000000
AEG027_001_1002|13|22.978027|112.199997|-34.738182|0.000000|179.999954|0.000000|1.000000|1.000000|1.000000
AEG027_020_1000|13|1.956726|201.029114|20.682495|0.000000|0.000000|0.000000|1.000000|1.000000|1.000000
AEG027_020_1001|13|-2.797668|152.902039|18.346497|0.000000|73.982567|0.000000|1.000000|1.000000|1.000000
AEG027_020_1002|13|19.632843|154.969666|3.254578|0.000000|25.252560|0.000000|1.000000|1.000000|1.000000
AEG027_020_1003|13|46.604553|193.199997|-36.452713|0.000000|-149.499985|0.000000|1.000000|1.000000|1.000000
AEG027_020_1004|13|47.679626|188.964539|-31.755642|0.247635|-46.991188|0.755774|1.000000|1.000000|1.000000
AEG027_020_1005|13|-30.683182|152.274536|-20.038237|-0.649114|-163.650894|-11.247098|1.000000|1.000000|1.000000
AEG027_020_1008|13|25.495310|152.909393|23.077564|0.000000|0.000000|0.000000|1.000000|1.000000|1.000000
AEG027_021_1000|13|6.846958|196.750000|-11.777686|0.000000|-107.724701|0.000000|1.000000|1.000000|1.000000
AEG027_021_1001|13|-83.968475|206.948303|29.119774|-2.548246|-1.477928|0.065788|1.000000|1.000000|1.000000
AEG027_021_1002|13|23.556797|197.199997|-38.221413|0.000000|-7.367900|0.000000|1.000000|1.000000|1.000000
AEG027_021_1003|13|-29.842304|152.948730|-44.476276|0.000000|-40.405785|0.000000|1.000000|1.000000|1.000000
AEG027_021_1006|13|-52.698608|209.662598|-12.172035|0.000000|75.403587|0.000000|1.000000|1.000000|1.000000
AEG027_021_1007|13|-30.434826|152.099640|25.083019|-6.794713|-64.235611|2.116403|1.000000|1.000000|1.000000
AEG027_021_1008|13|27.361362|152.919754|23.076382|0.000000|-70.159248|0.000000|1.000000|1.000000|1.000000
AEG027_022_1000|13|-3.270630|152.899902|13.923367|0.000000|-13.021785|0.000000|1.000000|1.000000|1.000000
AEG027_022_1001|13|22.395416|197.199997|-44.422661|0.000000|8.121587|0.000000|1.000000|1.000000|1.000000
AEG027_022_1002|13|36.673004|193.172775|-44.628967|0.000000|36.458530|0.000000|1.000000|1.000000|1.000000
AEG027_022_1003|13|41.980988|193.199997|-41.802475|0.000000|-151.493073|0.000000|1.000000|1.000000|1.000000
AEG027_022_1004|13|-28.345284|152.941284|-42.987000|0.000000|-125.235970|0.000000|1.000000|1.000000|1.000000
AEG027_022_1005|13|-15.523121|150.703491|-58.113617|0.000000|-142.983643|0.000000|1.000000|1.000000|1.000000
AEG027_022_1006|13|-30.413025|152.245956|27.824432|-0.330555|17.483618|-8.336901|1.000000|1.000000|1.000000
AEG027_022_1007|13|-13.838573|148.021255|-56.219452|10.125444|-42.867264|-5.925491|1.000000|1.000000|1.000000
AEG027_022_1008|13|-58.942108|209.642944|-5.871750|0.000000|-151.493073|0.000000|1.000000|1.000000|1.000000
AEG027_022_1009|13|-54.627621|209.642944|-13.230486|0.000000|2.526859|0.000000|1.000000|1.000000|1.000000
AEG027_022_1010|13|51.075104|189.132568|-7.421555|0.000000|57.377346|0.000000|1.000000|1.000000|1.000000
AEG027_022_1011|13|-36.625313|152.146027|-17.498184|-1.384630|-124.855888|3.034544|1.000000|1.000000|1.000000
AEG027_022_1012|13|-0.691162|110.869064|23.520660|-4.151402|-54.567665|-5.945748|1.000000|1.000000|1.000000
AEG027_022_1013|13|-23.959038|147.428253|-54.529785|0.000000|95.670982|0.000000|1.000000|1.000000|1.000000
AEG027_022_1014|13|-16.365595|147.399292|-34.051495|0.000000|-142.983643|0.000000|1.000000|1.000000|1.000000
AEG027_023_1001|13|26.236214|154.970078|3.355591|0.000000|105.548607|0.000000|1.000000|1.000000|1.000000
AEG027_023_1003|13|-97.485695|207.282516|27.910553|1.244788|-168.671173|6.249350|1.000000|1.000000|1.000000
AEG027_023_1004|13|57.271301|153.164108|3.279572|3.431841|-36.719326|8.879139|0.999999|1.000000|1.000000
AEG027_023_1005|13|20.413940|112.294907|-40.542191|0.495498|101.649261|5.085257|0.999999|1.000000|1.000000
AEG027_023_1006|13|-51.812294|207.083908|21.668243|-4.293445|90.886185|2.811491|1.000000|1.000000|1.000000
AEG027_023_1007|13|3.855850|152.901535|3.544022|-0.000001|72.541023|0.000001|1.000000|1.000000|1.000000
AEG027_023_1008|13|38.934731|193.199997|-36.152962|0.000001|-122.257462|0.000008|0.999999|1.000000|1.000000
AEG027_023_1009|13|-24.922020|152.880966|-57.810616|0.000002|115.430595|-0.000003|0.999999|1.000000|1.000000
AEG027_023_1010|13|-28.915886|152.073959|-8.322617|-3.410058|64.330673|3.004896|1.000000|1.000000|1.000000
AEG027_023_9000|13|-49.966000|152.832993|-2.124000|-1.939000|-163.488998|-1.230000|1.000000|1.000000|1.000000
AEG027_024_1002|13|-80.319023|207.131760|24.036545|1.349291|67.299469|7.646643|1.000000|1.000000|1.000000
AEG027_024_1004|13|-94.943123|243.226822|31.275330|0.000000|8.702644|0.000000|1.000000|1.000000|1.000000
AEG027_024_1005|13|56.093658|189.001022|-15.861694|-2.096252|-175.797562|-1.586702|1.000000|1.000000|1.000000
AEG027_024_1006|13|52.322296|152.912216|4.590424|-1.310932|146.056213|0.943877|1.000000|1.000000|1.000000
AEG027_024_1007|13|26.236740|112.296799|-29.522606|8.472850|-122.833633|-2.647918|1.000000|1.000000|1.000000
AEG027_024_1008|13|27.657135|148.198135|-39.037933|0.000000|-103.849220|0.000000|1.000000|1.000000|1.000000
AEG027_024_1009|13|-96.526253|243.226822|21.850128|0.000000|-8.519609|0.000000|1.000000|1.000000|1.000000
AEG027_024_1010|13|-86.291740|207.143112|31.151764|3.424848|113.630394|0.260449|1.000000|1.000000|1.000000
AEG027_024_1011|13|37.954979|193.199997|-35.303108|0.000000|-124.051109|0.000000|1.000000|1.000000|1.000000
AEG027_024_1012|13|48.917259|188.989212|-29.488640|-1.446765|127.340271|-0.238129|1.000000|1.000000|1.000000
AEG027_024_1013|13|-30.048500|152.935745|-50.428032|0.000000|-68.202469|0.000000|1.000000|1.000000|1.000000
AEG027_024_1014|13|-25.522072|147.149124|-58.537651|0.000000|-68.202461|-1.927836|1.000000|1.000000|1.000000
AEG027_024_1015|13|-58.034946|209.667007|-4.576671|-0.714581|33.572762|1.076766|1.000000|1.000000|1.000000
AEG027_024_1016|13|-22.044174|152.240005|14.644386|0.756321|109.396645|-0.510130|1.000000|1.000000|1.000000
AEG027_024_1017|13|-35.996376|152.143448|-18.737602|0.458803|34.253124|0.000000|1.000000|1.000000|1.000000
AEG027_024_1018|13|8.447483|154.834335|-5.692581|0.000000|-104.051117|0.000000|1.000000|1.000000|1.000000
AEG027_024_9000|13|-51.971001|152.895996|-2.558000|0.000000|77.473999|0.000000|1.000000|1.000000|1.000000
AEG027_025_1000|13|7.114052|155.018616|-7.332886|4.069776|123.079849|5.875986|1.000000|1.000000|1.000000
AEG027_025_1001|13|23.683266|188.824524|-37.426834|0.984804|-67.279175|-3.482869|1.000000|1.000000|1.000000
AEG027_025_1002|13|24.859901|112.057800|-25.217606|-3.072674|14.267746|5.714327|1.000000|1.000000|1.000000
AEG027_026_1000|13|40.347694|189.007874|-38.009293|0.306937|-153.520264|-0.000000|1.000000|1.000000|1.000000
AEG027_026_1001|13|56.943398|153.105713|4.722183|-0.749420|163.439789|-5.069389|1.000000|1.000000|1.000000
AEG027_026_1002|13|6.612549|110.602219|15.641624|-5.029812|-91.809052|-0.819962|1.000000|1.000000|1.000000
AEG027_027_1000|13|15.070887|155.045166|-3.844603|0.000000|-102.264648|0.000000|1.000000|1.000000|1.000000
AEG027_027_1001|13|57.077232|189.234741|-16.999268|-3.950579|-174.038269|-12.421832|1.000000|1.000000|1.000000
AEG027_027_1003|13|29.105713|188.709961|-44.884277|-2.358441|-15.379668|-4.117970|1.000000|1.000000|1.000000
AEG027_027_1005|13|26.561646|111.267838|27.076889|4.105067|-148.722946|-1.355956|1.000000|1.000000|1.000000
AEG027_028_1000|13|-4.339427|201.029266|17.763865|0.000000|-8.965916|0.000000|1.000000|1.000000|1.000000
AEG027_028_1001|13|32.744759|188.447342|-44.381737|4.356731|123.059204|-3.145449|1.000000|1.000000|1.000000
AEG027_028_1002|13|-34.182533|152.908264|-46.199425|0.000000|178.798660|0.000000|1.000000|1.000000|1.000000
AEG027_029_1000|13|-95.315979|243.227005|21.826492|0.000000|132.318665|0.000000|1.000000|1.000000|1.000000
AEG027_029_1002|13|-3.179649|152.929886|17.029030|0.000000|-167.745178|0.000000|1.000000|1.000000|1.000000
AEG027_029_1003|13|-80.924118|207.027191|27.738752|-4.438947|-30.090744|5.721624|1.000000|1.000000|1.000000
AEG027_029_1004|13|-83.077011|206.928436|27.857969|0.449618|28.571327|-1.102813|1.000000|1.000000|1.000000
AEG027_029_1005|13|22.728622|197.199997|-46.320343|0.000000|-27.521708|0.000000|1.000000|1.000000|1.000000
AEG027_029_1006|13|34.779648|193.199997|-39.201447|0.000000|-78.534485|0.000000|1.000000|1.000000|1.000000
AEG027_029_1007|13|-21.882973|150.731033|-59.206158|0.000000|-131.023499|0.000000|1.000000|1.000000|1.000000
AEG027_029_1010|13|52.782001|153.014008|7.162000|-2.227001|-120.319016|7.358000|1.000000|1.000000|1.000000
AEG027_029_1012|13|53.880112|153.270279|-9.750549|-3.302725|-78.712784|-3.230563|1.000000|1.000000|1.000000
AEG027_029_1013|13|-24.085854|152.922195|-59.159771|0.000000|152.032928|0.000000|1.000000|1.000000|1.000000
AEG027_029_1014|13|-22.491829|147.466721|-54.419399|0.000000|-131.023499|0.000000|1.000000|1.000000|1.000000
AEG027_080_0500|13|9.164892|155.015488|-3.405000|0.000000|-179.677216|0.000000|1.000000|1.000000|1.000000
AEG027_080_0501|13|15.365415|196.729996|-11.946256|0.000000|-0.808786|0.000000|1.000000|1.000000|1.000000
AEG027_080_1000|13|-87.853539|207.165878|29.031891|0.000000|-90.000000|0.000000|1.000000|1.000000|1.000000
AEG027_080_1001|13|-96.797836|243.199997|22.851089|0.000000|89.999947|0.000000|1.000000|1.000000|1.000000
AEG027_080_1002|13|51.998627|153.165512|0.146484|0.000000|179.999954|0.000000|1.000000|1.000000|1.000000
AEG027_080_1003|13|58.148911|189.132431|-8.797836|0.000000|-0.000065|0.000000|1.000000|1.000000|1.000000
AEG027_080_1004|13|19.990189|112.163986|-30.853508|0.000000|179.999954|0.000000|1.000000|1.000000|1.000000
AEG027_080_1005|13|26.148911|148.199997|-39.797813|0.000000|-0.000065|0.000000|1.000000|1.000000|1.000000
AEG027_081_1000|13|23.946777|152.847534|18.742798|-0.926662|107.073837|1.728967|1.000000|1.000000|1.000000
AEG027_081_1001|13|22.801514|153.208878|20.403137|75.182594|1.101377|-179.584549|1.000000|1.000000|1.000000
AEG027_081_1002|13|8.507305|154.782349|-6.550732|-0.926662|102.073830|1.728967|1.000000|1.000000|1.000000
AEG027_081_1003|13|7.868665|154.807495|-6.583063|-0.926662|-97.926163|1.728967|1.000000|1.000000|1.000000
AEG027_082_1000|13|-95.366997|243.186996|29.974001|0.000000|-11.093944|0.000000|1.000000|1.000000|1.000000
AEG027_082_1001|13|-96.184998|243.186996|30.896000|0.000000|-148.217117|0.000000|1.000000|1.000000|1.000000
AEG027_082_1002|13|-96.849106|243.186996|29.956791|0.000000|46.624088|0.000000|1.000000|1.000000|1.000000
AEG027_082_1004|13|3.481442|196.759995|-16.686674|0.000000|73.566132|0.000000|1.000000|1.000000|1.000000
AEG027_082_1005|13|4.201534|196.750000|-16.454924|0.000000|-149.907837|0.000000|1.000000|1.000000|1.000000
AEG027_082_1006|13|-82.153999|206.914001|28.511999|0.965001|115.667000|-5.602001|1.000000|1.000000|1.000000
AEG027_082_1008|13|-96.012756|243.186996|21.062733|0.000000|-49.303398|0.000000|1.000000|1.000000|1.000000
AEG027_082_1009|13|-82.877899|206.923935|29.148403|-0.088000|-158.759155|-0.012999|1.000000|1.000000|1.000000
AEG027_082_1013|13|5.606663|152.899643|3.319504|0.000000|72.461838|0.000000|1.000000|1.000000|1.000000
AEG027_082_1014|13|25.103428|197.199997|-46.469406|0.000000|73.566132|0.000000|1.000000|1.000000|1.000000
AEG027_082_1015|13|34.789585|193.158722|-44.365265|0.000000|73.566132|0.000000|1.000000|1.000000|1.000000
AEG027_082_1016|13|48.653721|188.980637|-30.561722|0.000000|73.566132|0.000000|1.000000|1.000000|1.000000
AEG027_082_1017|13|-29.355282|152.936996|-37.797562|0.000000|72.461838|0.000000|1.000000|1.000000|1.000000
AEG027_082_1018|13|-20.578426|150.707626|-58.282379|0.000000|155.889435|0.000000|1.000000|1.000000|1.000000
AEG027_082_1019|13|-22.806210|150.707626|-58.638885|0.000000|-33.327789|0.000000|1.000000|1.000000|1.000000
AEG027_082_1020|13|-29.586006|152.250961|28.531879|10.501060|73.454056|-1.337163|1.000000|1.000000|1.000000
AEG027_082_1021|13|-30.393398|151.902939|23.810398|-4.802648|-46.528351|-2.928722|1.000000|1.000000|1.000000
AEG027_082_1022|13|47.064854|189.661484|-21.448318|0.778041|73.710388|-9.380470|1.000000|1.000000|1.000000
AEG027_082_1025|13|49.437252|189.119995|-6.921703|0.000000|33.174789|0.000000|1.000000|1.000000|1.000000
AEG027_082_1026|13|52.487999|152.960617|5.846000|-0.687991|26.771410|-2.340882|1.000000|1.000000|1.000000
AEG027_082_1027|13|50.936646|153.187988|-2.323699|-1.694774|-50.491154|-1.362322|1.000000|1.000000|1.000000
AEG027_082_1028|13|27.337000|148.181870|-39.930729|-0.088000|-100.834007|-0.013000|1.000000|1.000000|1.000000
AEG027_082_1029|13|27.148985|148.186996|-38.138729|-0.088000|-100.834007|-0.013000|1.000000|1.000000|1.000000
AEG027_082_1030|13|19.456173|148.198837|-38.739079|-0.088000|-157.333282|-0.013000|1.000000|1.000000|1.000000
AEG027_082_1031|13|22.947227|112.201965|-40.586983|0.960926|21.941837|-1.936467|1.000000|1.000000|1.000000
AEG027_082_1032|13|22.188511|112.241211|-41.528717|-3.723878|-97.062004|-0.013000|1.000000|1.000000|1.000000
AEG027_082_1033|13|-26.302731|147.176559|-57.323181|0.000000|72.461830|-3.103961|1.000000|1.000000|1.000000
AEG027_082_1034|13|-55.773590|209.569809|-17.114624|0.000000|-33.327789|0.000000|1.000000|1.000000|1.000000
AEG027_082_1035|13|50.111691|189.119995|-8.342113|0.000000|-128.668945|0.000000|1.000000|1.000000|1.000000
AEG027_082_1036|13|19.238194|112.176758|-33.162140|-2.194510|-96.794884|0.973247|1.000000|1.000000|1.000000
AEG027_082_1037|13|-21.564602|152.318771|15.602879|0.987596|73.328583|0.171492|1.000000|1.000000|1.000000
AEG027_082_1038|13|-32.522305|152.314804|18.612644|6.779128|38.287628|-7.783668|1.000000|1.000000|1.000000
AEG027_082_1039|13|-0.941772|110.794785|26.488533|0.000000|180.000000|0.000000|1.000000|1.000000|1.000000
AEG027_082_1040|13|-0.498291|109.205307|22.966217|0.536610|180.000000|0.000000|1.000000|1.000000|1.000000
AEG092_300_0500|13|-110.000023|242.751877|25.999969|0.000000|-89.999969|0.000000|1.000000|1.000000|1.000000
AEG099_001_9000|13|23.354000|112.016998|-0.473000|0.000000|7.438000|0.000000|1.000000|1.000000|1.000000
AEG099_015_9000|13|-48.979000|206.964996|15.992000|0.000000|106.950996|0.000000|1.000000|1.000000|1.000000
AEG099_052_9000|13|13.220000|110.790001|20.540001|0.000000|-172.647003|0.000000|1.000000|1.000000|1.000000
AEG099_060_9000|13|-57.210999|207.048004|22.620001|0.000000|-24.959999|0.000000|1.000000|1.000000|1.000000
AEG099_065_9000|13|9.780000|110.477997|29.033001|11.466000|-159.707001|-3.294000|1.000000|1.000000|1.000000
AEG099_230_9000|13|-110.000000|242.750000|26.000000|0.084000|-90.000000|1.278000|1.000000|1.000000|1.000000
AEG099_610_9001|13|15.695000|204.604004|19.218000|0.000000|-11.961000|0.000000|1.000000|1.000000|1.000000
AEG099_610_9002|13|22.226000|188.873993|-37.491001|0.000000|30.304001|0.000000|1.000000|1.000000|1.000000
AEG099_610_9003|13|51.501999|191.309006|-62.591000|2.520000|14.128000|0.635000|1.000000|1.000000|1.000000
AEG099_610_9004|13|24.849001|169.195999|5.666000|6.261000|147.039993|7.714000|1.000000|1.000000|1.000000
AEG099_610_9006|13|-31.356001|152.306000|25.653999|13.830000|129.033997|-0.000000|1.000000|1.000000|1.000000
AEG099_610_9007|13|-8.895000|146.251999|-28.665001|0.000000|125.408997|6.014000|1.000000|1.000000|1.000000
AEG099_630_9000|13|-51.313000|152.766998|1.586000|0.000000|-86.492996|0.000000|1.000000|1.000000|1.000000
AEG099_633_9000|13|-60.084999|209.660004|-11.643000|0.000000|-128.005997|0.000000|1.000000|1.000000|1.000000
AEG099_780_9000|13|-89.447998|235.309998|41.839001|0.000000|41.693001|0.000000|1.000000|1.000000|1.000000
AEG099_780_9001|13|-79.639999|231.490997|31.247999|0.000000|13.440000|0.000000|1.000000|1.000000|1.000000
AEG099_780_9002|13|-78.555000|231.595001|31.007000|0.000000|51.334000|0.000000|1.000000|1.000000|1.000000
AEG099_780_9005|13|-97.311996|207.985992|21.709000|42.026001|-139.322006|0.000000|1.000000|1.000000|1.000000
AEG099_780_9006|13|-98.307999|208.317001|30.791000|16.132999|-29.472000|-50.105999|1.000000|1.000000|1.000000
AEG099_780_9007|13|-39.219002|208.319000|15.713000|13.906000|-7.694000|-8.580000|1.000000|1.000000|1.000000
AEG099_780_9008|13|-38.832001|207.996002|15.808000|8.180000|-32.903000|-5.336000|1.000000|1.000000|1.000000
AEG099_780_9009|13|-37.651001|208.785995|16.783001|0.000000|-43.979000|0.000000|1.000000|1.000000|1.000000
AEG099_780_9010|13|-33.896999|207.445999|10.595000|38.345001|106.156998|35.532001|1.000000|1.000000|1.000000
AEG099_780_9015|13|5.992000|202.520996|21.679001|-2.989000|9.667000|17.848000|1.000000|1.000000|1.000000
AEG099_780_9016|13|6.246000|201.559006|21.612000|10.041000|3.852000|1.626000|1.000000|1.000000|1.000000
AEG099_780_9017|13|-3.886000|200.070999|-6.419000|47.060001|-106.125000|-14.612000|1.000000|1.000000|1.000000
AEG099_780_9018|13|-0.020000|198.264008|-16.326000|-12.998000|-149.335007|0.000000|1.000000|1.000000|1.000000
AEG099_780_9019|13|-0.078000|197.535004|-16.318001|-94.662003|118.057999|-89.584999|1.000000|1.000000|1.000000
AEG099_780_9020|13|13.572000|197.889999|-17.669001|3.100000|170.272003|-0.000000|1.000000|1.000000|1.000000
AEG099_780_9025|13|31.983999|197.358002|-49.055000|6.941000|162.996002|1.559000|1.000000|1.000000|1.000000
AEG099_780_9026|13|31.686001|197.716995|-49.262001|0.000000|175.511002|0.000000|1.000000|1.000000|1.000000
AEG099_780_9027|13|33.140999|198.582993|-48.493999|0.000000|151.431000|35.000000|1.000000|1.000000|1.000000
AEG099_780_9028|13|52.988998|193.190002|-43.550999|22.937000|57.657001|-0.000000|1.000000|1.000000|1.000000
AEG099_780_9029|13|53.570999|193.509995|-44.060001|35.000000|69.038002|-40.000000|1.000000|1.000000|1.000000
AEG099_780_9033|13|17.665001|190.171005|-43.962002|0.000000|-151.643997|0.000000|1.000000|1.000000|1.000000
AEG099_780_9034|13|16.941000|190.182007|-43.451000|0.000000|-111.643997|0.000000|1.000000|1.000000|1.000000
AEG099_780_9035|13|17.722000|189.345001|-43.481998|126.815002|78.011002|13.682000|1.000000|1.000000|1.000000
AEG099_780_9036|13|53.771000|188.744995|-27.288000|104.000000|-9.836000|0.000000|1.000000|1.000000|1.000000
AEG099_780_9037|13|55.323002|188.431000|-26.655001|92.986000|-20.599001|17.504000|1.000000|1.000000|1.000000
AEG099_780_9040|13|29.221001|177.533005|2.691000|36.205002|144.697998|-0.000000|1.000000|1.000000|1.000000
AEG099_780_9041|13|28.792000|177.542007|2.296000|25.002001|147.132996|45.277000|1.000000|1.000000|1.000000
AEG099_780_9043|13|26.822001|169.843994|2.713000|24.375000|150.141006|-0.000000|1.000000|1.000000|1.000000
AEG099_780_9045|13|27.579000|155.865005|5.387000|10.399000|114.483002|0.824000|1.000000|1.000000|1.000000
AEG099_780_9046|13|22.768000|153.908997|23.936001|0.000000|-11.501000|0.000000|1.000000|1.000000|1.000000
AEG099_780_9047|13|29.833000|154.119003|16.562000|-14.000000|89.737999|53.000000|1.000000|1.000000|1.000000
AEG099_780_9048|13|-2.237000|153.261002|3.361000|40.647999|-99.266998|-8.053000|1.000000|1.000000|1.000000
AEG099_780_9049|13|-3.042000|153.968994|3.885000|26.563000|-95.432999|-31.462999|1.000000|1.000000|1.000000
AEG099_780_9060|13|-34.991001|153.899002|-49.894001|-18.584000|-106.731003|5.801000|1.000000|1.000000|1.000000
AEG099_780_9061|13|-35.224998|154.195999|-49.282001|-15.610000|-108.304001|-17.271999|1.000000|1.000000|1.000000
AEG099_780_9069|13|-35.381001|149.341995|-50.473000|-17.257000|-130.000000|0.000000|1.000000|1.000000|1.000000
AEG099_780_9070|13|-34.658001|148.753998|-50.119999|60.639000|-107.210999|-13.004000|1.000000|1.000000|1.000000
AEG099_780_9071|13|-34.786999|149.197998|-40.386002|26.917000|-69.464996|-13.141000|1.000000|1.000000|1.000000
AEG099_780_9072|13|-12.705000|152.514999|-57.733002|0.000000|159.048004|0.000000|1.000000|1.000000|1.000000
AEG099_780_9075|13|11.121000|113.033997|59.818001|15.571000|-101.848000|-3.351000|1.000000|1.000000|1.000000
AEG099_780_9076|13|11.204000|112.542000|60.049999|33.816002|-74.919998|-13.089000|1.000000|1.000000|1.000000
AEG099_780_9077|13|11.081000|113.017998|61.159000|3.288000|-85.460999|-42.439999|1.000000|1.000000|1.000000
AEG099_780_9078|13|11.744000|112.335999|61.764000|35.965000|-66.629997|-12.287000|1.000000|1.000000|1.000000
AEG099_780_9079|13|13.399000|112.244003|69.475998|32.134998|-48.355000|0.000000|1.000000|1.000000|1.000000
AEG099_780_9080|13|24.997999|112.957001|70.434998|16.378000|56.646000|42.897999|1.000000|1.000000|1.000000
AEG099_780_9081|13|24.538000|114.903000|72.067001|0.000000|73.101997|0.000000|1.000000|1.000000|1.000000
AEG099_780_9082|13|24.572001|114.147003|71.842003|0.148000|66.954002|36.667000|1.000000|1.000000|1.000000
AEG099_861_9000|13|-3.414000|198.942001|-1.314000|90.713997|-162.776993|8.771000|1.000000|1.000000|1.000000
AEG099_861_9001|13|23.038000|155.574005|2.144000|14.068000|-175.587006|5.737000|1.000000|1.000000|1.000000
AEG099_861_9002|13|-29.046000|152.585999|30.334999|55.693001|6.794000|-0.815000|1.000000|1.000000|1.000000
AEG099_861_9003|13|-37.831001|148.444000|-46.160000|60.034000|-53.098999|-20.115000|1.000000|1.000000|1.000000
AEG099_861_9004|13|1.086000|155.218002|-5.583000|56.488998|-125.527000|0.000000|1.000000|1.000000|1.000000
AEG099_862_9001|13|28.790001|203.005005|20.566000|-3.651000|56.341999|0.217000|1.000000|1.000000|1.000000
AEG099_862_9002|13|61.459000|193.106995|-60.226002|35.005001|91.837997|1.474000|1.000000|1.000000|1.000000
AEG099_862_9003|13|23.545000|190.962997|-49.787998|42.081001|-119.167999|-12.646000|1.000000|1.000000|1.000000
AEG099_862_9004|13|1.437000|153.423004|-1.774000|55.773998|124.681000|-0.000000|1.000000|1.000000|1.000000
AEG099_862_9005|13|6.018000|155.263000|-8.945000|100.330002|-69.741997|-25.000000|1.000000|1.000000|1.000000
AEG099_862_9006|13|-18.209000|147.645996|-49.985001|81.776001|141.332993|-1.110000|1.000000|1.000000|1.000000
AEG099_862_9007|13|-16.910000|147.723007|-50.247002|94.083000|-30.014999|3.320000|1.000000|1.000000|1.000000
AEG099_862_9008|13|-17.059000|147.645004|-51.106998|88.470001|-113.233002|8.295000|1.000000|1.000000|1.000000
AEG099_862_9009|13|-40.591999|148.757996|-47.088001|47.889000|-49.310001|-5.633000|1.000000|1.000000|1.000000
AEG099_870_9000|13|-17.474001|147.677994|-50.470001|88.045998|70.356003|0.476000|1.000000|1.000000|1.000000
AEG099_870_9001|13|20.504000|112.370003|-21.115999|46.863998|-73.706001|-0.000000|1.000000|1.000000|1.000000
AEG099_871_9000|13|29.917999|177.404999|4.551000|60.629002|112.514999|-10.443000|1.000000|1.000000|1.000000
AEG099_872_9000|13|-65.530998|212.244995|-15.374000|35.608002|-116.621002|-10.780000|1.000000|1.000000|1.000000
AEG099_872_9001|13|18.823000|136.296997|-20.931000|67.675003|5.949000|0.000000|1.000000|1.000000|1.000000
AEG110_036_9000|13|-51.520000|152.787003|-1.580000|-3.382000|-88.072998|-5.376000|1.000000|1.000000|1.000000
AEG201_031_9000|13|-51.571999|152.802002|3.364000|3.640000|121.112999|1.750000|1.000000|1.000000|1.000000
AEG201_031_9001|13|-50.946999|152.865005|-2.647000|-0.088000|-2.062000|-0.013000|1.000000|1.000000|1.000000
AEG201_033_9000|13|-48.768002|152.725006|5.867000|-5.360000|-25.259001|-1.206000|1.000000|1.000000|1.000000
AEG201_033_9001|13|-51.451000|152.772995|-0.333000|1.476000|-24.966000|1.651000|1.000000|1.000000|1.000000
