m413700_0000|0|0.000000|0.000000|0.000000|0.000000|0.000000|0.000000|1.000000|1.000000|1.000000
m413701_0000|0|0.000000|0.000000|0.000000|0.000000|0.000000|0.000000|1.000000|1.000000|1.000000
c0100_9000|2|-6.046653|147.512451|7.419850|0.000000|-266.991272|0.000000|1.000000|1.000000|1.000000
c4050_9000|2|-83.063576|0.941748|50.057014|0.076000|97.525276|-0.018000|1.000000|1.000000|1.000000
c4191_9000|2|-50.498001|0.960000|-63.058998|0.000000|147.098007|0.000000|1.000000|1.000000|1.000000
c4200_9000|2|-10.948498|147.594116|6.625742|0.000000|-126.817276|0.000000|1.000000|1.000000|1.000000
c4200_9001|2|-14.816671|147.321075|3.319813|0.000000|-118.294266|0.000000|1.000000|1.000000|1.000000
c4200_9002|2|-8.337358|146.749619|0.850845|0.000000|-131.371277|0.000000|1.000000|1.000000|1.000000
c4200_9003|2|-7.484525|147.354507|5.818809|0.000000|-125.811279|0.000000|1.000000|1.000000|1.000000
c4200_9004|2|-14.045507|147.632294|6.042041|0.000000|-130.477264|0.000000|1.000000|1.000000|1.000000
c4200_9005|2|41.963001|150.255005|7.943000|0.000000|14.485000|0.000000|1.000000|1.000000|1.000000
c4200_9006|2|44.074001|149.820999|7.864000|0.000000|2.388000|0.000000|1.000000|1.000000|1.000000
c4200_9007|2|36.875000|150.365005|8.394000|0.000000|21.358999|0.000000|1.000000|1.000000|1.000000
c4200_9008|2|39.723000|149.020004|9.598000|0.000000|8.593000|0.000000|1.000000|1.000000|1.000000
c4200_9009|2|33.183998|149.757004|9.816000|0.000000|20.334999|0.000000|1.000000|1.000000|1.000000
c4300_9001|2|78.029999|118.459000|-18.360001|0.000000|-0.409000|0.000000|1.000000|1.000000|1.000000
c4300_9002|2|109.967003|115.861000|-31.216000|-10.034000|33.123001|-5.594000|1.000000|1.000000|1.000000
c4300_9003|2|112.180000|114.431999|-38.762001|-8.212000|-47.557999|9.149000|1.000000|1.000000|1.000000
c4300_9004|2|116.717003|113.959999|-40.615002|12.452000|171.070007|-1.050000|1.000000|1.000000|1.000000
c4300_9005|2|115.804001|113.249001|-43.006001|0.000000|-165.826996|0.000000|1.000000|1.000000|1.000000
c4660_9000|2|46.942001|156.042999|62.431000|0.000000|87.282997|0.000000|1.000000|1.000000|1.000000
c6001_9000|2|106.204002|144.511002|-12.537000|0.000000|0.059000|0.000000|1.000000|1.000000|1.000000
c6001_9001|2|105.653000|144.621994|-11.391000|0.000000|30.225000|0.000000|1.000000|1.000000|1.000000
c6001_9002|2|-19.235525|142.887131|-51.575954|0.000000|-15.447882|0.000000|1.000000|1.000000|1.000000
c6001_9003|2|-15.620915|142.910294|-51.595070|0.000000|5.442136|0.000000|1.000000|1.000000|1.000000
c6001_9004|2|-22.645000|145.024002|-47.678001|0.000000|-7.864000|0.000000|1.000000|1.000000|1.000000
c6001_9005|2|-24.417000|145.119995|-46.136002|0.000000|17.038000|0.000000|1.000000|1.000000|1.000000
c6001_9006|2|-20.733999|144.639008|-45.259998|0.000000|25.096001|0.000000|1.000000|1.000000|1.000000
c6001_9007|2|-48.647999|152.464005|-6.229000|0.000000|10.593000|0.000000|1.000000|1.000000|1.000000
c6001_9008|2|-49.881001|152.229004|-4.579000|0.000000|-15.530000|0.000000|1.000000|1.000000|1.000000
c6001_9009|2|-97.027000|160.487000|64.610001|0.000000|25.766001|0.000000|1.000000|1.000000|1.000000
c6001_9010|2|-96.893997|160.337997|68.612999|0.000000|40.318001|0.000000|1.000000|1.000000|1.000000
c6001_9011|2|28.789000|117.992996|-45.318001|0.000000|8.196000|0.000000|1.000000|1.000000|1.000000
c6001_9012|2|27.292000|118.146004|-44.512001|0.000000|7.221000|0.000000|1.000000|1.000000|1.000000
c6001_9013|2|65.087997|107.828003|-97.452003|0.000000|48.477001|0.000000|1.000000|1.000000|1.000000
c6001_9015|2|60.771000|107.460999|-94.662003|0.000000|53.414001|0.000000|1.000000|1.000000|1.000000
c6001_9024|2|52.465855|168.777634|9.501290|0.000000|-143.724243|0.000000|1.000000|1.000000|1.000000
c6001_9025|2|51.051605|168.777756|9.750331|0.000000|-162.607178|0.000000|1.000000|1.000000|1.000000
c6001_9026|2|48.850979|168.778458|10.089298|0.000000|-182.549194|0.000000|1.000000|1.000000|1.000000
c6001_9027|2|43.120869|168.729950|10.940724|0.000000|-161.213196|0.000000|1.000000|1.000000|1.000000
c6010_9000|2|-41.207001|160.987000|91.529999|-7.291000|-5.764000|3.946000|1.000000|1.000000|1.000000
c6010_9001|2|-69.453003|158.703003|84.036003|8.022000|165.798004|-4.727000|1.000000|1.000000|1.000000
c6010_9002|2|-72.500000|158.121994|81.166000|2.114000|-88.311996|4.990000|1.000000|1.000000|1.000000
c6010_9003|2|-78.793999|158.416000|84.823997|2.600000|-93.264000|4.952000|1.000000|1.000000|1.000000
c6040_9002|2|-98.927002|174.117004|115.608002|0.000000|-45.570000|0.000000|1.000000|1.000000|1.000000
c6050_9000|2|-106.696999|157.960007|91.128998|-6.159000|-21.783001|4.993000|1.000000|1.000000|1.000000
c6050_9001|2|-81.410004|155.615997|61.389000|5.591000|79.276001|-3.037000|1.000000|1.000000|1.000000
c6060_9000|2|85.544029|163.621643|93.899406|-0.573000|171.876678|0.000000|1.000000|1.000000|1.000000
c6060_9001|2|101.645111|166.774948|107.547638|-0.024000|110.159691|-0.000000|1.000000|1.000000|1.000000
c6060_9002|2|109.962234|165.625244|100.626251|-10.403000|110.159691|-0.000000|1.000000|1.000000|1.000000
c6060_9003|2|83.164352|163.714050|94.783356|7.712000|229.953674|-0.000000|1.000000|1.000000|1.000000
c6060_9004|2|83.406998|165.212006|102.662003|6.431000|-117.261002|4.992000|1.000000|1.000000|1.000000
c6060_9005|2|120.355621|163.257721|88.267075|0.000000|134.979996|-0.000000|1.000000|1.000000|1.000000
c6060_9006|2|92.428001|165.022003|100.335999|0.000000|123.627998|-0.000000|1.000000|1.000000|1.000000
c6060_9007|2|90.977432|163.458527|91.943359|-9.284000|31.892658|0.000000|1.000000|1.000000|1.000000
c6060_9008|2|89.166237|165.283295|102.337524|5.985000|185.428635|0.000000|1.000000|1.000000|1.000000
c6060_9009|2|114.792763|168.664291|111.401543|-0.505000|-9.180342|0.000000|1.000000|1.000000|1.000000
c6060_9010|2|99.180069|165.481644|101.726410|6.396000|192.009628|0.000000|1.000000|1.000000|1.000000
c6060_9011|2|99.055252|163.207703|89.481598|-9.895000|69.145630|-0.000000|1.000000|1.000000|1.000000
c6060_9012|2|76.648682|164.775299|101.396278|-3.293000|116.048630|0.000000|1.000000|1.000000|1.000000
c6060_9013|2|90.141312|164.400574|97.458023|8.453000|-97.130371|-0.000000|1.000000|1.000000|1.000000
c6060_9014|2|75.731979|165.683777|106.191322|-3.883000|114.463623|0.000000|1.000000|1.000000|1.000000
c6060_9020|2|116.393059|169.247757|113.276390|-1.858000|-7.225338|-0.000000|1.000000|1.000000|1.000000
c6060_9021|2|76.676895|165.075256|102.995819|-8.343000|75.891632|0.000000|1.000000|1.000000|1.000000
c6060_9022|2|57.128067|167.041718|113.828735|-7.935000|21.674000|0.000000|1.000000|1.000000|1.000000
c6060_9023|2|90.020691|171.506241|131.822632|8.356000|-111.478996|-0.000000|1.000000|1.000000|1.000000
c6060_9028|2|70.016068|169.142014|124.539734|-7.029000|45.720001|-0.000000|1.000000|1.000000|1.000000
c6060_9029|2|82.253067|167.607071|114.788734|-10.035000|26.344999|-0.000000|1.000000|1.000000|1.000000
c6060_9030|2|77.187851|167.076401|113.030991|2.592000|-115.799004|0.001000|1.000000|1.000000|1.000000
c6060_9031|2|81.223068|167.714737|115.486732|-10.296000|13.568000|0.000000|1.000000|1.000000|1.000000
c6070_9000|2|3.105000|11.385000|-103.626999|0.000000|107.474998|0.000000|1.000000|1.000000|1.000000
c6070_9001|2|5.213000|11.670000|-103.017998|0.000000|-160.811005|0.000000|1.000000|1.000000|1.000000
c6070_9002|2|-20.679001|6.900000|-91.197998|0.000000|132.337006|0.000000|1.000000|1.000000|1.000000
c6070_9003|2|-20.187000|6.614000|-93.557999|0.000000|7.444000|0.000000|1.000000|1.000000|1.000000
c6070_9004|2|-40.490002|2.713000|-63.597000|0.000000|117.121002|0.000000|1.000000|1.000000|1.000000
c6070_9005|2|-43.551998|2.338000|-61.799999|0.000000|162.500000|0.000000|1.000000|1.000000|1.000000
c6070_9006|2|-67.594002|0.722000|-53.390999|0.000000|47.230999|0.000000|1.000000|1.000000|1.000000
c6070_9007|2|-66.000999|0.676000|-49.973000|0.000000|-167.774002|0.000000|1.000000|1.000000|1.000000
c6070_9008|2|-41.999001|2.850000|-44.245998|0.000000|165.345993|0.000000|1.000000|1.000000|1.000000
c6070_9009|2|-49.179001|2.701000|-23.179001|0.000000|120.706001|0.000000|1.000000|1.000000|1.000000
c6070_9010|2|-47.060001|3.129000|-24.038000|0.000000|162.983994|0.000000|1.000000|1.000000|1.000000
c6070_9011|2|-53.570000|4.923000|17.301001|0.000000|122.075996|0.000000|1.000000|1.000000|1.000000
c6070_9012|2|-53.889000|4.813000|19.302000|0.000000|114.529999|0.000000|1.000000|1.000000|1.000000
c6070_9013|2|-57.741001|4.290000|20.584000|0.000000|25.146999|0.000000|1.000000|1.000000|1.000000
c6070_9014|2|-71.450996|1.969000|-0.234000|0.000000|12.480000|0.000000|1.000000|1.000000|1.000000
c6070_9015|2|-66.623001|0.696000|-52.472000|0.000000|-9.133000|0.000000|1.000000|1.000000|1.000000
c6100_9003|2|101.440002|160.378006|72.427002|-7.502000|-54.863998|0.000000|1.000000|1.000000|1.000000
c6100_9004|2|105.971001|161.026108|76.619003|-0.019000|-23.290001|-0.000000|1.000000|1.000000|1.000000
c6100_9005|2|104.943001|160.229996|72.246002|-0.020000|-20.461000|0.000000|1.000000|1.000000|1.000000
c6100_9009|2|-1.835715|159.661865|74.796021|-3.849000|-54.863998|0.000000|1.000000|1.000000|1.000000
c6100_9010|2|-4.961714|159.224380|70.404022|-7.508000|-23.290001|-0.000000|1.000000|1.000000|1.000000
c6100_9011|2|-1.602713|159.349747|72.328026|-7.758000|-20.461000|0.000000|1.000000|1.000000|1.000000
c6100_9015|2|62.132694|110.859772|-73.224762|-8.704000|-44.863998|-0.000000|1.000000|1.000000|1.000000
c6100_9016|2|58.622974|110.997940|-72.841034|0.000000|-23.290001|0.000000|1.000000|1.000000|1.000000
c6100_9017|2|61.939999|110.606606|-74.915001|-3.485000|-78.866997|0.000000|1.000000|1.000000|1.000000
c6100_9021|2|97.289001|119.715515|-15.750000|-0.000000|-44.863998|0.000000|1.000000|1.000000|1.000000
c6100_9022|2|98.156998|118.539642|-19.120001|-11.806000|-18.290001|-0.000000|1.000000|1.000000|1.000000
c6100_9023|2|95.155998|119.013962|-17.306000|-11.252000|-20.461000|0.000000|1.000000|1.000000|1.000000
c0000_9000|4|48.409008|141.053848|-1.176980|0.000000|114.039726|0.000000|1.000000|1.000000|1.000000
h413700|5|0.000000|0.000000|0.000000|0.000000|0.000000|0.000000|1.000000|1.000000|1.000000
h413702|5|0.000000|0.000000|0.000000|0.000000|0.000000|0.000000|1.000000|1.000000|1.000000
h413750|5|0.000000|0.000000|0.000000|0.000000|0.000000|0.000000|1.000000|1.000000|1.000000
h413751|5|0.000000|0.000000|0.000000|0.000000|0.000000|0.000000|1.000000|1.000000|1.000000
h413752|5|0.000000|0.000000|0.000000|0.000000|0.000000|0.000000|1.000000|1.000000|1.000000
h413753|5|0.000000|0.000000|0.000000|0.000000|0.000000|0.000000|1.000000|1.000000|1.000000
AEG099_760_9000|9|29.236000|145.897995|10.338000|-12.679000|-41.644001|7.199000|1.000000|1.000000|1.000000
AEG099_760_9002|9|33.875000|146.197998|12.896000|-5.418000|-77.914001|10.308000|1.000000|1.000000|1.000000
c6072_9000|10|57.249001|168.292999|9.820000|0.000000|-111.703003|0.000000|1.000000|1.000000|1.000000
h413702_0000|11|0.000000|0.000000|0.000000|0.000000|0.000000|0.000000|1.000000|1.000000|1.000000
h413702_0001|11|0.000000|0.000000|0.000000|0.000000|0.000000|0.000000|1.000000|1.000000|1.000000
AEG001_095_1003|13|110.381691|115.199463|-29.107809|17.976250|35.332104|-3.174453|1.000000|1.000000|1.000000
AEG001_095_1004|13|135.459747|110.636154|-45.350243|18.004709|-41.833565|9.640212|1.000000|1.000000|1.000000
AEG001_096_1005|13|122.045273|137.541382|-22.746311|-11.227792|36.481155|-177.203720|1.000000|1.000000|1.000000
AEG001_096_1006|13|120.318695|118.976212|-25.422493|11.227792|36.481159|2.796279|1.000000|1.000000|1.000000
AEG001_096_1007|13|124.261909|127.258408|-26.841808|-11.258870|9.518988|177.333221|1.000000|1.000000|1.000000
AEG001_096_1008|13|114.483459|114.944855|-34.828854|11.227792|36.481159|2.796279|1.000000|1.000000|1.000000
AEG001_096_1009|13|131.012314|115.593597|-34.418411|-10.156328|-5.749135|174.436157|1.000000|1.000000|1.000000
AEG001_097_1003|13|132.644455|127.944489|-33.976906|-10.156328|-5.749135|174.436157|1.000000|1.000000|1.000000
AEG001_107_1026|13|124.444595|112.226112|-40.841022|1.979842|-9.747880|0.600920|1.000000|1.000000|1.000000
AEG001_108_1004|13|120.767441|128.405045|-25.224934|11.227792|36.481159|2.796279|1.000000|1.000000|1.000000
AEG001_290_7002|13|106.558128|161.484787|79.448189|9.276519|-173.403397|1.663725|0.900000|0.900000|0.900000
AEG001_290_7003|13|104.541794|146.923615|7.844633|-2.641688|89.302620|-12.133591|0.900000|0.900000|0.900000
AEG001_290_7008|13|78.918823|162.554199|88.599136|2.031353|-96.730774|8.508748|0.900000|0.900000|0.900000
AEG001_290_7009|13|-88.925964|160.075653|96.863235|1.455541|112.408546|-11.489450|0.900000|0.900000|0.900000
AEG001_290_7011|13|20.692245|142.317703|-10.126389|-14.232861|-62.802769|6.211539|1.100000|1.100000|1.100000
AEG001_290_7012|13|63.787388|144.626724|8.606091|16.067474|-164.051712|-2.885968|1.100000|1.100000|1.100000
AEG001_290_7013|13|-10.606427|144.189194|-24.975569|-4.648945|14.642053|-6.339545|1.100000|1.100000|1.100000
AEG001_290_7014|13|-7.488469|144.147278|-22.915607|-2.862335|-107.039627|6.968678|0.900000|0.900000|0.900000
AEG001_290_7015|13|29.265631|153.124054|42.992950|4.816651|-112.559090|12.124844|1.100000|1.100000|1.100000
AEG001_290_7016|13|23.164515|160.107864|81.678383|3.108146|-132.616409|8.895748|0.900000|0.900000|0.900000
AEG001_290_7017|13|-25.416718|158.292709|70.168488|6.623643|-109.787399|11.496902|1.100000|1.100000|1.100000
AEG001_290_7018|13|52.946625|148.120972|22.831697|3.326028|105.184769|-13.468822|1.100000|1.100000|1.100000
AEG001_290_7020|13|40.966549|149.859970|29.831985|10.635670|140.582809|-7.694726|1.100000|1.100000|1.100000
AEG001_290_7021|13|101.532982|162.776688|87.355324|-1.996649|-71.980797|9.469320|0.900000|0.900000|0.900000
AEG001_290_7022|13|20.731014|160.747879|85.283752|5.485626|116.071556|-5.717471|1.100000|1.100000|1.100000
AEG001_290_7023|13|38.783630|117.923714|-34.992470|14.687478|159.125168|-1.732323|0.900000|0.900000|0.900000
AEG001_290_7025|13|95.751617|107.743919|-80.694031|1.960348|-115.325577|9.203707|1.100000|1.100000|1.100000
AEG001_290_7026|13|123.138000|113.124428|-42.761848|5.031501|-120.903282|11.257490|1.100000|1.100000|1.100000
AEG001_290_7027|13|71.370041|116.986954|-31.037167|10.662143|179.215897|5.457703|0.900000|0.900000|0.900000
AEG001_290_7028|13|34.535126|118.102516|-35.330479|-7.628414|-74.108498|13.680569|1.100000|1.100000|1.100000
AEG001_290_7029|13|66.877029|118.142509|-19.671137|-6.434809|164.617264|-3.028027|0.900000|0.900000|0.900000
AEG001_290_7030|13|55.110142|116.003090|-20.898949|9.132072|-88.737022|-8.539698|1.100000|1.100000|1.100000
AEG001_290_7031|13|66.500374|118.803970|-10.355475|13.857280|-101.722626|6.304320|1.100000|1.100000|1.100000
AEG001_290_7032|13|60.326626|117.548103|-10.018616|-2.007034|-29.148102|14.634667|1.100000|1.100000|1.100000
AEG001_290_7033|13|69.453911|109.953621|-77.312637|9.059372|154.665985|-1.176339|0.900000|0.900000|0.900000
AEG001_290_7034|13|72.889412|118.037155|-22.315706|-2.229753|-92.813431|4.898584|0.900000|0.900000|0.900000
AEG001_290_7035|13|90.284851|119.789551|-11.431623|12.856766|-129.130753|11.046876|1.100000|1.100000|1.100000
AEG001_290_7036|13|93.666794|111.815414|-54.866077|8.822228|148.897598|-2.169800|0.900000|0.900000|0.900000
AEG001_290_7037|13|102.342529|109.229942|-69.030823|-8.796878|-8.451324|-1.541818|1.100000|1.100000|1.100000
AEG001_290_7038|13|103.716080|107.798538|-78.345818|7.962636|142.047470|-3.325145|0.900000|0.900000|0.900000
AEG001_290_7039|13|107.803566|100.861069|-125.947342|0.284846|87.955818|-7.856063|1.100000|1.100000|1.100000
AEG001_290_7040|13|67.614960|114.242096|-48.024761|-2.060465|-92.502258|8.838428|1.100000|1.100000|1.100000
AEG001_290_7041|13|73.854729|119.205666|-14.735262|13.421293|-152.043411|7.046541|0.900000|0.900000|0.900000
AEG001_290_7042|13|51.730061|115.936996|-22.101871|-5.315244|-121.512741|-13.480536|0.900000|0.900000|0.900000
AEG001_290_7043|13|-17.787642|168.183472|126.319260|-14.644878|1.219472|-0.999046|0.900000|0.900000|0.900000
AEG001_290_7056|13|36.233143|143.981689|4.786185|-13.789603|4.368516|-6.053958|0.900000|0.900000|0.900000
AEG001_290_7057|13|89.408630|159.195755|66.672157|-5.588933|70.375778|-13.568917|1.100000|1.100000|1.100000
AEG001_290_7058|13|85.309082|159.073990|66.391251|-10.132960|-42.879070|11.407754|0.900000|0.900000|0.900000
AEG001_290_7059|13|68.749695|159.958572|75.745506|-1.958125|-42.849503|14.262582|0.900000|0.900000|0.900000
AEG001_290_7060|13|57.129005|116.564148|-12.997865|11.489334|-130.329910|-3.850072|1.100000|1.100000|1.100000
AEG001_290_7061|13|53.370152|115.852974|-13.292561|9.281791|-95.520218|0.833421|0.900000|0.900000|0.900000
AEG001_290_7062|13|47.638954|167.301147|118.740410|12.293521|-170.228043|-5.932532|0.900000|0.900000|0.900000
AEG001_290_7063|13|8.408658|155.995819|52.828671|11.648399|-145.362427|10.981936|1.100000|1.100000|1.100000
AEG001_290_7067|13|51.562962|145.065643|11.244494|-11.527845|-45.543304|11.042366|1.100000|1.100000|1.100000
AEG001_290_7073|13|-27.847755|161.734863|93.328636|-1.034255|99.658188|-6.192575|0.900000|0.900000|0.900000
AEG001_290_7075|13|-80.815239|164.686432|113.953560|12.461898|-111.918121|14.133875|0.900000|0.900000|0.900000
AEG001_290_7076|13|-46.260063|166.490372|116.677399|-17.279724|8.327868|-6.048431|0.900000|0.900000|0.900000
AEG001_290_7077|13|31.046980|148.516159|22.663429|4.328484|100.542503|-11.820153|1.100000|1.100000|1.100000
AEG001_290_7079|13|-59.923584|162.089508|100.669189|9.534369|146.055817|-8.771968|0.900000|0.900000|0.900000
AEG001_290_7083|13|-67.750633|160.750671|95.916084|6.481849|-111.226837|9.112127|0.900000|0.900000|0.900000
AEG001_290_7086|13|-113.040985|159.266388|101.187759|1.039227|-75.383530|12.786825|0.900000|0.900000|0.900000
AEG001_290_7094|13|-62.350700|158.949753|84.123741|-7.065578|-28.766954|6.346120|1.100000|1.100000|1.100000
AEG001_290_7100|13|-75.785805|165.299500|114.091125|-11.694694|77.545761|-23.681923|1.100000|1.100000|1.100000
AEG001_290_7102|13|-44.641388|159.381012|83.638802|8.930501|-161.699966|0.587178|0.900000|0.900000|0.900000
AEG001_290_7110|13|-23.714966|167.348694|122.891716|-13.037079|-33.357281|7.158421|1.100000|1.100000|1.100000
AEG001_290_7111|13|-110.171867|159.828018|102.989487|-6.905241|71.127487|-11.046646|0.900000|0.900000|0.900000
AEG001_290_7113|13|-40.149479|160.968414|93.232368|-3.970325|78.066566|-8.094862|0.900000|0.900000|0.900000
AEG001_290_7114|13|-72.180908|156.488312|69.204773|-1.214002|-71.117111|6.986408|1.100000|1.100000|1.100000
AEG001_290_7115|13|-90.867203|157.309723|76.343109|1.722219|112.729645|-3.302884|0.900000|0.900000|0.900000
AEG001_290_7117|13|-65.180099|153.319519|44.102432|7.805650|111.859779|1.876417|0.900000|0.900000|0.900000
AEG001_290_7121|13|-56.337360|158.989380|83.124954|-0.434396|98.284912|-9.222488|0.900000|0.900000|0.900000
AEG001_290_7122|13|-45.413170|163.942505|108.293625|14.533519|-163.118088|5.884017|0.900000|0.900000|0.900000
AEG001_290_7126|13|-83.859756|160.899521|99.737633|9.981421|154.641251|-7.217499|1.100000|1.100000|1.100000
AEG001_290_7127|13|-87.749817|158.081924|84.527130|-7.149286|-0.812135|1.189273|1.100000|1.100000|1.100000
AEG001_290_7132|13|-73.035034|159.401489|89.662697|1.265388|111.405159|-9.926247|1.100000|1.100000|1.100000
AEG001_290_7134|13|-75.152428|159.812256|92.594635|6.388549|-116.251556|8.081779|0.900000|0.900000|0.900000
AEG001_290_7137|13|-3.209386|158.648392|64.635864|-1.867370|-109.437134|3.974160|1.100000|1.100000|1.100000
AEG001_290_7139|13|-7.431320|159.034103|67.838623|1.244351|158.133942|0.558136|0.900000|0.900000|0.900000
AEG001_290_7141|13|-0.875847|160.653320|83.966080|6.028462|-131.962067|4.866292|0.900000|0.900000|0.900000
AEG001_290_7142|13|80.644295|106.832314|-88.820076|11.418736|-165.690353|5.367435|1.100000|1.100000|1.100000
AEG001_290_7143|13|47.394566|150.249619|31.697048|11.070289|-139.979538|9.544316|0.900000|0.900000|0.900000
AEG001_290_7144|13|18.829292|147.629868|15.434231|8.561424|-153.044357|7.916436|0.900000|0.900000|0.900000
AEG001_290_7145|13|27.873032|143.873047|0.988838|7.865018|101.036240|-11.201136|1.100000|1.100000|1.100000
AEG001_290_7146|13|38.903038|145.605621|11.712337|9.243432|116.579720|-11.672686|1.100000|1.100000|1.100000
AEG001_290_7147|13|42.453297|145.511993|12.041767|8.281769|-133.221649|12.734368|0.900000|0.900000|0.900000
AEG001_290_7149|13|57.007717|150.958298|33.916229|5.500158|111.551109|-15.184207|0.900000|0.900000|0.900000
AEG001_290_7150|13|90.841698|108.707687|-76.157959|-7.668843|21.072172|-6.142823|1.100000|1.100000|1.100000
AEG001_290_7151|13|88.832108|109.404205|-72.539879|6.083951|-149.893250|7.384665|0.900000|0.900000|0.900000
AEG001_290_7152|13|114.615211|109.161133|-65.382126|8.410010|-174.319946|3.743736|0.900000|0.900000|0.900000
AEG001_290_7153|13|96.675789|110.258041|-64.109299|-4.802963|-76.781425|7.733549|0.900000|0.900000|0.900000
AEG001_290_7154|13|124.914398|103.456436|-105.903992|-6.102213|19.857603|-4.810603|0.900000|0.900000|0.900000
AEG001_290_7155|13|120.559601|104.224968|-101.485382|4.561502|-132.463165|6.454527|0.900000|0.900000|0.900000
AEG001_290_7156|13|114.845833|104.832565|-97.531776|6.971383|145.095627|-3.611060|0.900000|0.900000|0.900000
AEG001_290_7157|13|119.536972|103.749321|-104.956520|-6.394072|-43.804169|5.103982|1.100000|1.100000|1.100000
AEG001_290_7158|13|127.444206|113.483040|-40.587158|11.468461|149.458755|-5.308215|0.900000|0.900000|0.900000
AEG001_290_7159|13|112.920441|114.700562|-36.511581|-3.229037|-75.586769|12.365976|0.900000|0.900000|0.900000
AEG001_290_7160|13|4.865919|155.721695|51.704353|-8.456614|-52.949200|12.459904|0.900000|0.900000|0.900000
AEG001_290_7161|13|16.528316|156.926315|59.217777|5.600182|-140.093323|10.947645|0.900000|0.900000|0.900000
AEG001_290_7162|13|-114.008575|158.119263|95.425835|-1.088295|112.404526|-9.109281|0.900000|0.900000|0.900000
AEG001_290_7163|13|51.453880|24.638348|-127.640137|-12.790033|89.265869|4.406403|1.100000|1.100000|1.100000
AEG001_290_7164|13|64.865906|27.540377|-121.588341|15.454505|-56.619057|11.654379|1.100000|1.100000|1.100000
AEG001_290_7165|13|31.822605|154.244659|47.760571|8.474654|135.787338|-9.847276|0.900000|0.900000|0.900000
AEG001_290_7166|13|-15.460678|149.910583|21.633781|-6.167692|-53.725746|6.487971|0.900000|0.900000|0.900000
AEG001_290_7167|13|94.800232|154.864243|48.932663|-5.862692|-53.307377|10.415819|0.900000|0.900000|0.900000
AEG001_290_7168|13|61.463104|165.883698|108.419083|-6.079527|-53.300137|10.485023|0.900000|0.900000|0.900000
AEG001_290_7169|13|46.370304|167.861389|122.273705|4.782059|-76.618073|14.873722|1.100000|1.100000|1.100000
AEG001_290_7170|13|-30.339539|158.189545|71.009178|10.488057|155.886490|-9.132239|1.100000|1.100000|1.100000
AEG001_290_7171|13|46.722500|117.168869|-36.256966|-4.597201|54.483463|-11.271439|0.900000|0.900000|0.900000
AEG001_290_7172|13|47.111938|154.330444|45.136089|0.394266|-79.681435|17.790951|1.100000|1.100000|1.100000
AEG003_055_1000|13|-86.781525|0.694459|53.744263|-0.684790|-17.221317|3.958614|1.000000|1.000000|1.000000
AEG003_061_1000|13|-86.275757|0.721679|53.096313|0.000000|-13.381122|0.000000|1.000000|1.000000|1.000000
AEG003_420_1001|13|42.000000|115.000000|-10.000000|0.000000|-30.000004|0.000000|1.000000|1.000000|1.000000
AEG004_904_1000|13|-18.994608|4.896557|-116.666183|-0.687163|179.055603|-12.325381|1.000000|1.000000|1.000000
AEG004_904_1001|13|25.237907|15.640495|-82.782410|13.561368|-75.997353|5.426694|1.000000|1.000000|1.000000
AEG004_904_1002|13|-57.683788|-0.299272|-100.744339|0.854238|12.324703|0.295911|1.000000|1.000000|1.000000
AEG004_904_1004|13|-61.327648|-0.128021|-87.236229|-0.121754|135.704086|-1.916281|1.000000|1.000000|1.000000
AEG004_904_1005|13|-30.058216|2.899545|-84.029465|0.934206|-175.071060|-9.241527|1.000000|1.000000|1.000000
AEG004_904_1006|13|-63.222603|0.771101|-11.785402|-2.996971|101.661499|-2.390083|1.000000|1.000000|1.000000
AEG004_904_1007|13|-19.849251|4.918853|-62.520550|-12.198808|93.182655|-1.379237|1.000000|1.000000|1.000000
AEG004_904_1008|13|-100.339897|-0.512188|42.426449|-10.342251|40.608772|52.830204|1.000000|1.000000|1.000000
AEG004_904_1009|13|4.012561|10.058653|-98.341988|-12.645927|121.385223|-5.676679|1.000000|1.000000|1.000000
AEG004_904_1010|13|-79.424789|0.607302|20.892414|3.469681|-117.269516|-0.100470|1.000000|1.000000|1.000000
AEG004_904_1011|13|9.589446|11.826762|-80.283905|-3.471946|157.411987|-15.184036|1.000000|1.000000|1.000000
AEG004_904_1012|13|30.657724|17.934464|-114.706833|3.103774|-156.938583|-15.558611|1.000000|1.000000|1.000000
AEG004_904_1013|13|-69.620384|0.886140|-0.954217|-0.348197|-117.260948|0.198704|1.000000|1.000000|1.000000
AEG004_904_1014|13|-50.362160|0.849004|-38.725147|-0.832356|-164.317993|-4.232043|1.000000|1.000000|1.000000
AEG004_904_1015|13|-34.209999|2.955412|-29.521864|4.231049|-169.680344|-27.532312|1.000000|1.000000|1.000000
AEG004_904_1016|13|-66.840805|3.175502|51.414845|-6.877234|120.323288|-46.637005|1.000000|1.000000|1.000000
AEG007_078_1000|13|44.949001|149.449005|17.051003|-90.000000|-80.074997|-49.997997|1.000000|1.000000|1.000000
AEG007_078_1001|13|123.884003|103.990997|-77.434998|90.000015|84.278008|-4.999996|1.000000|1.000000|1.000000
AEG007_094_1000|13|44.949001|149.449005|17.051003|-90.000000|-80.074997|-49.997997|1.000000|1.000000|1.000000
AEG007_094_1001|13|123.883987|103.990974|-77.435005|90.000015|84.278008|-4.999996|1.000000|1.000000|1.000000
AEG007_394_1000|13|44.949001|149.449005|17.051003|-90.000000|-80.074997|-49.997997|1.000000|1.000000|1.000000
AEG007_396_1000|13|123.883987|103.990974|-77.435005|90.000015|84.278008|-4.999996|1.000000|1.000000|1.000000
AEG007_397_1000|13|47.171154|168.178009|11.265207|0.000000|-165.000000|0.000000|1.000000|1.000000|1.000000
AEG007_398_1000|13|42.970425|164.913345|1.982196|0.000000|11.073075|0.000000|1.000000|1.000000|1.000000
AEG007_399_1000|13|37.012012|160.039658|5.003857|0.000000|12.097172|0.000000|1.000000|1.000000|1.000000
AEG092_101_1000|13|42.837494|115.000000|-11.450582|0.000000|-29.999956|0.000000|1.000000|1.000000|1.000000
AEG099_090_9000|13|42.348999|114.989998|-10.664000|0.000000|148.772003|0.000000|1.000000|1.000000|1.000000
AEG099_230_9000|13|42.389000|114.617996|-11.264000|0.000000|-29.209000|0.000000|1.000000|1.000000|1.000000
AEG099_375_1001|13|-22.699070|144.234283|-42.618149|0.000000|-134.999969|-0.000000|1.000000|1.000000|1.000000
AEG099_610_9000|13|-87.018997|0.698000|51.643002|5.000000|-148.942001|-0.000000|1.000000|1.000000|1.000000
AEG099_610_9001|13|55.858002|168.089005|9.887000|19.700001|-162.966995|0.000000|1.000000|1.000000|1.000000
AEG099_680_9000|13|126.612999|112.671997|-42.987999|0.000000|-142.718002|0.000000|1.000000|1.000000|1.000000
AEG099_680_9001|13|125.378998|103.732002|-102.842003|4.189000|-150.126999|2.904000|1.000000|1.000000|1.000000
AEG099_680_9002|13|57.616001|110.425003|-75.628998|0.000000|167.432999|0.000000|1.000000|1.000000|1.000000
AEG099_680_9003|13|58.497002|110.879997|-71.953003|0.000000|-7.429000|0.000000|1.000000|1.000000|1.000000
AEG099_680_9004|13|-8.548000|159.570007|75.859001|3.142000|124.808998|-2.499000|1.000000|1.000000|1.000000
AEG099_680_9005|13|-13.372000|144.630005|-22.707001|0.000000|-22.174000|0.000000|1.000000|1.000000|1.000000
AEG099_680_9006|13|-62.971001|153.466995|45.398998|0.110000|21.804001|-6.364000|1.000000|1.000000|1.000000
AEG099_680_9007|13|-17.639999|144.598007|-25.170000|0.000000|51.918999|-11.147000|1.000000|1.000000|1.000000
AEG099_680_9008|13|-10.548000|144.462997|-21.861000|1.352000|103.320000|-6.697000|1.000000|1.000000|1.000000
AEG099_680_9009|13|-14.374000|143.712006|-30.524000|3.040000|-134.996994|2.939000|1.000000|1.000000|1.000000
AEG099_680_9010|13|33.820000|149.279007|26.540001|-9.594000|26.112000|-4.210000|1.000000|1.000000|1.000000
AEG099_680_9011|13|66.661003|158.682999|72.567001|0.249000|118.980003|-8.604000|1.000000|1.000000|1.000000
AEG099_680_9012|13|99.510002|145.050003|0.339000|-1.459000|87.055000|-8.181000|1.000000|1.000000|1.000000
AEG099_680_9013|13|101.655998|171.322006|126.197998|-14.894000|20.259001|-7.327000|1.000000|1.000000|1.000000
AEG099_680_9014|13|-6.568000|159.223007|71.169998|1.107000|162.037003|1.729000|1.000000|1.000000|1.000000
AEG099_680_9015|13|-86.711998|159.979996|96.136002|-4.552000|42.845001|-10.553000|1.000000|1.000000|1.000000
AEG099_680_9016|13|8.228000|160.487000|81.814003|0.000000|-5.194000|0.000000|1.000000|1.000000|1.000000
AEG099_685_9000|13|20.135000|120.994003|-32.700001|0.000000|113.591003|0.000000|1.000000|1.000000|1.000000
AEG099_690_9001|13|-114.682999|158.761002|98.809998|0.000000|142.580994|-6.219000|1.000000|1.000000|1.000000
AEG099_690_9002|13|-113.338997|159.050995|100.063004|-9.071000|22.580999|-0.000000|1.000000|1.000000|1.000000
AEG099_690_9003|13|92.974998|162.591995|86.055000|0.000000|92.581001|0.000000|1.000000|1.000000|1.000000
AEG099_690_9004|13|-115.709999|174.548004|119.780998|0.000000|92.581001|0.000000|1.000000|1.000000|1.000000
AEG099_691_9000|13|37.797001|145.272003|9.402000|0.000000|-171.809006|0.000000|1.000000|1.000000|1.000000
AEG099_720_9000|13|72.445000|117.824997|-24.462999|-3.044000|-37.573002|-2.804000|1.000000|1.000000|1.000000
AEG099_720_9001|13|107.120003|160.975006|78.196999|-0.633000|-48.900002|8.152000|1.000000|1.000000|1.000000
AEG099_720_9002|13|47.641998|167.074997|118.005997|0.000000|91.736000|-15.066000|1.000000|1.000000|1.000000
AEG099_720_9004|13|104.209000|159.835999|71.502998|2.998000|137.033997|-4.642000|1.000000|1.000000|1.000000
AEG099_720_9005|13|-48.005001|164.307007|109.809998|-1.039000|-96.292000|16.621000|1.000000|1.000000|1.000000
AEG099_720_9007|13|101.533997|107.492996|-80.120003|-0.680000|49.584999|-4.895000|1.000000|1.000000|1.000000
AEG099_720_9008|13|72.026001|116.403000|-32.412998|5.767000|123.360001|-6.469000|1.000000|1.000000|1.000000
AEG099_720_9009|13|49.050999|116.874001|-37.000999|-8.198000|-37.959000|4.581000|1.000000|1.000000|1.000000
AEG099_720_9010|13|39.839001|117.384003|-36.215000|5.010000|105.338997|-10.719000|1.000000|1.000000|1.000000
AEG099_720_9011|13|38.618000|118.836998|-32.032001|-14.974000|-48.577000|8.913000|1.000000|1.000000|1.000000
AEG099_720_9015|13|77.043999|162.544998|88.747002|-4.478000|58.061001|-4.213000|1.000000|1.000000|1.000000
AEG099_720_9020|13|60.999001|145.022995|11.449000|-7.720000|60.082001|-10.280000|1.000000|1.000000|1.000000
AEG099_720_9021|13|65.079002|145.723999|12.290000|5.372000|-106.485001|10.831000|1.000000|1.000000|1.000000
AEG099_720_9022|13|20.850000|142.759003|-7.785000|7.398000|105.226997|-6.426000|1.000000|1.000000|1.000000
AEG099_720_9023|13|11.229000|143.845001|-10.303000|5.557000|-173.427994|5.101000|1.000000|1.000000|1.000000
AEG099_720_9025|13|-15.873000|149.328003|19.073000|6.527000|137.860001|-3.257000|1.000000|1.000000|1.000000
AEG099_720_9026|13|-16.344000|150.089996|23.757999|-7.164000|-64.945999|4.659000|1.000000|1.000000|1.000000
AEG099_720_9029|13|-23.364000|156.028000|58.127998|2.170000|-92.680000|9.270000|1.000000|1.000000|1.000000
AEG099_720_9030|13|8.259000|155.764999|51.965000|11.012000|137.862000|-10.288000|1.000000|1.000000|1.000000
AEG099_720_9031|13|30.306000|154.714996|50.564999|6.220000|149.776001|-5.493000|1.000000|1.000000|1.000000
AEG099_720_9034|13|22.770000|160.671005|84.720001|0.000000|19.562000|0.000000|1.000000|1.000000|1.000000
AEG099_720_9039|13|-23.893000|166.472000|119.350998|8.192000|110.371002|-11.335000|1.000000|1.000000|1.000000
AEG099_720_9041|13|-29.320000|161.792007|94.624001|3.751000|-127.822998|-1.616000|1.000000|1.000000|1.000000
AEG099_720_9047|13|-70.224998|157.654007|78.820999|-5.669000|11.620000|-1.148000|1.000000|1.000000|1.000000
AEG099_720_9049|13|-63.520000|157.893997|77.807999|-3.738000|-61.782001|3.453000|1.000000|1.000000|1.000000
AEG099_720_9054|13|-58.896000|158.671005|81.968002|-9.548000|30.917000|-3.192000|1.000000|1.000000|1.000000
AEG099_720_9057|13|88.733002|104.193001|-102.210999|1.962000|-118.347000|6.805000|1.000000|1.000000|1.000000
AEG099_720_9059|13|42.930000|153.141006|45.585999|-7.663000|26.559999|-0.000000|1.000000|1.000000|1.000000
AEG099_760_9001|13|44.500000|115.490997|-19.597000|4.625000|64.148003|8.807000|1.000000|1.000000|1.000000
AEG099_760_9003|13|60.800999|117.455002|-12.882000|-6.796000|-51.831001|15.200000|1.000000|1.000000|1.000000
AEG099_760_9004|13|-92.110001|158.104004|85.574997|-0.493000|19.480000|1.394000|1.000000|1.000000|1.000000
AEG099_796_9000|13|56.658001|150.716995|27.636999|0.000000|27.847000|0.000000|1.000000|1.000000|1.000000
AEG099_796_9001|13|52.851002|149.214005|26.621000|0.000000|-10.239000|0.000000|1.000000|1.000000|1.000000
AEG099_796_9002|13|53.859001|151.037003|32.860001|0.000000|-148.806000|0.000000|1.000000|1.000000|1.000000
AEG099_796_9003|13|46.941002|165.457001|4.376000|0.000000|5.211000|0.000000|1.000000|1.000000|1.000000
AEG099_796_9004|13|52.480000|166.697998|7.245000|0.000000|-88.235001|0.000000|1.000000|1.000000|1.000000
AEG099_796_9005|13|54.686001|164.871002|2.772000|0.000000|120.053001|0.000000|1.000000|1.000000|1.000000
AEG099_796_9006|13|116.321999|106.584000|-91.324997|0.000000|-32.354000|0.000000|1.000000|1.000000|1.000000
AEG099_796_9007|13|131.712997|108.213997|-77.712997|0.000000|158.410995|0.000000|1.000000|1.000000|1.000000
AEG099_796_9008|13|127.331001|109.438004|-76.304001|0.000000|-50.060001|0.000000|1.000000|1.000000|1.000000
AEG099_796_9009|13|108.315002|109.685997|-65.371002|0.000000|79.970001|0.000000|1.000000|1.000000|1.000000
AEG099_802_9000|13|-85.819000|0.806000|51.241001|0.000000|169.835007|0.000000|1.000000|1.000000|1.000000
AEG099_830_9001|13|-64.886002|163.123993|105.236000|-0.963000|88.526001|-13.630000|1.000000|1.000000|1.000000
AEG099_990_9000|13|-21.834999|144.473999|-41.759998|0.000000|47.612000|0.000000|1.000000|1.000000|1.000000
AEG110_063_1001|13|42.499996|115.000000|-10.866018|0.000000|-30.000025|0.000000|1.000000|1.000000|1.000000
AEG700_101_1000|13|-57.759426|-0.007254|-89.899979|-1.034418|20.046879|2.994956|1.000000|1.000000|1.000000
AEG700_101_1001|13|-98.520134|-0.311860|46.414577|-2.045228|116.009933|-1.052950|1.000000|1.000000|1.000000
AEG801_006_7011|13|-59.500031|152.790436|41.780933|3.324691|-111.588348|8.956454|1.100000|1.100000|1.100000
AEG801_006_7038|13|101.819473|160.669174|73.997559|9.789467|-163.508896|5.003142|0.900000|0.900000|0.900000
AEG801_006_7043|13|64.947845|149.266678|26.649435|4.004458|115.799126|-12.370071|1.100000|1.100000|1.100000
AEG801_006_7045|13|89.647522|161.931702|82.188461|-5.498810|-24.748158|5.371452|0.900000|0.900000|0.900000
AEG801_006_7048|13|105.733032|160.726852|74.921127|10.380385|170.521393|-0.596124|1.100000|1.100000|1.100000
AEG801_006_7052|13|-39.228546|148.847931|5.957654|-2.038368|40.028812|-4.822002|1.100000|1.100000|1.100000
AEG801_006_7067|13|3.172451|162.634430|98.188469|-4.522467|-52.658131|6.922971|1.100000|1.100000|1.100000
AEG801_006_7068|13|-3.502151|158.913589|67.382393|-4.941121|-53.033379|0.781565|1.100000|1.100000|1.100000
AEG801_006_7088|13|112.260185|144.700241|-3.567843|12.967742|-161.204315|3.052630|1.100000|1.100000|1.100000
AEG801_006_7095|13|-21.112719|145.689835|-18.941654|-5.454589|-70.958260|3.595110|0.900000|0.900000|0.900000
AEG801_006_7165|13|-46.354134|162.934937|104.216583|8.210680|-130.111801|10.182037|0.900000|0.900000|0.900000
AEG801_006_7184|13|82.632515|162.781021|89.612312|-8.114855|-17.758362|3.795400|0.900000|0.900000|0.900000
AEG801_006_7199|13|63.613167|146.391373|15.101833|-10.475605|58.617428|-11.126575|0.900000|0.900000|0.900000
AEG801_006_7200|13|68.048622|146.683670|14.946036|-8.479572|76.069206|-11.058027|1.100000|1.100000|1.100000
AEG801_006_7201|13|13.121055|144.239166|-5.931645|-6.228510|20.616243|-9.718798|0.900000|0.900000|0.900000
AEG801_006_7202|13|30.918104|146.367661|13.001287|-12.330737|6.920111|-4.927062|1.100000|1.100000|1.100000
AEG801_006_7203|13|49.016392|149.593170|29.002600|3.594429|105.503632|-12.963928|0.900000|0.900000|0.900000
AEG801_006_7205|13|-8.573252|154.284653|47.054787|-9.627735|36.554115|-6.539169|1.100000|1.100000|1.100000
AEG801_006_7208|13|-25.916498|156.854813|62.583626|8.928370|-174.804535|-1.792897|1.100000|1.100000|1.100000
AEG801_006_7233|13|-25.304634|168.529922|127.152863|6.257436|-120.520630|13.785536|1.100000|1.100000|1.100000
AEG801_006_7240|13|96.462807|119.596237|-14.479244|16.526350|171.643509|-7.475232|1.100000|1.100000|1.100000
AEG801_006_7241|13|99.921486|118.720749|-18.008577|-8.707693|-52.416553|12.429304|1.100000|1.100000|1.100000
AEG801_006_7243|13|101.611504|102.959351|-111.453850|6.650501|140.465668|-5.650303|1.100000|1.100000|1.100000
AEG801_006_7244|13|88.256409|103.819511|-104.860359|-0.883420|-79.690697|9.169093|1.100000|1.100000|1.100000
AEG801_006_7245|13|121.053070|113.758606|-40.059673|-10.578657|-38.649452|7.048017|0.900000|0.900000|0.900000
AEG801_006_7247|13|-69.432518|160.197403|93.382141|5.916337|138.775253|-8.526767|1.100000|1.100000|1.100000
AEG801_006_7248|13|39.317207|120.104294|-28.921984|-4.173859|-74.312759|21.130339|1.100000|1.100000|1.100000
AEG801_006_7249|13|36.050148|116.933563|-39.670193|0.129883|76.615028|-13.209119|1.100000|1.100000|1.100000
AEG801_006_7250|13|42.199142|115.622231|-19.090124|-4.025407|133.376266|15.098791|1.100000|1.100000|1.100000
AEG801_006_7251|13|69.659355|113.756645|-50.614986|1.994607|84.528336|-8.647471|1.100000|1.100000|1.100000
AEG801_006_7253|13|66.987877|118.557373|-28.425636|18.800640|-165.524933|7.896737|1.100000|1.100000|1.100000
AEG801_006_7254|13|76.545380|117.795471|-22.758917|5.890028|-150.796509|6.266671|1.100000|1.100000|1.100000
AEG801_006_7257|13|123.990608|101.628242|-121.098595|3.680271|-111.055153|5.991223|1.100000|1.100000|1.100000
AEG801_006_7258|13|127.322533|101.602646|-122.575012|3.079623|140.385025|-5.820042|0.900000|0.900000|0.900000
AEG801_006_7259|13|71.422554|114.111458|-46.613018|9.781159|140.156403|-3.801582|1.100000|1.100000|1.100000
AEG801_006_7260|13|55.501408|111.493057|-69.770500|-0.376766|-88.374428|9.123111|0.900000|0.900000|0.900000
AEG801_006_7261|13|60.651081|110.033791|-78.422813|-9.158495|-24.470915|4.939867|1.100000|1.100000|1.100000
AEG801_006_7262|13|66.170921|117.030045|-33.352337|-5.749105|-82.078407|11.518130|1.100000|1.100000|1.100000
AEG801_006_7281|13|12.109820|142.567383|-20.300676|8.372716|139.345459|1.613591|1.100000|1.100000|1.100000
AEG801_006_7283|13|-20.117859|156.526550|59.321133|9.023773|157.303146|-6.098731|1.100000|1.100000|1.100000
AEG801_006_7284|13|-66.702232|158.168320|80.270576|7.501378|162.602905|-4.826157|1.100000|1.100000|1.100000
AEG801_006_7287|13|-88.548134|160.851532|100.526550|-6.457896|71.025993|-10.680970|1.100000|1.100000|1.100000
AEG801_006_7411|13|-61.095169|152.327148|38.897835|0.237225|-90.764496|9.522595|0.900000|0.900000|0.900000
AEG801_006_7416|13|-47.267521|160.246063|88.889046|2.924933|-91.662155|8.670353|1.100000|1.100000|1.100000
AEG801_006_7431|13|-43.646488|155.493942|58.070717|-0.000000|-87.815208|0.000000|1.100000|1.100000|1.100000
AEG801_006_7445|13|-20.340334|167.561905|123.983795|-1.792714|-87.052483|14.796787|1.100000|1.100000|1.100000
AEG801_006_7447|13|-74.101990|157.266693|75.918098|-7.359413|-10.988190|3.352749|1.100000|1.100000|1.100000
AEG801_006_7448|13|-27.140652|158.891541|72.803787|8.756798|-113.069023|13.048066|1.100000|1.100000|1.100000
AEG801_006_7449|13|-20.388134|161.339066|89.455994|-1.439513|-91.979195|7.101020|1.100000|1.100000|1.100000
AEG801_006_7450|13|-102.271759|157.667450|87.414436|-2.153939|-54.233299|9.267501|1.100000|1.100000|1.100000
AEG801_006_7451|13|28.151485|145.091064|6.438860|-5.307191|-86.862213|12.417173|1.100000|1.100000|1.100000
AEG801_006_7453|13|53.389923|151.538681|35.961704|-4.995778|75.782898|-16.546921|1.100000|1.100000|1.100000
AEG801_006_7458|13|17.840105|149.807281|26.302141|-3.434447|-82.820633|10.967072|1.100000|1.100000|1.100000
AEG801_006_7459|13|58.501503|148.550369|24.291065|-6.900339|-54.025341|11.776722|1.200000|1.200000|1.200000
AEG801_006_7460|13|121.458900|109.313271|-62.169971|-9.833945|-18.573725|-0.132914|1.100000|1.100000|1.100000
AEG801_006_7461|13|-39.613781|149.265884|11.070354|0.594555|-111.437782|4.664501|1.100000|1.100000|1.100000
AEG801_006_7462|13|93.845299|103.849640|-105.154144|0.778068|100.250443|-8.876302|0.900000|0.900000|0.900000
AEG801_006_7463|13|76.913010|105.210670|-96.053787|10.667525|141.102615|-9.955229|1.100000|1.100000|1.100000
AEG801_006_7464|13|124.809418|108.835289|-63.819000|-8.035129|-59.190899|5.995731|0.900000|0.900000|0.900000
AEG801_006_7465|13|75.487473|113.498016|-50.155258|3.943833|96.079765|-7.912982|0.900000|0.900000|0.900000
AEG801_006_7466|13|-23.626944|145.448883|-23.269138|-5.854750|11.832370|-3.304894|1.100000|1.100000|1.100000
AEG801_006_7467|13|-58.584698|159.448013|86.368607|2.170308|-91.690140|9.341703|1.100000|1.100000|1.100000
AEG801_006_7468|13|-62.049561|161.952469|100.193451|-13.343852|-3.175963|2.930015|1.100000|1.100000|1.100000
AEG801_006_7469|13|106.368828|162.056427|83.134346|-2.501956|-71.713646|8.478944|0.900000|0.900000|0.900000
AEG801_006_7470|13|10.109475|159.764908|76.444382|-5.150239|-52.690914|5.272961|1.100000|1.100000|1.100000
AEG801_006_7471|13|-31.067013|159.023315|74.449287|16.073702|-159.800674|-0.160467|1.100000|1.100000|1.100000
AEG801_006_7472|13|-9.789526|159.922852|77.004509|-3.789912|-52.565651|6.866118|1.100000|1.100000|1.100000
AEG801_006_7473|13|-6.541560|159.889450|77.179260|-4.204092|63.904461|-7.141280|0.900000|0.900000|0.900000
AEG801_006_7474|13|-14.392382|161.003082|87.064110|-5.706444|-52.723797|4.971776|1.100000|1.100000|1.100000
AEG801_006_7475|13|-70.957443|155.470413|60.817722|0.412161|-91.999069|7.026872|1.100000|1.100000|1.100000
AEG801_006_7476|13|-75.477089|156.533112|70.114731|-6.089010|28.899538|-2.795732|1.100000|1.100000|1.100000
AEG801_006_7477|13|-65.490479|156.953613|73.399918|2.089573|-91.647354|8.247536|1.100000|1.100000|1.100000
AEG801_006_7478|13|-92.452881|157.844864|83.420532|2.345049|-87.535606|6.383849|1.100000|1.100000|1.100000
AEG801_006_7479|13|-93.005043|163.274612|111.164406|-8.788391|70.633606|-12.915843|1.100000|1.100000|1.100000
AEG801_006_7480|13|-66.659195|165.666962|112.895966|-23.965605|-3.208748|2.659403|1.100000|1.100000|1.100000
AEG801_006_7481|13|-50.060101|163.489716|106.425034|6.046468|113.234421|-12.484246|1.100000|1.100000|1.100000
AEG801_006_7482|13|-73.816368|163.640274|107.662552|-16.906790|-2.637362|4.190048|1.100000|1.100000|1.100000
AEG801_006_7483|13|-40.977737|166.631866|118.136406|12.811495|-150.830475|11.225854|1.100000|1.100000|1.100000
AEG801_006_7484|13|23.895447|146.025940|9.192171|3.609127|-126.811356|12.016706|1.100000|1.100000|1.100000
AEG801_006_7485|13|12.560509|143.660492|-10.163433|-3.724702|29.245569|-10.849527|1.100000|1.100000|1.100000
AEG801_006_7486|13|72.449020|117.457207|-27.704197|6.818360|-165.637619|8.387390|1.100000|1.100000|1.100000
AEG801_006_7487|13|48.455009|117.657570|-33.434921|8.218357|-153.321777|7.459086|1.100000|1.100000|1.100000
AEG801_006_7488|13|50.348938|23.850012|-117.050072|10.177938|-78.922157|0.574774|1.100000|1.100000|1.100000
AEG801_006_7489|13|55.954147|24.910660|-117.950333|-9.956997|138.041061|-6.833413|0.900000|0.900000|0.900000
AEG801_006_7490|13|62.907555|26.706448|-115.863968|-15.477691|136.134689|-15.134101|0.900000|0.900000|0.900000
AEG801_006_7491|13|60.662792|25.814384|-112.545525|17.324120|-79.227173|1.907999|1.100000|1.100000|1.100000
AEG801_006_7492|13|53.705284|24.662943|-121.308243|-5.489502|167.760529|-10.556594|1.100000|1.100000|1.100000
AEG801_006_7493|13|-88.427895|156.805435|69.844193|-1.148805|-91.616249|4.957680|1.100000|1.100000|1.100000
AEG801_006_7494|13|21.837673|158.102768|68.718231|-3.464707|36.164307|-10.046272|1.100000|1.100000|1.100000
AEG801_006_7495|13|111.306335|145.525162|0.151871|-6.503569|-51.168865|11.040154|0.900000|0.900000|0.900000
AEG801_006_7496|13|118.122345|143.780472|-8.153843|-7.083560|-51.057396|11.956929|0.900000|0.900000|0.900000
AEG801_006_7498|13|92.869682|161.987579|81.793510|6.761832|170.773727|-2.246436|1.100000|1.100000|1.100000
AEG801_006_7499|13|96.964417|162.586899|85.919983|4.717885|-121.509323|7.543944|0.900000|0.900000|0.900000
AEG801_006_7500|13|95.899429|159.671310|68.451195|13.270375|171.700180|-0.994940|1.100000|1.100000|1.100000
AEG801_006_7501|13|48.826199|148.629730|24.917082|-9.983281|-43.132820|9.113029|1.200000|1.200000|1.200000
AEG801_006_7502|13|43.621605|148.758621|25.235447|-11.024812|-37.289795|7.380211|1.100000|1.100000|1.100000
AEG801_006_7503|13|71.806427|146.228134|10.455925|-0.865164|52.691639|-13.093587|0.900000|0.900000|0.900000
AEG801_006_7504|13|-24.007048|146.587296|-10.742311|-5.084540|-71.055809|2.539055|0.900000|0.900000|0.900000
AEG801_006_7505|13|20.095459|143.594376|-4.412479|-9.951597|-76.959595|9.488717|0.900000|0.900000|0.900000
AEG801_006_7506|13|-12.283371|150.054779|22.943808|-8.114946|21.290792|-4.417408|0.900000|0.900000|0.900000
AEG801_006_7507|13|-12.698103|149.270233|17.902481|-6.832502|29.735649|-5.597837|1.100000|1.100000|1.100000
AEG801_006_7508|13|-5.839861|149.502792|20.469362|-3.545627|-77.017799|8.766028|0.900000|0.900000|0.900000
AEG801_006_7509|13|-19.485123|150.132324|22.560875|-5.608912|43.414379|-6.705906|0.900000|0.900000|0.900000
AEG801_006_7510|13|11.600307|159.259064|72.782349|-1.999463|63.913147|-6.982349|0.900000|0.900000|0.900000
AEG801_006_7511|13|5.919647|159.079971|70.471397|5.189824|-142.135788|4.735534|0.900000|0.900000|0.900000
AEG801_006_7512|13|-60.385628|158.219177|79.040817|5.056308|136.822723|-7.365321|0.900000|0.900000|0.900000
AEG801_006_7513|13|-88.856316|157.600159|80.290833|-5.300971|-11.233784|1.140423|1.100000|1.100000|1.100000
AEG801_006_7514|13|-88.423920|163.382767|110.863373|15.405658|-167.533676|0.228292|0.900000|0.900000|0.900000
AEG801_006_7515|13|-48.349506|166.924713|117.559311|-5.143187|63.683243|-17.984274|1.100000|1.100000|1.100000
AEG801_006_7516|13|-27.824005|167.113037|121.608223|-14.352386|9.732058|-4.043062|1.100000|1.100000|1.100000
AEG801_006_7517|13|104.844376|107.182846|-82.292061|-7.233181|-44.213715|4.336515|1.100000|1.100000|1.100000
AEG801_006_7518|13|126.109138|104.374573|-98.599007|-7.774676|-41.549004|1.805547|1.100000|1.100000|1.100000
AEG801_006_7519|13|122.413216|104.794777|-96.841164|-5.810884|23.721998|-4.953981|0.900000|0.900000|0.900000
AEG801_006_7520|13|117.872734|109.021370|-65.175507|-0.433321|70.434410|-9.198079|0.900000|0.900000|0.900000
AEG801_006_7521|13|91.532509|104.482513|-101.000023|-5.147282|58.821793|-7.611466|0.900000|0.900000|0.900000
AEG801_006_7522|13|58.346764|144.484100|9.163105|14.396012|155.180817|-7.995754|0.900000|0.900000|0.900000
AEG801_006_7523|13|97.663277|155.344559|50.805977|-11.950979|21.561214|-2.855695|0.900000|0.900000|0.900000
AEG801_006_7524|13|95.899780|154.176117|45.420868|-10.686561|29.953262|-4.190775|1.100000|1.100000|1.100000
AEG801_006_7525|13|100.743309|155.002533|48.645653|-0.442168|-76.924149|11.755738|0.900000|0.900000|0.900000
AEG801_006_7526|13|90.156898|154.953430|49.804688|-9.534136|43.283836|-7.659402|0.900000|0.900000|0.900000
AEG801_006_7527|13|103.668976|149.948639|22.386047|-11.400682|30.100737|-3.436814|1.100000|1.100000|1.100000
AEG801_006_7528|13|107.901764|150.673523|24.891872|0.241378|-76.924057|11.808087|0.900000|0.900000|0.900000
AEG801_006_7529|13|100.977730|150.498886|25.729410|0.019507|-76.923920|11.751260|0.900000|0.900000|0.900000
AEG801_006_7530|13|63.097202|166.507767|111.196289|-11.441908|21.389668|-3.684517|0.900000|0.900000|0.900000
AEG801_006_7531|13|61.075512|164.933716|103.881714|-10.591412|29.963070|-4.138567|1.100000|1.100000|1.100000
AEG801_006_7532|13|66.151093|165.950760|108.275192|7.190305|-123.661438|9.048197|1.200000|1.200000|1.200000
AEG801_006_7533|13|71.440163|165.828522|107.253372|-1.751734|-76.941940|11.109250|0.900000|0.900000|0.900000
AEG801_006_7534|13|104.387024|117.719681|-22.006187|-3.670433|-71.555717|11.356583|1.100000|1.100000|1.100000
AEG801_006_7535|13|87.327843|120.247108|-9.771210|8.037383|135.341339|-12.718890|1.100000|1.100000|1.100000
AEG801_006_7536|13|62.447781|117.633400|-31.609127|5.226541|101.160797|-12.576919|1.100000|1.100000|1.100000
AEG801_006_7537|13|5.881714|162.137314|94.483765|-7.841937|0.088939|0.427515|0.900000|0.900000|0.900000
AEG801_006_7538|13|-3.277710|162.414597|97.254547|-2.152034|80.938271|-7.973947|0.900000|0.900000|0.900000
AEG801_006_7539|13|23.692684|168.144516|127.717216|-11.492850|21.291309|-4.158110|0.900000|0.900000|0.900000
AEG801_006_7540|13|20.960070|167.191422|123.349678|6.832292|-123.734520|9.654284|1.200000|1.200000|1.200000
AEG801_006_7541|13|25.288273|166.942657|121.952469|-1.947843|-76.938896|11.187385|0.900000|0.900000|0.900000
AEG801_006_7542|13|-19.971724|161.895432|93.469673|-0.936339|77.035019|-6.230626|0.900000|0.900000|0.900000
AEG801_006_7543|13|89.474472|167.902313|114.708412|9.346184|-123.724442|9.410170|1.200000|1.200000|1.200000
AEG801_006_7544|13|93.149078|167.274780|111.324883|-0.616520|-76.924995|13.533282|0.900000|0.900000|0.900000
AEG801_006_7545|13|91.894897|169.118973|119.402718|12.594351|172.634537|-4.924184|0.900000|0.900000|0.900000
AEG801_006_7546|13|-16.806091|156.228180|57.055641|9.326133|156.809494|-6.593797|0.900000|0.900000|0.900000
AEG801_006_7547|13|16.668854|167.725098|125.897263|12.524981|177.826019|-0.336045|0.900000|0.900000|0.900000
AEG801_006_7548|13|97.757057|117.301804|-23.771757|-4.071496|72.684097|-11.720589|1.100000|1.100000|1.100000
AEG801_006_7549|13|92.409538|109.351173|-71.590843|-1.191972|63.271355|-9.207511|1.100000|1.100000|1.100000
AEG801_006_7550|13|43.522491|117.741112|-34.494663|8.904490|-149.724396|9.722614|1.100000|1.100000|1.100000
AEG801_011_7031|13|41.657230|149.126617|26.674057|-0.009519|38.244965|-0.008922|1.000000|1.000000|1.000000
AEG801_011_7038|13|90.201874|103.898376|-104.512764|-0.007304|40.736561|-0.005057|1.000000|1.000000|1.000000
AEG801_011_7039|13|55.440163|116.087273|-12.731979|-0.000000|36.360294|-0.000000|1.000000|1.000000|1.000000
AEG801_011_7040|13|92.409538|109.351173|-71.590843|-0.004765|38.823425|-0.007906|1.000000|1.000000|1.000000
AEG801_011_7042|13|12.163071|144.013306|-9.442041|-0.000000|38.289356|-0.000000|1.000000|1.000000|1.000000
AEG801_011_7044|13|-66.375465|166.247803|113.070999|-0.000000|35.120258|-0.000000|1.000000|1.000000|1.000000
AEG801_011_7046|13|-82.800926|160.846115|99.829102|-0.000000|34.015793|-0.000000|1.000000|1.000000|1.000000
AEG801_011_7050|13|-89.522179|157.610504|80.388855|-0.004473|34.469501|-0.002784|1.000000|1.000000|1.000000
AEG801_011_7051|13|-91.927765|163.083054|110.480751|-0.020680|23.455471|-0.007169|1.000000|1.000000|1.000000
AEG801_011_7052|13|-4.388325|158.838120|66.430901|-0.000004|35.394230|-0.000004|1.000000|1.000000|1.000000
AEG801_011_7054|13|68.126686|146.553711|14.354618|-0.013257|42.456154|-0.004239|1.000000|1.000000|1.000000
AEG801_011_7055|13|-38.896706|148.945221|7.450542|-0.002635|35.302784|-0.004428|1.000000|1.000000|1.000000
AEG801_011_7056|13|127.322533|101.602646|-122.575012|-0.006523|40.965157|-0.001657|1.000000|1.000000|1.000000
AEG801_011_7057|13|70.037567|113.915710|-49.410690|-0.004656|40.117912|-0.007698|1.000000|1.000000|1.000000
AEG801_011_7058|13|56.626514|25.082020|-118.422195|-0.005840|42.134693|0.011283|1.000000|1.000000|1.000000
AEG801_011_7059|13|-88.139793|156.757828|69.375374|-0.003129|34.469177|-0.003987|1.000000|1.000000|1.000000
AEG801_011_7060|13|97.205750|162.429489|84.894745|-0.006500|39.296429|-0.005537|1.000000|1.000000|1.000000
AEG801_011_7061|13|101.986259|160.454178|72.926170|-0.007498|138.740372|-0.008469|1.000000|1.000000|1.000000
AEG801_011_7062|13|-21.723488|145.648544|-20.034454|-0.001822|35.197960|-0.006581|1.000000|1.000000|1.000000
AEG801_011_7063|13|-13.351030|149.495087|19.261444|-6.089962|37.944050|-6.484533|1.000000|1.000000|1.000000
AEG801_011_7064|13|122.531013|109.159653|-62.760651|-0.005156|38.767139|-0.008595|1.000000|1.000000|1.000000
AEG801_011_7065|13|95.757507|154.424393|46.676506|-0.010054|38.042271|-0.005796|1.000000|1.000000|1.000000
AEG801_011_7066|13|101.806084|150.512299|25.602009|-0.010707|-88.415840|-0.004887|1.000000|1.000000|1.000000
AEG801_011_7067|13|65.432640|165.907516|108.130630|-0.009861|36.976864|-0.006142|1.000000|1.000000|1.000000
AEG801_011_7068|13|95.507446|119.558014|-14.426662|-0.016065|35.486660|-0.006185|1.000000|1.000000|1.000000
AEG801_011_7069|13|-2.324720|162.501343|97.756973|-0.007236|35.135670|-0.004087|1.000000|1.000000|1.000000
AEG801_011_7070|13|20.493433|167.041351|122.640884|-0.009593|36.421436|-0.006682|1.000000|1.000000|1.000000
AEG801_011_7071|13|88.441299|167.801865|114.474960|-0.011842|36.282589|-0.005635|1.000000|1.000000|1.000000
AEG801_011_7072|13|54.354553|151.751907|36.583611|-0.013917|41.073425|-0.011287|1.000000|1.000000|1.000000
AEG801_015_7073|13|-68.848557|160.093781|92.636536|-0.007591|-28.553892|0.006941|1.000002|1.000002|1.000002
AEG801_015_7078|13|49.179047|117.513802|-33.912079|-0.010745|-9.414063|-0.000901|1.000003|1.000002|1.000002
AEG801_015_7079|13|67.254547|118.163712|-19.703825|-0.000001|-9.455218|0.000001|1.000003|1.000002|1.000002
AEG801_015_7081|13|-26.164694|158.970459|73.716736|-0.000017|109.950165|-0.000025|1.000002|1.000002|1.000001
AEG801_015_7089|13|-67.531395|165.965820|112.832184|-0.000003|-137.508530|-0.000008|1.000002|1.000002|1.000002
AEG801_015_7094|13|-93.832703|163.436737|111.775955|-0.026913|-21.964447|0.019259|1.000002|1.000002|1.000002
AEG801_015_7095|13|106.368828|162.056427|83.134346|0.020246|-21.727114|-0.001310|1.000002|1.000002|1.000001
AEG801_015_7096|13|50.747555|148.656586|25.048908|0.005067|112.179222|-0.012582|1.000003|1.000002|1.000001
AEG801_015_7097|13|61.443073|146.068954|14.307274|-0.000004|-124.326508|-0.000023|1.000002|1.000002|1.000001
AEG801_016_7093|13|-19.888866|156.569824|59.460075|-0.000000|24.807848|0.000000|1.000000|1.000000|1.000000
AEG801_016_7097|13|-45.555450|163.741760|107.990562|-0.000000|-83.688469|0.000000|1.000000|1.000000|1.000000
AEG801_016_7112|13|-66.248695|158.110733|80.918060|-0.000000|86.171394|-0.000000|1.000000|1.000000|1.000000
AEG801_016_7114|13|10.305733|159.746338|76.583733|-0.000000|124.718719|-0.000000|1.000000|1.000000|1.000000
AEG801_016_7117|13|-43.806728|155.346817|57.140205|-0.000000|47.069729|-0.000000|1.000000|1.000000|1.000000
AEG801_016_7121|13|106.855354|160.713928|74.949677|0.006502|124.619072|-0.008052|1.000000|1.000000|1.000000
AEG801_016_7124|13|-19.589996|167.607101|124.201775|-0.000002|79.327072|-0.000015|1.000000|1.000000|1.000000
AEG801_016_7193|13|77.189827|117.784653|-22.659889|0.000738|80.907722|-0.008800|1.000000|1.000000|1.000000
AEG801_016_7200|13|-44.825813|159.387466|83.715462|-0.000000|42.422497|-0.000000|1.000000|1.000000|1.000000
AEG801_016_7203|13|-59.608955|152.509506|40.037544|-0.009438|6.396936|-0.000987|1.000000|1.000000|1.000000
AEG801_016_7210|13|-88.907440|157.733978|81.638390|0.005519|-153.970978|0.001830|1.000000|1.000000|1.000000
AEG801_016_7211|13|2.383241|162.769745|99.166473|-0.006346|44.965927|-0.005505|1.000000|1.000000|1.000000
AEG801_016_7212|13|-5.197890|158.968735|67.597099|0.001066|45.389645|-0.005215|1.000000|1.000000|1.000000
AEG801_016_7213|13|-104.151146|157.284897|85.837593|-0.009915|6.706673|0.002623|1.000000|1.000000|1.000000
AEG801_016_7214|13|27.055271|145.721313|8.903563|-0.005763|44.572937|-0.011739|1.000000|1.000000|1.000000
AEG801_016_7215|13|63.740295|146.850616|16.867365|-0.006969|74.467949|-0.013307|1.000000|1.000000|1.000000
AEG801_250_7025|13|2.444927|162.363480|96.304070|-0.000000|-98.331573|0.000000|0.700000|0.700000|0.700000
AEG801_250_7027|13|92.423416|161.797943|79.588867|-0.000000|-38.601788|0.000000|0.600000|0.600000|0.600000
AEG801_250_7035|13|-71.512016|155.382675|60.145416|0.000000|170.349411|-0.000001|1.000000|1.000000|1.000000
AEG801_250_7043|13|-47.516201|159.949036|87.762741|-0.000000|151.476639|-0.000000|1.000000|1.000000|1.000000
AEG801_250_7057|13|-44.797203|155.537598|58.564308|-0.000000|-38.767841|-0.000000|0.700000|0.700000|0.700000
AEG801_250_7061|13|-40.808998|166.492584|117.687592|-0.000000|-31.893793|0.000000|0.550000|0.550000|0.550000
AEG801_250_7062|13|-42.123795|166.800064|118.378624|-0.000004|-58.794243|0.000027|0.900000|0.900000|0.900000
AEG801_250_7065|13|9.248147|159.626923|75.649803|0.000000|74.044144|0.000000|0.550000|0.550000|0.550000
AEG801_250_7066|13|92.871277|161.612244|82.143433|0.000000|144.856750|0.000000|1.000000|1.000000|1.000000
AEG801_250_7068|13|107.010101|161.780914|81.292679|-0.002798|71.796822|-0.008461|0.800000|0.800000|0.800000
AEG801_250_7080|13|112.829956|144.732025|-3.470119|-0.000000|-141.709152|-0.000000|0.700000|0.700000|0.700000
AEG801_250_7123|13|98.565697|118.687744|-17.604736|-0.000000|-36.344181|0.000000|0.600000|0.600000|0.600000
AEG801_250_7126|13|75.208977|117.835449|-22.920891|-0.000000|52.527683|-0.000000|1.000000|1.000000|1.000000
AEG801_250_7127|13|72.106567|117.476089|-27.884279|0.000000|119.164589|-0.000000|0.600000|0.600000|0.600000
AEG801_250_7128|13|47.862553|117.642258|-33.568913|0.010901|146.988159|-0.002607|0.800000|0.800000|0.800000
AEG801_250_7129|13|55.191280|116.098907|-19.835911|-0.000000|-35.752457|-0.000000|0.600000|0.600000|0.600000
AEG801_250_7130|13|124.351707|101.565964|-121.731552|0.006284|-139.576248|0.002213|0.600000|0.600000|0.600000
AEG801_250_7131|13|123.255928|101.435631|-122.438721|-0.000002|-61.784199|0.000000|0.900000|0.900000|0.900000
AEG801_250_7132|13|103.231636|106.880699|-82.749878|6.091516|-39.106228|7.556785|0.600000|0.600000|0.600000
AEG801_250_7133|13|67.525383|119.103271|-9.956912|0.000000|-40.264389|0.000000|0.600000|0.600000|0.600000
AEG801_250_7134|13|65.429352|118.365005|-10.524349|-0.000000|145.677582|-0.000000|1.000000|1.000000|1.000000
AEG801_250_7135|13|55.189960|111.401833|-70.439835|-0.000000|150.141953|-0.000004|1.000000|1.000000|1.000000
AEG801_250_7136|13|55.338345|111.667114|-68.531227|-0.007041|42.652237|0.004207|0.600000|0.600000|0.600000
AEG801_250_7137|13|-59.786621|158.274109|79.270485|0.003579|-101.587929|0.008196|0.700000|0.700000|0.700000
AEG801_250_7162|13|-20.931366|167.457001|123.537041|-0.000012|-37.218159|-0.000000|0.900000|0.900000|0.900000
AEG801_250_7164|13|-76.451103|156.611267|70.813591|-0.004466|-40.928917|0.004590|0.600000|0.600000|0.600000
AEG801_250_7168|13|-29.905125|159.172852|75.166275|0.000000|-142.055237|-0.000000|0.600000|0.600000|0.600000
AEG801_250_7169|13|-27.410286|159.346695|75.358879|-0.000000|-62.247532|-0.000000|0.900000|0.900000|0.900000
AEG801_250_7170|13|-7.304542|159.997147|78.218956|0.000000|-101.394295|0.000000|0.600000|0.600000|0.600000
AEG801_250_7171|13|-10.022729|159.997147|77.771835|-0.000000|-20.739910|0.000000|0.900000|0.900000|0.900000
AEG801_250_7172|13|28.514465|144.870178|5.596739|-0.013009|-38.198219|0.004180|0.600000|0.600000|0.600000
AEG801_250_7173|13|58.853996|144.514847|9.233610|0.005519|-105.434807|0.015518|0.500000|0.500000|0.500000
AEG801_250_7174|13|25.920956|145.506683|7.498903|-0.013020|-21.701162|0.000301|0.800000|0.800000|0.800000
AEG801_250_7175|13|62.633240|146.444214|15.476387|0.013742|165.357635|-0.006622|0.750000|0.750000|0.750000
AEG801_250_7179|13|48.523369|149.003647|26.482090|-0.012557|-20.302185|0.004453|0.900000|0.900000|0.900000
AEG801_250_7180|13|43.349548|148.802139|25.401190|0.012076|-160.363602|0.005382|0.650000|0.650000|0.650000
AEG801_253_7013|13|96.177612|159.528641|67.875168|-0.013360|2.512936|-0.001523|1.000000|1.000000|1.000000
AEG801_253_7018|13|-48.089359|160.206207|89.464340|-0.000000|-23.651028|0.000000|1.000000|1.000000|1.000000
AEG801_253_7019|13|-67.595810|158.022171|79.548904|-0.003935|78.655190|-0.007849|1.250000|1.250000|1.250000
AEG801_253_7023|13|-75.035881|156.477478|69.487015|-0.001455|82.323967|-0.006388|1.000000|1.000000|1.000000
AEG801_253_7025|13|-65.427345|156.890350|72.754379|-0.000000|148.105698|-0.000000|0.850000|0.850000|0.850000
AEG801_253_7028|13|-27.490696|166.789291|120.420639|0.000000|-153.962128|0.000000|1.150000|1.150000|1.150000
AEG801_253_7030|13|66.410614|116.378326|-33.140942|-0.000000|-0.570594|-0.000000|1.000000|1.000000|1.000000
AEG801_253_7031|13|-43.519875|155.671707|59.207226|0.000000|-86.548820|0.000000|0.900000|0.900000|0.900000
AEG801_253_7032|13|-46.201416|162.800583|103.766251|-0.000000|39.303127|-0.000000|0.900000|0.900000|0.900000
AEG801_253_7036|13|-40.623463|149.188431|9.914946|-0.000004|5.441185|-0.000002|1.000000|1.000000|1.000000
AEG801_253_7037|13|112.028076|145.000443|-2.307018|-0.000000|96.024384|0.000000|0.850000|0.850000|0.850000
AEG801_253_7042|13|-59.534042|152.832031|42.045029|-0.009531|-3.494725|0.000355|1.000000|1.000000|1.000000
AEG801_253_7043|13|-70.215736|155.316742|59.517807|-0.000004|-50.823074|0.000000|1.250000|1.250000|1.250000
AEG801_253_7045|13|21.983948|158.122147|68.951561|-0.010079|-54.178040|0.003579|0.700000|0.700000|0.700000
AEG801_253_7047|13|-40.547836|160.898163|92.839531|-0.000000|75.260246|-0.000000|0.700000|0.700000|0.700000
AEG801_253_7053|13|-92.027779|158.025299|84.962166|0.006748|-106.259636|-0.000169|0.900000|0.900000|0.900000
AEG801_253_7054|13|-60.905209|158.364502|80.106224|-0.005132|67.951378|-0.007413|0.800000|0.800000|0.800000
AEG801_253_7060|13|-67.750633|160.750671|95.916084|-0.000012|16.166567|-0.000001|0.700000|0.700000|0.700000
AEG801_253_7064|13|-83.762421|160.958115|100.484863|-0.000000|151.655914|-0.000000|1.200000|1.200000|1.200000
AEG801_253_7065|13|-28.001316|158.540527|72.171387|-0.000000|74.468674|-0.000000|1.000000|1.000000|1.000000
AEG801_253_7066|13|-10.321877|159.990494|76.932175|-0.000000|108.573708|-0.000000|0.850000|0.850000|0.850000
AEG801_253_7067|13|-21.209969|161.312469|88.973213|-0.000000|113.748528|-0.000000|1.200000|1.200000|1.200000
AEG801_253_7068|13|5.756897|162.140320|94.512672|-0.007828|-1.391792|0.000628|0.800000|0.800000|0.800000
AEG801_253_7069|13|-24.156797|168.218231|126.112808|-0.000007|58.287586|-0.000014|0.800000|0.800000|0.800000
AEG801_253_7070|13|104.321495|106.806770|-82.383789|-0.008283|-0.975134|-0.001731|1.000000|1.000000|1.000000
AEG801_253_7071|13|-102.477051|157.779617|88.289886|-0.008067|-3.234576|0.004098|1.100000|1.100000|1.100000
AEG801_253_7072|13|28.276398|143.600098|-0.064423|-0.006853|-84.075035|0.012185|0.900000|0.900000|0.900000
AEG801_253_7073|13|64.932999|149.204590|26.379648|0.000219|98.712219|-0.013008|0.700000|0.700000|0.700000
AEG801_253_7074|13|18.392668|149.908463|26.904106|-0.011399|-1.387264|-0.001780|0.700000|0.700000|0.700000
AEG801_253_7076|13|126.247719|104.449814|-97.896378|-0.002824|39.652534|-0.007460|0.700000|0.700000|0.700000
AEG801_253_7077|13|100.048241|118.668648|-18.206085|-0.015121|23.523605|0.000710|0.800000|0.800000|0.800000
AEG801_253_7078|13|47.496216|148.761703|25.439859|-0.001381|1.244341|-0.013315|1.100000|1.100000|1.100000
AEG801_253_7079|13|59.332344|110.299492|-76.837616|-0.010838|-159.451935|0.001257|1.000000|1.000000|1.000000
AEG801_253_7080|13|57.901005|144.161148|8.095242|-0.012347|43.557518|-0.010923|0.700000|0.700000|0.700000
AEG801_253_7081|13|104.448700|150.075653|22.817867|-0.011668|-128.252655|0.002295|1.000000|1.000000|1.000000
AEG801_253_7082|13|87.649368|120.239586|-9.862125|-0.014737|147.967834|0.003442|1.100000|1.100000|1.100000
AEG801_253_7083|13|89.780624|168.155884|115.743011|-0.013120|-132.236893|0.002158|1.000000|1.000000|1.000000
AEG801_253_7084|13|44.373325|117.921280|-33.382313|0.012158|76.221596|-0.002385|1.100000|1.100000|1.100000
AEG801_253_7085|13|22.655025|146.058746|8.883741|-0.011494|-142.212784|-0.004552|1.100000|1.100000|1.100000
AEG801_254_7067|13|-88.548134|160.851532|100.526550|-0.000009|-32.229034|-0.000000|1.000000|1.000000|1.000000
AEG801_254_7068|13|-62.049561|161.952469|100.193451|-0.000000|-36.789833|-0.000000|1.000000|1.000000|1.000000
AEG801_255_7021|13|-50.060116|163.489731|106.425056|-0.000000|60.933437|-0.000000|1.000000|1.000000|1.000000
AEG801_255_7026|13|66.987877|118.557373|-28.425636|-0.000000|68.833298|-0.000000|1.000000|1.000000|1.000000
AEG801_255_7027|13|-25.304634|168.529922|127.152863|-0.000011|-48.895775|-0.000000|1.000000|1.000000|1.000000
AEG801_255_7032|13|-58.584698|159.448013|86.368607|-0.005280|66.831894|-0.007993|1.000000|1.000000|1.000000
AEG801_255_7038|13|-74.101990|157.266678|75.918098|-0.006562|-15.530454|0.003688|1.000000|1.000000|1.000000
AEG801_256_7012|13|-73.816368|163.640274|107.662552|-0.000000|38.667477|-0.000000|1.000000|1.000000|1.000000
AEG801_257_7010|13|-65.490479|156.953613|73.399918|-0.000000|-52.554714|-0.000000|1.000000|1.000000|1.000000
AEG801_257_7011|13|-69.291618|160.209198|93.997116|-0.000004|85.509575|-0.000012|1.000000|1.000000|1.000000
AEG801_257_7019|13|104.406433|160.853149|75.064583|-0.000000|76.398270|-0.000000|1.000000|1.000000|1.000000
AEG801_257_7025|13|-48.349518|166.924698|117.559311|-0.000000|-59.917992|0.000000|1.000000|1.000000|1.000000
AEG801_258_7073|13|-92.452881|157.844864|83.420540|-0.000006|5.928905|-0.000000|1.000000|1.000000|1.000000
