m384300_0000|0|0.000000|0.000000|0.000000|0.000000|0.000000|0.000000|1.000000|1.000000|1.000000
m384302_0000|0|0.000000|0.000000|0.000000|0.000000|0.000000|0.000000|1.000000|1.000000|1.000000
c0000_9001|2|67.165001|257.699005|57.063000|0.000000|70.599998|0.000000|1.000000|1.000000|1.000000
c0100_9000|2|-97.079002|237.466003|94.454002|0.000000|-139.791000|0.000000|1.000000|1.000000|1.000000
c0130_9000|2|-79.776001|237.483994|14.689000|0.000000|-96.537003|0.000000|1.000000|1.000000|1.000000
c1000_9000|2|51.596001|257.795013|27.799999|0.000000|102.447998|0.000000|1.000000|1.000000|1.000000
c3470_9000|2|-89.047997|241.268005|110.903000|0.000000|0.306000|0.000000|1.000000|1.000000|1.000000
c3470_9001|2|-96.068001|237.449997|96.586998|0.000000|30.306000|0.000000|1.000000|1.000000|1.000000
c3470_9002|2|-92.176003|237.466003|96.795998|0.000000|61.595001|0.000000|1.000000|1.000000|1.000000
c3850_9000|2|-80.457001|243.831146|15.975000|0.000000|-88.325996|0.000000|1.000000|1.000000|1.000000
c3850_9001|2|-82.138000|243.908005|15.894000|0.000000|93.483002|0.000000|1.000000|1.000000|1.000000
c3850_9002|2|-81.390999|243.854156|16.815001|0.000000|179.593002|0.000000|1.000000|1.000000|1.000000
c4071_9000|2|74.291000|270.721008|95.714996|-7.889000|47.599998|2.126000|1.000000|1.000000|1.000000
c4071_9001|2|70.241997|269.348999|92.163002|15.012000|173.925003|-2.646000|1.000000|1.000000|1.000000
c4071_9002|2|73.263000|268.122009|87.133003|-8.366000|20.195000|-0.000000|1.000000|1.000000|1.000000
c4071_9003|2|106.741997|309.098999|99.723999|8.627000|12.592000|6.174000|1.000000|1.000000|1.000000
c4071_9004|2|103.084999|308.662994|100.537003|-7.590000|114.557999|6.928000|1.000000|1.000000|1.000000
c4071_9005|2|100.282997|309.921997|95.315002|-14.687000|-135.182999|-9.937000|1.000000|1.000000|1.000000
c4372_9000|2|-19.774000|237.779999|108.480003|0.000000|118.584999|0.000000|1.000000|1.000000|1.000000
c4372_9001|2|-19.832001|237.725998|103.296997|0.000000|-154.492004|0.000000|1.000000|1.000000|1.000000
c4372_9002|2|-15.753000|237.856995|103.600998|0.000000|-14.404000|0.000000|1.000000|1.000000|1.000000
c4420_9000|2|-81.848999|237.460007|-104.526001|0.000000|179.348007|0.000000|1.000000|1.000000|1.000000
c4420_9001|2|-34.403000|237.395996|-29.323000|0.000000|-120.473000|0.000000|1.000000|1.000000|1.000000
c4420_9002|2|-115.398003|237.429001|-6.709000|0.000000|134.315002|0.000000|1.000000|1.000000|1.000000
c4440_9000|2|47.240002|237.574005|27.955000|0.000000|-131.307007|0.000000|1.000000|1.000000|1.000000
c4440_9001|2|-45.581001|237.375000|-86.873001|0.000000|-114.099998|0.000000|1.000000|1.000000|1.000000
c4440_9002|2|-48.079700|237.381363|-91.739555|0.000000|56.112000|0.000000|1.000000|1.000000|1.000000
c4440_9003|2|45.048000|237.574005|31.730000|0.000000|-150.479996|0.000000|1.000000|1.000000|1.000000
c4440_9004|2|-24.767000|237.375000|-114.681999|0.000000|-150.966003|0.000000|1.000000|1.000000|1.000000
c4440_9005|2|-19.032000|237.397995|-120.741997|0.000000|-35.768002|0.000000|1.000000|1.000000|1.000000
c4440_9006|2|-7.033000|237.587006|-112.038002|0.000000|21.554001|0.000000|1.000000|1.000000|1.000000
c4440_9007|2|-43.027000|237.375000|-119.102997|0.000000|52.271000|0.000000|1.000000|1.000000|1.000000
c4440_9008|2|44.294998|237.455994|33.896000|-3.484000|137.606003|1.756000|1.000000|1.000000|1.000000
c4440_9009|2|48.028999|237.537003|34.546001|0.893000|-4.890000|0.750000|1.000000|1.000000|1.000000
c4440_9010|2|43.554001|237.572998|27.884001|0.000000|-147.725006|0.000000|1.000000|1.000000|1.000000
c4440_9011|2|42.408001|237.574005|24.518999|0.000000|103.481003|0.000000|1.000000|1.000000|1.000000
c4480_9000|2|-69.758003|237.565002|112.541000|0.000000|-102.167999|0.000000|1.000000|1.000000|1.000000
c4630_9000|2|24.219000|255.826996|-89.522003|-5.147000|-58.879002|9.990000|1.000000|1.000000|1.000000
c6031_9001|2|85.915001|263.916992|-101.962997|-0.000000|64.755997|0.000000|1.000000|1.000000|1.000000
c6090_9000|2|-11.000000|237.710007|67.704002|3.689000|-112.482002|0.381000|1.000000|1.000000|1.000000
c0000_9000|4|53.110001|257.809998|26.430000|0.000000|109.589996|0.000000|1.000000|1.000000|1.000000
h384300|5|0.000000|0.000000|0.000000|0.000000|0.000000|0.000000|1.000000|1.000000|1.000000
h384353|5|0.000000|0.000000|0.000000|0.000000|0.000000|0.000000|1.000000|1.000000|1.000000
AEG099_620_9001|9|-31.142000|237.666000|102.929001|0.000000|75.028000|0.000000|1.000000|1.000000|1.000000
c0000_9002|10|67.165001|257.699005|57.063000|0.000000|70.599998|0.000000|1.000000|1.000000|1.000000
c0000_9003|10|67.165001|257.699005|57.063000|0.000000|70.599998|0.000000|1.000000|1.000000|1.000000
c0000_9004|10|67.165001|257.699005|57.063000|0.000000|70.599998|0.000000|1.000000|1.000000|1.000000
c0000_9005|10|67.165001|257.699005|57.063000|0.000000|70.599998|0.000000|1.000000|1.000000|1.000000
c0000_9006|10|67.165001|257.699005|57.063000|0.000000|70.599998|0.000000|1.000000|1.000000|1.000000
c0000_9007|10|67.165001|257.699005|57.063000|0.000000|70.599998|0.000000|1.000000|1.000000|1.000000
c0000_9008|10|67.165001|257.699005|57.063000|0.000000|70.599998|0.000000|1.000000|1.000000|1.000000
c0000_9009|10|67.165001|257.699005|57.063000|0.000000|70.599998|0.000000|1.000000|1.000000|1.000000
c0000_9010|10|67.165001|257.699005|57.063000|0.000000|70.599998|0.000000|1.000000|1.000000|1.000000
c6072_9000|10|-1.863000|242.190002|-25.860001|0.000000|87.167000|0.000000|1.000000|1.000000|1.000000
AEG001_290_7001|13|113.871338|255.324463|-13.048218|-0.563114|169.899216|7.479494|1.000000|1.000000|1.000000
AEG001_290_7002|13|99.409599|257.562195|-47.309818|-6.337926|-170.364380|6.081545|0.624310|0.624310|0.624310
AEG001_290_7080|13|96.476059|257.325897|-40.367073|3.919847|-6.404522|-5.778450|1.000000|1.000000|1.000000
AEG001_290_7081|13|88.792877|257.949951|-40.564331|4.291353|-6.921349|-4.578385|1.000000|1.000000|1.000000
AEG001_290_7127|13|97.704887|265.954102|-101.203125|-0.017567|-170.502518|-7.983221|0.624310|0.624310|0.624310
AEG001_290_7128|13|67.850761|259.951660|-102.063499|2.218364|-7.310097|11.707685|1.000000|1.000000|1.000000
AEG001_290_7129|13|89.141792|264.338837|-97.216057|1.736426|-7.288977|10.806315|1.000000|1.000000|1.000000
AEG001_290_7130|13|86.422104|263.852539|-87.573486|4.230236|-7.361896|11.396935|1.000000|1.000000|1.000000
AEG001_290_7131|13|88.305649|264.294434|-108.891113|2.174705|-7.312610|11.485866|1.000000|1.000000|1.000000
AEG001_290_7132|13|56.846069|257.863403|-100.838852|-2.972505|-7.351842|8.774308|1.000000|1.000000|1.000000
AEG001_290_7133|13|80.063362|260.507568|-63.692017|4.912163|-7.154777|-1.682062|1.000000|1.000000|1.000000
AEG001_290_7134|13|48.557003|259.843292|-66.175491|-0.111771|-7.208270|0.614772|1.000000|1.000000|1.000000
AEG001_290_7135|13|21.768929|257.166077|-41.449249|3.748817|48.587330|9.888693|1.000000|1.000000|1.000000
AEG001_290_7136|13|52.137932|258.187012|-87.787247|-10.779788|47.996407|0.296402|1.000000|1.000000|1.000000
AEG001_290_7137|13|51.710873|259.713593|-77.348541|5.531662|157.678391|-0.334760|1.000000|1.000000|1.000000
AEG001_290_7138|13|-4.140234|253.326767|-99.101334|0.000000|32.139275|0.000000|1.000000|1.000000|1.000000
AEG001_290_7139|13|30.292236|260.389404|-66.974854|-10.447883|-7.420363|-1.214708|1.000000|1.000000|1.000000
AEG001_290_7140|13|43.055218|248.686356|-124.785233|-13.786579|46.610126|0.074367|1.000000|1.000000|1.000000
AEG001_290_7141|13|108.539673|257.202423|22.887197|-5.959372|12.617446|-3.869337|1.000000|1.000000|1.000000
AEG001_290_7142|13|101.056641|257.439697|22.916132|-8.540157|12.041088|-2.989948|1.000000|1.000000|1.000000
AEG001_290_7143|13|91.459976|257.800537|24.422993|9.212095|-170.255264|1.741398|1.000000|1.000000|1.000000
AEG001_290_7144|13|105.147263|256.000488|13.213755|3.793897|-147.421738|4.550764|1.000000|1.000000|1.000000
AEG001_290_7145|13|119.489433|256.692383|24.953493|0.267607|-147.469955|5.905382|1.000000|1.000000|1.000000
AEG001_290_7146|13|108.776543|259.540771|48.422844|6.279593|-170.379730|2.655823|1.000000|1.000000|1.000000
AEG001_290_7147|13|116.324051|258.665039|44.476807|6.416580|-170.699921|5.394948|1.000000|1.000000|1.000000
AEG001_290_7148|13|123.162598|264.289520|70.925056|16.720495|-170.107590|2.373709|1.000000|1.000000|1.000000
AEG001_290_7149|13|90.588867|263.460693|67.087402|19.365610|-170.475906|4.166934|1.000000|1.000000|1.000000
AEG001_290_7150|13|103.195442|259.362823|45.407707|4.204910|-169.801605|1.231674|1.000000|1.000000|1.000000
AEG001_290_7151|13|91.459473|259.128448|43.620113|1.605504|-169.701523|-0.889097|1.000000|1.000000|1.000000
AEG001_290_7152|13|71.196198|258.005615|55.858894|2.327565|-169.352280|-3.148663|1.000000|1.000000|1.000000
AEG001_290_7153|13|28.508789|247.652557|80.962585|-8.093300|13.559686|15.645501|1.000000|1.000000|1.000000
AEG001_290_7154|13|19.241442|245.935074|103.885849|-10.066948|14.607439|22.149734|1.000000|1.000000|1.000000
AEG001_290_7155|13|29.435087|247.653061|69.924896|-0.291347|14.047087|22.497881|1.000000|1.000000|1.000000
AEG001_290_7156|13|24.526365|246.746292|85.143066|-7.998731|13.848385|15.810795|1.000000|1.000000|1.000000
AEG001_290_7157|13|41.810043|251.335205|76.687378|-8.515645|13.574793|16.193014|1.000000|1.000000|1.000000
AEG001_290_7158|13|45.976555|252.363052|69.232491|-7.558484|14.134841|20.391285|1.000000|1.000000|1.000000
AEG001_290_7159|13|24.382811|247.855469|99.803040|-11.567166|14.085938|20.105127|1.000000|1.000000|1.000000
AEG001_290_7160|13|25.865726|248.059845|96.514023|-11.556901|14.430043|19.334845|1.000000|1.000000|1.000000
AEG001_290_7161|13|7.389398|240.751205|88.527466|3.246088|-7.952570|16.072226|1.000000|1.000000|1.000000
AEG001_290_7162|13|14.371831|243.206543|87.919937|-0.355088|-7.768728|22.014517|1.000000|1.000000|1.000000
AEG001_290_7163|13|17.520756|243.928207|80.713593|8.800233|-171.072189|-20.124308|0.624310|0.624310|0.624310
AEG001_290_7164|13|4.807852|241.093246|109.491447|-1.264614|-7.959265|15.379154|1.000000|1.000000|1.000000
AEG001_290_7165|13|12.304458|242.407944|95.270332|-0.006915|-8.023931|21.016821|1.000000|1.000000|1.000000
AEG001_290_7166|13|10.640882|241.004669|74.150955|-3.667295|-7.968008|16.680878|1.000000|1.000000|1.000000
AEG001_290_7167|13|92.073967|257.468475|-5.523438|-2.668309|-147.406845|3.039462|1.000000|1.000000|1.000000
AEG001_290_7168|13|114.889267|254.637665|-4.777209|-7.668625|-147.399918|3.818349|1.000000|1.000000|1.000000
AEG001_290_7169|13|93.775742|256.703583|3.437274|-7.450543|-147.545288|1.476824|1.000000|1.000000|1.000000
AEG001_290_7170|13|17.489748|238.878647|55.258930|-5.742368|-8.913116|7.650169|1.000000|1.000000|1.000000
AEG001_290_7171|13|19.349613|240.159424|61.229961|-12.101661|-7.305644|11.799205|1.000000|1.000000|1.000000
AEG001_290_7172|13|-13.809572|238.268555|116.386307|0.537672|-8.057207|5.455108|1.000000|1.000000|1.000000
AEG001_290_7173|13|-2.341810|242.917511|-30.620598|4.842523|71.406494|13.287012|1.000000|1.000000|1.000000
AEG003_054_1015|13|-14.351361|238.071503|108.274887|-0.538093|146.237305|-3.981361|1.000000|1.000000|1.000000
AEG003_055_1015|13|-13.230089|237.922089|104.728912|1.511739|164.427460|-3.545515|1.000000|1.000000|1.000000
AEG003_058_1000|13|-12.960925|238.099487|106.699287|4.410171|-123.937210|-0.113864|1.000000|1.000000|1.000000
AEG003_061_1001|13|46.220669|260.147919|-58.804626|83.313881|-85.960602|-3.169863|1.000000|1.000000|1.000000
AEG003_061_1008|13|-18.057791|237.779037|106.097641|0.000000|-100.815300|0.000000|1.000000|1.000000|1.000000
AEG003_061_1009|13|-21.311920|237.684021|106.990875|0.000000|134.599396|0.000000|1.000000|1.000000|1.000000
AEG003_069_1017|13|-14.774267|238.049606|109.572983|7.481270|150.210968|1.909611|1.000000|1.000000|1.000000
AEG003_085_1001|13|46.637493|259.965881|-57.640984|1.069716|-76.038467|-9.412497|1.000000|1.000000|1.000000
AEG004_686_1000|13|-14.394963|237.941986|105.563293|0.000000|-126.235329|0.000000|1.000000|1.000000|1.000000
AEG004_687_1000|13|-13.557539|237.901581|103.400696|0.000000|0.099338|0.000000|1.000000|1.000000|1.000000
AEG004_687_1001|13|-12.702472|237.896851|103.789185|-1.233501|-28.228598|6.962286|1.000000|1.000000|1.000000
AEG004_904_7016|13|-82.363937|237.767334|-114.375443|-166.435165|64.546745|-69.000320|1.000000|1.000000|1.000000
AEG004_904_7018|13|-102.387436|237.876953|-114.522003|-169.350098|-64.221085|-40.414989|1.000000|1.000000|1.000000
AEG004_904_7023|13|-124.743294|237.767334|-59.352016|-141.364731|-54.232307|-69.144516|1.000000|1.000000|1.000000
AEG004_904_7026|13|-52.058495|237.767334|-66.494408|-166.435165|30.326700|-69.000313|1.000000|1.000000|1.000000
AEG004_904_7033|13|-19.187517|237.767334|-119.536377|-166.435165|39.221684|-69.000313|1.000000|1.000000|1.000000
AEG004_904_7051|13|-34.575325|237.876953|121.153954|-169.350098|-26.116896|-40.414982|1.000000|1.000000|1.000000
AEG004_904_7052|13|-29.295502|237.767334|109.708290|-166.435165|39.221684|-69.000313|1.000000|1.000000|1.000000
AEG004_904_7055|13|-38.626846|237.876953|40.840202|10.649900|46.883110|-139.585007|1.000000|1.000000|1.000000
AEG004_904_7056|13|-36.129196|237.767334|-12.735886|-166.435165|-9.099679|-69.000298|1.000000|1.000000|1.000000
AEG004_904_7060|13|-30.822327|237.767334|3.769054|13.564840|-47.695995|-110.999695|1.000000|1.000000|1.000000
AEG004_904_7067|13|27.387383|237.767334|25.900307|13.564838|11.070733|-110.999702|1.000000|1.000000|1.000000
AEG004_904_7068|13|-98.870735|237.767334|-121.200653|54.765800|73.903877|-115.814133|1.000000|1.000000|1.000000
AEG004_904_7069|13|-53.858658|237.876953|53.526237|10.649902|-39.716633|-139.585007|1.000000|1.000000|1.000000
AEG004_904_7070|13|-75.496521|237.876953|116.033806|10.649899|25.029182|-139.584991|1.000000|1.000000|1.000000
AEG004_904_7071|13|-91.732094|237.876953|46.676872|10.649897|76.600548|-139.585007|1.000000|1.000000|1.000000
AEG004_904_7072|13|-113.767281|237.876953|85.487663|10.649900|-39.121101|-139.585022|1.000000|1.000000|1.000000
AEG004_904_7073|13|-80.562431|237.876953|95.771324|10.649896|79.952599|-139.585007|1.000000|1.000000|1.000000
AEG004_907_7001|13|-122.780609|237.502426|-57.347832|-2.154341|-128.989990|1.564086|1.000000|1.000000|1.000000
AEG004_907_7002|13|-74.454231|237.422653|-83.072868|-2.154341|-128.989990|1.564086|1.000000|1.000000|1.000000
AEG004_907_7003|13|-49.845463|237.422653|-69.261192|2.154324|84.615028|-1.564086|1.000000|1.000000|1.000000
AEG004_907_7004|13|-73.511971|237.422653|-21.308464|-2.154324|-128.990005|1.564086|1.000000|1.000000|1.000000
AEG004_907_7005|13|-26.807503|237.422653|77.038460|1.565179|140.951187|2.153531|1.000000|1.000000|1.000000
AEG004_907_7006|13|-26.604927|237.422653|96.422981|-1.565179|-39.048828|-2.153520|1.000000|1.000000|1.000000
AEG004_907_7007|13|-46.992500|237.422653|52.550911|2.154324|51.009960|-1.564086|1.000000|1.000000|1.000000
AEG004_907_7008|13|-52.074585|237.422653|95.079964|-1.565206|-39.048870|-2.153521|1.000000|1.000000|1.000000
AEG004_907_7009|13|-115.051407|237.422653|85.798042|2.154324|124.862495|-1.564086|1.000000|1.000000|1.000000
AEG004_907_7010|13|-117.721100|237.422653|-6.836296|2.154323|51.009998|-1.564086|1.000000|1.000000|1.000000
AEG004_939_7000|13|-115.778290|237.363525|-87.348091|0.000000|89.999306|0.000000|1.000000|1.000000|1.000000
AEG004_939_7001|13|-103.131973|237.363525|-71.769966|0.000000|-90.000778|0.000000|1.000000|1.000000|1.000000
AEG004_939_7002|13|-81.139969|237.363525|-73.520943|0.000000|179.999191|0.000000|1.000000|1.000000|1.000000
AEG004_939_7003|13|-70.461197|237.363525|-25.612495|0.000000|89.999153|0.000000|1.000000|1.000000|1.000000
AEG004_939_7004|13|-52.720795|237.363525|-98.327873|0.000000|89.999153|0.000000|1.000000|1.000000|1.000000
AEG004_939_7005|13|-125.851944|237.363525|-61.116158|0.000000|179.999191|0.000000|1.000000|1.000000|1.000000
AEG004_939_7006|13|-19.524277|237.363525|-31.534584|0.000000|179.999054|0.000000|1.000000|1.000000|1.000000
AEG004_939_7007|13|-124.515640|237.363525|-39.399117|0.000000|179.999191|0.000000|1.000000|1.000000|1.000000
AEG004_939_7008|13|-26.570660|237.363525|7.033176|0.000000|105.654900|0.000000|1.000000|1.000000|1.000000
AEG004_939_7009|13|-12.723221|237.363525|10.561089|0.000000|-0.001029|0.000000|1.000000|1.000000|1.000000
AEG004_939_7010|13|-3.711807|237.363525|35.947075|0.000000|-90.000916|0.000000|1.000000|1.000000|1.000000
AEG004_939_7011|13|-31.363029|237.363525|39.711498|0.000000|-33.001007|0.000000|1.000000|1.000000|1.000000
AEG004_939_7012|13|10.665094|237.363525|25.381401|0.000000|37.486988|0.000000|1.000000|1.000000|1.000000
AEG004_939_7013|13|-25.782684|237.363525|72.823952|0.000000|-156.233215|0.000000|1.000000|1.000000|1.000000
AEG004_939_7014|13|-93.566429|237.363525|37.849174|0.000000|-0.000882|0.000000|1.000000|1.000000|1.000000
AEG004_939_7015|13|-119.384850|237.363525|-4.388374|0.000000|-90.000916|0.000000|1.000000|1.000000|1.000000
AEG004_939_7016|13|-44.839478|237.363525|6.863609|0.000000|179.999054|0.000000|1.000000|1.000000|1.000000
AEG004_939_7017|13|-62.124664|237.363525|45.501183|0.000000|89.999016|0.000000|1.000000|1.000000|1.000000
AEG004_939_7018|13|-103.266846|237.363525|75.838341|0.000000|-0.001029|0.000000|1.000000|1.000000|1.000000
AEG099_620_9000|13|27.787001|255.513000|-91.825996|-10.200000|-16.813000|7.900000|1.000000|1.000000|1.000000
AEG099_620_9002|13|-16.313999|237.934006|106.708000|0.000000|-19.972000|0.000000|1.000000|1.000000|1.000000
AEG099_620_9003|13|48.845001|237.572998|31.395000|0.000000|110.105003|0.000000|1.000000|1.000000|1.000000
AEG099_651_9000|13|110.223999|310.289001|94.125999|0.000000|24.243000|0.000000|1.000000|1.000000|1.000000
AEG099_651_9001|13|-106.401001|237.572998|109.896004|0.000000|-112.144997|0.000000|1.000000|1.000000|1.000000
AEG099_651_9002|13|-106.802002|237.572006|111.535004|0.000000|98.674004|0.000000|1.000000|1.000000|1.000000
AEG099_653_9000|13|-1.987000|242.453995|-28.487000|0.000000|-83.985001|0.000000|1.000000|1.000000|1.000000
AEG099_680_9000|13|16.745001|238.901001|56.264000|8.964000|-68.557999|6.723000|1.000000|1.000000|1.000000
AEG099_680_9001|13|29.146999|247.496994|71.101997|-13.030000|134.970993|-7.259000|1.000000|1.000000|1.000000
AEG099_680_9002|13|69.973000|257.833008|53.978001|5.141000|-157.466003|-4.374000|1.000000|1.000000|1.000000
AEG099_680_9003|13|104.188004|259.079010|42.097000|1.634000|68.766998|-4.465000|1.000000|1.000000|1.000000
AEG099_680_9004|13|32.137001|259.889008|-68.519997|-10.538000|-83.265999|5.922000|1.000000|1.000000|1.000000
AEG099_680_9005|13|80.975998|260.074005|-59.861000|-0.319000|50.973000|0.721000|1.000000|1.000000|1.000000
AEG099_680_9006|13|92.097000|257.463013|-3.290000|0.726000|-46.944000|-4.277000|1.000000|1.000000|1.000000
AEG099_690_9000|13|80.860001|263.583008|-119.887001|0.000000|92.581001|0.000000|1.000000|1.000000|1.000000
AEG099_730_9000|13|120.161003|254.567993|-31.431000|2.690000|131.653000|0.942000|1.000000|1.000000|1.000000
AEG099_730_9001|13|122.371002|254.389999|-29.646000|-0.006000|11.465000|-4.768000|1.000000|1.000000|1.000000
AEG099_730_9002|13|115.045998|254.841003|-8.015000|5.248000|80.378998|2.442000|1.000000|1.000000|1.000000
AEG099_730_9004|13|88.723999|258.415985|-45.376999|5.201000|34.708000|4.190000|1.000000|1.000000|1.000000
AEG099_730_9005|13|95.190002|256.846985|-31.608999|0.470000|101.835999|6.120000|1.000000|1.000000|1.000000
AEG099_730_9006|13|68.203003|258.028992|-23.155001|-1.150000|144.313995|7.320000|1.000000|1.000000|1.000000
AEG099_730_9007|13|34.974998|257.820007|-40.480999|-1.418000|62.881001|2.295000|1.000000|1.000000|1.000000
AEG099_730_9008|13|51.021000|259.829987|-70.328003|0.641000|15.197000|-0.000000|1.000000|1.000000|1.000000
AEG099_730_9009|13|50.064999|259.903015|-72.882004|1.788000|77.695000|-2.298000|1.000000|1.000000|1.000000
AEG099_730_9010|13|76.259003|261.880005|-94.760002|2.813000|-165.563004|-10.731000|1.000000|1.000000|1.000000
AEG099_730_9011|13|24.788000|250.544006|-111.372002|-2.490000|-89.112999|9.990000|1.000000|1.000000|1.000000
AEG099_730_9012|13|78.116997|262.368011|-90.983002|1.132000|2.004000|9.128000|1.000000|1.000000|1.000000
AEG099_730_9013|13|63.554001|258.992004|-108.099998|-1.713000|15.643000|14.376000|1.000000|1.000000|1.000000
AEG099_730_9014|13|32.590000|252.729004|-105.838997|-13.327000|20.094999|-3.242000|1.000000|1.000000|1.000000
AEG099_730_9015|13|107.546997|256.358002|16.851000|-0.605000|-98.954002|1.596000|1.000000|1.000000|1.000000
AEG099_730_9016|13|106.389999|257.566010|25.746000|6.573000|156.585999|0.287000|1.000000|1.000000|1.000000
AEG099_730_9017|13|119.620003|262.007996|63.145000|-7.073000|46.738998|-11.126000|1.000000|1.000000|1.000000
AEG099_730_9018|13|116.684998|261.223999|59.504002|7.841000|170.889008|-3.361000|1.000000|1.000000|1.000000
AEG099_730_9019|13|52.384998|257.937012|15.583000|0.000000|136.582993|0.000000|1.000000|1.000000|1.000000
AEG099_730_9020|13|90.313004|262.002014|63.778999|17.341000|-153.557999|2.480000|1.000000|1.000000|1.000000
AEG099_730_9021|13|65.787003|274.559998|112.990997|11.019000|-154.498993|0.763000|1.000000|1.000000|1.000000
AEG099_730_9022|13|92.914001|261.889008|63.098999|8.506000|129.057007|-16.704000|1.000000|1.000000|1.000000
AEG099_730_9023|13|36.752998|250.307007|83.672997|0.447000|162.865997|-16.988001|1.000000|1.000000|1.000000
AEG099_730_9024|13|34.452000|250.460999|92.448997|17.348000|-111.632004|-0.488000|1.000000|1.000000|1.000000
AEG099_730_9025|13|13.549000|242.574005|79.818001|-23.341000|81.901001|-0.066000|1.000000|1.000000|1.000000
AEG099_730_9026|13|9.722000|242.378998|106.228996|16.868999|-116.080002|-4.473000|1.000000|1.000000|1.000000
AEG099_750_9000|13|90.234001|257.739014|-38.985001|0.000000|-41.978001|0.000000|1.000000|1.000000|1.000000
AEG099_750_9001|13|12.483000|242.423996|89.327003|1.058000|-38.657001|3.059000|1.000000|1.000000|1.000000
AEG099_750_9002|13|-22.805000|237.750000|-30.044001|0.000000|-41.231998|0.000000|1.000000|1.000000|1.000000
AEG099_760_9000|13|87.900002|264.526001|-107.948997|16.030001|-48.258999|9.737000|1.000000|1.000000|1.000000
AEG099_760_9001|13|-1.534000|253.363007|-99.009003|1.291000|101.488998|-5.390000|1.000000|1.000000|1.000000
AEG099_760_9002|13|-70.458000|237.604004|-19.729000|0.000000|-29.143999|0.000000|1.000000|1.000000|1.000000
AEG099_760_9003|13|-6.075000|237.699997|35.269001|1.486000|153.841995|0.903000|1.000000|1.000000|1.000000
AEG099_760_9004|13|11.870000|237.632004|26.426001|0.000000|-76.791000|0.000000|1.000000|1.000000|1.000000
AEG099_775_9000|13|112.380997|257.634003|-64.096001|9.428000|56.097000|-0.537000|1.000000|1.000000|1.000000
AEG099_775_9001|13|114.300003|257.354004|-64.171997|3.517000|-6.980000|-9.536000|1.000000|1.000000|1.000000
AEG099_775_9002|13|110.287003|258.454010|-68.327003|-7.992000|-109.795998|-3.585000|1.000000|1.000000|1.000000
AEG201_027_1001|13|45.537228|259.883240|-57.743771|-0.982182|118.260475|5.907813|1.000000|1.000000|1.000000
AEG201_043_1001|13|45.077087|259.844879|-58.834866|-0.387190|-135.401352|1.620121|1.000000|1.000000|1.000000
AEG801_006_7490|13|114.369263|256.145264|-51.514404|-0.005029|-149.394608|0.004016|0.842800|0.842800|0.842800
AEG801_006_7491|13|100.465523|257.588867|-48.973881|-0.006460|-174.767151|0.006940|0.774300|0.774300|0.774300
AEG801_006_7492|13|119.990051|254.679413|-26.653324|0.002950|167.777023|0.003223|0.774300|0.774300|0.774300
AEG801_006_7658|13|92.448608|257.863739|-42.726688|0.001393|-34.963284|-0.006475|0.774300|0.774300|0.774300
AEG801_006_7659|13|46.338867|259.845428|-70.468880|0.776429|16.635357|0.990678|1.000000|1.000000|1.000000
AEG801_006_7718|13|77.978539|263.160309|-120.984100|-0.004010|174.801300|-0.012779|0.774300|0.774300|0.774300
AEG801_006_7719|13|98.714661|266.127625|-102.756836|-0.001748|-175.052963|-0.005840|0.774300|0.774300|0.774300
AEG801_006_7720|13|68.697311|260.099365|-97.977798|-6.188191|17.442848|10.809864|0.774300|0.774300|0.774300
AEG801_006_7721|13|90.868904|264.830811|-93.432396|-0.006982|16.548910|0.007868|0.774300|0.774300|0.774300
AEG801_006_7722|13|25.750261|257.378937|-41.445309|-0.494213|74.379250|9.046832|0.774300|0.774300|0.774300
AEG801_006_7723|13|56.291748|258.741943|-88.157936|-0.009899|73.209366|-0.004414|0.774300|0.774300|0.774300
AEG801_006_7724|13|0.014549|253.686523|-96.455322|-0.011183|71.533470|-0.016182|0.774300|0.774300|0.774300
AEG801_006_7725|13|44.665188|249.344955|-123.430832|-11.957896|42.530025|1.188699|1.000000|1.000000|1.000000
AEG801_006_7726|13|101.540901|257.890656|26.282228|-0.004310|35.650497|-0.005604|0.774300|0.774300|0.774300
AEG801_006_7727|13|104.870728|257.047852|20.932737|-0.008727|-15.529812|0.001284|0.774300|0.774300|0.774300
AEG801_006_7728|13|95.400993|262.406281|64.325684|-0.016079|34.769459|-0.010456|0.774300|0.774300|0.774300
AEG801_006_7729|13|26.928223|247.445343|84.533684|-14.005511|39.157600|10.753613|0.774300|0.774300|0.774300
AEG801_006_7730|13|28.170654|248.814941|95.811333|-17.310053|39.359997|10.446746|0.774300|0.774300|0.774300
AEG801_006_7731|13|-1.357658|239.821747|111.796394|-6.571420|17.119152|9.531748|0.774300|0.774300|0.774300
AEG801_006_7732|13|10.922348|241.896698|85.860100|9.367387|-38.915665|16.547556|0.774300|0.774300|0.774300
AEG801_006_7733|13|84.347893|257.625793|4.178917|0.008251|35.509903|-0.001513|1.000000|1.000000|1.000000
AEG801_006_7734|13|117.105347|255.101044|8.316540|-0.004820|35.624699|-0.005352|1.000000|1.000000|1.000000
AEG801_006_7735|13|15.932373|240.065445|63.558472|-3.263803|-37.165119|14.234168|0.774300|0.774300|0.774300
AEG801_006_7736|13|-8.298347|238.710693|110.988281|-4.060713|16.461491|5.646381|0.774300|0.774300|0.774300
AEG801_006_7737|13|0.320228|242.856308|-28.749161|-0.013795|99.898972|0.011502|0.774300|0.774300|0.774300
AEG801_006_7738|13|89.707443|257.569580|-36.711910|0.005437|16.664753|-0.002687|0.774300|0.774300|0.774300
AEG801_016_7002|13|118.673264|254.848816|-24.574219|0.002568|69.788383|-0.003591|1.000000|1.000000|1.000000
AEG801_016_7003|13|76.760246|262.719727|-119.347847|-0.000014|77.956039|-0.000000|1.000000|1.000000|1.000000
AEG801_060_7082|13|-80.229248|237.470657|108.370056|-0.070818|153.999695|-0.091052|1.000000|1.000000|1.000000
AEG801_060_7083|13|-98.425934|237.537537|124.779541|0.091060|-116.000107|-0.070818|1.000000|1.000000|1.000000
AEG801_060_7139|13|-107.690552|237.470398|100.165405|0.000000|-140.000015|0.000000|1.000000|1.000000|1.000000
AEG801_060_7140|13|-77.382553|237.470657|-101.975342|-0.070818|153.999695|-0.091052|1.000000|1.000000|1.000000
AEG801_060_7141|13|-86.856766|237.470657|-117.526367|-0.070818|153.999695|-0.091052|1.000000|1.000000|1.000000
AEG801_060_7142|13|-94.470337|237.470657|-106.847656|-0.070818|153.999695|-0.091052|1.000000|1.000000|1.000000
AEG801_060_7143|13|-14.063293|237.470657|-121.355957|-0.070818|6.374226|-0.091052|1.000000|1.000000|1.000000
AEG801_060_7144|13|-79.905563|237.470657|-73.615479|-0.070818|63.999722|-0.091052|1.000000|1.000000|1.000000
AEG801_060_7145|13|-73.492210|237.470657|-83.590912|-0.070818|-26.000271|-0.091052|1.000000|1.000000|1.000000
AEG801_060_7147|13|-47.701439|237.470657|-72.246765|-0.070818|-116.000259|-0.091052|1.000000|1.000000|1.000000
AEG801_060_7148|13|-18.940445|237.470657|2.047363|-0.070818|153.999771|-0.091052|1.000000|1.000000|1.000000
AEG801_060_7149|13|-31.967766|237.470657|-116.182678|-0.070818|63.999722|-0.091052|1.000000|1.000000|1.000000
AEG801_060_7150|13|-23.804100|237.470657|-29.965179|-0.070818|-116.000259|-0.091052|1.000000|1.000000|1.000000
AEG801_060_7151|13|-50.833576|237.470657|-68.103905|-0.070818|-172.395218|-0.091052|1.000000|1.000000|1.000000
AEG801_060_7152|13|-79.489891|237.470657|-22.867950|-0.070818|-116.000259|-0.091052|1.000000|1.000000|1.000000
AEG801_060_7153|13|-126.703995|237.470657|-37.712524|-0.070818|-116.000259|-0.091052|1.000000|1.000000|1.000000
AEG801_060_7154|13|-28.912552|237.470657|3.136810|-0.070818|169.655655|-0.091052|1.000000|1.000000|1.000000
AEG801_060_7155|13|-8.165085|237.470657|34.114960|-0.070818|169.655655|-0.091052|1.000000|1.000000|1.000000
AEG801_060_7156|13|-23.286026|237.470657|42.469727|-0.070818|153.999771|-0.091052|1.000000|1.000000|1.000000
AEG801_060_7157|13|13.620560|237.431107|29.102570|-0.070818|-10.344366|-0.091052|1.000000|1.000000|1.000000
AEG801_060_7158|13|34.629898|237.470657|18.811874|-0.070818|79.655647|-0.091052|1.000000|1.000000|1.000000
AEG801_060_7159|13|-29.251827|237.470657|75.046303|-0.070818|-92.232681|-0.091052|1.000000|1.000000|1.000000
AEG801_060_7160|13|-27.122189|237.470657|95.051308|-0.070818|177.767349|-0.091052|1.000000|1.000000|1.000000
AEG801_060_7161|13|-32.899704|237.470657|48.608398|-0.070818|169.655655|-0.091052|1.000000|1.000000|1.000000
AEG801_060_7162|13|-51.520294|237.470657|52.654053|-0.070818|107.070259|-0.091052|1.000000|1.000000|1.000000
AEG801_060_7163|13|-46.020279|237.470657|53.224915|-0.070818|-56.157127|-0.091052|1.000000|1.000000|1.000000
AEG801_060_7164|13|-37.761261|237.470657|68.584717|-0.070818|-72.929771|-0.091052|1.000000|1.000000|1.000000
AEG801_060_7165|13|-50.840820|237.470657|94.033508|-0.070818|-162.929779|-0.091052|1.000000|1.000000|1.000000
AEG801_060_7166|13|-36.420074|237.470657|97.189102|-0.070818|107.070213|-0.091052|1.000000|1.000000|1.000000
AEG801_060_7167|13|-33.639160|237.470657|122.408585|-0.070818|-72.929794|-0.091052|1.000000|1.000000|1.000000
AEG801_060_7168|13|-119.394318|237.470657|-5.630798|-0.070818|63.999722|-0.091052|1.000000|1.000000|1.000000
AEG801_060_7169|13|-91.027924|237.470657|47.896378|-0.070818|133.455170|-0.091052|1.000000|1.000000|1.000000
AEG801_060_7170|13|-94.279549|237.470657|36.792496|-0.070818|133.455170|-0.091052|1.000000|1.000000|1.000000
AEG801_060_7171|13|-62.649956|237.470657|45.555176|-0.070818|42.751671|-0.091052|1.000000|1.000000|1.000000
AEG801_060_7172|13|-102.551651|237.470398|75.046021|0.000000|130.000000|0.000000|1.000000|1.000000|1.000000
AEG801_060_7173|13|-80.889008|237.470657|96.393097|-0.070818|73.363350|-0.091052|1.000000|1.000000|1.000000
AEG801_060_7174|13|-43.583309|237.470657|117.400635|-0.070818|153.999771|-0.091052|1.000000|1.000000|1.000000
AEG801_061_7102|13|-27.391901|237.560760|92.871437|0.000000|76.633675|0.000000|1.000000|1.000000|1.000000
AEG801_061_7103|13|-80.747772|237.663315|113.519226|0.016310|-159.999863|-0.114192|1.000000|1.000000|1.000000
AEG801_061_7104|13|-78.410278|237.669449|108.787537|-0.076997|149.999786|-0.085890|1.000000|1.000000|1.000000
AEG801_061_7105|13|-99.241821|237.553497|123.369324|0.098737|-47.000072|0.059614|1.000000|1.000000|1.000000
AEG801_061_7253|13|-109.838989|237.414612|104.176971|0.000000|51.000114|0.000000|1.000000|1.000000|1.000000
AEG801_061_7254|13|-110.018005|237.534332|100.549965|0.000000|132.999969|0.000000|1.000000|1.000000|1.000000
AEG801_061_7791|13|-83.429398|237.363525|-112.644150|0.000000|80.500000|0.000000|1.000000|1.000000|1.000000
AEG801_061_7792|13|-99.786888|237.363525|-116.093094|0.000000|-175.000000|0.000000|1.000000|1.000000|1.000000
AEG801_061_7793|13|-121.393311|237.363525|-120.074158|0.000000|80.500000|0.000000|1.000000|1.000000|1.000000
AEG801_061_7794|13|-78.348228|237.363525|-103.334427|0.000000|-175.000000|0.000000|1.000000|1.000000|1.000000
AEG801_061_7795|13|-28.938944|237.363525|-114.594193|0.000000|94.999992|0.000000|1.000000|1.000000|1.000000
AEG801_061_7796|13|-118.410347|237.363525|-81.974930|0.000000|94.999992|0.000000|1.000000|1.000000|1.000000
AEG801_061_7797|13|-124.551079|237.363525|-56.705765|0.000000|94.999992|0.000000|1.000000|1.000000|1.000000
AEG801_061_7798|13|-19.980064|237.363525|-29.904884|0.000000|119.150558|0.000000|1.000000|1.000000|1.000000
AEG801_061_7801|13|-71.658592|237.363525|-21.750341|0.000000|29.150555|0.000000|1.000000|1.000000|1.000000
AEG801_061_7802|13|-50.712357|237.363525|-98.455475|0.000000|94.999992|0.000000|1.000000|1.000000|1.000000
AEG801_061_7803|13|-34.614964|237.363525|-12.084555|0.000000|29.150555|0.000000|1.000000|1.000000|1.000000
AEG801_061_7804|13|-30.700886|237.363525|-35.815559|0.000000|-60.849453|0.000000|1.000000|1.000000|1.000000
AEG801_061_7805|13|-78.165497|237.363525|-21.171103|0.000000|-60.849453|0.000000|1.000000|1.000000|1.000000
AEG801_061_7806|13|-128.572083|237.363525|-38.728233|0.000000|-60.849453|0.000000|1.000000|1.000000|1.000000
AEG801_061_7808|13|-63.793453|237.363525|-36.383934|0.000000|-150.849472|0.000000|1.000000|1.000000|1.000000
AEG801_061_7809|13|-27.954193|237.363525|7.455547|0.000000|44.806461|0.000000|1.000000|1.000000|1.000000
AEG801_061_7810|13|-36.077999|237.363525|39.558277|0.000000|-20.342455|0.000000|1.000000|1.000000|1.000000
AEG801_061_7811|13|-11.790257|237.363525|9.957010|0.000000|119.150551|0.000000|1.000000|1.000000|1.000000
AEG801_061_7812|13|-21.375446|237.363525|-47.237892|0.000000|-150.849472|0.000000|1.000000|1.000000|1.000000
AEG801_061_7813|13|-8.730350|237.363525|36.190651|0.000000|29.150555|0.000000|1.000000|1.000000|1.000000
AEG801_061_7814|13|-2.457859|237.363525|36.602516|0.000000|29.150572|0.000000|1.000000|1.000000|1.000000
AEG801_061_7815|13|-29.837635|237.363525|40.389519|0.000000|86.150536|0.000000|1.000000|1.000000|1.000000
AEG801_061_7816|13|29.012325|237.363525|24.273170|0.000000|-60.849453|0.000000|1.000000|1.000000|1.000000
AEG801_061_7817|13|11.613918|237.363525|23.331776|0.000000|156.638458|0.000000|1.000000|1.000000|1.000000
AEG801_061_7818|13|33.961422|237.363525|16.832207|0.000000|-150.849472|0.000000|1.000000|1.000000|1.000000
AEG801_061_7819|13|-25.781525|237.363525|75.331894|0.000000|142.918152|0.000000|1.000000|1.000000|1.000000
AEG801_061_7820|13|-38.445229|237.363525|73.949112|0.000000|-37.081867|0.000000|1.000000|1.000000|1.000000
AEG801_061_7821|13|-35.245724|237.363525|49.029499|0.000000|109.178871|0.000000|1.000000|1.000000|1.000000
AEG801_061_7822|13|-52.768688|237.363525|54.766193|0.000000|-70.821198|0.000000|1.000000|1.000000|1.000000
AEG801_061_7823|13|-48.828320|237.363525|73.653641|0.000000|109.178734|0.000000|1.000000|1.000000|1.000000
AEG801_061_7824|13|-51.400219|237.363525|96.247757|0.000000|-70.821342|0.000000|1.000000|1.000000|1.000000
AEG801_061_7825|13|-31.809399|237.363525|121.059769|0.000000|109.178589|0.000000|1.000000|1.000000|1.000000
AEG801_061_7826|13|-76.007278|237.363525|117.658768|0.000000|109.178589|0.000000|1.000000|1.000000|1.000000
AEG801_061_7827|13|-93.010147|237.669449|105.740570|-0.076997|-76.080360|-0.085890|1.000000|1.000000|1.000000
AEG801_061_7828|13|-117.531723|237.363525|-5.247305|0.000000|-60.849453|0.000000|1.000000|1.000000|1.000000
AEG801_061_7829|13|-93.081627|237.363525|48.541054|0.000000|-171.394073|0.000000|1.000000|1.000000|1.000000
AEG801_061_7830|13|-116.678505|237.363525|85.098183|0.000000|-171.394073|0.000000|1.000000|1.000000|1.000000
AEG801_220_7213|13|-47.415283|237.363525|-71.889297|0.000000|-34.500008|0.000000|1.250000|1.250000|1.250000
AEG801_220_7214|13|-83.979782|237.363525|-112.398132|0.000000|145.500000|0.000000|1.500000|1.500000|1.500000
AEG801_220_7215|13|-81.760483|237.363525|-112.269745|0.000000|55.500000|0.000000|1.000000|1.000000|1.000000
AEG801_220_7216|13|-93.676506|237.363525|-106.739441|0.000000|70.000000|0.000000|1.250000|1.250000|1.250000
AEG801_220_7217|13|-30.079142|237.363525|-113.622849|0.000000|159.999969|0.000000|1.000000|1.000000|1.000000
AEG801_220_7218|13|-100.628563|237.363525|-117.735008|0.000000|159.999969|0.000000|1.000000|1.000000|1.000000
AEG801_220_7219|13|-27.896845|237.363525|-114.553474|0.000000|-110.000023|0.000000|1.250000|1.250000|1.250000
AEG801_220_7220|13|-100.442833|237.363525|-115.139626|0.000000|-109.999992|0.000000|1.500000|1.500000|1.500000
AEG801_220_7221|13|-118.799774|237.363525|-121.107224|0.000000|55.500000|0.000000|1.000000|1.000000|1.000000
AEG801_220_7222|13|-122.997292|237.363525|-122.192764|0.000000|145.500000|0.000000|1.500000|1.500000|1.500000
AEG801_220_7288|13|-27.055855|237.604919|93.909554|0.000000|-128.366318|0.000000|1.000000|1.000000|1.000000
AEG801_220_7289|13|-77.824951|237.666519|109.128967|0.085541|-36.000072|0.077372|1.000000|1.000000|1.000000
AEG801_220_7355|13|-109.451904|237.553040|100.465332|0.000000|-161.999985|0.000000|1.000000|1.000000|1.000000
AEG801_220_7356|13|-13.033272|237.363525|-120.844246|0.000000|-126.653114|0.000000|1.250000|1.250000|1.250000
AEG801_220_7357|13|-119.774147|237.363525|-81.848206|0.000000|-34.500031|0.000000|1.500000|1.500000|1.500000
AEG801_220_7358|13|-116.214272|237.363525|-82.013573|0.000000|69.999977|0.000000|1.000000|1.000000|1.000000
AEG801_220_7359|13|-20.623051|237.363525|-28.552063|0.000000|-175.849457|0.000000|1.000000|1.000000|1.000000
AEG801_220_7360|13|-19.012516|237.363525|-30.294090|0.000000|-85.849457|0.000000|1.250000|1.250000|1.250000
AEG801_220_7361|13|-125.149025|237.363525|-55.458679|0.000000|-124.500008|0.000000|1.500000|1.500000|1.500000
AEG801_220_7362|13|-128.168472|237.363525|-54.257286|0.000000|-110.000015|0.000000|1.000000|1.000000|1.000000
AEG801_220_7364|13|-126.924538|237.363525|-59.535126|0.000000|-124.500008|0.000000|1.500000|1.500000|1.500000
AEG801_220_7365|13|-72.347702|237.363525|-21.764740|0.000000|55.500015|0.000000|1.500000|1.500000|1.500000
AEG801_220_7366|13|-29.731087|237.363525|-36.078506|0.000000|145.412369|0.000000|1.395125|1.395125|1.395125
AEG801_220_7367|13|-31.139454|237.387299|-34.585003|0.000000|118.171753|0.000000|1.000000|1.000000|1.000000
AEG801_220_7368|13|-51.322968|237.363525|-67.600975|0.000000|-142.244400|0.000000|1.000000|1.000000|1.000000
AEG801_220_7370|13|-29.739044|237.363525|6.780029|0.000000|109.806442|0.000000|1.000000|1.000000|1.000000
AEG801_220_7371|13|-27.627026|237.363525|7.860710|0.000000|-160.193497|0.000000|1.250000|1.250000|1.250000
AEG801_220_7372|13|-34.985355|237.387299|40.044701|0.000000|158.678772|0.000000|1.000000|1.000000|1.000000
AEG801_220_7373|13|-11.215412|237.363525|10.483917|0.000000|-174.080627|0.000000|1.395125|1.395125|1.395125
AEG801_220_7374|13|-8.990055|237.387299|8.451725|0.000000|118.171768|0.000000|1.000000|1.000000|1.000000
AEG801_220_7375|13|-30.147511|237.363525|41.220188|0.000000|152.919418|0.000000|1.395125|1.395125|1.395125
AEG801_220_7376|13|-28.340614|237.387299|41.859215|0.000000|85.171745|0.000000|1.000000|1.000000|1.000000
AEG801_220_7377|13|11.930025|237.363525|24.029171|0.000000|-136.592712|0.000000|1.395125|1.395125|1.395125
AEG801_220_7378|13|12.497844|237.387299|22.013680|0.000000|155.659653|0.000000|1.000000|1.000000|1.000000
AEG801_220_7379|13|14.258708|237.387299|28.852150|0.000000|-24.340298|0.000000|1.000000|1.000000|1.000000
AEG801_220_7380|13|-25.586229|237.363525|75.996361|0.000000|-152.081879|0.000000|1.000000|1.000000|1.000000
AEG801_220_7381|13|-24.814373|237.363525|73.752991|0.000000|-62.081871|0.000000|1.250000|1.250000|1.250000
AEG801_220_7382|13|-37.642159|237.387299|74.713486|0.000000|141.939331|0.000000|1.000000|1.000000|1.000000
AEG801_220_7383|13|-36.955162|237.363525|72.779037|0.000000|169.179947|0.000000|1.395125|1.395125|1.395125
AEG801_230_7256|13|-81.245117|237.663330|112.207214|0.000000|-13.000024|-0.000000|1.000000|1.000000|1.000000
AEG801_230_7257|13|-85.151520|237.482895|-114.879456|-0.000000|109.999992|-0.000000|1.000000|1.000000|1.000000
AEG801_230_7259|13|-22.970985|237.482895|-30.549622|-0.000000|19.999989|-0.000000|1.000000|1.000000|1.000000
AEG801_230_7260|13|-28.449203|237.482895|3.980145|-0.000000|-54.344112|-0.000000|1.000000|1.000000|1.000000
AEG801_230_7261|13|-28.540102|237.482895|75.114502|-0.000000|43.767570|-0.000000|1.000000|1.000000|1.000000
AEG801_231_7162|13|-88.336472|237.363525|-112.200745|0.000000|-171.545425|-0.000045|0.750000|0.750000|0.750000
AEG801_231_7163|13|-71.093216|237.363525|-20.195938|-0.000000|-61.045429|-0.000045|0.750000|0.750000|0.750000
AEG801_231_7165|13|-50.628601|237.363525|-71.750824|0.000000|-145.545410|-0.000045|0.750000|0.750000|0.750000
AEG801_231_7168|13|-125.020996|237.363525|-115.988556|-0.000000|81.454559|-0.000045|0.750000|0.750000|0.750000
AEG801_231_7169|13|-40.380081|237.363525|78.316681|-0.000000|-61.045429|-0.000045|0.750000|0.750000|0.750000
AEG801_231_7170|13|-41.205185|237.363525|-23.993591|0.000000|-171.545425|-0.000045|0.750000|0.750000|0.750000
AEG801_231_7171|13|-79.415344|237.363525|-71.970490|-0.000000|81.454559|-0.000045|0.750000|0.750000|0.750000
AEG801_231_7172|13|28.743240|237.363525|23.104881|0.000000|-171.545425|-0.000045|0.750000|0.750000|0.750000
AEG801_231_7173|13|-126.742020|237.363525|-39.007751|0.000000|-81.545448|-0.000045|0.750000|0.750000|0.750000
AEG801_231_7174|13|-27.865349|237.363525|39.696503|0.000000|-81.545448|-0.000045|0.750000|0.750000|0.750000
AEG801_231_7175|13|-2.098198|237.363525|35.467621|0.000000|8.454607|-0.000045|0.750000|0.750000|0.750000
AEG801_231_7176|13|-30.742722|237.363525|120.300323|0.000000|118.954613|-0.000045|0.750000|0.750000|0.750000
AEG801_231_7177|13|-117.707115|237.363525|86.035492|0.000000|-98.545471|-0.000045|0.750000|0.750000|0.750000
AEG801_250_7009|13|120.260864|254.620361|-27.719727|0.000000|71.338127|-0.000003|1.000000|1.000000|1.000000
AEG801_250_7010|13|100.312798|257.545624|-48.357422|0.000000|58.877590|0.000000|0.600000|0.600000|0.600000
AEG801_250_7167|13|94.227829|257.444092|-39.402344|-0.000000|7.607109|-0.000004|0.650000|0.650000|0.650000
AEG801_250_7168|13|93.772285|257.939453|-44.852905|-0.000001|-55.279526|-0.000007|0.500000|0.500000|0.500000
AEG801_250_7169|13|88.098831|257.660400|-36.410152|-0.000000|-28.688366|-0.000006|0.700000|0.700000|0.700000
AEG801_250_7170|13|90.279839|257.763916|-39.609020|-0.000002|148.005630|0.000000|1.000000|1.000000|1.000000
AEG801_250_7171|13|87.954613|258.089111|-41.511959|0.000002|55.165985|-0.000009|0.625775|0.625775|0.625775
AEG801_250_7214|13|78.213852|263.318848|-121.889183|-0.000012|79.871712|-0.000000|1.000000|1.000000|1.000000
AEG801_250_7215|13|98.575203|266.095184|-102.137695|-0.000004|59.230499|0.000000|0.600000|0.600000|0.600000
AEG801_250_7216|13|67.158798|259.784424|-97.836975|0.000000|-29.457550|0.000000|0.700000|0.700000|0.700000
AEG801_250_7217|13|69.272903|260.225067|-100.938499|0.000000|146.894073|0.000000|1.000000|1.000000|1.000000
AEG801_250_7218|13|89.274780|264.702728|-92.955963|-0.000010|-29.775007|-0.000000|0.700000|0.700000|0.700000
AEG801_250_7219|13|91.406128|264.767090|-96.529526|-0.000006|147.006027|-0.000009|1.000000|1.000000|1.000000
AEG801_250_7220|13|24.380636|257.376465|-42.081779|0.000000|28.952374|0.000000|0.650000|0.650000|0.650000
AEG801_250_7221|13|54.487801|258.482849|-88.141472|0.000000|29.285885|0.000000|0.650000|0.650000|0.650000
AEG801_250_7222|13|-3.175611|253.840454|-96.524864|0.000000|28.363808|0.000000|0.650000|0.650000|0.650000
AEG801_250_7223|13|44.774090|249.028961|-123.748962|0.000000|30.085262|0.000000|0.650000|0.650000|0.650000
AEG801_250_7224|13|102.400513|257.530243|23.709723|-0.000000|167.043823|-0.000000|1.000000|1.000000|1.000000
AEG801_250_7225|13|99.933350|257.979492|26.585079|-0.000007|-9.713305|-0.000001|0.700000|0.700000|0.700000
AEG801_250_7226|13|106.399536|256.727020|19.038441|-0.000007|-36.003933|0.000000|0.500000|0.500000|0.500000
AEG801_250_7227|13|106.245720|257.408966|23.800291|-0.000005|26.393789|-0.000005|0.650000|0.650000|0.650000
AEG801_250_7228|13|100.354836|257.315460|22.122915|-0.000001|74.039886|-0.000017|0.625775|0.625775|0.625775
AEG801_250_7229|13|93.793083|262.495850|64.628174|-0.000020|-8.731382|-0.000000|0.700000|0.700000|0.700000
AEG801_250_7230|13|94.543694|261.005127|60.524910|-0.000011|73.383575|-0.000024|0.625775|0.625775|0.625775
AEG801_250_7231|13|103.028183|262.737823|65.151848|0.000000|167.490372|-0.000000|1.000000|1.000000|1.000000
AEG801_250_7232|13|27.394035|247.271973|81.454399|0.000000|167.084229|0.000000|1.000000|1.000000|1.000000
AEG801_250_7233|13|25.470459|247.003189|84.659180|0.000000|-9.299074|0.000000|0.700000|0.700000|0.700000
AEG801_250_7234|13|26.769783|248.328903|95.983047|0.000000|-8.673717|0.000000|0.700000|0.700000|0.700000
AEG801_250_7235|13|25.447510|248.294662|99.846260|0.000000|166.627060|0.000000|1.000000|1.000000|1.000000
AEG801_250_7236|13|12.400620|242.441406|89.027115|0.000000|8.815753|0.000000|0.650000|0.650000|0.650000
AEG801_250_7237|13|8.927498|241.216797|89.067253|0.000000|145.780014|0.000000|1.000000|1.000000|1.000000
AEG801_250_7238|13|6.846912|240.604736|87.311646|-0.000008|57.384731|-0.000006|0.625775|0.625775|0.625775
AEG801_250_7239|13|12.247818|242.235352|83.708862|0.000000|-58.676003|0.000000|0.500000|0.500000|0.500000
AEG801_250_7240|13|4.074421|240.945526|110.161339|0.000000|-29.532728|0.000000|0.700000|0.700000|0.700000
AEG801_250_7241|13|19.943359|240.086670|60.502167|0.000000|-55.990189|0.000000|0.500000|0.500000|0.500000
AEG801_250_7242|13|-8.437016|238.714844|111.484131|-0.000004|57.339603|-0.000003|0.625775|0.625775|0.625775
AEG801_250_7243|13|-0.138187|243.281357|-30.866554|0.000000|51.955639|0.000027|0.650000|0.650000|0.650000
AEG801_253_7017|13|97.817162|257.189209|-40.222656|-0.000002|160.861664|-0.000000|0.800000|0.800000|0.800000
AEG801_253_7018|13|94.232712|257.054199|-34.422604|-0.000002|162.666061|-0.000000|0.900000|0.900000|0.900000
AEG801_253_7019|13|91.094650|258.330322|-46.805294|-0.000004|160.639557|0.000000|1.000000|1.000000|1.000000
AEG801_253_7020|13|85.987350|257.628174|-33.951405|-0.000002|158.993652|-0.000000|0.700000|0.700000|0.700000
AEG801_253_7091|13|66.558029|259.657257|-98.020561|0.000000|158.397873|0.000000|0.700000|0.700000|0.700000
AEG801_253_7092|13|56.400269|257.720184|-102.015633|0.000000|163.346619|0.000000|0.900000|0.900000|0.900000
AEG801_253_7093|13|79.218079|262.517548|-92.692032|0.000000|158.033279|0.000000|0.700000|0.700000|0.700000
AEG801_253_7094|13|93.284431|265.130585|-96.167961|-0.000004|158.033432|-0.000011|1.000000|1.000000|1.000000
AEG801_253_7095|13|89.703735|264.573578|-108.082527|-0.000003|170.534500|-0.000011|1.000000|1.000000|1.000000
AEG801_253_7096|13|23.030659|257.092041|-40.233154|0.000000|165.360321|0.000000|0.698614|0.698614|0.698614
AEG801_253_7097|13|26.237797|257.389404|-41.366329|0.000000|-119.185493|0.000000|0.850000|0.850000|0.850000
AEG801_253_7098|13|54.561035|258.815918|-85.854019|0.000000|137.528275|0.000000|0.698614|0.698614|0.698614
AEG801_253_7099|13|53.637939|258.049805|-90.489136|0.000000|-133.350693|0.000000|0.850000|0.850000|0.850000
AEG801_253_7100|13|0.128174|253.553940|-97.040527|0.000000|-37.166405|0.000000|0.698614|0.698614|0.698614
AEG801_253_7101|13|-3.914564|253.586746|-98.826042|0.000000|-131.438553|0.000000|0.850000|0.850000|0.850000
AEG801_253_7102|13|42.364468|248.680099|-124.744209|0.000000|137.358902|0.000000|0.698614|0.698614|0.698614
AEG801_253_7103|13|44.766441|248.715637|-125.960770|0.000000|-137.678818|0.000000|0.850000|0.850000|0.850000
AEG801_253_7104|13|109.835426|257.153351|22.980335|0.006284|179.730576|0.002677|0.800000|0.800000|0.800000
AEG801_253_7105|13|97.637543|258.303192|28.835567|0.000000|177.927704|0.000000|0.700000|0.700000|0.700000
AEG801_253_7106|13|105.791641|257.905029|28.261353|-0.000000|-178.472412|-0.000000|0.900000|0.900000|0.900000
AEG801_253_7107|13|104.025406|256.531982|17.429075|0.000000|179.560501|0.000000|1.000000|1.000000|1.000000
AEG801_253_7108|13|91.305763|263.300781|66.669571|0.000027|178.178833|-0.000000|0.700000|0.700000|0.700000
AEG801_253_7109|13|95.307503|260.691650|59.241463|0.000027|-176.574738|-0.000004|0.900000|0.900000|0.900000
AEG801_253_7110|13|103.129501|262.465454|64.134514|0.000027|178.488358|-0.000001|0.700000|0.700000|0.700000
AEG801_253_7111|13|24.906494|246.814713|84.477539|0.000000|179.373383|0.000000|0.700000|0.700000|0.700000
AEG801_253_7112|13|18.869875|245.674088|102.746521|0.000000|-175.145508|0.000000|0.900000|0.900000|0.900000
AEG801_253_7113|13|28.907356|247.464645|69.067993|0.000000|-179.888947|0.000000|0.700000|0.700000|0.700000
AEG801_253_7114|13|46.333466|252.536850|69.944763|0.000000|-153.124863|0.000000|1.000000|1.000000|1.000000
AEG801_253_7115|13|26.232925|248.111557|95.818100|-0.000000|-179.287857|-0.000000|0.700000|0.700000|0.700000
AEG801_253_7116|13|15.290279|242.848526|77.901840|0.000000|158.000397|0.000000|0.800000|0.800000|0.800000
AEG801_253_7117|13|12.800529|242.530991|93.736870|0.000000|159.882690|0.000000|0.900000|0.900000|0.900000
AEG801_253_7118|13|22.200190|246.198013|90.216354|-0.005047|159.327759|-0.020868|1.000000|1.000000|1.000000
AEG801_253_7119|13|-0.769043|239.895004|111.126961|0.000000|158.874939|0.000000|0.700000|0.700000|0.700000
AEG801_253_7120|13|9.536863|238.645508|60.220634|0.000000|163.212082|0.000000|0.900000|0.900000|0.900000
AEG801_253_7121|13|-11.820316|238.455292|115.734184|0.000000|158.806000|0.000000|0.700000|0.700000|0.700000
AEG801_253_7122|13|-2.091549|243.361908|-32.397633|-0.000000|-110.305748|-0.000016|0.850000|0.850000|0.850000
AEG801_253_7123|13|0.396172|243.079788|-29.671772|-0.000016|159.881134|-0.000006|0.698614|0.698614|0.698614
AEG801_255_7000|13|94.832779|265.409180|-98.242172|-0.000002|7.184896|-0.000000|1.000000|1.000000|1.000000
AEG801_255_7001|13|114.966095|256.179688|-54.159790|-0.000000|-51.405079|-0.000004|1.000000|1.000000|1.000000
AEG801_255_7002|13|78.027206|261.792084|-96.552742|0.000000|-82.716873|0.000000|0.800000|0.800000|0.800000
AEG801_255_7003|13|119.316895|256.822998|26.849487|-0.000006|-51.422115|-0.000000|1.000000|1.000000|1.000000
AEG801_255_7004|13|109.436325|259.292480|50.148922|-0.000006|-51.167110|0.000000|1.000000|1.000000|1.000000
AEG801_255_7005|13|35.758774|249.898209|85.769745|0.000000|-63.692028|-0.000000|0.800000|0.800000|0.800000
AEG801_255_7006|13|9.631531|242.029907|104.503143|0.000000|-70.248543|0.000000|0.800000|0.800000|0.800000
AEG801_256_7000|13|111.070663|258.034180|-65.650879|0.009043|17.175770|-0.006146|1.000000|1.000000|1.000000
AEG801_256_7001|13|116.848030|261.649414|62.046879|-0.000011|31.533672|-0.000008|1.000000|1.000000|1.000000
AEG801_257_7001|13|100.721031|259.337402|-64.208511|0.000000|44.508518|-0.000000|1.000000|1.000000|1.000000
AEG801_257_7002|13|89.306747|264.524200|-110.753174|-0.000007|38.560654|0.000000|1.000000|1.000000|1.000000
AEG801_257_7003|13|71.146423|260.385712|-108.993774|-0.000013|41.320541|0.000027|0.700000|0.700000|0.700000
AEG801_257_7004|13|42.560555|251.668915|77.598145|0.000000|62.609921|0.000000|0.700000|0.700000|0.700000
AEG801_258_7000|13|84.502060|264.376221|-120.550835|0.000000|0.868964|0.000000|1.000000|1.000000|1.000000
