m44445200_0000|0|-384.000000|0.000000|-384.000000|0.000000|0.000000|0.000000|1.000000|1.000000|1.000000
m44445201_0000|0|-384.000000|0.000000|-384.000000|0.000000|0.000000|0.000000|1.000000|1.000000|1.000000
m45445300_0000|0|-384.000000|0.000000|-128.000000|0.000000|0.000000|0.000000|1.000000|1.000000|1.000000
m45445301_0000|0|-384.000000|0.000000|-128.000000|0.000000|0.000000|0.000000|1.000000|1.000000|1.000000
m46445400_0000|0|-384.000000|0.000000|128.000000|0.000000|0.000000|0.000000|1.000000|1.000000|1.000000
m46445401_0000|0|-384.000000|0.000000|128.000000|0.000000|0.000000|0.000000|1.000000|1.000000|1.000000
m54455200_0000|0|-128.000000|0.000000|-384.000000|0.000000|0.000000|0.000000|1.000000|1.000000|1.000000
m54455201_0000|0|-128.000000|0.000000|-384.000000|0.000000|0.000000|0.000000|1.000000|1.000000|1.000000
m55455300_0000|0|-128.000000|0.000000|-128.000000|0.000000|0.000000|0.000000|1.000000|1.000000|1.000000
m67465500_0000|0|128.000000|0.000000|384.000000|0.000000|0.000000|0.000000|1.000000|1.000000|1.000000
m77475500_0000|0|384.000000|0.000000|384.000000|0.000000|0.000000|0.000000|1.000000|1.000000|1.000000
m77475501_0000|0|384.000000|0.000000|384.000000|0.000000|0.000000|0.000000|1.000000|1.000000|1.000000
m60_44_52_10-AEG004_035_2007|13|-359.938049|953.620972|-392.691589|0.000000|178.750015|0.000000|1.000000|1.000000|1.000000
m60_44_52_10-AEG004_128_2000|13|-423.584717|938.620972|-394.548096|0.000000|173.160538|0.000000|1.000000|1.000000|1.000000
m60_44_52_10-AEG004_128_2001|13|-308.517609|953.599976|-393.808594|0.000000|-169.999954|0.000000|1.000000|1.000000|1.000000
m60_44_52_10-AEG004_129_2000|13|-478.235413|938.645691|-415.099609|0.000000|156.250031|0.000000|1.000000|1.000000|1.000000
m60_44_52_10-AEG004_190_1010|13|-256.159058|952.742981|-316.034058|13.331708|9.872523|86.454643|1.000000|1.000000|1.000000
m60_44_52_10-AEG004_190_1011|13|-275.931122|949.362427|-295.169922|2.959166|75.615524|-6.985601|1.000000|1.000000|1.000000
m60_44_52_10-AEG004_190_1021|13|-420.541077|984.162048|-298.044220|20.870880|-76.559669|-6.564764|1.000000|1.000000|1.000000
m60_44_52_10-AEG004_190_1027|13|-334.448059|928.324463|-308.199097|0.781597|-12.563785|-14.586270|1.000000|1.000000|1.000000
m60_44_52_10-AEG004_190_1028|13|-358.220551|936.513245|-311.773926|30.055746|-43.359524|76.576248|1.000000|1.000000|1.000000
m60_44_52_10-AEG004_220_1001|13|-298.671326|938.693237|-302.060730|1.502724|-173.380585|20.356398|1.000000|1.000000|1.000000
m60_44_52_10-AEG004_220_1002|13|-303.922760|962.515625|-255.770416|-2.365219|-163.631287|1.264187|1.000000|1.000000|1.000000
m60_44_52_10-AEG004_220_1006|13|-483.058350|968.555908|-341.946960|-9.501834|15.254600|7.329396|1.000000|1.000000|1.000000
m60_44_52_10-AEG004_220_1012|13|-508.744263|985.543152|-293.600891|-20.448759|-177.544266|2.199949|1.000000|1.000000|1.000000
m60_44_52_10-AEG004_220_1060|13|-255.374802|966.384338|-308.959686|-13.899675|24.476519|12.777618|1.000000|1.000000|1.000000
m60_44_52_10-AEG004_220_1065|13|-269.938293|966.092102|-284.647522|0.529695|-104.314301|12.341415|1.000000|1.000000|1.000000
m60_44_52_10-AEG004_220_1074|13|-401.191406|968.825806|-335.317017|-6.868705|-118.969437|8.182702|1.000000|1.000000|1.000000
m60_44_52_10-AEG004_220_1075|13|-382.026245|970.447327|-313.254852|-5.760411|-76.360001|13.316712|1.000000|1.000000|1.000000
m60_44_52_10-AEG004_220_1076|13|-490.593445|988.248291|-297.562012|-1.542893|-86.926781|3.149427|1.000000|1.000000|1.000000
m60_44_52_10-AEG004_220_1077|13|-444.313477|992.606079|-270.610565|-1.265339|-124.947441|2.415647|1.000000|1.000000|1.000000
m60_44_52_10-AEG004_220_1078|13|-391.131256|973.681519|-282.971130|-13.190414|56.935474|-0.079449|1.000000|1.000000|1.000000
m60_44_52_10-AEG004_220_1091|13|-299.849030|917.793152|-322.899567|12.412239|-137.362152|9.958142|1.000000|1.000000|1.000000
m60_44_52_10-AEG004_220_1092|13|-287.668701|941.792603|-285.888702|-5.424138|-99.595444|27.176310|1.000000|1.000000|1.000000
m60_44_52_10-AEG004_220_1095|13|-295.078156|917.825562|-387.748230|2.313697|19.274830|9.829195|1.000000|1.000000|1.000000
m60_44_52_10-AEG004_220_1096|13|-431.168152|982.346252|-259.849304|10.556742|52.474724|-2.046290|1.000000|1.000000|1.000000
m60_44_52_10-AEG004_220_1097|13|-476.667603|971.095154|-320.234436|7.607806|-169.874451|9.033748|1.000000|1.000000|1.000000
m60_44_52_10-AEG004_220_1098|13|-356.734863|919.214905|-352.064514|1.979935|69.098091|7.280218|1.000000|1.000000|1.000000
m60_44_52_10-AEG004_221_1013|13|-454.450256|963.760681|-339.251587|-5.346668|-172.245789|9.103606|1.000000|1.000000|1.000000
m60_44_52_10-AEG004_221_1025|13|-328.623566|942.542908|-289.901428|-16.931253|5.312280|-4.044112|1.000000|1.000000|1.000000
m60_44_52_10-AEG004_221_1034|13|-461.375946|986.580994|-292.004791|-1.782122|3.877209|16.113289|1.000000|1.000000|1.000000
m60_44_52_10-AEG004_250_1037|13|-268.913513|926.564209|-320.930054|10.143378|88.596130|-11.532503|1.000000|1.000000|1.000000
m60_44_52_10-AEG004_250_1045|13|-365.850464|951.445679|-301.942078|-5.961143|-119.118858|17.783924|1.000000|1.000000|1.000000
m60_44_52_10-AEG004_250_1069|13|-412.905975|967.572632|-339.904907|-1.466429|170.675949|0.383420|1.000000|1.000000|1.000000
m60_44_52_10-AEG004_251_1017|13|-366.789062|919.875427|-336.699188|-4.892864|-57.125122|-3.168007|1.000000|1.000000|1.000000
m60_44_52_10-AEG004_251_1018|13|-397.432739|975.043457|-267.245605|0.987701|75.156120|-2.873794|1.000000|1.000000|1.000000
m60_44_52_10-AEG004_251_1041|13|-285.068054|932.757263|-314.249420|-18.142683|-72.504959|8.420833|1.000000|1.000000|1.000000
m60_44_52_10-AEG004_251_1058|13|-285.910034|965.184204|-261.022186|9.131580|-154.549500|-4.759134|1.000000|1.000000|1.000000
m60_44_52_10-AEG004_251_1127|13|-390.284119|969.462708|-331.877289|-2.086540|-8.955060|1.680527|1.000000|1.000000|1.000000
m60_44_52_10-AEG004_251_1151|13|-265.457214|965.974854|-300.562531|-6.005690|101.953270|-1.084079|1.000000|1.000000|1.000000
m60_44_52_10-AEG004_251_1152|13|-273.205261|967.637024|-268.329285|-5.080763|-26.011482|11.566160|1.000000|1.000000|1.000000
m60_44_52_10-AEG004_251_1153|13|-318.610657|960.936707|-252.959503|5.589773|-90.409401|9.900250|1.000000|1.000000|1.000000
m60_44_52_10-AEG004_251_1164|13|-428.771729|968.132019|-348.635132|-0.537894|-132.013504|2.077460|1.000000|1.000000|1.000000
m60_44_52_10-AEG004_251_1165|13|-380.250153|971.861694|-296.167450|-3.929601|115.227837|-5.771036|1.000000|1.000000|1.000000
m60_44_52_10-AEG004_251_1166|13|-434.615112|996.619751|-299.887177|-8.571695|-176.314651|-13.213950|1.000000|1.000000|1.000000
m60_44_52_10-AEG004_251_1168|13|-430.239105|995.755676|-285.757050|-15.710607|117.981331|2.928485|1.000000|1.000000|1.000000
m60_44_52_10-AEG004_251_1190|13|-349.483643|919.643311|-370.225006|2.120718|-27.258236|-5.282427|1.000000|1.000000|1.000000
m60_44_52_10-AEG004_251_1191|13|-278.970703|919.358032|-396.819885|10.100867|30.895042|5.127753|1.000000|1.000000|1.000000
m60_44_52_10-AEG004_251_1192|13|-338.323517|920.879944|-379.892487|-5.786457|-99.949577|-6.162493|1.000000|1.000000|1.000000
m60_44_52_10-AEG004_320_1030|13|-481.121674|951.586853|-346.687347|-1.129997|17.209656|163.984268|1.000000|1.000000|1.000000
m60_44_52_10-AEG004_320_1031|13|-358.485840|905.698364|-370.204865|20.180361|80.568237|-5.108182|1.000000|1.000000|1.000000
m60_44_52_10-AEG004_320_1032|13|-364.133179|904.139160|-353.234497|-8.059005|61.646534|170.933517|1.000000|1.000000|1.000000
m60_44_52_10-AEG004_320_1033|13|-371.927277|907.015198|-341.612152|13.974503|41.930241|0.909379|1.000000|1.000000|1.000000
m60_44_52_10-AEG004_320_1037|13|-374.918182|959.068176|-302.120483|6.086863|-76.889473|9.022879|1.000000|1.000000|1.000000
m60_44_52_10-AEG004_320_1038|13|-362.465942|896.780334|-374.513336|162.293488|-27.737995|2.266677|1.000000|1.000000|1.000000
m60_44_52_10-AEG004_320_1039|13|-380.072083|952.936401|-322.903076|-0.862390|-78.564621|-171.156189|1.000000|1.000000|1.000000
m60_44_52_10-AEG004_321_1019|13|-400.890869|939.344971|-338.483124|1.730786|-23.591002|3.630672|1.000000|1.000000|1.000000
m60_44_52_10-AEG004_321_1020|13|-484.730591|908.851379|-349.661804|16.288267|8.589367|-8.486557|1.000000|1.000000|1.000000
m60_44_52_10-AEG004_321_1021|13|-431.573730|931.241577|-347.610596|4.028571|-13.659360|170.345490|1.000000|1.000000|1.000000
m60_44_52_10-AEG004_321_1022|13|-463.915375|938.951721|-346.102448|3.338067|13.236110|-4.487419|1.000000|1.000000|1.000000
m60_44_52_10-AEG004_328_1001|13|-405.843201|897.144958|-347.127075|-5.647164|-18.283577|0.644423|1.000000|1.000000|1.000000
m60_44_52_10-AEG004_328_1002|13|-458.842896|904.681213|-355.110962|-42.916386|-1.456842|-179.081711|1.000000|1.000000|1.000000
m60_44_52_10-AEG004_328_1003|13|-369.597931|882.733459|-351.212158|51.518265|133.440369|-65.092918|1.000000|1.000000|1.000000
m60_44_52_10-AEG004_329_1008|13|-255.498199|937.248413|-311.880890|38.264347|-40.866039|74.639587|1.000000|1.000000|1.000000
m60_44_52_10-AEG004_329_1017|13|-486.331482|978.395752|-307.334473|-42.523869|2.286338|-173.427658|1.000000|1.000000|1.000000
m60_44_52_10-AEG004_329_1018|13|-434.513000|980.551270|-308.672729|-7.005157|3.610770|18.491243|1.000000|1.000000|1.000000
m60_44_52_10-AEG004_329_1020|13|-432.924652|984.315247|-273.906555|7.855818|-164.066162|74.761200|1.000000|1.000000|1.000000
m60_44_52_10-AEG004_329_1022|13|-277.506683|950.075317|-278.748718|-81.846107|-0.690853|-118.181725|1.000000|1.000000|1.000000
m60_44_52_10-AEG004_329_1023|13|-292.671570|954.000793|-265.965088|-61.041885|58.681141|101.842186|1.000000|1.000000|1.000000
m60_44_52_10-AEG004_329_1025|13|-372.190826|929.362122|-318.373993|3.167059|-41.574757|-0.769594|1.000000|1.000000|1.000000
m60_44_52_10-AEG004_329_1028|13|-304.840546|929.588745|-306.108917|16.027853|-21.321741|74.871216|1.000000|1.000000|1.000000
m60_44_52_10-AEG004_329_1043|13|-379.446594|960.449097|-286.655975|52.225533|-48.068462|-73.299370|1.000000|1.000000|1.000000
m60_44_52_10-AEG004_724_1030|13|-435.460236|998.702881|-294.559448|-9.332779|89.212349|3.110931|1.000000|1.000000|1.000000
m60_44_52_10-AEG004_724_1031|13|-442.048157|994.970093|-277.389801|6.872018|-34.874546|10.053848|1.000000|1.000000|1.000000
m60_44_52_10-AEG004_765_1028|13|-434.959595|1001.438599|-304.225372|-19.261871|146.708725|-1.703161|1.000000|1.000000|1.000000
m60_44_52_10-AEG007_101_1015|13|-461.251373|981.719666|-312.513519|-15.546803|-4.093893|-173.082794|1.000000|1.000000|1.000000
m60_44_52_10-AEG007_101_1018|13|-317.756104|932.026611|-296.872498|-9.720426|20.965487|167.567566|1.000000|1.000000|1.000000
m60_44_52_10-AEG008_167_2000|13|-308.517609|953.620972|-393.808594|0.000000|-170.000000|0.000000|1.000000|1.000000|1.000000
m60_44_52_10-AEG008_167_2001|13|-423.584717|938.620972|-394.548096|0.000000|173.160995|0.000000|1.000000|1.000000|1.000000
m60_44_52_10-AEG008_169_2000|13|-359.938049|953.620972|-392.691589|0.000000|178.750000|0.000000|1.000000|1.000000|1.000000
m60_44_52_10-AEG008_170_2000|13|-478.235413|938.645691|-415.099609|0.000000|156.250000|0.000000|1.000000|1.000000|1.000000
m60_44_52_10-AEG091_402_7000|13|-384.000000|0.000000|-384.000000|0.000000|0.000000|0.000000|1.000000|1.000000|1.000000
m60_44_53_10-AEG004_014_2002|13|-479.807800|1012.895203|-21.125977|0.000000|174.051971|0.000000|1.000000|1.000000|1.000000
m60_44_53_10-AEG004_014_2014|13|-396.260010|1012.895203|-12.421875|0.000000|-5.948028|0.000000|1.000000|1.000000|1.000000
m60_44_53_10-AEG004_014_2015|13|-316.065369|1032.481689|-10.536133|0.000000|-170.651703|0.000000|1.000000|1.000000|1.000000
m60_44_53_10-AEG004_015_2007|13|-354.448364|1032.895264|-8.064453|0.000000|174.051926|0.000000|1.000000|1.000000|1.000000
m60_44_53_10-AEG004_015_2008|13|-355.966492|904.590698|-0.091370|0.000000|-5.948067|0.000000|1.000000|1.000000|1.000000
m60_44_53_10-AEG004_017_2000|13|-439.028503|1012.895203|-16.876953|0.000000|174.051971|0.000000|1.000000|1.000000|1.000000
m60_44_53_10-AEG004_017_2007|13|-273.965881|1032.481689|-17.466797|0.000000|9.348306|0.000000|1.000000|1.000000|1.000000
m60_44_53_10-AEG004_017_2008|13|-439.805695|918.123474|-9.417328|0.000000|-5.948028|0.000000|1.000000|1.000000|1.000000
m60_44_53_10-AEG004_017_2009|13|-272.747620|937.907104|-10.066406|0.000000|-170.651718|0.000000|1.000000|1.000000|1.000000
m60_44_53_10-AEG004_153_2000|13|-483.325928|937.895020|-16.152893|0.000000|174.051971|0.000000|1.000000|1.000000|1.000000
m60_44_53_10-AEG004_153_2001|13|-399.778137|937.895020|-7.448792|0.000000|174.051971|0.000000|1.000000|1.000000|1.000000
m60_44_53_10-AEG004_153_2002|13|-318.253174|957.482056|-5.602539|0.000000|-170.651703|0.000000|1.000000|1.000000|1.000000
m60_44_53_10-AEG004_220_1007|13|-384.779022|1025.411255|-69.167099|11.250361|-66.416985|8.909817|1.000000|1.000000|1.000000
m60_44_53_10-AEG004_220_1017|13|-429.241699|1010.538757|-166.920029|-0.275431|-25.026911|19.504099|1.000000|1.000000|1.000000
m60_44_53_10-AEG004_220_1062|13|-294.971680|979.779053|-151.858917|6.813333|-121.803093|18.979454|1.000000|1.000000|1.000000
m60_44_53_10-AEG004_220_1063|13|-315.444641|996.911194|-98.463951|8.170709|-76.880859|16.997774|1.000000|1.000000|1.000000
m60_44_53_10-AEG004_220_1073|13|-322.228760|993.570435|-116.202110|-8.267827|174.792221|-6.995561|1.000000|1.000000|1.000000
m60_44_53_10-AEG004_220_1082|13|-264.474243|977.025574|-203.874481|8.124127|-119.427811|8.297121|1.000000|1.000000|1.000000
m60_44_53_10-AEG004_220_1085|13|-481.866638|1016.352905|-113.048935|-19.534985|165.203949|-1.979612|1.000000|1.000000|1.000000
m60_44_53_10-AEG004_220_1086|13|-464.470062|1018.994080|-106.364784|-1.607285|-16.160961|16.705387|1.000000|1.000000|1.000000
m60_44_53_10-AEG004_220_1098|13|-409.749176|987.290466|-177.536499|13.215393|165.600067|19.055790|1.000000|1.000000|1.000000
m60_44_53_10-AEG004_220_1100|13|-487.333832|1015.537537|-31.851143|4.034839|178.248489|6.114851|1.000000|1.000000|1.000000
m60_44_53_10-AEG004_220_1101|13|-296.027893|1008.129944|-23.981636|4.329002|-161.872513|3.001213|1.000000|1.000000|1.000000
m60_44_53_10-AEG004_220_1102|13|-408.136841|1018.035156|-135.237854|-25.360979|99.774521|-4.837394|1.000000|1.000000|1.000000
m60_44_53_10-AEG004_220_1103|13|-409.923798|1015.430786|-148.755829|7.631289|-73.612617|15.273531|1.000000|1.000000|1.000000
m60_44_53_10-AEG004_220_1104|13|-366.806854|996.996094|-81.862244|17.405342|106.808495|-1.771117|1.000000|1.000000|1.000000
m60_44_53_10-AEG004_220_1105|13|-357.911865|1000.541931|-60.474487|-26.760841|-54.193386|12.892259|1.000000|1.000000|1.000001
m60_44_53_10-AEG004_220_1106|13|-391.833282|1023.700989|-22.841354|5.200833|177.649612|6.225063|1.000000|1.000000|1.000000
m60_44_53_10-AEG004_220_1107|13|-381.173004|990.076294|-126.956947|21.435699|143.941040|17.642298|1.000000|1.000000|1.000000
m60_44_53_10-AEG004_220_1108|13|-383.246399|972.984985|-214.452972|13.761209|163.721710|18.165434|1.000000|1.000000|1.000000
m60_44_53_10-AEG004_220_1109|13|-385.544617|970.076111|-248.914825|18.645103|86.243752|2.413190|1.000000|1.000000|1.000000
m60_44_53_10-AEG004_220_1110|13|-276.432495|1007.106689|-56.948387|0.115336|-107.447006|8.991810|1.000000|1.000000|1.000000
m60_44_53_10-AEG004_220_1111|13|-419.800659|1022.126953|-28.277176|-4.164523|127.824860|0.523793|1.000000|1.000000|1.000000
m60_44_53_10-AEG004_221_1000|13|-285.457886|970.122314|-183.095093|-23.153666|62.569336|7.346005|1.000000|1.000000|1.000000
m60_44_53_10-AEG004_221_1002|13|-264.490662|1005.318604|-45.904030|-7.262852|162.459717|-3.693935|1.000000|1.000000|1.000000
m60_44_53_10-AEG004_221_1048|13|-381.991760|1018.351990|-43.287964|-22.306236|122.655334|6.515479|1.000000|1.000000|1.000000
m60_44_53_10-AEG004_221_1049|13|-324.609192|978.864380|-136.584579|5.077402|151.558060|-5.731555|1.000000|1.000000|1.000000
m60_44_53_10-AEG004_221_1050|13|-300.733154|996.806641|-65.661026|-0.685269|-37.727203|19.804462|1.000000|1.000000|1.000000
m60_44_53_10-AEG004_250_1057|13|-396.534515|1023.765564|-107.599609|8.311301|-23.708675|13.315972|1.000000|1.000000|1.000000
m60_44_53_10-AEG004_250_1071|13|-450.170715|997.460876|-186.717255|-12.342805|97.300621|-2.980950|1.000000|1.000000|1.000000
m60_44_53_10-AEG004_250_1074|13|-437.655975|1021.486328|-28.430344|-0.334544|-177.070389|-6.113036|1.000000|1.000000|1.000000
m60_44_53_10-AEG004_251_1074|13|-455.560089|1020.632996|-102.202835|-6.308957|-172.129608|-11.201928|1.000000|1.000000|1.000000
m60_44_53_10-AEG004_251_1075|13|-365.537964|1025.765503|-24.699081|2.807235|0.903589|13.436238|1.000000|1.000000|1.000000
m60_44_53_10-AEG004_251_1087|13|-391.473053|1024.166748|-86.743607|-14.550486|103.413048|0.710287|1.000000|1.000000|1.000000
m60_44_53_10-AEG004_251_1113|13|-417.218353|1013.779236|-158.086899|-2.179007|2.700605|16.499933|1.000000|1.000000|1.000000
m60_44_53_10-AEG004_251_1114|13|-408.257996|1023.742126|-119.218254|-1.043104|-140.958527|-7.359116|1.000000|1.000000|1.000000
m60_44_53_10-AEG004_251_1115|13|-454.232300|990.665222|-251.562943|-11.104696|85.582245|7.307101|1.000000|1.000000|1.000000
m60_44_53_10-AEG004_251_1122|13|-495.570679|1015.876709|-119.169205|-12.264180|154.572235|0.554939|1.000000|1.000000|1.000000
m60_44_53_10-AEG004_251_1163|13|-335.980957|990.325867|-115.239090|10.102261|-94.544617|3.173361|1.000000|1.000000|1.000000
m60_44_53_10-AEG004_251_1170|13|-486.463562|986.343445|-252.080215|4.430499|-47.106869|3.547601|1.000000|1.000000|1.000000
m60_44_53_10-AEG004_251_1177|13|-445.941925|1006.246704|-172.633881|12.913349|-128.012268|-8.706533|1.000000|1.000000|1.000000
m60_44_53_10-AEG004_251_1184|13|-493.960693|994.050659|-189.126480|1.405406|-172.853851|-7.371230|1.000000|1.000000|1.000000
m60_44_53_10-AEG004_251_1186|13|-456.345703|994.711548|-201.032532|3.341410|-115.987885|2.624159|1.000000|1.000000|1.000000
m60_44_53_10-AEG004_251_1187|13|-456.354828|990.403198|-239.272888|-7.030054|174.217194|-6.978611|1.000000|1.000000|1.000000
m60_44_53_10-AEG004_251_1197|13|-444.564117|1020.796692|-45.868927|10.187308|-78.797432|0.910766|1.000000|1.000000|1.000000
m60_44_53_10-AEG004_251_1198|13|-503.411377|1014.580505|-37.393196|-3.342741|133.007889|-4.483360|1.000000|1.000000|0.999999
m60_44_53_10-AEG004_251_1199|13|-344.300018|1007.944702|-20.712921|-8.543270|-30.373814|1.743065|1.000000|1.000000|1.000000
m60_44_53_10-AEG004_251_1200|13|-331.748596|1006.287476|-18.885162|-11.189932|33.041595|-2.723742|1.000000|1.000000|1.000000
m60_44_53_10-AEG004_251_1201|13|-377.751251|1024.869629|-22.033142|-5.183101|-16.924734|4.633929|1.000000|1.000000|1.000000
m60_44_53_10-AEG004_251_1202|13|-463.318542|1019.773132|-28.414848|-13.744321|54.184494|0.517674|1.000000|1.000000|1.000000
m60_44_53_10-AEG004_251_1203|13|-440.665924|995.939819|-187.002670|3.532902|-70.737747|5.402216|1.000000|1.000000|1.000000
m60_44_53_10-AEG004_251_1204|13|-399.942963|976.725159|-248.518158|-8.505993|-86.496849|4.331267|1.000000|1.000000|1.000000
m60_44_53_10-AEG004_251_1205|13|-387.176971|979.988831|-199.578430|-0.003380|-120.876930|0.002022|1.000000|1.000000|1.000000
m60_44_53_10-AEG004_251_1207|13|-326.211792|970.495361|-200.121582|0.000574|137.863556|0.002951|1.000000|1.000000|1.000000
m60_44_53_10-AEG004_251_1208|13|-352.199646|966.513184|-239.281433|0.014699|68.508202|-0.004992|1.000000|1.000000|1.000000
m60_44_53_10-AEG004_320_1032|13|-381.584625|1012.445862|-86.084068|21.010471|-81.921989|-0.007890|1.000000|1.000000|1.000000
m60_44_53_10-AEG004_320_1033|13|-391.134064|1013.140137|-117.830902|18.601353|-35.138313|6.905958|1.000000|1.000000|1.000000
m60_44_53_10-AEG004_320_1034|13|-381.965332|1009.111755|-105.905769|-14.156726|-85.769165|173.636795|1.000000|1.000000|1.000000
m60_44_53_10-AEG004_320_1035|13|-367.761932|1013.530579|-51.763809|15.728196|-60.990952|-2.414137|1.000000|1.000000|1.000000
m60_44_53_10-AEG004_323_1002|13|-282.839722|889.512024|-169.099670|6.432260|-123.130249|1.026221|2.000000|2.000000|2.000000
m60_44_53_10-AEG004_323_1003|13|-306.800964|881.415894|-114.147369|171.575714|68.777031|-5.174617|2.000000|2.000000|2.000000
m60_44_53_10-AEG004_323_1006|13|-285.195160|905.004578|-49.189850|2.856397|-30.031290|-176.655304|2.000000|2.000000|2.000000
m60_44_53_10-AEG004_323_1012|13|-264.159058|946.374207|-197.255646|9.490789|-123.256462|-11.353492|1.000000|1.000000|1.000000
m60_44_53_10-AEG004_323_1013|13|-291.796478|942.120667|-149.334763|173.589813|61.920219|-7.089137|1.000000|1.000000|1.000000
m60_44_53_10-AEG004_323_1014|13|-275.917847|948.031189|-174.644852|11.937117|-122.924133|-0.500281|1.000000|1.000000|1.000000
m60_44_53_10-AEG004_323_1015|13|-316.041840|967.940613|-96.732010|3.917983|-80.103943|11.092952|1.000000|1.000000|1.000000
m60_44_53_10-AEG004_323_1016|13|-262.433258|980.134705|-52.041084|-3.241053|-20.056696|9.444201|1.000000|1.000000|1.000000
m60_44_53_10-AEG004_323_1017|13|-313.187744|958.796082|-122.441879|7.057084|-122.350670|8.180835|1.000000|1.000000|1.000000
m60_44_53_10-AEG004_323_1018|13|-293.879333|965.008057|-70.411537|1.625389|-34.055939|-167.585495|1.000000|1.000000|1.000000
m60_44_53_10-AEG004_329_1033|13|-404.891388|1002.759583|-153.935791|-45.403362|-79.171036|-177.747238|1.000000|1.000000|1.000000
m60_44_53_10-AEG004_329_1034|13|-397.877075|1003.867737|-131.815170|49.469730|4.360827|-65.686615|1.000000|1.000000|1.000000
m60_44_53_10-AEG004_329_1035|13|-418.816101|998.655884|-168.304977|-44.493473|-30.105709|-171.366867|1.000000|1.000000|1.000000
m60_44_53_10-AEG004_329_1038|13|-358.479156|1013.806152|-35.297867|-53.938190|-69.194435|-176.827621|1.000000|1.000000|1.000000
m60_44_53_10-AEG004_724_1000|13|-457.911011|992.134827|-230.865631|11.838439|-45.085510|5.288753|1.000000|0.999999|1.000000
m60_44_53_10-AEG004_724_1001|13|-453.747864|993.994934|-214.273865|3.965882|-179.540314|-2.023242|1.000000|1.000000|1.000000
m60_44_53_10-AEG004_724_1002|13|-468.786926|995.784302|-201.308105|-7.395028|69.648590|-6.993379|1.000000|0.999999|1.000000
m60_44_53_10-AEG004_724_1003|13|-481.952240|988.135071|-241.317673|-8.629457|114.152763|2.021821|1.000000|1.000000|1.000000
m60_44_53_10-AEG004_724_1010|13|-479.889862|1014.078613|-124.456390|-21.575396|12.596129|-8.994735|1.000001|1.000000|1.000000
m60_44_53_10-AEG004_724_1012|13|-494.132050|992.393372|-201.858856|-13.631049|18.764360|-2.738526|1.000000|1.000000|1.000001
m60_44_53_10-AEG004_724_1022|13|-453.024963|1016.586914|-115.337578|19.298971|176.989258|4.904329|1.000000|1.000000|1.000001
m60_44_53_10-AEG004_724_1024|13|-503.138550|1015.030212|-49.624992|0.870411|-56.611389|15.679821|1.000000|1.000000|1.000000
m60_44_53_10-AEG004_724_1025|13|-461.623474|1020.808899|-89.727798|17.811085|-87.776421|-7.472358|1.000000|1.000000|1.000000
m60_44_53_10-AEG004_724_1026|13|-470.476990|1020.650940|-106.374596|-8.331389|-157.401581|-7.893255|1.000000|1.000000|1.000000
m60_44_53_10-AEG004_724_1029|13|-448.459045|1024.533325|-25.558784|-10.551765|73.346100|-4.811451|1.000000|1.000000|1.000000
m60_44_53_10-AEG004_724_1032|13|-442.586761|1022.679443|-58.026382|7.695601|-152.883209|1.774948|1.000000|1.000000|1.000000
m60_44_53_10-AEG004_724_1033|13|-420.310516|1021.018127|-119.070496|20.143597|-117.214035|3.813790|1.000000|1.000000|1.000000
m60_44_53_10-AEG004_765_1000|13|-460.198395|999.402405|-207.747742|6.818987|30.967997|15.644982|1.000000|1.000000|1.000000
m60_44_53_10-AEG004_765_1001|13|-483.184937|990.789978|-247.658401|4.720128|-35.855141|19.695589|1.000000|1.000000|1.000000
m60_44_53_10-AEG004_765_1013|13|-467.490112|1021.949402|-97.723083|-6.752100|115.399246|-3.510126|1.000000|1.000000|1.000000
m60_44_53_10-AEG004_765_1016|13|-478.744202|1016.751099|-56.722855|51.282398|-58.593422|-10.532262|1.000000|1.000000|1.000000
m60_44_53_10-AEG004_765_1019|13|-472.990784|1017.063232|-122.151932|17.031075|-20.322969|13.705376|1.000000|1.000000|1.000000
m60_44_53_10-AEG004_765_1020|13|-453.354126|1001.814636|-181.367538|-18.209185|67.700699|24.037241|1.000000|1.000000|1.000000
m60_44_53_10-AEG004_765_1021|13|-485.132690|1009.253113|-133.220383|35.023785|-46.077579|34.373390|1.000000|1.000000|1.000000
m60_44_53_10-AEG004_765_1027|13|-458.363617|1023.383667|-28.179733|-21.581680|151.171951|-14.929137|1.000000|1.000000|1.000000
m60_44_53_10-AEG004_765_1029|13|-394.327759|1026.920410|-28.912430|16.532320|41.591537|6.175913|1.000000|1.000000|1.000000
m60_44_53_10-AEG004_765_1030|13|-425.052124|1023.357056|-45.015282|43.145126|-33.247646|30.577887|1.000000|1.000000|1.000000
m60_44_53_10-AEG004_765_1031|13|-443.567657|1019.483032|-109.289505|-24.318432|-34.356758|2.824005|1.000000|1.000000|1.000000
m60_44_53_10-AEG004_765_1032|13|-418.668182|1023.292847|-112.476395|59.593266|-68.389130|35.828575|1.000000|1.000000|1.000000
m60_44_53_10-AEG004_765_1033|13|-438.811218|1011.680908|-146.051331|-20.628475|-110.827576|26.175341|1.000000|1.000000|1.000000
m60_44_53_10-AEG007_101_1023|13|-372.888062|1016.005066|-73.699936|-85.006485|13.294183|108.967964|1.000000|1.000000|1.000000
m60_44_53_10-AEG007_383_1000|13|-327.639404|775.767212|-43.468109|-0.027167|-173.295319|-0.002234|3.000000|3.000000|3.000000
m60_44_53_10-AEG007_383_1001|13|-340.067780|889.514648|-7.506378|2.101299|-148.833191|9.772273|1.000000|1.000000|1.000000
m60_44_53_10-AEG007_383_1023|13|-526.525696|737.961548|-55.721710|-3.551775|-65.600777|173.298859|3.000000|3.000000|3.000000
m60_44_53_10-AEG007_383_1036|13|-369.276825|865.577942|-2.701401|1.995945|161.338379|-2.049149|1.000000|1.000000|1.000000
m60_44_53_10-AEG007_383_1037|13|-503.991821|839.196228|-31.663330|1.977019|-172.094772|-0.000000|1.500000|1.500000|1.500000
m60_44_53_10-AEG007_383_1041|13|-476.901184|868.208008|-26.081017|0.942494|172.771301|-0.671665|1.000000|1.000000|1.000000
m60_44_53_10-AEG007_383_1043|13|-450.124390|756.081421|-57.314850|-2.993071|-120.583832|3.510253|3.000000|3.000000|3.000000
m60_44_53_10-AEG007_383_1045|13|-441.780640|845.563660|-16.824341|0.795308|120.354446|-3.645915|1.000000|1.000000|1.000000
m60_44_53_10-AEG007_383_1046|13|-270.557281|720.119080|-56.048615|-171.111160|10.837472|2.574217|3.000000|3.000000|3.000000
m60_44_53_10-AEG007_383_1047|13|-398.163177|745.225769|-40.899841|-0.000010|172.054703|0.000000|3.000000|3.000000|3.000000
m60_44_53_10-AEG007_383_1050|13|-314.111206|794.232422|-60.178291|0.005929|-114.706131|0.004553|1.000000|1.000000|1.000000
m60_44_53_10-AEG008_164_2000|13|-439.028503|1012.895203|-16.876953|0.000000|174.052002|0.000000|1.000000|1.000000|1.000000
m60_44_53_10-AEG008_164_2001|13|-273.965881|1032.481689|-17.466797|0.000000|9.348033|0.000000|1.000000|1.000000|1.000000
m60_44_53_10-AEG008_164_2002|13|-272.747620|937.907104|-10.066406|0.000000|-170.651718|0.000000|1.000000|1.000000|1.000000
m60_44_53_10-AEG008_164_2003|13|-439.805695|918.123474|-9.417336|0.000000|-5.948028|0.000000|1.000000|1.000000|1.000000
m60_44_53_10-AEG008_165_2000|13|-354.448364|1032.895264|-8.064453|0.000000|174.052002|0.000000|1.000000|1.000000|1.000000
m60_44_53_10-AEG008_165_2001|13|-355.966492|904.590698|-0.091370|0.000000|-5.947999|0.000000|1.000000|1.000000|1.000000
m60_44_53_10-AEG008_172_2000|13|-396.260010|1012.895203|-12.421875|0.000000|-5.948028|0.000000|1.000000|1.000000|1.000000
m60_44_53_10-AEG008_172_2001|13|-316.065369|1032.481689|-10.536133|0.000000|-170.651703|0.000000|1.000000|1.000000|1.000000
m60_44_53_10-AEG008_172_2003|13|-479.807800|1012.895203|-21.125977|0.000000|174.051971|0.000000|1.000000|1.000000|1.000000
m60_44_53_10-AEG008_236_2000|13|-483.325928|937.895020|-16.152893|0.000000|174.051971|0.000000|1.000000|1.000000|1.000000
m60_44_53_10-AEG008_236_2001|13|-399.778137|937.895020|-7.448792|0.000000|174.051971|0.000000|1.000000|1.000000|1.000000
m60_44_53_10-AEG008_236_2002|13|-318.253174|957.482056|-5.602539|0.000000|-170.651703|0.000000|1.000000|1.000000|1.000000
m60_44_53_10-AEG091_403_7000|13|-384.000000|0.000000|-128.000000|0.000000|0.000000|0.000000|1.000000|1.000000|1.000000
m60_45_52_10-AEG004_007_2000|13|-159.612045|984.010010|-478.094116|0.000000|-134.999985|0.000000|1.000000|1.000000|1.000000
m60_45_52_10-AEG004_008_2000|13|-202.455261|967.770752|-437.396301|0.000000|-146.250015|0.000000|1.000000|1.000000|1.000000
m60_45_52_10-AEG004_016_2000|13|-111.320984|1087.520996|-504.563965|0.000000|0.000000|0.000000|1.000000|1.000000|1.000000
m60_45_52_10-AEG004_129_2001|13|-254.333130|967.775513|-415.099609|0.000000|-158.749924|0.000000|1.000000|1.000000|1.000000
m60_45_52_10-AEG004_190_1005|13|-127.438660|1004.567200|-375.312408|21.118530|12.336851|87.188332|1.000000|1.000000|1.000000
m60_45_52_10-AEG004_190_1006|13|-138.996109|1003.905334|-352.973328|7.867532|101.310944|-3.895118|1.000000|1.000000|1.000000
m60_45_52_10-AEG004_190_1007|13|-190.834152|952.498779|-376.465851|-3.926288|45.627853|0.711350|1.000000|1.000000|1.000000
m60_45_52_10-AEG004_190_1008|13|-171.020660|956.512695|-378.894653|2.874362|-46.367878|7.931599|1.000000|1.000000|1.000000
m60_45_52_10-AEG004_190_1009|13|-236.701233|949.869629|-328.698181|-0.462282|36.564056|-0.135826|1.000000|1.000000|1.000000
m60_45_52_10-AEG004_190_1012|13|-24.314568|1003.049438|-353.044159|1.514799|-60.780807|5.178021|1.000000|1.000000|1.000000
m60_45_52_10-AEG004_190_1013|13|-45.784225|1001.424927|-364.102692|1.059718|-4.795362|1.187743|1.000000|1.000000|1.000000
m60_45_52_10-AEG004_190_1014|13|-97.386398|1006.574768|-377.156525|80.964478|-110.397194|86.535248|1.000000|1.000000|1.000000
m60_45_52_10-AEG004_190_1015|13|-99.501053|980.499756|-380.051514|5.015998|-33.992371|-1.592840|1.000000|1.000000|1.000000
m60_45_52_10-AEG004_190_1016|13|-57.713562|981.745178|-366.486389|84.442291|-92.417397|80.306488|1.000000|1.000000|1.000000
m60_45_52_10-AEG004_190_1017|13|-202.445496|946.877197|-398.981506|13.995290|152.805695|84.756744|1.000000|1.000000|1.000000
m60_45_52_10-AEG004_190_1018|13|-174.510757|946.926453|-404.763000|0.461147|-142.054901|-3.736774|1.000000|1.000000|1.000000
m60_45_52_10-AEG004_220_1013|13|-156.865891|991.942322|-293.393127|-17.177242|30.935587|22.602266|1.000000|1.000000|1.000000
m60_45_52_10-AEG004_220_1054|13|-193.948547|991.234924|-181.606155|0.432843|-157.947678|2.474714|1.000000|1.000000|1.000000
m60_45_52_10-AEG004_220_1057|13|-11.100342|1020.026733|-316.561920|-8.792295|-90.646233|7.392785|1.000000|1.000000|1.000000
m60_45_52_10-AEG004_220_1059|13|-180.320740|972.965393|-375.882446|-4.105592|-47.190414|17.472826|1.000000|1.000000|1.000000
m60_45_52_10-AEG004_220_1066|13|-45.838791|945.728516|-486.095154|-0.625766|-106.024803|12.585231|1.000000|1.000000|1.000000
m60_45_52_10-AEG004_220_1067|13|-53.435677|947.060791|-468.111877|-3.001615|177.454025|3.339908|1.000000|1.000000|1.000000
m60_45_52_10-AEG004_220_1068|13|-28.570663|1020.433289|-342.086609|-8.421000|-131.686371|3.129374|1.000000|1.000000|1.000000
m60_45_52_10-AEG004_220_1070|13|-178.680237|961.983337|-410.734619|2.319751|-129.222626|11.869802|1.000000|1.000000|1.000000
m60_45_52_10-AEG004_220_1071|13|-155.901398|949.488464|-398.628021|-7.557001|32.110489|5.981635|1.000000|1.000000|1.000000
m60_45_52_10-AEG004_220_1072|13|-97.435844|949.903198|-394.612640|6.928243|153.589066|0.541252|1.000000|1.000000|1.000000
m60_45_52_10-AEG004_220_1079|13|-252.175491|922.674072|-330.265381|-0.688540|-159.854706|20.305361|1.000000|1.000000|1.000000
m60_45_52_10-AEG004_220_1087|13|-210.759735|957.781860|-408.209290|-5.606416|176.310318|-1.576113|1.000000|1.000000|1.000000
m60_45_52_10-AEG004_220_1088|13|-40.777504|958.588074|-376.118805|15.238894|-169.363007|8.847253|1.000000|1.000000|1.000000
m60_45_52_10-AEG004_220_1089|13|-223.735138|918.853638|-355.139221|4.033231|-137.229355|8.674041|1.000000|1.000000|1.000000
m60_45_52_10-AEG004_220_1090|13|-204.367828|922.331421|-391.497437|8.840914|-2.026366|18.560221|1.000000|1.000000|1.000000
m60_45_52_10-AEG004_220_1091|13|-150.960358|988.626404|-312.958038|19.019897|-146.719391|-0.593789|1.000000|1.000000|1.000000
m60_45_52_10-AEG004_220_1092|13|-13.795517|1020.411621|-332.866272|-7.792859|-43.081669|5.780611|1.000000|1.000000|1.000000
m60_45_52_10-AEG004_220_1093|13|-252.239761|979.210571|-202.724274|-18.980530|87.781303|-1.347461|1.000000|1.000000|1.000000
m60_45_52_10-AEG004_220_1094|13|-21.638374|1025.066040|-240.357391|5.039942|-153.071640|4.311214|1.000000|1.000000|1.000000
m60_45_52_10-AEG004_220_1095|13|-10.694870|1025.781128|-252.545731|2.842535|-78.416260|13.507331|1.000000|1.000000|1.000000
m60_45_52_10-AEG004_220_1096|13|-85.068253|1011.499268|-249.722153|-15.730009|120.290085|1.998107|1.000000|1.000000|1.000000
m60_45_52_10-AEG004_220_1097|13|-101.942635|1007.653381|-241.165802|3.009140|-130.445251|0.950460|1.000000|1.000000|1.000000
m60_45_52_10-AEG004_220_1098|13|-187.783661|987.185059|-246.755417|10.859701|-106.052094|10.053114|1.000000|1.000000|1.000000
m60_45_52_10-AEG004_221_1006|13|-171.084900|989.085693|-198.324677|-16.676733|21.024227|16.130529|1.000000|1.000000|1.000000
m60_45_52_10-AEG004_221_1009|13|-198.330963|968.174438|-339.656006|-18.337683|57.688461|8.836739|1.000000|1.000000|1.000000
m60_45_52_10-AEG004_221_1015|13|-90.696823|1006.137878|-202.978729|-14.599916|143.289703|-2.950463|1.000000|1.000000|1.000000
m60_45_52_10-AEG004_221_1019|13|-35.403526|947.774292|-408.268646|-3.719812|-64.266945|16.949688|1.000000|1.000000|1.000000
m60_45_52_10-AEG004_221_1020|13|-221.468399|979.917542|-196.907196|-2.250561|162.134293|-2.582344|1.000000|1.000000|1.000000
m60_45_52_10-AEG004_221_1021|13|-133.141953|996.204956|-208.958008|0.607600|-169.128754|-2.165789|1.000000|1.000000|1.000000
m60_45_52_10-AEG004_221_1022|13|-20.208740|1016.903320|-281.618073|4.831837|-89.363785|13.342365|1.000000|1.000000|1.000000
m60_45_52_10-AEG004_221_1023|13|-53.159302|1013.512451|-227.616119|6.492887|-139.144852|-1.456149|1.000000|1.000000|1.000000
m60_45_52_10-AEG004_250_1009|13|-224.896332|969.019043|-325.708313|6.635858|-128.769730|-3.056274|1.000000|1.000000|1.000000
m60_45_52_10-AEG004_250_1010|13|-157.202011|979.091187|-355.360321|-6.763661|160.222504|-14.542581|1.000000|1.000000|1.000000
m60_45_52_10-AEG004_250_1031|13|-19.652359|958.825928|-375.626953|6.999674|154.213089|-6.206277|1.000000|1.000000|1.000000
m60_45_52_10-AEG004_250_1032|13|-42.939560|949.003113|-435.069946|1.329373|-156.635162|-5.662531|1.000000|1.000000|1.000000
m60_45_52_10-AEG004_250_1055|13|-167.694061|959.354370|-426.735931|-11.721023|51.787830|-1.891817|1.000000|1.000000|1.000000
m60_45_52_10-AEG004_250_1056|13|-228.182709|954.477295|-412.480286|-8.112102|75.104477|7.631316|1.000000|1.000000|1.000000
m60_45_52_10-AEG004_250_1058|13|-168.541229|991.671692|-243.603378|-10.731948|94.264053|-0.008294|1.000001|1.000000|1.000000
m60_45_52_10-AEG004_250_1062|13|-128.129974|1019.763062|-364.041840|1.751287|-70.975304|9.145021|1.000000|1.000000|1.000000
m60_45_52_10-AEG004_250_1063|13|-111.560837|1019.672363|-373.704224|9.081802|-137.433334|2.056461|1.000000|1.000000|1.000000
m60_45_52_10-AEG004_250_1065|13|-190.745865|960.604919|-405.893982|-13.424494|53.905914|0.110867|1.000000|1.000000|1.000000
m60_45_52_10-AEG004_250_1066|13|-168.538498|950.578796|-382.503876|-2.453433|-55.149258|-0.000000|1.000000|1.000000|1.000000
m60_45_52_10-AEG004_250_1067|13|-122.647499|948.939453|-485.723694|9.141717|50.275860|9.438804|1.000000|1.000000|1.000000
m60_45_52_10-AEG004_251_1009|13|-126.444336|1015.627258|-316.859924|-6.337046|-0.431651|0.381562|1.000000|1.000000|1.000000
m60_45_52_10-AEG004_251_1012|13|-191.398438|971.712036|-366.006500|2.203253|-53.447311|11.503432|1.000000|1.000000|1.000000
m60_45_52_10-AEG004_251_1013|13|-145.202393|984.079346|-356.654327|13.838265|-91.041138|1.587007|1.000000|1.000000|1.000000
m60_45_52_10-AEG004_251_1073|13|-67.130081|1020.621460|-355.700378|0.004043|173.655441|-0.007435|1.000000|1.000000|1.000000
m60_45_52_10-AEG004_251_1097|13|-20.336075|964.670410|-362.392639|0.000000|110.129723|0.000000|1.000000|1.000000|1.000000
m60_45_52_10-AEG004_251_1098|13|-19.557106|958.413269|-384.933960|0.860254|123.660782|-16.061672|1.000000|1.000000|1.000000
m60_45_52_10-AEG004_251_1099|13|-49.000809|948.649536|-451.181519|-11.075459|108.793144|-3.073305|1.000000|1.000000|1.000000
m60_45_52_10-AEG004_251_1117|13|-40.636101|945.361755|-504.897369|-4.079633|145.854080|-3.506191|1.000000|1.000000|1.000000
m60_45_52_10-AEG004_251_1120|13|-240.813141|968.133728|-315.630615|4.811376|-70.743126|8.887333|1.000000|1.000000|1.000000
m60_45_52_10-AEG004_251_1121|13|-139.675995|997.348328|-304.474976|12.426268|-61.199772|8.821300|1.000000|1.000000|1.000000
m60_45_52_10-AEG004_251_1136|13|-82.765160|1021.533325|-360.659058|5.288040|-121.351669|-7.297809|1.000000|1.000000|1.000000
m60_45_52_10-AEG004_251_1137|13|-125.471527|1019.352051|-331.477295|-2.980927|-89.981720|6.989033|1.000000|1.000000|1.000000
m60_45_52_10-AEG004_251_1149|13|-171.590759|976.044006|-368.918701|6.234059|-155.027740|-10.199346|1.000000|1.000000|1.000000
m60_45_52_10-AEG004_251_1150|13|-127.374954|1018.969116|-344.562134|-4.932191|-6.201522|3.327232|1.000000|1.000000|1.000000
m60_45_52_10-AEG004_251_1154|13|-92.435059|1021.344666|-362.552795|0.000000|153.622177|-3.582139|1.000000|1.000000|1.000000
m60_45_52_10-AEG004_251_1155|13|-36.428413|1020.560303|-356.205994|-2.115740|-166.240387|-2.192143|1.000000|1.000000|1.000000
m60_45_52_10-AEG004_251_1156|13|-53.398308|1020.268921|-356.351135|1.444749|-104.324928|0.166247|1.000000|1.000000|1.000000
m60_45_52_10-AEG004_251_1157|13|-109.076721|1014.990173|-313.746307|-0.486909|69.251823|6.865752|1.000000|1.000000|1.000000
m60_45_52_10-AEG004_251_1160|13|-143.223755|948.899536|-406.396118|1.071383|-120.278473|3.674177|1.000000|1.000000|1.000000
m60_45_52_10-AEG004_251_1161|13|-171.331192|957.960205|-446.084320|2.586565|-171.902252|-1.480786|1.000000|1.000000|1.000000
m60_45_52_10-AEG004_251_1181|13|-156.148911|946.019409|-454.341034|-0.886076|130.585480|14.361784|1.000000|1.000000|1.000000
m60_45_52_10-AEG004_251_1183|13|-137.305084|947.629089|-471.716553|-18.428106|-140.607803|1.040293|1.000000|1.000000|1.000000
m60_45_52_10-AEG004_251_1184|13|-99.162323|947.444763|-485.213043|-10.051461|125.557579|12.522770|1.000000|1.000000|1.000000
m60_45_52_10-AEG004_251_1185|13|-205.539795|981.489624|-279.141907|-0.059995|-173.685959|-9.093924|1.000000|1.000000|1.000000
m60_45_52_10-AEG004_251_1186|13|-153.866379|994.833374|-254.928726|0.005464|-173.475266|-7.045386|1.000000|1.000000|1.000000
m60_45_52_10-AEG004_251_1187|13|-91.541809|1010.117126|-267.523865|0.000328|-173.457993|-6.146271|1.000000|1.000000|1.000000
m60_45_52_10-AEG004_320_1199|13|-20.626770|980.713684|-344.792053|9.839709|-56.875900|10.201434|1.000000|1.000000|1.000000
m60_45_52_10-AEG004_320_1201|13|-40.906059|983.463867|-362.235901|8.462201|2.882685|0.249439|1.000000|1.000000|1.000000
m60_45_52_10-AEG004_323_1000|13|-237.672989|952.537048|-196.574020|0.000022|165.612747|-0.000076|1.000000|1.000000|1.000000
m60_45_52_10-AEG004_323_1001|13|-15.035149|993.093384|-288.789032|-0.000000|-89.264397|-0.000000|1.000000|1.000000|1.000000
m60_45_52_10-AEG004_323_1002|13|-18.352631|1000.502869|-335.658142|0.009098|-52.571484|0.003388|0.750000|0.750000|0.750000
m60_45_52_10-AEG004_323_1003|13|-166.357010|959.104675|-191.698929|1.005453|-157.488632|-0.096498|1.000000|1.000000|1.000000
m60_45_52_10-AEG004_323_1021|13|-71.883240|987.156860|-204.046524|0.596106|-130.144302|-4.238745|1.000000|1.000000|1.000000
m60_45_52_10-AEG004_323_1022|13|-55.216270|988.196228|-219.118652|0.013109|-141.400284|-0.003116|1.000000|1.000000|1.000000
m60_45_52_10-AEG004_323_1023|13|-52.010742|919.861389|-460.419312|-0.375972|-82.297340|9.626872|1.000000|1.000000|1.000000
m60_45_52_10-AEG004_323_1024|13|-12.943993|999.473389|-311.424744|-0.000180|-98.156143|0.000020|0.750000|0.750000|0.750000
m60_45_52_10-AEG004_323_1025|13|-21.631226|928.696899|-382.283936|-1.849702|-78.959549|10.925463|1.000000|1.000000|1.000000
m60_45_52_10-AEG004_323_1026|13|-30.065842|994.493713|-239.050735|0.176755|-155.675034|-3.282569|1.000000|1.000000|1.000000
m60_45_52_10-AEG004_323_1028|13|-26.228783|926.352661|-354.772675|-178.824142|63.319324|-8.876440|1.000000|1.000000|1.000000
m60_45_52_10-AEG004_323_1029|13|-41.836937|921.041748|-434.961121|0.003957|-55.908634|0.007939|1.000000|1.000000|1.000000
m60_45_52_10-AEG004_323_1030|13|-29.014000|924.853333|-408.855774|-0.176213|-71.897461|-0.009160|1.000000|1.000000|1.000000
m60_45_52_10-AEG004_323_1031|13|-49.067535|917.705627|-487.896759|-1.496404|-114.117111|0.002622|1.000000|1.000000|1.000000
m60_45_52_10-AEG004_323_1032|13|-134.203262|973.829041|-204.832581|-0.915628|-169.580780|-12.904320|1.000000|1.000000|1.000000
m60_45_52_10-AEG004_323_1034|13|-198.666428|959.632324|-186.274750|0.004612|178.337570|-0.013518|1.000000|1.000000|1.000000
m60_45_52_10-AEG004_323_1035|13|-100.098328|979.107239|-203.262878|-4.513257|142.128189|-7.181901|1.000000|1.000000|1.000000
m60_45_52_10-AEG004_323_1036|13|-15.282188|995.603455|-261.974121|-3.080698|-86.441010|10.776973|1.000000|1.000000|1.000000
m60_45_52_10-AEG004_324_1000|13|-27.020462|984.952271|-357.843994|9.934758|-61.374016|-0.454262|1.000000|1.000000|1.000000
m60_45_52_10-AEG004_324_1001|13|-32.017349|975.002075|-362.959412|8.027987|-3.727700|1.153318|1.000000|1.000000|1.000000
m60_45_52_10-AEG004_324_1002|13|-21.087509|974.338867|-350.789490|1.996901|-58.787403|-0.097137|1.000000|1.000000|1.000000
m60_45_52_10-AEG004_329_1003|13|-134.935455|1000.816345|-326.301544|-47.869308|84.561913|167.423096|1.000000|1.000000|1.000000
m60_45_52_10-AEG004_329_1004|13|-135.747162|991.550781|-346.715057|-84.036545|36.787006|-115.084984|1.000000|1.000000|1.000000
m60_45_52_10-AEG004_329_1005|13|-220.582169|932.675842|-339.242981|-7.234472|55.204182|-0.088945|1.000000|1.000000|1.000000
m60_45_52_10-AEG004_329_1006|13|-196.639221|933.873840|-365.326294|-8.418200|56.915829|3.685088|1.000000|1.000000|1.000000
m60_45_52_10-AEG004_329_1007|13|-183.047913|933.009583|-379.796875|-13.800952|50.973324|5.728599|1.000000|1.000000|1.000000
m60_45_52_10-AEG004_329_1009|13|-73.600159|966.945190|-370.007477|-3.678210|-11.662767|2.975131|1.000000|1.000000|1.000000
m60_45_52_10-AEG004_329_1010|13|-50.984955|961.657959|-366.836517|47.443405|68.069870|-61.815739|1.000000|1.000000|1.000000
m60_45_52_10-AEG004_329_1011|13|-99.298462|957.978149|-381.283813|63.717365|62.858868|-61.424759|1.000000|1.000000|1.000000
m60_45_52_10-AEG004_329_1013|13|-208.558655|930.437073|-403.755493|82.189888|-81.544991|-74.875847|1.000000|1.000000|1.000000
m60_45_52_10-AEG004_329_1014|13|-161.397064|942.833923|-420.803497|-15.820105|-136.014008|-4.481388|1.000000|1.000000|1.000000
m60_45_52_10-AEG004_329_1015|13|-161.514084|949.432251|-438.616943|-79.466904|-3.493953|95.317360|1.000000|1.000000|1.000000
m60_45_52_10-AEG004_329_1030|13|-236.340652|933.735901|-406.845154|150.999771|-14.134377|17.636789|1.000000|1.000000|1.000000
m60_45_52_10-AEG004_329_1044|13|-154.010223|966.179871|-363.480011|-8.559499|-0.981091|-78.123283|1.000000|1.000000|1.000000
m60_45_52_10-AEG004_329_1045|13|-136.721085|961.125000|-366.580597|63.560997|116.709480|-73.058517|1.000000|1.000000|1.000000
m60_45_52_10-AEG004_329_1046|13|-119.613098|961.519897|-378.509033|-41.642612|32.312290|-167.886414|1.000000|1.000000|1.000000
m60_45_52_10-AEG004_893_2000|13|-132.974777|1028.375122|-368.483093|0.000000|33.750019|0.000000|1.000000|1.000000|1.000000
m60_45_52_10-AEG004_893_2001|13|-119.641090|1028.375122|-348.527832|0.000000|11.250007|0.000000|1.000000|1.000000|1.000000
m60_45_52_10-AEG004_893_2002|13|-126.691727|1028.375122|-313.133179|0.000000|-11.250003|0.000000|1.000000|1.000000|1.000000
m60_45_52_10-AEG004_893_2003|13|-64.291199|1028.375122|-354.810883|0.000000|78.750015|0.000000|1.000000|1.000000|1.000000
m60_45_52_10-AEG004_893_2004|13|-113.019501|1028.375122|-381.816772|0.000000|33.750019|0.000000|1.000000|1.000000|1.000000
m60_45_52_10-AEG004_893_2005|13|-99.685814|1028.375122|-361.861511|0.000000|-123.750000|0.000000|1.000000|1.000000|1.000000
m60_45_52_10-AEG004_893_2007|13|-133.550491|1085.065063|-509.458740|0.000000|-179.999985|0.000000|1.000000|1.000000|1.000000
m60_45_52_10-AEG004_893_2008|13|-133.550491|1041.989014|-509.458740|0.000000|-179.999985|0.000000|1.000000|1.000000|1.000000
m60_45_52_10-AEG004_893_2011|13|-89.014168|1085.065063|-538.246277|0.000000|-179.999985|0.000000|1.000000|1.000000|1.000000
m60_45_52_10-AEG004_893_2012|13|-89.014168|1041.989014|-538.246277|0.000000|-179.999985|0.000000|1.000000|1.000000|1.000000
m60_45_52_10-AEG004_893_2013|13|-89.014168|999.065063|-538.246277|0.000000|-179.999985|0.000000|1.000000|1.000000|1.000000
m60_45_52_10-AEG004_893_2014|13|-89.014168|955.989014|-538.246277|0.000000|-179.999985|0.000000|1.000000|1.000000|1.000000
m60_45_52_10-AEG004_893_2019|13|-88.299789|1085.065063|-489.595367|0.000000|-179.999985|0.000000|1.000000|1.000000|1.000000
m60_45_52_10-AEG004_893_2020|13|-88.299789|1041.989014|-489.595367|0.000000|-179.999985|0.000000|1.000000|1.000000|1.000000
m60_45_52_10-AEG004_893_2021|13|-88.299789|999.065063|-489.595367|0.000000|-179.999985|0.000000|1.000000|1.000000|1.000000
m60_45_52_10-AEG004_893_2022|13|-88.299789|955.989014|-489.595367|0.000000|-179.999985|0.000000|1.000000|1.000000|1.000000
m60_45_52_10-AEG007_100_1029|13|-211.420929|953.289124|-352.734741|-1.353894|50.107605|179.015610|1.000000|1.000000|1.000000
m60_45_52_10-AEG007_100_1030|13|-72.399193|1002.747070|-368.889374|-4.960976|-15.133165|-177.930328|1.000000|1.000000|1.000000
m60_45_52_10-AEG007_100_1032|13|-128.834503|979.418457|-375.839020|-30.284925|2.631685|-95.707191|1.000000|1.000000|1.000000
m60_45_52_10-AEG007_101_1014|13|-138.177704|1005.978821|-338.541992|169.511856|-87.245956|5.503623|1.000000|1.000000|1.000000
m60_45_52_10-AEG007_101_1020|13|-222.401199|941.229675|-401.005890|-179.657455|-3.079998|11.095581|1.000000|1.000000|1.000000
m60_45_52_10-AEG007_382_1000|13|-16.758743|905.871155|-394.393250|172.964401|-79.450294|1.763164|1.000000|1.000000|1.000000
m60_45_52_10-AEG007_382_1009|13|-29.367661|912.006226|-423.712372|6.670892|-61.550518|1.739830|1.000000|1.000000|1.000000
m60_45_52_10-AEG007_382_1010|13|-12.641479|932.639771|-334.338989|1.063465|-43.538387|174.161514|1.000000|1.000000|1.000000
m60_45_52_10-AEG007_382_1026|13|-171.221970|952.754944|-219.343323|2.055250|-147.911438|-0.001562|1.000000|1.000000|1.000000
m60_45_52_10-AEG007_382_1027|13|-13.833328|912.444641|-366.976715|5.502203|-89.457184|2.133314|1.000000|1.000000|1.000000
m60_45_52_10-AEG007_382_1029|13|-41.746788|888.385376|-496.679840|2.922794|-105.706268|0.000005|1.000000|1.000000|1.000000
m60_45_52_10-AEG007_382_1030|13|-43.361389|902.812317|-450.619568|-2.147135|-67.573433|178.747818|1.000000|1.000000|1.000000
m60_45_52_10-AEG007_382_1031|13|-83.858505|960.433594|-195.561630|-4.920533|66.011215|-172.427094|1.000000|1.000000|1.000000
m60_45_52_10-AEG007_382_1032|13|-88.554092|974.686218|-190.232819|-0.138233|139.511948|-6.357304|1.000000|1.000000|1.000000
m60_45_52_10-AEG007_382_1033|13|-8.682762|960.721375|-316.714600|8.049243|-75.553520|-8.897318|1.000000|1.000000|1.000000
m60_45_52_10-AEG007_382_1034|13|-17.442078|986.772522|-243.351044|3.812330|-145.425903|-8.058403|1.000000|1.000000|1.000000
m60_45_52_10-AEG007_382_1035|13|-53.498138|981.803894|-215.462753|5.556602|-128.784134|-0.404984|1.000000|1.000000|1.000000
m60_45_52_10-AEG007_382_1036|13|-137.030823|956.634277|-199.638504|3.751259|-160.764893|-0.477932|1.000000|1.000000|1.000000
m60_45_52_10-AEG007_382_1037|13|-162.665558|955.012451|-190.268341|5.120903|-148.596786|0.013133|1.000000|1.000000|1.000000
m60_45_52_10-AEG007_383_1020|13|-235.615067|913.841797|-197.902878|1.429905|176.778610|-0.000000|1.000000|1.000000|1.000000
m60_45_52_10-AEG007_383_1040|13|-214.464157|868.289856|-203.887054|179.612625|82.749229|13.997653|1.500000|1.500000|1.500000
m60_45_52_10-AEG007_383_1042|13|-19.643852|880.165039|-379.537659|2.371595|-76.460907|0.003278|1.000000|1.000000|1.000000
m60_45_52_10-AEG007_383_1047|13|-192.465851|919.406067|-187.153900|4.174202|-175.696030|-4.466507|1.000000|1.000000|1.000000
m60_45_52_10-AEG007_383_1048|13|-116.892090|471.734253|-221.994644|-177.454941|64.786934|2.399492|4.000000|4.000000|4.000000
m60_45_52_10-AEG007_383_1054|13|-24.589027|847.324829|-354.604248|-7.452670|43.268719|0.015401|1.500000|1.500000|1.500000
m60_45_52_10-AEG007_383_1055|13|-174.584030|909.473572|-192.235443|3.892198|135.935364|-7.139270|1.000000|1.000000|1.000000
m60_45_52_10-AEG007_383_1056|13|-56.433105|370.750244|-215.808136|0.000006|-37.411831|180.000000|5.000000|5.000000|5.000000
m60_45_52_10-AEG007_383_1058|13|-38.906021|715.348633|-250.272903|172.645325|-60.675999|0.606729|2.000000|2.000000|2.000000
m60_45_52_10-AEG007_383_1059|13|-32.453072|853.005188|-250.272903|0.000000|-91.131981|4.089562|1.500000|1.500000|1.500000
m60_45_52_10-AEG007_383_1061|13|-19.761429|946.847412|-257.098633|6.941906|-74.139206|171.755127|1.000000|1.000000|1.000000
m60_45_52_10-AEG007_383_1062|13|-29.263092|841.246033|-406.423462|-5.485266|66.961494|175.858078|1.500000|1.500000|1.500000
m60_45_52_10-AEG007_383_1063|13|-93.241760|750.209778|-214.757248|3.046120|-89.382874|171.334381|2.000000|2.000000|2.000000
m60_45_52_10-AEG007_383_1064|13|-126.116180|899.304810|-212.202347|-175.791718|29.698128|3.121069|1.250000|1.250000|1.250000
m60_45_52_10-AEG007_383_1065|13|-35.229446|867.421265|-426.711121|7.387342|-62.502071|-0.717631|1.000000|1.000000|1.000000
m60_45_52_10-AEG007_383_1069|13|-87.443008|896.911621|-208.268616|0.501252|-135.333282|1.467026|1.500000|1.500000|1.500000
m60_45_52_10-AEG007_383_1071|13|-47.241669|865.713440|-487.114624|6.060549|-96.587036|-0.111149|1.000000|1.000000|1.000000
m60_45_52_10-AEG007_383_1072|13|-55.369041|827.775879|-457.028748|2.114057|-76.830345|177.956802|1.500000|1.500000|1.500000
m60_45_52_10-AEG007_383_1073|13|-26.692238|925.352783|-250.950623|-1.023356|168.096405|-6.742212|1.000000|1.000000|1.000000
m60_45_52_10-AEG007_383_1074|13|-65.582703|881.335449|-225.551071|3.306804|-136.008987|-1.205230|2.000000|2.000000|2.000000
m60_45_52_10-AEG007_383_1075|13|-158.393799|842.083435|-202.971634|-176.571884|43.773994|2.922766|1.500000|1.500000|1.500000
m60_45_52_10-AEG007_383_1076|13|-71.461807|730.991211|-217.816238|5.187027|-132.313690|1.662239|2.000000|2.000000|2.000000
m60_45_52_10-AEG007_383_1077|13|-11.295685|943.013855|-302.375153|-8.302498|69.123726|-178.249313|1.000000|1.000000|1.000000
m60_45_52_10-AEG007_383_1078|13|-13.226410|943.013855|-277.018219|1.562346|-88.457832|-0.001744|1.000000|1.000000|1.000000
m60_45_52_10-AEG007_383_1079|13|-12.911407|881.467651|-326.723907|-4.548318|-0.200244|171.219498|1.000000|1.000000|1.000000
m60_45_52_10-AEG008_157_2000|13|-116.330292|1028.375122|-365.172302|0.000000|33.750008|0.000000|1.000000|1.000000|1.000000
m60_45_52_10-AEG008_167_2000|13|-202.455261|967.770752|-437.396301|0.000000|-146.250000|0.000000|1.000000|1.000000|1.000000
m60_45_52_10-AEG008_169_2000|13|-159.612045|967.665222|-478.094116|0.000000|-135.000000|0.000000|1.000000|1.000000|1.000000
m60_45_52_10-AEG008_170_2000|13|-254.333130|967.775513|-415.099609|0.000000|-158.750000|0.000000|1.000000|1.000000|1.000000
m60_45_52_10-AEG008_171_2000|13|-111.320984|1087.520996|-504.563965|0.000000|0.000000|0.000000|1.000000|1.000000|1.000000
m60_45_52_10-AEG008_233_1000|13|-25.800003|969.700012|-358.000000|0.000000|-61.656998|0.000000|1.000000|1.000000|1.000000
m60_45_52_10-AEG008_239_2000|13|-150.774628|1028.375122|-416.721863|0.000000|33.750008|0.000000|1.000000|1.000000|1.000000
m60_45_52_10-AEG091_400_7000|13|-128.000000|0.000000|-384.000000|0.000000|0.000000|0.000000|1.000000|1.000000|1.000000
m60_45_52_10-AEG099_060_9000|13|-165.975006|1028.365967|-439.304016|0.000000|2.448000|0.000000|1.000000|1.000000|1.000000
m60_45_52_10-AEG110_205_2000|13|-173.009537|1030.746338|-460.798431|0.000000|-146.250000|0.000000|1.000000|1.000000|1.000000
m60_45_52_10-AEG110_205_2001|13|-182.987167|1030.746582|-454.131592|0.000000|-146.250000|0.000000|1.000000|1.000000|1.000000
m60_45_52_10-AEG110_205_2005|13|-136.526321|1030.746582|-406.197479|0.000000|123.749954|0.000000|1.000000|1.000000|1.000000
m60_45_52_10-AEG110_205_2007|13|-118.702515|1030.746582|-379.522278|0.000000|123.749985|0.000000|1.000000|1.000000|1.000000
m60_45_52_10-AEG110_205_2008|13|-128.680161|1030.746582|-372.855438|0.000000|-56.250057|0.000000|1.000000|1.000000|1.000000
m60_45_52_10-AEG110_268_2001|13|-165.023895|1030.746582|-427.247681|0.000000|-56.250057|0.000000|1.000000|1.000000|1.000000
m60_45_52_10-AEG110_269_2000|13|-146.503967|1030.746582|-399.530640|0.000000|123.749954|0.000000|1.000000|1.000000|1.000000
m60_45_52_10-AEG110_269_2001|13|-155.046249|1030.746582|-433.914520|0.000000|123.749985|0.000000|1.000000|1.000000|1.000000
m60_45_53_10-AEG004_014_2000|13|-233.180969|1032.481934|-24.180664|0.000000|9.348306|0.000000|1.000000|1.000000|1.000000
m60_45_53_10-AEG004_015_2000|13|-195.195007|1052.482178|-30.435547|0.000000|-170.651703|0.000000|1.000000|1.000000|1.000000
m60_45_53_10-AEG004_015_2001|13|-195.129425|923.861206|-30.345001|0.000000|-80.651718|0.000000|1.000000|1.000000|1.000000
m60_45_53_10-AEG004_153_2000|13|-232.612442|957.481934|-20.727150|0.000000|-170.651703|0.000000|1.000000|1.000000|1.000000
m60_45_53_10-AEG004_221_1003|13|-230.223907|1012.746582|-42.123016|-11.504665|-4.429321|20.968874|1.000000|1.000000|1.000000
m60_45_53_10-AEG004_321_1279|13|-227.983673|987.823059|-47.660591|-0.986645|-10.778224|7.482791|1.000000|1.000000|1.000000
m60_45_53_10-AEG004_323_1006|13|-246.034637|926.894165|-39.464920|-0.972991|-8.009589|7.396210|2.000000|2.000000|2.000000
m60_45_53_10-AEG007_382_1018|13|-192.760361|906.967834|-39.660248|2.463048|84.275520|176.321701|1.000000|1.000000|1.000000
m60_45_53_10-AEG007_382_1019|13|-224.546494|971.873291|-52.911118|5.020685|-3.586364|-0.542353|1.000000|1.000000|1.000000
m60_45_53_10-AEG007_382_1025|13|-208.652557|963.471375|-41.726456|-0.005309|-0.448629|6.990361|1.000000|1.000000|1.000000
m60_45_53_10-AEG007_382_1026|13|-211.378525|949.886169|-50.605698|174.539185|-41.952354|6.937459|1.000000|1.000000|1.000000
m60_45_53_10-AEG007_383_1013|13|-205.447784|760.510559|-30.166183|-2.274634|-42.967831|174.980423|2.000000|2.000000|2.000000
m60_45_53_10-AEG007_383_1020|13|-228.086441|851.834106|-42.634712|0.801844|2.484577|8.217099|1.500000|1.500000|1.500000
m60_45_53_10-AEG007_383_1041|13|-201.902725|837.933960|-35.799744|-1.186850|-173.722626|-9.991072|1.500000|1.500000|1.500000
m60_45_53_10-AEG007_383_1042|13|-232.091080|876.170654|-22.438889|-8.873517|29.491030|-4.950925|1.000000|1.000000|1.000000
m60_45_53_10-AEG007_383_1043|13|-213.324097|238.018753|-42.655045|-179.537537|86.294189|4.382368|5.000000|5.000000|5.000000
m60_45_53_10-AEG007_383_1048|13|-200.398422|574.084106|-49.244400|-178.571991|-29.031452|-1.250685|3.000000|3.000000|3.000000
m60_45_53_10-AEG007_383_1051|13|-284.331299|446.974304|-45.022339|8.700970|174.323593|-2.645734|4.000000|4.000000|4.000000
m60_45_53_10-AEG008_165_2000|13|-195.195007|1052.482178|-30.435547|0.000000|-170.651993|0.000000|1.000000|1.000000|1.000000
m60_45_53_10-AEG008_165_2001|13|-195.129425|923.861206|-30.345009|0.000000|9.348033|0.000000|1.000000|1.000000|1.000000
m60_45_53_10-AEG008_172_2000|13|-233.180969|1032.481934|-24.180664|0.000000|9.348306|0.000000|1.000000|1.000000|1.000000
m60_45_53_10-AEG008_236_2000|13|-232.612442|953.901428|-20.727150|0.000000|-170.651703|0.000000|1.000000|1.000000|1.000000
m60_45_53_10-AEG091_401_7000|13|-128.000000|0.000000|-128.000000|0.000000|0.000000|0.000000|1.000000|1.000000|1.000000
m60_47_55_10-AEG007_000_1050|13|399.295898|1262.941040|410.835938|0.000000|-127.690445|0.000000|1.000000|1.000000|1.000000
m60_47_55_10-AEG007_000_1051|13|407.635742|1268.724487|337.825195|0.000000|85.532249|0.000000|1.000000|1.000000|1.000000
m60_47_55_10-AEG007_000_1052|13|406.702637|1264.433960|394.771912|-4.136432|-25.009571|-0.558858|1.000000|1.000000|1.000000
m60_47_55_10-AEG007_000_1054|13|388.838623|1260.607544|422.749268|-3.317227|-156.852249|0.329270|1.000000|1.000000|1.000000
m60_47_55_10-AEG007_000_1055|13|378.296265|1256.419434|433.992310|-3.456721|-49.484451|-0.880886|1.000000|1.000000|1.000000
m60_47_55_10-AEG007_000_1091|13|439.898468|1273.111206|332.236572|0.000000|10.519801|0.000000|1.000000|1.000000|1.000000
m60_47_55_10-AEG007_000_1092|13|505.993164|1269.901001|299.628052|5.135128|-41.016586|-7.446761|1.000000|1.000000|1.000000
m60_47_55_10-AEG007_000_1093|13|413.854492|1271.047485|330.326172|0.000000|157.970520|0.000000|1.000000|1.000000|1.000000
m60_47_55_10-AEG007_000_1094|13|422.931152|1277.022339|343.682617|-0.000000|42.619469|0.546014|1.000000|1.000000|1.000000
m60_47_55_10-AEG007_000_1095|13|514.346558|1267.171997|313.574951|0.731879|-62.068394|-3.391917|1.000000|1.000000|1.000000
m60_47_55_10-AEG007_000_1096|13|409.208374|1269.600098|359.172760|-8.159672|-12.065978|-0.732307|1.000000|1.000000|1.000000
m60_47_55_10-AEG007_000_1097|13|404.355713|1268.953857|372.758850|-3.847495|-100.015106|-1.170461|1.000000|1.000000|1.000000
m60_47_55_10-AEG007_000_1098|13|287.448059|1263.714355|468.943359|-0.367088|2.964082|-6.514015|1.000000|1.000000|1.000000
m60_47_55_10-AEG007_000_1101|13|329.061951|1272.523560|513.888916|4.580817|128.919876|5.082863|1.000000|1.000000|1.000000
m60_47_55_10-AEG007_000_1102|13|278.614746|1284.534546|506.019531|-0.000000|-42.020931|-0.000000|1.000000|1.000000|1.000000
m60_47_55_10-AEG007_000_1105|13|471.338867|1271.036743|328.606415|5.612449|13.622546|8.681061|1.000000|1.000000|1.000000
m60_47_55_10-AEG007_000_1108|13|256.199951|1279.056396|487.958984|-2.327880|-43.391342|-0.625673|1.000000|1.000000|1.000000
m60_47_55_10-AEG007_000_1109|13|278.167755|1268.960449|489.857544|8.221470|116.571465|-5.841584|1.000000|1.000000|1.000000
m60_47_55_10-AEG007_000_1110|13|345.492249|1256.477661|452.245300|0.000000|27.660078|0.000000|1.000000|1.000000|1.000000
m60_47_55_10-AEG007_000_1111|13|366.173340|1256.477661|446.453583|0.000000|121.578964|0.000000|1.000000|1.000000|1.000000
m60_47_55_10-AEG007_000_1112|13|364.471802|1262.829590|507.740479|0.000000|64.164665|0.000000|1.000000|1.000000|1.000000
m60_47_55_10-AEG007_000_1377|13|529.855835|1261.003418|351.844299|0.653796|-62.018166|-7.499778|1.000000|1.000000|1.000000
m60_47_55_10-AEG007_000_1385|13|422.952942|1253.506226|312.345703|1.887591|59.619026|1.530154|1.000000|1.000000|1.000000
m60_47_55_10-AEG007_000_1390|13|487.342438|1265.423096|383.529572|0.000000|144.065765|0.000000|1.000000|1.000000|1.000000
m60_47_55_10-AEG007_000_1392|13|416.672119|1271.273804|416.951172|0.000000|-15.239995|0.000000|1.000000|1.000000|1.000000
m60_47_55_10-AEG007_000_1393|13|386.990540|1261.405273|457.104614|2.343192|57.987827|5.590373|1.000000|1.000000|1.000000
m60_47_55_10-AEG007_000_1394|13|416.718201|1262.422607|492.686279|0.000000|-24.815048|0.000000|1.000000|1.000000|1.000000
m60_47_55_10-AEG007_000_1395|13|436.690796|1266.150757|436.016632|1.000000|146.861053|4.500000|1.000000|1.000000|1.000000
m60_47_55_10-AEG007_000_1398|13|448.619385|1270.614502|356.067749|0.000000|-70.849220|0.000000|1.000000|1.000000|1.000000
m60_47_55_10-AEG007_000_1399|13|394.390625|1261.554443|476.131042|-1.540900|-63.952141|1.255990|1.000000|1.000000|1.000000
m60_47_55_10-AEG007_000_1400|13|456.219177|1263.627563|459.788391|-4.901829|83.832405|0.715448|1.000000|1.000000|1.000000
m60_47_55_10-AEG007_000_1401|13|462.311523|1268.798340|348.931305|0.000000|50.650791|0.000000|1.000000|1.000000|1.000000
m60_47_55_10-AEG007_000_1402|13|268.888947|1266.121704|466.729706|-2.874186|-6.831831|-2.437252|1.000000|1.000000|1.000000
m60_47_55_10-AEG007_000_1405|13|310.401794|1269.497070|504.820557|-3.669319|-132.690369|3.647129|1.000000|1.000000|1.000000
m60_47_55_10-AEG007_000_1406|13|481.018005|1265.518555|297.789795|4.571118|15.537660|15.826997|1.000000|1.000000|1.000000
m60_47_55_10-AEG007_000_1408|13|452.126465|1257.393799|302.690338|3.627213|6.880395|11.802595|1.000000|1.000000|1.000000
m60_47_55_10-AEG007_000_1409|13|522.943420|1263.193604|337.242462|4.564616|-60.694115|-0.097983|1.000000|1.000000|1.000000
m60_47_55_10-AEG007_000_1410|13|431.919006|1254.714111|303.967682|0.738070|-5.663685|8.616997|1.000000|1.000000|1.000000
m60_47_55_10-AEG007_000_1411|13|488.340576|1269.657837|320.028046|0.000000|-153.933594|0.000000|1.000000|1.000000|1.000000
m60_47_55_10-AEG007_000_1413|13|506.672485|1263.386841|371.766602|-7.631111|-137.632507|2.846250|1.000000|1.000000|1.000000
m60_47_55_10-AEG007_000_1414|13|513.820923|1263.408325|345.624695|5.047018|57.628574|-6.082223|1.000000|1.000000|1.000000
m60_47_55_10-AEG007_000_1415|13|343.014221|1261.661011|503.979370|6.150750|142.839676|-3.355318|1.000000|1.000000|1.000000
m60_47_55_10-AEG007_000_1416|13|438.427246|1266.384155|412.678345|3.500000|59.759956|-0.000000|1.000000|1.000000|1.000000
m60_47_55_10-AEG007_001_1013|13|325.555756|1251.710815|468.748718|0.688128|17.906082|-3.282339|1.000000|1.000000|1.000000
m60_47_55_10-AEG007_001_1033|13|249.743088|1279.112427|507.870331|0.000000|70.319016|0.000000|1.000000|1.000000|1.000000
m60_47_55_10-AEG007_010_1001|13|386.923218|1180.023315|413.321564|4.138635|39.147694|-0.384354|1.000000|1.000000|1.000000
m60_47_55_10-AEG007_010_1002|13|333.062164|1190.765381|453.879089|1.190398|17.215027|-0.749099|1.000000|1.000000|1.000000
m60_47_55_10-AEG007_010_1005|13|406.416016|1196.786865|352.525421|0.000005|82.761322|-0.000005|1.000000|1.000000|1.000000
m60_47_55_10-AEG007_012_1169|13|350.592957|1234.302979|442.048401|-0.000000|21.532940|-0.000000|1.000000|1.000000|1.000000
m60_47_55_10-AEG007_012_1170|13|313.067139|1238.843384|458.065491|-0.000000|3.366719|0.000000|1.000000|1.000000|1.000000
m60_47_55_10-AEG007_012_1171|13|295.317383|1237.520142|470.441345|-3.500000|29.261326|180.000000|1.000000|1.000000|1.000000
m60_47_55_10-AEG007_012_1172|13|275.606628|1247.884888|464.264191|-0.000000|-7.187620|0.000000|1.000000|1.000000|1.000000
m60_47_55_10-AEG007_012_1173|13|289.873779|1240.974243|463.282684|-0.000000|-7.187620|0.000000|1.000000|1.000000|1.000000
m60_47_55_10-AEG007_030_1083|13|467.151398|1265.654541|320.206085|9.948479|-0.489896|0.807365|1.000000|1.000000|1.000000
m60_47_55_10-AEG007_030_1089|13|445.960205|1264.056274|322.494171|6.141576|8.242785|3.420315|1.000000|1.000000|1.000000
m60_47_55_10-AEG007_030_1100|13|379.308990|1251.398560|418.338989|0.000002|21.539885|0.000000|1.000000|1.000000|1.000000
m60_47_55_10-AEG007_030_1107|13|416.478455|1262.186401|321.070343|5.647805|-23.965551|-1.513050|1.000000|1.000000|1.000000
m60_47_55_10-AEG007_030_1108|13|388.829498|1251.398560|412.171021|0.000001|37.256260|0.000000|1.000000|1.000000|1.000000
m60_47_55_10-AEG007_030_1109|13|393.501129|1251.398560|405.576050|0.000002|49.528042|-0.000001|1.000000|1.000000|1.000000
m60_47_55_10-AEG007_030_1110|13|396.516022|1258.896851|372.746338|-0.000001|80.040955|-0.000001|1.000000|1.000000|1.000000
m60_47_55_10-AEG007_030_1111|13|398.133453|1258.896851|358.806854|-0.000001|80.040955|-0.000001|1.000000|1.000000|1.000000
m60_47_55_10-AEG007_030_1112|13|399.803131|1258.896851|344.406769|-0.000001|80.040955|-0.000001|1.000000|1.000000|1.000000
m60_47_55_10-AEG007_030_1113|13|400.731354|1258.896851|334.710052|-0.000001|80.040955|-0.000001|1.000000|1.000000|1.000000
m60_47_55_10-AEG007_030_1114|13|415.613129|1239.275757|311.045380|0.000001|49.230614|-0.000001|1.000000|1.000000|1.000000
m60_47_55_10-AEG007_030_1115|13|420.160736|1239.275757|302.094208|-0.000000|70.527039|-0.000001|1.000000|1.000000|1.000000
m60_47_55_10-AEG007_030_1116|13|434.449677|1245.581543|297.246063|0.000004|-19.105425|0.000000|1.000000|1.000000|1.000000
m60_47_55_10-AEG007_030_1117|13|447.602966|1245.581543|296.406708|0.000003|-2.512818|-0.000000|1.000000|1.000000|1.000000
m60_47_55_10-AEG007_030_1118|13|454.950684|1245.581543|295.790009|0.000003|12.191707|-0.000001|1.000000|1.000000|1.000000
m60_47_55_10-AEG007_030_1119|13|475.813660|1252.584595|291.694061|0.000001|-0.054769|-0.000000|1.000000|1.000000|1.000000
m60_47_55_10-AEG007_030_1120|13|485.717255|1253.473389|289.914032|0.000003|9.565855|-0.000000|1.000000|1.000000|1.000000
m60_47_55_10-AEG007_030_1121|13|510.339783|1252.922363|293.769867|0.000002|-52.170536|0.000001|1.000000|1.000000|1.000000
m60_47_55_10-AEG007_030_1122|13|260.981232|1274.945068|480.542664|5.336704|-55.240940|-3.195834|1.000000|1.000000|1.000000
m60_47_55_10-AEG007_030_1123|13|281.211334|1278.020020|496.677551|5.536799|-51.437798|-2.834231|1.000000|1.000000|1.000000
m60_47_55_10-AEG007_032_1002|13|485.308594|1271.146240|400.986328|-1.977504|-121.802422|6.990343|1.000000|1.000000|1.000000
m60_47_55_10-AEG007_032_1003|13|479.554932|1271.680420|410.917328|-4.984226|62.957722|6.463982|1.000000|1.000000|1.000000
m60_47_55_10-AEG007_032_1004|13|495.440918|1266.555176|404.535980|3.312724|63.090889|2.030916|1.000000|1.000000|1.000000
m60_47_55_10-AEG007_061_1002|13|432.692322|1272.161011|382.658997|0.000000|55.000011|0.000000|1.000000|1.000000|1.000000
m60_47_55_10-AEG007_061_1003|13|454.378632|1272.321533|389.144623|0.000000|56.824963|0.000000|1.000000|1.000000|1.000000
m60_47_55_10-AEG007_061_1004|13|466.279877|1264.030273|316.075378|-6.173761|60.786942|-5.330291|1.000000|1.000000|1.000000
m60_47_55_10-AEG007_061_1005|13|473.010406|1266.133789|315.352814|4.000000|110.786942|0.000000|1.000000|1.000000|1.000000
m60_47_55_10-AEG007_180_1000|13|425.327393|1246.104980|297.536316|0.000000|-8.107807|0.000000|1.000000|1.000000|1.000000
m60_47_55_10-AEG007_180_1001|13|361.015503|1244.536377|435.766235|-0.562005|-119.867729|-2.189565|1.000000|1.000000|1.000000
m60_47_55_10-AEG007_180_1002|13|261.137085|1257.298706|459.970276|0.000000|-171.000000|0.000000|1.000000|1.000000|1.000000
m60_47_55_10-AEG007_180_1003|13|413.132599|1246.332031|319.373901|-3.536281|64.904915|-2.397005|1.000000|1.000000|1.000000
m60_47_55_10-AEG007_180_1004|13|500.929382|1262.979614|289.428406|0.000000|11.530499|0.000000|1.000000|1.000000|1.000000
m60_47_55_10-AEG007_180_1005|13|230.290176|1280.249512|526.766785|0.000000|167.440704|0.000000|1.000000|1.000000|1.000000
m60_47_55_10-AEG007_180_1090|13|469.081268|1253.833374|295.368347|0.000000|11.940131|0.000000|1.000000|1.000000|1.000000
m60_47_55_10-AEG007_180_1091|13|397.309570|1254.476440|396.188202|-3.344884|155.703873|-2.218559|1.000000|1.000000|1.000000
m60_47_55_10-AEG007_180_1092|13|405.111359|1257.136597|325.502563|-2.135517|-88.536552|-3.773369|1.000000|1.000000|1.000000
m60_47_55_10-AEG007_180_1094|13|489.411041|1252.768921|289.974304|2.170342|13.852823|-179.114029|1.000000|1.000000|1.000000
m60_47_55_10-AEG007_180_1095|13|286.414520|1254.861938|464.658691|0.000000|-15.713251|0.000000|1.000000|1.000000|1.000000
m60_47_55_10-AEG007_180_1096|13|298.224365|1253.344482|463.161346|1.006781|20.241051|0.000000|1.000000|1.000000|1.000000
m60_47_55_10-AEG007_180_1097|13|245.424576|1268.437744|482.856415|0.000000|122.714172|0.000000|1.000000|1.000000|1.000000
m60_47_55_10-AEG007_181_1000|13|425.817078|1208.505981|298.623779|178.932114|-84.849648|3.398457|1.000000|1.000000|1.000000
m60_47_55_10-AEG007_181_1002|13|401.394501|1246.027100|384.470306|0.000000|94.519417|0.000000|1.000000|1.000000|1.000000
m60_47_55_10-AEG007_181_1003|13|404.052490|1248.033936|350.234589|0.000000|89.000000|0.000000|1.000000|1.000000|1.000000
m60_47_55_10-AEG007_181_1004|13|370.145020|1238.179077|433.355835|3.628579|28.822933|-1.199341|1.000000|1.000000|1.000000
m60_47_55_10-AEG007_181_1005|13|247.330826|1250.234985|492.168549|0.000000|56.199417|0.000000|1.000000|1.000000|1.000000
m60_47_55_10-AEG007_181_1006|13|500.013000|1240.912354|292.338745|0.000000|31.000027|0.000000|1.000000|1.000000|1.000000
m60_47_55_10-AEG007_181_1007|13|282.179962|1176.856934|459.497955|-180.000000|9.000012|0.000005|1.000000|1.000000|1.000000
m60_47_55_10-AEG007_181_1008|13|245.364578|1256.001953|488.961517|0.000000|80.982536|0.000000|1.000000|1.000000|1.000000
m60_47_55_10-AEG007_181_1009|13|407.027344|1231.660645|328.521973|0.821289|88.990753|1.288911|1.000000|1.000000|1.000000
m60_47_55_10-AEG007_181_1046|13|315.384094|1237.600098|458.828156|0.000000|30.187378|0.000000|1.000000|1.000000|1.000000
m60_47_55_10-AEG007_181_1047|13|244.104095|1259.585327|498.182861|7.419889|80.633644|175.768127|1.000000|1.000000|1.000000
m60_47_55_10-AEG007_181_1109|13|233.558411|1261.345825|523.722656|-173.638367|-14.369767|14.015684|1.000000|1.000000|1.000000
m60_47_55_10-AEG007_181_1110|13|232.985168|1271.241821|518.066223|0.000000|67.320801|0.000000|1.000000|1.000000|1.000000
m60_47_55_10-AEG007_182_1000|13|255.232834|1210.553955|491.433533|-0.000037|-92.000008|-0.000000|1.000000|1.000000|1.000000
m60_47_55_10-AEG007_182_1001|13|406.040375|1210.694580|377.880249|-0.000010|-90.989082|0.000000|1.000000|1.000000|1.000000
m60_47_55_10-AEG007_182_1002|13|405.690735|1180.051880|391.003326|3.158679|72.867455|-0.189735|1.000000|1.000000|1.000000
m60_47_55_10-AEG007_182_1004|13|263.717621|1231.596924|477.720947|-0.000037|57.000004|-0.000000|1.000000|1.000000|1.000000
m60_47_55_10-AEG007_182_1005|13|301.638123|1209.738159|464.139404|-179.031662|-39.821598|-0.833118|1.000000|1.000000|1.000000
m60_47_55_10-AEG007_182_1006|13|243.443619|1247.997070|511.084412|-0.000037|60.860584|-0.000000|1.000000|1.000000|1.000000
m60_47_55_10-AEG007_182_1007|13|303.202148|1158.501221|459.900757|-0.000037|-177.499985|0.000000|1.000000|1.000000|1.000000
m60_47_55_10-AEG007_182_1008|13|269.941223|1183.797729|468.543396|5.011333|2.922015|-173.655426|1.000000|1.000000|1.000000
m60_47_55_10-AEG007_182_1009|13|476.149353|1214.398315|301.940338|-1.149749|10.613130|-0.571931|1.000000|1.000000|1.000000
m60_47_55_10-AEG007_182_1010|13|363.661896|1197.032593|440.069092|6.669489|41.913864|-0.155401|1.000000|1.000000|1.000000
m60_47_55_10-AEG007_182_1011|13|344.945770|1206.972900|453.818329|5.466987|38.280945|179.673691|1.000000|1.000000|1.000000
m60_47_55_10-AEG007_182_1012|13|282.856018|1132.211182|460.261230|12.392169|8.740183|-4.010377|1.000000|1.000000|1.000000
m60_47_55_10-AEG007_182_1013|13|410.428284|1188.464966|326.371399|-0.000010|-114.000000|0.000000|1.000000|1.000000|1.000000
m60_47_55_10-AEG007_182_1014|13|367.391449|1163.732178|432.639771|-1.068984|32.938255|-177.240952|1.000000|1.000000|1.000000
m60_47_55_10-AEG007_182_1116|13|241.855911|1224.265991|523.168701|-176.552109|-15.211413|9.695099|1.000000|1.000000|1.000000
m60_47_55_10-AEG007_182_1137|13|273.318176|1225.991333|471.818573|-0.205118|-7.190537|-1.626057|1.000000|1.000000|1.000000
m60_47_55_10-AEG007_182_1180|13|317.117218|1191.414062|462.492920|4.853915|0.899099|-1.303625|1.000000|1.000000|1.000000
m60_47_55_10-AEG007_182_1201|13|460.725677|1188.818604|304.448120|0.000000|2.000001|0.000000|1.000000|1.000000|1.000000
m60_47_55_10-AEG007_182_1208|13|253.864639|1198.666016|497.459839|0.000000|77.000000|0.000000|1.000000|1.000000|1.000000
m60_47_55_10-AEG007_182_1209|13|430.063904|1204.055054|305.184235|8.345289|15.047949|-175.797729|1.000000|1.000000|1.000000
m60_47_55_10-AEG007_183_1003|13|322.146790|1027.846558|453.419312|3.500024|-150.500031|0.000000|1.000000|1.000000|1.000000
m60_47_55_10-AEG007_183_1004|13|271.767883|1107.460205|469.508179|4.857857|49.963249|178.134033|1.000000|1.000000|1.000000
m60_47_55_10-AEG007_183_1005|13|300.569519|1101.580322|455.163940|176.742981|8.036418|1.282081|1.000000|1.000000|1.000000
m60_47_55_10-AEG007_183_1008|13|361.750641|1106.642700|439.401642|2.276801|36.793060|179.108780|1.000000|1.000000|1.000000
m60_47_55_10-AEG007_183_1009|13|449.776672|1123.997803|310.777527|0.003487|-3.187260|-0.000000|1.000000|1.000000|1.000000
m60_47_55_10-AEG007_183_1012|13|253.352081|1154.499268|523.782227|0.000000|137.517426|0.000000|1.000000|1.000000|1.000000
m60_47_55_10-AEG007_183_1014|13|489.834045|1171.295410|304.630707|0.003405|16.113596|-0.000757|1.000000|1.000000|1.000000
m60_47_55_10-AEG007_183_1120|13|424.191895|1143.317261|310.313568|-0.617413|51.934879|3.510663|1.000000|1.000000|1.000000
m60_47_55_10-AEG007_183_1122|13|337.162994|1135.160156|457.223053|4.138958|11.805324|-1.255280|1.000000|1.000000|1.000000
m60_47_55_10-AEG007_184_1001|13|274.387665|1095.878906|507.497375|0.176600|-122.025879|-0.000869|1.000000|1.000000|1.000000
m60_47_55_10-AEG007_184_1002|13|267.544983|1016.899597|517.911316|-0.235852|139.812759|5.282004|1.000000|1.000000|1.000000
m60_47_55_10-AEG007_184_1003|13|416.784119|1050.274658|413.108521|0.176600|41.974083|-0.000869|1.000000|1.000000|1.000000
m60_47_55_10-AEG007_184_1005|13|428.949036|1070.425293|342.759552|0.000000|92.739273|0.000000|1.000000|1.000000|1.000000
m60_47_55_10-AEG007_184_1104|13|347.987976|1066.856567|483.014282|-3.495264|13.994374|-0.183049|1.000000|1.000000|1.000000
m60_47_55_10-AEG007_184_1106|13|433.920868|938.260376|366.879913|0.000000|87.474228|0.000000|1.000000|1.000000|1.000000
m60_47_55_10-AEG007_184_1107|13|479.331177|1064.284302|321.619293|0.000000|8.061398|0.000000|1.000000|1.000000|1.000000
m60_47_55_10-AEG007_185_1005|13|404.236786|937.005920|442.383911|-0.179999|45.793335|0.000010|1.000000|1.000000|1.000000
m60_47_55_10-AEG007_185_1008|13|330.403534|819.566223|502.129791|0.000897|-92.706566|0.007085|1.000000|1.000000|1.000000
m60_47_55_10-AEG007_185_1108|13|442.727722|783.314575|362.449707|0.000000|87.474228|0.000000|1.000000|1.000000|1.000000
m60_47_55_10-AEG007_185_1110|13|470.178711|922.468140|338.828491|0.000000|16.974232|0.000000|1.000000|1.000000|1.000000
m60_47_55_10-AEG007_187_1001|13|404.066833|1244.491821|330.941010|0.000000|84.972176|0.000000|1.000000|1.000000|1.000000
m60_47_55_10-AEG007_187_1002|13|509.468750|1262.097290|296.716644|-0.132396|-46.924984|-3.118392|1.000000|1.000000|1.000000
m60_47_55_10-AEG007_187_1003|13|514.418701|1256.546021|299.936615|1.986028|-31.253973|-4.079627|1.000000|1.000000|1.000000
m60_47_55_10-AEG007_187_1004|13|494.928589|1257.017578|289.990570|-0.000005|14.178957|180.000000|1.000000|1.000000|1.000000
m60_47_55_10-AEG007_187_1005|13|484.189331|1253.634888|291.446381|3.221964|14.852576|-0.342547|1.000000|1.000000|1.000000
m60_47_55_10-AEG007_187_1006|13|463.797485|1246.753418|295.903412|3.181661|8.311458|-178.693466|1.000000|1.000000|1.000000
m60_47_55_10-AEG007_187_1007|13|446.423096|1247.117188|298.531586|1.991971|-4.282480|-0.000000|1.000000|1.000000|1.000000
m60_47_55_10-AEG007_187_1008|13|440.459106|1238.533569|299.041595|1.673828|-1.150933|-172.613617|1.000000|1.000000|1.000000
m60_47_55_10-AEG007_187_1009|13|421.699829|1243.658325|299.655914|0.000000|94.594093|0.000000|1.000000|1.000000|1.000000
m60_47_55_10-AEG007_187_1010|13|421.272217|1234.175537|303.959564|3.274393|83.280647|-0.305636|1.000000|1.000000|1.000000
m60_47_55_10-AEG007_187_1011|13|416.500488|1245.643066|314.428070|0.000000|46.973255|0.000000|1.000000|1.000000|1.000000
m60_47_55_10-AEG007_187_1012|13|505.371704|1234.986206|292.875824|-0.132396|-46.924984|-3.118392|1.000000|1.000000|1.000000
m60_47_55_10-AEG007_187_1013|13|399.987793|1258.759155|364.409424|0.000000|81.295181|0.000000|1.000000|1.000000|1.000000
m60_47_55_10-AEG007_187_1014|13|400.438660|1257.104126|358.283569|2.334062|83.885696|-178.190872|1.000000|1.000000|1.000000
m60_47_55_10-AEG007_187_1015|13|402.352722|1260.485596|342.247986|-0.371274|75.642204|-1.075815|1.000000|1.000000|1.000000
m60_47_55_10-AEG007_187_1016|13|398.807373|1243.459839|376.927460|2.464168|84.984230|-1.977574|1.000000|1.000000|1.000000
m60_47_55_10-AEG007_187_1017|13|392.423828|1249.322876|410.935638|0.000000|63.986244|0.000000|1.000000|1.000000|1.000000
m60_47_55_10-AEG007_187_1018|13|373.023682|1247.459839|425.770355|1.133484|48.101868|0.171492|1.000000|1.000000|1.000000
m60_47_55_10-AEG007_187_1019|13|336.278473|1247.657593|450.799164|0.000000|38.375877|0.000000|1.000000|1.000000|1.000000
m60_47_55_10-AEG007_187_1021|13|357.920593|1244.214478|439.833588|0.000000|28.579601|0.000000|1.000000|1.000000|1.000000
m60_47_55_10-AEG007_187_1022|13|330.772339|1228.627808|454.855560|6.330571|43.191090|178.715881|1.000000|1.000000|1.000000
m60_47_55_10-AEG007_187_1024|13|330.709656|1248.879395|454.238617|0.000000|27.981503|0.000000|1.000000|1.000000|1.000000
m60_47_55_10-AEG007_187_1025|13|276.921997|1251.748657|463.024017|0.000000|7.976723|0.000000|1.000000|1.000000|1.000000
m60_47_55_10-AEG007_187_1026|13|269.842529|1257.245117|462.705902|0.000000|-13.381360|0.000000|1.000000|1.000000|1.000000
m60_47_55_10-AEG007_187_1027|13|253.484009|1262.666626|477.617035|6.046407|51.509975|-176.965195|1.000000|1.000000|1.000000
m60_47_55_10-AEG007_187_1028|13|249.798462|1267.451050|480.314789|-0.755187|22.826733|-3.349724|1.000000|1.000000|1.000000
m60_47_55_10-AEG007_187_1030|13|238.830551|1270.118896|502.604828|2.074957|61.706654|-1.922477|1.000000|1.000000|1.000000
m60_47_55_10-AEG007_188_1001|13|460.786438|1228.331055|298.399994|5.919508|1.913618|4.883532|1.000000|1.000000|1.000000
m60_47_55_10-AEG007_188_1002|13|435.893555|1228.331055|301.521820|3.215598|-5.925636|3.656610|1.000000|1.000000|1.000000
m60_47_55_10-AEG007_188_1003|13|447.359131|1222.626709|300.216278|2.418980|8.605264|0.048604|1.000000|1.000000|1.000000
m60_47_55_10-AEG007_188_1004|13|511.405823|1239.600830|299.304779|0.231306|-30.993015|-179.695892|1.000000|1.000000|1.000000
m60_47_55_10-AEG007_188_1005|13|507.012146|1198.167114|297.950775|0.000000|-24.283354|0.000000|1.000000|1.000000|1.000000
m60_47_55_10-AEG007_188_1006|13|421.331543|1220.460938|306.495209|6.292899|72.254181|-0.544421|1.000000|1.000000|1.000000
m60_47_55_10-AEG007_188_1007|13|414.143188|1224.371826|320.085419|9.336349|44.942360|-0.728343|1.000000|1.000000|1.000000
m60_47_55_10-AEG007_188_1008|13|416.661926|1217.839478|314.678619|-9.362623|50.497669|-179.812988|1.000000|1.000000|1.000000
m60_47_55_10-AEG007_188_1009|13|495.312408|1228.331055|291.721771|1.623481|10.889609|2.729590|1.000000|1.000000|1.000000
m60_47_55_10-AEG007_188_1010|13|484.210236|1228.331055|293.649506|1.151961|9.868717|-173.953949|1.000000|1.000000|1.000000
m60_47_55_10-AEG007_188_1011|13|500.049316|1185.566650|293.727081|4.994133|-33.758881|179.864197|1.000000|1.000000|1.000000
m60_47_55_10-AEG007_188_1012|13|405.168762|1230.331421|338.460419|0.000000|88.521065|0.000000|1.000000|1.000000|1.000000
m60_47_55_10-AEG007_188_1015|13|402.681702|1232.906494|397.132538|0.000000|71.574318|0.000000|1.000000|1.000000|1.000000
m60_47_55_10-AEG007_188_1016|13|382.681488|1226.575806|422.357025|0.000000|26.710890|0.000000|1.000000|1.000000|1.000000
m60_47_55_10-AEG007_188_1017|13|396.752502|1226.299683|406.731903|4.661003|54.286076|-1.218371|1.000000|1.000000|1.000000
m60_47_55_10-AEG007_188_1018|13|376.161194|1212.517212|426.805023|0.000000|50.424091|0.000000|1.000000|1.000000|1.000000
m60_47_55_10-AEG007_188_1019|13|399.095947|1214.843994|401.179962|-0.000005|67.930595|180.000000|1.000000|1.000000|1.000000
m60_47_55_10-AEG007_188_1020|13|402.287598|1214.843994|387.860687|3.917969|78.582642|-179.459793|1.000000|1.000000|1.000000
m60_47_55_10-AEG007_188_1021|13|403.557373|1232.093872|368.783997|9.264710|81.293968|-179.574295|1.000000|1.000000|1.000000
m60_47_55_10-AEG007_188_1022|13|389.516083|1232.439697|416.182953|1.587112|46.142521|-179.634018|1.000000|1.000000|1.000000
m60_47_55_10-AEG007_188_1023|13|330.298340|1207.798218|455.883881|6.317379|23.711195|6.037997|1.000000|1.000000|1.000000
m60_47_55_10-AEG007_188_1024|13|325.350433|1237.398682|458.476654|0.000000|10.681107|0.000000|1.000000|1.000000|1.000000
m60_47_55_10-AEG007_188_1025|13|405.075378|1223.311035|355.687012|-5.798086|84.504860|1.199627|1.000000|1.000000|1.000000
m60_47_55_10-AEG007_188_1026|13|283.843811|1222.012085|466.025726|0.419273|6.423701|178.602386|1.000000|1.000000|1.000000
m60_47_55_10-AEG008_336_2000|13|448.000000|1278.000000|410.000000|0.000000|0.000000|0.000000|1.000000|1.000000|1.000000
