m425000_0000|0|0.000000|0.000000|0.000000|0.000000|0.000000|0.000000|1.000000|1.000000|1.000000
m425001_0000|0|0.000000|0.000000|0.000000|0.000000|0.000000|0.000000|1.000000|1.000000|1.000000
c1000_9000|2|-37.148998|865.731995|52.786999|0.000000|0.000000|0.000000|1.000000|1.000000|1.000000
c3650_9001|2|113.223999|893.263000|31.906000|0.000000|157.746994|0.000000|1.000000|1.000000|1.000000
c3650_9002|2|121.556000|886.672974|82.744003|0.000000|-159.386002|0.000000|1.000000|1.000000|1.000000
c3650_9003|2|116.316002|903.439026|-0.909000|-9.595000|-139.358002|-16.059999|1.000000|1.000000|1.000000
c3650_9004|2|111.208000|910.098022|-51.412998|-1.665000|-119.519997|-0.816000|1.000000|1.000000|1.000000
c3650_9005|2|118.801003|910.273010|-84.015999|0.000000|-21.033001|0.000000|1.000000|1.000000|1.000000
c4070_9000|2|115.188004|882.263977|86.986000|12.576000|-48.020000|-2.792000|1.000000|1.000000|1.000000
c4373_9000|2|-37.712002|865.455994|59.459999|-0.000000|-113.610001|-3.004000|1.000000|1.000000|1.000000
c4373_9001|2|-32.108002|865.499023|60.847000|0.000000|-4.434000|0.000000|1.000000|1.000000|1.000000
c4373_9003|2|-32.777000|865.703003|56.109001|-2.470000|142.531006|0.000000|1.000000|1.000000|1.000000
c4640_9000|2|-36.144001|865.468018|60.356998|-0.658000|-126.927002|-2.932000|1.000000|1.000000|1.000000
c6001_9000|2|14.784000|882.033997|46.736000|0.000000|88.206001|0.000000|1.000000|1.000000|1.000000
c6001_9001|2|-54.584000|875.434998|-27.923000|0.000000|-52.513000|0.000000|1.000000|1.000000|1.000000
c6001_9002|2|-56.368000|874.643982|-29.695999|0.000000|-56.153000|0.000000|1.000000|1.000000|1.000000
c6001_9003|2|117.558998|910.286987|-84.271004|0.000000|-10.496000|0.000000|1.000000|1.000000|1.000000
c6001_9004|2|115.316002|911.286011|-83.584999|0.000000|-12.518000|0.000000|1.000000|1.000000|1.000000
c6001_9005|2|14.969000|882.052979|48.598000|0.000000|78.248001|0.000000|1.000000|1.000000|1.000000
c6010_9000|2|-79.608002|860.138977|90.625999|-3.404000|-125.514000|-5.012000|1.000000|1.000000|1.000000
c6010_9001|2|-66.574997|870.487976|-15.950000|-19.943001|85.578003|0.065000|1.000000|1.000000|1.000000
c6010_9002|2|-57.928001|867.432983|19.952000|-6.032000|141.166000|0.415000|1.000000|1.000000|1.000000
c6010_9003|2|-81.711998|864.818970|35.358002|2.316000|-103.684998|-4.629000|1.000000|1.000000|1.000000
c6010_9004|2|-83.161003|860.783020|84.682999|-6.378000|163.095993|0.924000|1.000000|1.000000|1.000000
c6010_9005|2|122.886002|877.289001|119.887001|8.051000|-83.254997|-5.087000|1.000000|1.000000|1.000000
c6010_9006|2|60.161999|884.760986|49.896000|-0.000000|-147.753998|-0.000000|1.000000|1.000000|1.000000
c6060_9000|2|-95.357002|855.669006|122.246002|0.000000|11.894000|0.000000|1.000000|1.000000|1.000000
c6060_9001|2|-94.112999|855.872009|120.785004|0.000000|-4.989000|-0.000000|1.000000|1.000000|1.000000
c6060_9002|2|-91.457001|855.999023|119.417999|0.000000|-43.216000|-0.000000|1.000000|1.000000|1.000000
c6060_9003|2|-71.731003|858.973999|99.998001|0.000000|14.021000|0.000000|1.000000|1.000000|1.000000
c6060_9004|2|-69.519997|859.239014|98.822998|0.000000|6.454000|0.000000|1.000000|1.000000|1.000000
c6060_9005|2|-68.335999|859.830017|95.650002|5.845000|32.084999|4.993000|1.000000|1.000000|1.000000
c6060_9006|2|-93.453003|862.958008|56.410999|0.000000|-47.196999|-0.000000|1.000000|1.000000|1.000000
c6060_9007|2|-91.779999|863.067993|55.341999|0.000000|-42.735001|-0.000000|1.000000|1.000000|1.000000
c6060_9008|2|-88.037003|866.067993|13.553000|4.660000|-72.608002|-4.815000|1.000000|1.000000|1.000000
c6060_9009|2|-86.317001|866.073975|14.590000|5.504000|-64.477997|-3.241000|1.000000|1.000000|1.000000
c6060_9010|2|-84.018997|866.098999|15.877000|4.153000|-83.452003|-4.502000|1.000000|1.000000|1.000000
c6060_9011|2|-82.411003|866.440002|13.356000|5.960000|-8.459000|2.761000|1.000000|1.000000|1.000000
c6060_9015|2|-78.532997|866.966003|10.643000|6.654000|-45.647999|-1.512000|1.000000|1.000000|1.000000
c6060_9016|2|-78.598000|867.461975|5.890000|3.637000|29.273001|4.997000|1.000000|1.000000|1.000000
c6060_9017|2|-69.583000|868.202026|4.386000|1.954000|-106.328003|-4.999000|1.000000|1.000000|1.000000
c6100_9000|2|-104.490997|862.468994|66.456001|-3.088000|-172.472000|0.003000|1.000000|1.000000|1.000000
c6100_9001|2|-102.851997|862.645020|62.076000|-1.625000|-125.665001|-0.003000|1.000000|1.000000|1.000000
c6100_9002|2|-71.422997|864.870972|45.764000|-4.623000|-76.897003|0.000000|1.000000|1.000000|1.000000
c6100_9003|2|-81.477997|865.914001|20.469999|-0.000000|-140.384003|-0.000000|1.000000|1.000000|1.000000
c6100_9004|2|-105.126999|863.293030|51.063999|29.865999|45.022999|0.029000|1.000000|1.000000|1.000000
c6100_9005|2|-80.837997|856.395996|114.800003|-0.000000|-91.171997|0.000000|1.000000|1.000000|1.000000
c6100_9006|2|-58.576000|859.056030|103.918999|0.000000|-19.922001|-0.000000|1.000000|1.000000|1.000000
c6100_9007|2|16.599001|868.935974|73.092003|14.406000|-96.181000|-0.001000|1.000000|1.000000|1.000000
c6100_9008|2|-33.027000|869.955994|15.353000|12.764000|-79.478996|-0.283000|1.000000|1.000000|1.000000
c6100_9009|2|63.462002|889.052979|34.603001|0.000000|23.861000|0.000000|1.000000|1.000000|1.000000
c6100_9010|2|70.114998|871.893005|111.147003|6.418000|35.506001|0.999000|1.000000|1.000000|1.000000
h425000|5|0.000000|0.000000|0.000000|0.000000|0.000000|0.000000|1.000000|1.000000|1.000000
h425050|5|0.000000|0.000000|0.000000|0.000000|0.000000|0.000000|1.000000|1.000000|1.000000
h425051|5|0.000000|0.000000|0.000000|0.000000|0.000000|0.000000|1.000000|1.000000|1.000000
h425052|5|0.000000|0.000000|0.000000|0.000000|0.000000|0.000000|1.000000|1.000000|1.000000
AEG003_054_1021|13|-34.808990|865.331360|62.699715|3.463416|-23.493044|0.168077|1.000000|1.000000|1.000000
AEG003_054_1022|13|-45.097519|864.646179|68.249443|-4.479717|178.685516|-2.262303|1.000000|1.000000|1.000000
AEG003_054_1023|13|-33.075760|865.784607|53.277885|1.401172|-4.594678|1.447618|1.000000|1.000000|1.000000
AEG003_054_1028|13|-51.626343|865.174866|58.469727|4.861429|-11.296188|1.145232|1.000000|1.000000|1.000000
AEG003_054_1029|13|-40.418919|865.664795|54.946304|3.040254|-15.477056|-0.712525|1.000000|1.000000|1.000000
AEG003_054_1030|13|-58.051388|864.239685|65.175591|4.973553|-78.403191|-4.598074|1.000000|1.000000|1.000000
AEG003_054_1031|13|-23.322939|864.752197|74.786362|2.332346|54.458916|5.474971|1.000000|1.000000|1.000000
AEG003_056_1015|13|-23.762299|866.098083|59.085876|3.231526|-71.873306|-3.271746|1.000000|1.000000|1.000000
AEG003_056_1018|13|-49.268272|864.366394|69.456184|0.416805|-117.198517|-5.299454|1.000000|1.000000|1.000000
AEG003_056_1023|13|-28.446556|864.988464|70.989555|-1.946723|93.177078|5.091823|1.000000|1.000000|1.000000
AEG003_056_1024|13|-29.152905|865.968140|52.579788|1.276153|16.561169|3.935389|1.000000|1.000000|1.000000
AEG003_056_1027|13|-33.423901|864.644836|73.161957|-0.871986|-116.817726|-5.469306|1.000000|1.000000|1.000000
AEG003_056_1028|13|-51.626705|865.425537|55.195244|-4.569737|163.263641|-0.494477|1.000000|1.000000|1.000000
AEG003_056_1029|13|-54.333107|863.760132|72.563065|-4.806287|94.971497|5.368556|1.000000|1.000000|1.000000
AEG003_056_1030|13|-18.343481|865.591248|67.495804|0.183679|69.075745|5.567533|1.000000|1.000000|1.000000
AEG003_057_1011|13|-24.264006|866.276611|56.285461|-4.228067|130.754639|1.593865|1.000000|1.000000|1.000000
AEG003_057_1021|13|-45.215031|864.558899|69.316185|4.959673|-21.414474|0.570649|1.000000|1.000000|1.000000
AEG003_057_1022|13|-30.894526|864.720642|73.139442|4.950275|10.468183|2.533947|1.000000|1.000000|1.000000
AEG003_057_1023|13|-34.065990|865.791809|51.888790|-1.187254|-166.655838|-0.544203|1.000000|1.000000|1.000000
AEG003_057_1024|13|-22.821199|866.241638|57.576057|1.641950|40.103909|4.204692|1.000000|1.000000|1.000000
AEG003_057_1025|13|-53.728794|865.129944|58.151363|0.965789|55.758236|5.029205|1.000000|1.000000|1.000000
AEG003_057_1026|13|-51.873596|865.317749|56.519844|4.819135|-25.043200|-0.125183|1.000000|1.000000|1.000000
AEG003_057_1027|13|-39.201988|865.740479|53.372997|-1.661542|-147.612869|-0.976547|1.000000|1.000000|1.000000
AEG003_058_1019|13|-31.571030|865.883423|51.186974|2.982334|-66.395485|0.160482|1.000000|1.000000|1.000000
AEG003_058_1021|13|-30.907709|864.898743|71.199181|-4.844818|-174.456940|-2.136892|1.000000|1.000000|1.000000
AEG003_061_1018|13|-33.507595|865.412048|61.884132|2.528427|14.368277|2.453376|1.000000|1.000000|1.000000
AEG003_061_1020|13|-35.417168|865.558533|58.023701|1.826778|27.697769|2.354968|1.000000|1.000000|1.000000
AEG003_061_1021|13|-32.341755|865.598022|58.829060|2.980613|-46.709251|-0.825455|1.000000|1.000000|1.000000
AEG003_061_1022|13|-36.681499|865.365784|61.217152|3.281715|-46.669575|-1.445282|1.000000|1.000000|1.000000
AEG003_061_1023|13|-57.788979|864.084595|66.896744|-4.985281|-169.190598|-5.256675|1.000000|1.000000|1.000000
AEG003_061_1024|13|-21.804125|864.836304|73.996613|2.026216|-71.273193|-5.456545|1.000000|1.000000|1.000000
AEG003_063_1006|13|-36.834167|864.626648|72.188904|2.461190|43.942284|4.999643|1.000000|1.000000|1.000000
AEG003_063_1009|13|-52.770588|864.893311|61.447571|-0.471625|-119.996681|-5.328723|1.000000|1.000000|1.000000
AEG003_063_1010|13|-20.564953|865.909424|62.719383|-0.892781|67.034134|4.804463|1.000000|1.000000|1.000000
AEG003_063_1011|13|-29.048803|866.094238|49.333317|1.573703|-131.012268|-4.315207|1.000000|1.000000|1.000000
AEG003_069_1052|13|-42.661755|864.638855|69.591263|-9.816249|154.345917|-0.047921|1.000000|1.000000|1.000000
AEG007_110_1030|13|92.676620|887.013733|51.886898|12.848844|-47.844925|-7.256033|1.000000|1.000000|1.000000
AEG007_110_1031|13|81.065346|885.074341|56.035923|1.851665|65.144150|14.529399|1.000000|1.000000|1.000000
AEG007_110_1034|13|110.419853|879.196350|99.989105|10.714517|-69.401733|-7.369192|1.000000|1.000000|1.000000
AEG007_110_1036|13|108.467064|876.911682|110.958649|-12.051653|128.353226|3.263929|1.000000|1.000000|1.000000
AEG007_110_1037|13|118.593285|885.067383|74.407501|4.730151|36.485428|12.143994|1.000000|1.000000|1.000000
AEG007_110_1052|13|125.522301|910.418945|-65.053207|0.409647|-75.722328|0.003961|1.000000|1.000000|1.000000
AEG007_110_1053|13|117.021637|909.882446|-38.108250|0.936774|-115.712036|-0.412181|1.000000|1.000000|1.000000
AEG007_110_1054|13|125.136864|910.032593|-48.685616|-0.620049|-167.713165|-0.516996|1.000000|1.000000|1.000000
AEG007_110_1055|13|102.072205|897.176392|14.212983|-11.398158|-163.871780|-11.036848|1.000000|1.000000|1.000000
AEG007_110_1056|13|75.089790|890.502563|31.921440|-3.666910|83.003235|14.994724|1.000000|1.000000|1.000000
AEG007_110_1057|13|89.221848|892.710571|27.697872|-11.747787|-172.100250|-6.310343|1.000000|1.000000|1.000000
AEG007_110_1058|13|117.721581|906.687866|-10.404544|-7.407830|105.266907|17.418543|1.000000|1.000000|1.000000
AEG007_110_1059|13|-37.661732|863.145325|85.580719|7.247129|-29.345041|-2.519123|1.000000|1.000000|1.000000
AEG007_110_1061|13|44.585075|871.813477|98.009720|-13.526745|139.559280|3.591177|1.000000|1.000000|1.000000
AEG007_110_1062|13|16.419683|868.276306|82.027802|13.197075|-87.106705|-2.008481|1.000000|1.000000|1.000000
AEG007_110_1063|13|22.629940|867.267151|106.324677|-5.527098|65.283020|15.385958|1.000000|1.000000|1.000000
AEG007_110_1064|13|36.323231|878.513794|65.104958|-7.884490|95.304161|14.770501|1.000000|1.000000|1.000000
AEG007_110_1065|13|53.470070|885.511536|44.195480|-12.957495|-172.528427|-7.516591|1.000000|1.000000|1.000000
AEG007_110_1066|13|-11.467974|868.361694|39.575340|-0.839148|44.182861|7.287101|1.000000|1.000000|1.000000
AEG007_110_1067|13|-54.413071|859.356384|103.950424|-12.025426|-167.858795|-7.978594|1.000000|1.000000|1.000000
AEG007_110_1068|13|-60.196728|861.062073|89.466446|-8.377881|129.004379|2.950533|1.000000|1.000000|1.000000
AEG007_110_1069|13|-100.992912|860.402954|95.756943|-3.920515|-108.711411|-4.919959|1.000000|1.000000|1.000000
AEG007_110_1070|13|-103.536491|862.962524|53.990898|2.348001|-38.871288|-1.193769|1.000000|1.000000|1.000000
AEG007_110_1071|13|12.619848|869.561584|52.856079|-12.166158|137.028793|-2.170579|1.000000|1.000000|1.000000
AEG007_110_1072|13|-52.418282|869.701294|3.519350|-5.767565|-162.000763|-7.225980|1.000000|1.000000|1.000000
AEG007_110_1073|13|-93.842529|866.761719|4.626911|5.641519|-55.251339|-3.771440|1.000000|1.000000|1.000000
AEG007_110_1074|13|-112.755508|864.008118|28.148960|-6.715329|148.431122|-1.368405|1.000000|1.000000|1.000000
AEG007_110_1075|13|-104.662361|855.485291|123.910713|-9.825299|177.134262|0.339542|1.000000|1.000000|1.000000
AEG007_110_1076|13|110.952133|900.172363|7.490791|12.816138|-63.245605|-11.522956|1.000000|1.000000|1.000000
AEG007_110_1077|13|19.259325|868.384399|92.441330|-15.189404|125.061188|-4.256109|1.000000|1.000000|1.000000
AEG007_110_1078|13|-82.822113|869.590820|-16.381805|-2.109477|-153.698517|-5.504730|1.000000|1.000000|1.000000
AEG007_110_1079|13|-54.366692|871.163757|-11.403932|-8.511011|137.070663|-1.189750|1.000000|1.000000|1.000000
AEG007_110_1080|13|-91.316055|860.118896|93.249237|-3.175352|147.736343|6.555698|1.000000|1.000000|1.000000
AEG007_110_1081|13|79.723228|888.511597|41.610889|-6.296003|-135.157349|-13.207738|1.000000|1.000000|1.000000
AEG007_110_1082|13|-62.258461|870.108093|-7.165930|4.148493|19.145552|5.797740|1.000000|1.000000|1.000000
AEG007_110_1083|13|-61.414089|871.785828|-23.836344|1.319347|43.228870|7.015425|1.000000|1.000000|1.000000
AEG007_110_1084|13|-25.833269|867.538330|33.100517|5.225749|-92.444023|-6.463788|1.000000|1.000000|1.000000
AEG007_112_1020|13|121.065483|884.187134|80.474091|4.137758|-102.520805|-12.047910|1.000000|1.000000|1.000000
AEG007_112_1028|13|16.327864|869.495239|62.663078|-14.962725|120.346840|-4.910044|1.000000|1.000000|1.000000
AEG007_112_1029|13|23.385862|870.072449|86.032417|10.979559|-132.428482|-15.292443|1.000000|1.000000|1.000000
AEG007_112_1030|13|-104.722260|857.533936|112.485863|4.195868|66.287598|9.487762|1.000000|1.000000|1.000000
AEG007_112_1031|13|82.245514|890.714172|33.645287|6.825737|43.424637|13.169154|1.000000|1.000000|1.000000
AEG007_112_1032|13|-42.026150|860.078674|103.962387|-5.454337|-118.820885|-11.694859|1.000000|1.000000|1.000000
AEG007_113_1002|13|25.008877|870.219482|77.639854|-8.127049|104.701736|-0.616711|1.000000|1.000000|1.000000
AEG030_581_1010|13|-31.537373|866.385498|42.220776|4.729551|-75.318222|-3.837456|1.000000|1.000000|1.000000
AEG030_581_1011|13|-24.203943|866.936951|41.479717|-4.573071|165.345917|-3.009543|1.000000|1.000000|1.000000
AEG030_581_1012|13|-54.415657|863.592224|74.153519|5.832981|-75.249031|-4.552068|1.000000|1.000000|1.000000
AEG030_581_1013|13|-52.602421|865.808105|46.665245|-2.321574|-167.498352|-2.084846|1.000000|1.000000|1.000000
AEG099_053_9000|13|-37.148998|865.731995|52.786999|0.000000|0.000000|0.000000|1.000000|1.000000|1.000000
AEG099_651_9000|13|-84.199997|869.640991|-15.731000|0.000000|14.745000|0.000000|1.000000|1.000000|1.000000
AEG099_680_9000|13|94.862000|894.557007|20.497000|5.943000|-85.108002|-11.064000|1.000000|1.000000|1.000000
AEG099_681_9000|13|-53.671001|858.395020|107.947998|0.000000|-100.672997|0.000000|1.000000|1.000000|1.000000
AEG099_681_9001|13|-100.302002|862.549011|61.717999|0.000000|142.781006|0.000000|1.000000|1.000000|1.000000
AEG099_681_9002|13|-79.038002|864.715027|38.801998|0.000000|169.311005|0.000000|1.000000|1.000000|1.000000
AEG099_681_9003|13|-71.775002|870.106018|-14.070000|-2.141000|114.037003|1.378000|1.000000|1.000000|1.000000
AEG099_681_9004|13|-18.826000|868.356995|33.312000|0.000000|-106.128998|0.000000|1.000000|1.000000|1.000000
AEG099_681_9005|13|-3.478000|861.036011|117.884003|0.000000|-62.616001|0.000000|1.000000|1.000000|1.000000
AEG099_681_9006|13|-79.133003|854.851990|125.098000|0.000000|18.253000|0.000000|1.000000|1.000000|1.000000
AEG099_681_9007|13|-7.140000|864.125000|86.931000|0.000000|96.109001|0.000000|1.000000|1.000000|1.000000
AEG099_681_9008|13|86.025002|876.481995|97.137001|-5.791000|-144.311005|2.243000|1.000000|1.000000|1.000000
AEG099_683_9000|13|10.714000|867.737976|67.388000|0.000000|152.389008|0.000000|1.000000|1.000000|1.000000
AEG099_685_9000|13|89.930000|884.158997|61.612000|0.000000|-171.625000|0.000000|1.000000|1.000000|1.000000
AEG099_690_9000|13|115.735001|910.065979|-46.116001|0.000000|42.160000|0.000000|1.000000|1.000000|1.000000
AEG099_721_9000|13|-83.596001|857.607971|108.054001|-7.428000|-116.501999|-13.612000|1.000000|1.000000|1.000000
AEG099_721_9001|13|-103.093002|856.161011|119.880997|4.888000|-6.642000|-1.709000|1.000000|1.000000|1.000000
AEG099_721_9002|13|-77.855003|857.614014|106.779999|4.237000|-22.323000|-0.668000|1.000000|1.000000|1.000000
AEG099_721_9003|13|-84.919998|860.539978|86.603996|-2.962000|-124.467003|-5.352000|1.000000|1.000000|1.000000
AEG099_721_9004|13|-108.834000|862.039978|72.231003|0.000000|-136.162003|0.000000|1.000000|1.000000|1.000000
AEG099_721_9005|13|-97.667000|864.737000|25.070000|0.000000|-0.192000|0.000000|1.000000|1.000000|1.000000
AEG099_721_9006|13|-99.752998|864.083008|32.801998|0.138000|-32.064999|-0.530000|1.000000|1.000000|1.000000
AEG099_721_9007|13|-66.166000|865.325012|44.030998|-2.030000|96.723000|1.184000|1.000000|1.000000|1.000000
AEG099_721_9009|13|-25.423000|860.567017|104.761002|5.101000|-16.129000|-1.408000|1.000000|1.000000|1.000000
AEG099_721_9010|13|-31.547001|859.237976|109.846001|-1.160000|-115.339996|-6.169000|1.000000|1.000000|1.000000
AEG099_721_9011|13|0.890000|863.333008|103.557999|-3.553000|170.363007|-1.764000|1.000000|1.000000|1.000000
AEG099_721_9012|13|-2.711000|865.955017|70.351997|2.247000|-68.307999|-3.457000|1.000000|1.000000|1.000000
AEG099_721_9013|13|0.334000|866.882996|63.763000|-6.780000|163.421997|-1.301000|1.000000|1.000000|1.000000
AEG099_721_9014|13|54.339001|873.914001|92.584000|-0.244000|74.453003|10.390000|1.000000|1.000000|1.000000
AEG099_721_9015|13|37.619999|873.107971|88.377998|-7.552000|177.533005|-6.588000|1.000000|1.000000|1.000000
AEG099_721_9016|13|37.494999|875.241028|78.584000|8.120000|3.756000|1.635000|1.000000|1.000000|1.000000
AEG099_721_9017|13|97.584000|880.989014|81.207001|5.631000|-75.526001|-4.522000|1.000000|1.000000|1.000000
AEG099_721_9018|13|109.052002|881.624023|86.289001|-9.587000|113.449997|-0.000000|1.000000|1.000000|1.000000
AEG099_721_9019|13|110.984001|880.888000|90.839996|6.471000|-89.739998|-5.799000|1.000000|1.000000|1.000000
AEG099_721_9020|13|108.191002|897.281982|16.312000|11.394000|-7.965000|1.640000|1.000000|1.000000|1.000000
AEG099_750_9000|13|111.471001|884.862000|70.983002|0.000000|-132.876007|0.000000|1.000000|1.000000|1.000000
AEG099_760_9000|13|-86.914001|867.796021|-0.920000|0.705000|43.708000|4.813000|1.000000|1.000000|1.000000
AEG099_760_9001|13|-38.606998|862.335999|91.708000|-3.066000|-168.401001|0.000000|1.000000|1.000000|1.000000
AEG099_760_9002|13|92.468002|885.284973|59.209000|-6.629000|-157.255997|-9.958000|1.000000|1.000000|1.000000
AEG801_086_7000|13|119.026512|886.225281|68.817413|-13.151155|155.608047|-1.841434|1.100000|1.100000|1.100000
AEG801_086_7001|13|93.995659|895.952148|14.228020|-14.218713|154.408493|-5.251584|1.100000|1.100000|1.100000
AEG801_086_7002|13|18.472132|869.513306|72.027397|-16.832321|100.453697|1.561188|1.100000|1.100000|1.100000
AEG801_086_7003|13|76.284035|871.339905|118.780487|9.356184|-87.050018|-10.828108|1.100000|1.100000|1.100000
AEG801_086_7004|13|63.468613|888.305054|37.081936|15.377626|-11.302152|-2.123698|1.200000|1.200000|1.200000
AEG801_086_7005|13|12.372108|868.906250|58.413094|-9.157390|110.560753|2.043073|1.100000|1.100000|1.100000
AEG801_086_7006|13|9.586288|868.044434|63.293358|-11.449715|114.167191|-0.148066|1.200000|1.200000|1.200000
AEG801_086_7007|13|14.948669|868.689331|70.017258|0.079339|15.264964|15.040050|1.200000|1.200000|1.200000
AEG801_086_7008|13|-4.797400|867.864380|52.698448|-8.845226|108.128166|4.529565|1.100000|1.100000|1.100000
AEG801_086_7009|13|16.277092|866.745850|100.961395|9.839379|-15.029932|10.357162|1.100000|1.100000|1.100000
AEG801_086_7010|13|-93.689919|864.618347|29.209389|3.519433|-68.926353|-2.706947|1.100000|1.100000|1.100000
AEG801_086_7011|13|-100.217667|863.321594|47.373875|2.576758|-68.093895|-2.198755|1.200000|1.200000|1.200000
AEG801_086_7012|13|-37.590702|868.109375|22.146618|6.002123|-7.989698|0.923223|1.100000|1.100000|1.100000
AEG801_086_7013|13|-115.749161|860.697510|101.799568|-1.700012|-5.985204|-4.428352|1.100000|1.100000|1.100000
AEG801_086_7014|13|-26.233095|864.686707|74.740158|5.868991|-7.496233|0.671626|1.100000|1.100000|1.100000
AEG801_086_7015|13|-73.983810|864.427734|49.202133|-6.182788|120.276146|1.193097|1.100000|1.100000|1.100000
AEG801_086_7016|13|-94.465401|865.027771|22.909622|-3.589112|-165.135284|-2.424013|1.100000|1.100000|1.100000
AEG801_086_7017|13|-84.941620|868.105896|-3.144162|-0.411465|68.099258|7.325213|0.900000|0.900000|0.900000
AEG801_086_7018|13|-87.259308|867.250916|3.127962|-6.181867|-174.789246|-3.721029|1.100000|1.100000|1.100000
AEG801_086_7019|13|-123.025368|860.472473|104.177597|-3.167884|-165.163757|-5.649476|1.100000|1.100000|1.100000
AEG801_086_7020|13|-38.888474|863.939331|78.424339|-5.727849|-170.215622|-3.158305|1.100000|1.100000|1.100000
AEG801_086_7021|13|-46.377743|865.805359|49.330395|0.154717|-56.455990|-0.957637|1.100000|1.100000|1.100000
AEG801_086_7022|13|-44.295940|865.847168|45.969730|-1.130369|-80.135376|-1.513772|1.100000|1.100000|1.100000
AEG801_086_7023|13|-103.753700|862.635437|61.564590|0.007431|-81.273865|-2.649360|1.100000|1.100000|1.100000
AEG801_086_7024|13|28.427311|881.312378|52.139923|13.922220|-7.630651|5.551032|1.100000|1.100000|1.100000
AEG801_086_7025|13|-101.091583|864.261169|30.997862|-0.123706|67.909851|4.414952|1.100000|1.100000|1.100000
AEG801_086_7026|13|-101.367203|856.727966|116.711067|9.935711|15.786653|1.712164|1.100000|1.100000|1.100000
AEG801_086_7027|13|-105.003242|856.296082|119.298706|9.947979|-11.038423|-1.849725|1.100000|1.100000|1.100000
AEG801_086_7028|13|-55.472309|864.759949|61.625153|5.704547|-13.349049|1.354044|1.100000|1.100000|1.100000
AEG801_086_7029|13|-93.320541|863.626099|45.244892|3.864822|-30.191799|-0.328461|1.100000|1.100000|1.100000
AEG801_086_7030|13|-64.576866|865.647583|41.614956|-4.970417|133.261292|-0.650632|1.100000|1.100000|1.100000
AEG801_086_7031|13|-100.893349|862.794128|58.061321|2.763822|-21.030716|-0.938601|1.100000|1.100000|1.100000
AEG801_086_7032|13|118.327339|910.094055|-48.097065|1.146079|13.296178|0.394239|0.900000|0.900000|0.900000
AEG801_086_7033|13|117.539726|909.371094|-22.650904|-6.572241|173.826492|1.199299|1.200000|1.200000|1.200000
AEG801_086_7034|13|114.796410|908.942200|-20.111937|-6.416094|-137.021515|-7.963111|1.100000|1.100000|1.100000
AEG801_086_7035|13|110.237068|898.396423|13.541870|15.270527|-0.814412|5.923496|1.100000|1.100000|1.100000
AEG801_086_7036|13|89.051369|876.652527|98.276230|-13.182383|149.438614|-0.116822|1.100000|1.100000|1.100000
AEG801_086_7037|13|31.378910|881.472534|52.640335|-13.397889|134.485565|6.654026|1.100000|1.100000|1.100000
AEG801_086_7038|13|108.309120|877.754517|106.185753|1.625094|46.129566|12.770103|1.100000|1.100000|1.100000
AEG801_086_7039|13|106.018387|897.447693|15.191111|-7.932746|94.999367|14.271544|1.100000|1.100000|1.100000
AEG801_086_7040|13|121.645340|908.135620|-14.480767|13.171502|-2.240101|2.075558|1.100000|1.100000|1.100000
AEG801_086_7041|13|115.232903|910.109009|-50.158260|-1.211340|173.667984|-0.576279|1.100000|1.100000|1.100000
AEG801_086_7042|13|-120.700699|860.931763|101.572609|-1.820282|129.894394|3.631776|1.200000|1.200000|1.200000
AEG801_086_7043|13|-49.721313|858.963928|106.994438|4.840665|-84.187569|-14.478913|1.200000|1.200000|1.200000
AEG801_086_7044|13|-83.876328|865.573303|22.938334|4.570791|-8.138489|2.882968|1.100000|1.100000|1.100000
AEG801_086_7045|13|-45.012245|862.069641|93.123383|-0.942259|102.787880|5.503029|1.200000|1.200000|1.200000
AEG801_086_7046|13|-37.689095|865.835266|44.881310|2.235767|-56.459316|-1.042003|1.100000|1.100000|1.100000
AEG801_086_7047|13|-19.231909|866.827454|49.420238|0.274956|36.788334|5.741374|0.900000|0.900000|0.900000
AEG801_086_7048|13|-18.738779|866.644287|52.813911|0.473468|36.696194|5.619389|1.100000|1.100000|1.100000
AEG801_086_7049|13|-49.454334|862.341248|88.577942|-6.870907|141.391678|1.114058|1.100000|1.100000|1.100000
AEG801_086_7050|13|-4.087715|861.504883|113.983635|4.440252|15.425639|9.491395|1.100000|1.100000|1.100000
AEG801_086_7051|13|-40.573181|868.432434|18.063873|0.283753|67.084106|6.557719|1.100000|1.100000|1.100000
AEG801_086_7052|13|-95.287384|862.439209|64.646461|0.486310|81.573959|3.355344|1.100000|1.100000|1.100000
AEG801_086_7053|13|-1.659511|864.229980|92.739777|-9.410740|120.271889|0.417516|1.100000|1.100000|1.100000
AEG801_086_7054|13|10.854173|865.893250|98.279678|-4.091072|-171.223541|-12.341765|1.200000|1.200000|1.200000
AEG801_086_7055|13|-2.670214|866.256714|68.230667|-5.170848|101.420013|4.613247|1.100000|1.100000|1.100000
AEG801_086_7056|13|-7.012789|860.209229|120.383568|3.960253|30.632320|11.770329|0.900000|0.900000|0.900000
AEG801_086_7057|13|-43.286758|865.704163|53.879128|-3.506062|175.939392|-0.410330|0.900000|0.900000|0.900000
AEG801_086_7058|13|-17.309864|866.191467|60.975063|4.650731|-8.522727|1.568976|1.100000|1.100000|1.100000
AEG801_086_7059|13|46.945477|871.668335|99.797516|13.253054|-7.416182|4.464649|1.100000|1.100000|1.100000
AEG801_086_7060|13|105.357491|882.679016|78.060928|12.999600|-30.650000|0.774625|1.200000|1.200000|1.200000
AEG801_086_7061|13|96.835388|881.431274|78.882530|-11.665541|121.680054|5.400548|1.100000|1.100000|1.100000
AEG801_086_7062|13|112.452164|884.951050|71.046249|2.387069|46.126835|12.904441|1.100000|1.100000|1.100000
AEG801_086_7063|13|119.508133|890.334167|49.468380|13.837638|-29.916389|-0.789421|1.100000|1.100000|1.100000
AEG801_086_7064|13|55.732357|869.325684|112.782570|-10.061946|147.585114|-5.988558|1.100000|1.100000|1.100000
AEG801_086_7065|13|117.000534|890.634094|46.628841|-15.010342|155.161026|-3.000988|1.100000|1.100000|1.100000
AEG801_086_7066|13|56.872082|874.213501|93.144943|-9.368140|107.425949|10.119608|0.900000|0.900000|0.900000
AEG801_086_7067|13|104.809723|883.965210|71.211243|11.358168|-30.491919|0.482785|1.100000|1.100000|1.100000
AEG801_086_7068|13|105.807060|884.759155|66.550446|-5.191101|175.966034|-10.091210|1.100000|1.100000|1.100000
AEG801_086_7069|13|113.804214|881.414612|90.483772|-10.918021|176.504456|-6.569420|1.100000|1.100000|1.100000
AEG801_086_7070|13|105.824821|880.899475|87.732544|-10.136087|107.174049|8.079374|1.100000|1.100000|1.100000
AEG801_086_7071|13|110.161507|881.396240|88.099335|-11.705882|121.653992|5.278290|1.200000|1.200000|1.200000
AEG801_086_7072|13|88.894707|884.973572|58.969421|1.519253|62.497173|14.049316|1.100000|1.100000|1.100000
AEG801_086_7073|13|111.970764|883.500793|78.221054|-10.156994|107.858932|8.171146|1.100000|1.100000|1.100000
AEG801_086_7074|13|65.997910|887.898499|39.214401|-13.175088|138.263977|5.380960|1.100000|1.100000|1.100000
AEG801_086_7075|13|-102.194298|859.763977|100.612175|8.302835|39.591751|5.112916|0.900000|0.900000|0.900000
AEG801_086_7076|13|60.829849|886.855652|41.694843|-13.030051|-174.115463|-6.379890|0.900000|0.900000|0.900000
AEG801_086_7077|13|87.319618|885.579468|55.927269|-8.070346|-140.793137|-12.220800|0.900000|0.900000|0.900000
AEG801_086_7078|13|52.251881|867.581787|119.882156|-9.634551|-169.834793|-8.579013|0.900000|0.900000|0.900000
AEG801_086_7079|13|-69.600189|870.552979|-16.900820|-6.920325|146.328369|0.165127|1.100000|1.100000|1.100000
AEG801_086_7080|13|-82.986763|868.975098|-9.790604|-5.778361|-170.484604|-4.133424|0.900000|0.900000|0.900000
AEG801_086_7081|13|-80.616943|865.940674|20.726248|0.749764|41.938816|5.635698|1.100000|1.100000|1.100000
AEG801_086_7082|13|-82.613228|864.617737|37.418896|-2.992886|81.877983|4.556611|1.100000|1.100000|1.100000
AEG801_086_7083|13|-81.936829|864.013367|46.421494|5.335990|-30.290485|0.902978|1.200000|1.200000|1.200000
AEG801_086_7084|13|-77.304092|864.413818|45.622089|5.187447|-18.317959|2.973837|1.100000|1.100000|1.100000
AEG801_086_7085|13|-111.339569|862.183716|72.253403|-4.175112|-170.460632|0.608433|1.100000|1.100000|1.100000
AEG801_086_7086|13|-103.802292|862.234985|69.201630|-1.529540|129.536911|3.056893|1.100000|1.100000|1.100000
AEG801_086_7087|13|-106.851852|861.648071|91.591492|12.473345|16.972567|-4.764997|1.100000|1.100000|1.100000
AEG801_086_7088|13|95.406509|885.107788|60.225670|-15.337043|140.155991|12.667105|1.200000|1.200000|1.200000
AEG801_086_7089|13|126.830101|910.015198|-28.813009|-0.964691|173.533295|-1.310483|1.100000|1.100000|1.100000
AEG801_086_7090|13|55.749737|874.655579|90.597282|-0.540489|66.817238|13.697806|1.100000|1.100000|1.100000
AEG801_086_7091|13|35.153111|873.044983|87.186295|0.998055|49.227795|13.555575|1.100000|1.100000|1.100000
AEG801_086_7092|13|-46.504696|858.480164|109.721680|-12.555141|136.368286|6.898247|1.100000|1.100000|1.100000
AEG801_086_7093|13|-28.056349|860.578064|104.154228|-2.954131|-126.324432|-9.329917|1.100000|1.100000|1.100000
AEG801_086_7094|13|-22.622253|863.133362|88.364319|-7.529081|172.432770|-1.290136|1.100000|1.100000|1.100000
AEG801_086_7095|13|-36.004974|861.623291|96.073433|-8.559566|-163.848465|-3.283610|1.100000|1.100000|1.100000
AEG801_086_7096|13|26.227440|867.657288|107.722549|4.480384|42.459621|13.434816|1.100000|1.100000|1.100000
AEG801_086_7097|13|-47.055470|862.888000|84.779083|-1.293594|77.866035|6.714568|0.900000|0.900000|0.900000
AEG801_086_7098|13|3.080664|863.722778|104.882103|9.159721|-93.960732|-7.420714|1.100000|1.100000|1.100000
AEG801_086_7099|13|35.288773|874.913635|78.407730|-11.923014|-174.252701|-10.583160|1.100000|1.100000|1.100000
AEG801_086_7100|13|9.563515|867.072449|77.136543|-7.627467|154.993011|-8.331966|1.100000|1.100000|1.100000
AEG801_086_7101|13|-10.704208|865.548767|70.660873|1.478216|-98.953087|-6.186088|1.100000|1.100000|1.100000
AEG801_086_7102|13|1.406652|866.879639|65.370300|-8.041451|135.616776|0.539312|1.200000|1.200000|1.200000
AEG801_086_7103|13|39.974102|873.882568|86.212608|-13.119622|131.451950|4.120517|1.100000|1.100000|1.100000
AEG801_086_7104|13|48.700901|885.816895|41.167530|14.228541|-31.241405|-3.254869|1.100000|1.100000|1.100000
AEG801_086_7105|13|-16.755432|861.892456|100.485291|-5.299988|-157.246292|-7.085992|1.100000|1.100000|1.100000
AEG801_086_7106|13|-64.000763|863.636292|66.313934|8.028123|-47.441933|-1.425279|1.100000|1.100000|1.100000
AEG801_086_7107|13|-61.865952|864.153687|63.410671|6.557037|-1.321241|4.395173|1.100000|1.100000|1.100000
AEG801_086_7108|13|-63.462402|860.400940|93.814575|8.957904|-46.716557|-3.112903|1.100000|1.100000|1.100000
AEG801_086_7109|13|73.752129|870.382568|120.653267|11.651045|7.037307|10.603677|0.900000|0.900000|0.900000
AEG801_086_7110|13|61.301189|870.789062|109.555969|11.854940|-50.792061|2.403872|0.900000|0.900000|0.900000
AEG801_086_7111|13|60.413452|870.102539|112.981285|8.590848|6.798169|8.768734|1.100000|1.100000|1.100000
AEG801_086_7112|13|35.290501|872.373657|90.581261|10.992126|6.524443|9.416210|1.100000|1.100000|1.100000
AEG801_086_7113|13|-7.428799|861.512329|110.470886|9.498800|-21.119932|3.995934|1.100000|1.100000|1.100000
AEG801_086_7114|13|-40.625546|862.237976|91.895615|7.197681|13.680449|1.800574|1.100000|1.100000|1.100000
AEG801_086_7115|13|-3.781082|864.514893|86.819633|-6.870368|156.770020|-3.436984|1.200000|1.200000|1.200000
AEG801_086_7116|13|-26.364819|862.383423|92.792557|-0.593150|-108.469658|-8.258655|1.200000|1.200000|1.200000
AEG801_086_7117|13|-23.270477|861.164551|102.283974|-6.274443|-157.238205|-6.703695|1.200000|1.200000|1.200000
AEG801_086_7118|13|-19.871689|861.110779|104.296402|9.271518|-20.422022|1.298091|0.900000|0.900000|0.900000
AEG801_086_7119|13|8.761499|865.771790|95.131645|12.167872|-65.477219|0.212719|1.100000|1.100000|1.100000
AEG801_086_7120|13|-7.599408|860.740906|116.164345|5.120181|-107.727654|-9.575576|1.200000|1.200000|1.200000
AEG801_086_7121|13|-6.979959|864.565430|83.188904|6.178125|-15.307594|3.009490|1.100000|1.100000|1.100000
AEG801_086_7122|13|-8.088505|867.712158|50.445576|7.286527|-20.226156|3.962084|1.100000|1.100000|1.100000
AEG801_086_7123|13|-32.324215|859.844055|107.046463|10.464479|-14.664027|0.229604|1.100000|1.100000|1.100000
AEG801_086_7124|13|-80.766235|857.572571|107.554245|-2.399874|-102.085052|-9.324833|1.200000|1.200000|1.200000
AEG801_086_7125|13|14.754303|867.248352|92.703110|-14.068169|107.478027|1.201349|1.100000|1.100000|1.100000
AEG801_086_7126|13|122.582733|881.748657|94.483658|-12.084173|149.316864|-0.550903|1.100000|1.100000|1.100000
AEG801_086_7127|13|-73.256111|855.733826|118.951820|3.163743|-72.900314|-7.868020|1.200000|1.200000|1.200000
AEG801_086_7128|13|-70.436852|856.378723|115.164223|3.489215|61.014011|8.838374|1.100000|1.100000|1.100000
AEG801_086_7129|13|-76.048424|856.154602|116.041557|8.705923|13.643986|2.434881|1.100000|1.100000|1.100000
AEG801_086_7130|13|-84.067955|858.061584|104.917419|-6.488679|-123.058014|-7.097135|1.100000|1.100000|1.100000
AEG801_086_7131|13|-76.973862|858.071960|104.669968|9.100270|14.139393|3.026839|0.900000|0.900000|0.900000
AEG801_086_7132|13|-52.899536|857.110291|114.272362|-6.240416|-136.850250|-9.292895|1.100000|1.100000|1.100000
AEG801_086_7133|13|-64.389999|858.185730|106.250931|9.246192|19.827831|6.250470|1.100000|1.100000|1.100000
AEG801_086_7134|13|-29.107155|859.679321|109.150665|4.738430|40.889065|9.309329|0.900000|0.900000|0.900000
AEG801_086_7135|13|-82.205894|855.098328|123.569580|7.325952|-19.404171|-4.181938|1.200000|1.200000|1.200000
AEG801_086_7136|13|-82.147209|854.532776|127.475662|-8.018873|-157.307693|-2.209772|1.100000|1.100000|1.100000
AEG801_086_7137|13|-81.880157|860.595215|86.567200|-6.409877|157.782867|1.821748|1.100000|1.100000|1.100000
AEG801_086_7138|13|-84.866394|860.919434|83.430565|6.006277|-14.622636|-1.586790|1.100000|1.100000|1.100000
AEG801_086_7139|13|-76.636192|859.972473|92.243721|-5.205021|121.951309|6.057776|1.200000|1.200000|1.200000
AEG801_086_7140|13|-89.398842|867.748047|-2.076149|-7.368922|157.228882|0.128107|1.100000|1.100000|1.100000
AEG801_086_7141|13|-86.144539|868.565918|-7.647406|6.990646|-10.953968|1.531984|1.100000|1.100000|1.100000
AEG801_086_7142|13|-88.975334|866.707520|7.168632|-6.823114|143.802017|1.368387|0.900000|0.900000|0.900000
AEG801_086_7143|13|97.011559|886.443665|55.976429|1.810820|62.555435|13.393127|1.100000|1.100000|1.100000
AEG801_086_7144|13|-30.560217|862.593445|90.391075|6.557829|-46.937134|-5.108159|1.100000|1.100000|1.100000
AEG801_086_7145|13|91.701210|877.515381|95.609619|-13.185132|149.356140|-0.468821|1.200000|1.200000|1.200000
AEG801_086_7146|13|112.887589|910.059265|-46.152725|-0.050517|-36.663464|-0.542217|0.900000|0.900000|0.900000
AEG801_086_7147|13|-67.171761|870.414551|-13.782284|-6.393026|120.427795|2.602003|0.900000|0.900000|0.900000
AEG801_086_7148|13|-68.802780|865.269836|42.791939|-5.365343|120.196373|0.404512|0.900000|0.900000|0.900000
AEG801_086_7149|13|-100.047691|864.723083|25.165894|-3.964319|-165.130081|-2.345430|1.200000|1.200000|1.200000
AEG801_086_7150|13|118.940300|881.879517|91.387749|1.609056|49.317860|12.344284|1.200000|1.200000|1.200000
AEG801_090_7002|13|-9.031904|860.882935|113.693039|-0.009636|160.447525|-0.004102|1.000000|1.000000|1.000000
AEG801_090_7003|13|93.529312|895.812683|14.488586|-0.005971|-158.929153|-0.013937|1.000000|1.000000|1.000000
AEG801_090_7004|13|-19.374191|861.126465|104.471474|-0.009258|160.021286|-0.001465|1.000000|1.000000|1.000000
AEG801_090_7005|13|27.404051|867.680237|108.260178|-0.014407|157.149002|-0.001372|1.000000|1.000000|1.000000
AEG801_090_7018|13|56.719429|874.259338|92.863068|0.013059|-7.512417|0.004399|1.000000|1.000000|1.000000
AEG801_090_7019|13|127.404312|910.036743|-29.598358|0.000738|-7.683341|0.001093|1.000000|1.000000|1.000000
AEG801_090_7020|13|-75.570129|855.711243|118.964394|-0.008079|-165.742294|-0.002354|1.000000|1.000000|1.000000
AEG801_090_7021|13|-76.946632|858.024353|104.955246|-0.009105|-165.967041|-0.003008|1.000000|1.000000|1.000000
AEG801_090_7022|13|-29.866501|859.612549|109.221893|-0.009075|-171.134247|-0.005347|1.000000|1.000000|1.000000
AEG801_090_7023|13|98.004433|886.823792|54.724670|0.013442|-5.483836|-0.000960|1.000000|1.000000|1.000000
AEG801_090_7024|13|51.369118|867.579712|119.216156|0.012130|-8.315810|0.007541|1.000000|1.000000|1.000000
AEG801_091_7009|13|-46.112679|865.824707|47.951038|0.000956|34.782166|0.000164|1.000000|1.000000|1.000000
AEG801_091_7010|13|24.904984|867.468262|107.737915|-0.008300|92.193260|0.011475|1.000000|1.000000|1.000000
AEG801_091_7011|13|-26.934238|860.807556|103.144699|-0.003692|91.924889|0.009016|1.000000|1.000000|1.000000
AEG801_091_7012|13|17.490860|869.160400|72.865166|0.005464|-5.175027|0.015464|1.000000|1.000000|1.000000
AEG801_091_7021|13|-47.039108|862.764954|85.904572|0.003825|32.889771|0.005628|1.000000|1.000000|1.000000
AEG801_091_7022|13|-4.220963|868.022583|51.997604|0.007513|-4.223062|0.006530|1.000000|1.000000|1.000000
AEG801_091_7024|13|105.960968|884.854431|65.842216|0.009535|-10.386210|0.007732|1.000000|1.000000|1.000000
AEG801_091_7036|13|-83.261421|868.924683|-9.477333|0.004371|26.166044|0.005601|1.000000|1.000000|1.000000
AEG801_091_7038|13|31.584793|881.405884|52.979004|0.013797|2.735682|0.005792|1.000000|1.000000|1.000000
AEG801_091_7039|13|-76.884758|864.449219|45.583786|0.001557|26.912149|0.005765|1.000000|1.000000|1.000000
AEG801_091_7040|13|65.172363|888.456665|36.896862|0.015491|3.600794|0.002459|1.000000|1.000000|1.000000
AEG801_091_7041|13|116.053123|910.115784|-49.991318|0.001175|3.588500|0.000574|1.000000|1.000000|1.000000
AEG801_091_7042|13|95.950249|885.032837|60.445221|0.019726|3.304363|0.001612|1.000000|1.000000|1.000000
AEG801_091_7043|13|75.221489|871.017395|118.872925|0.011502|0.908224|0.009152|0.900000|0.900000|0.900000
AEG801_091_7045|13|-81.277328|854.804443|125.505936|0.000710|90.668762|0.008196|1.000000|1.000000|1.000000
AEG801_091_7046|13|-11.894295|865.492065|70.723434|0.006011|-3.885613|0.001721|1.000000|1.000000|1.000000
AEG801_091_7047|13|110.157204|881.246704|88.891838|0.010355|1.494555|0.007622|1.000000|1.000000|1.000000
AEG801_091_7048|13|60.965149|870.317810|112.290466|0.011393|-0.053166|0.009617|1.000000|1.000000|1.000000
AEG801_091_7049|13|112.120026|883.324951|79.239197|0.010409|2.601920|0.007677|1.000000|1.000000|1.000000
AEG801_095_7002|13|12.625549|869.000183|57.769794|-0.010009|141.089981|-0.002019|1.000000|1.000000|1.000000
AEG801_095_7006|13|-7.595825|867.582336|52.316841|-0.003112|-157.854553|-0.007903|1.000000|1.000000|1.000000
AEG801_095_7007|13|39.394241|873.822083|86.147278|-0.006790|88.442558|0.011966|1.000000|1.000000|1.000000
AEG801_095_7008|13|34.444595|875.092590|77.104874|-0.016349|158.967804|-0.003621|1.000000|1.000000|1.000000
AEG801_095_7009|13|-125.184372|860.447449|104.710808|0.003388|36.023540|-0.001595|1.000000|1.000000|1.000000
AEG801_095_7011|13|-2.913132|864.572754|87.179237|0.007459|-63.008980|-0.001780|1.000000|1.000000|1.000000
AEG801_095_7013|13|-3.824112|861.480225|114.509789|0.010764|-62.744125|-0.002141|1.000000|1.000000|1.000000
AEG801_095_7016|13|-23.658794|862.989746|89.134460|0.007923|-19.238792|-0.000127|0.900000|0.900000|0.900000
AEG801_095_7017|13|3.117607|866.966736|66.158081|0.001721|-126.262032|-0.007700|1.000000|1.000000|1.000000
AEG801_095_7018|13|8.773643|866.893005|77.622238|0.011174|-64.236290|0.001585|1.000000|1.000000|1.000000
AEG801_095_7020|13|-74.959389|864.259827|50.337749|0.004972|-165.310501|-0.004325|1.000000|1.000000|1.000000
AEG801_095_7022|13|-64.505157|863.512695|67.014267|0.007240|-64.926262|-0.003783|0.900000|0.900000|0.900000
AEG801_095_7033|13|-99.253403|863.412903|46.111286|0.000765|52.158356|0.003442|1.000000|1.000000|1.000000
AEG801_095_7040|13|-44.342743|865.832397|46.666706|-0.001561|-99.126556|-0.001064|1.000000|1.000000|1.000000
AEG801_095_7043|13|-103.001945|862.651794|61.093586|0.002377|-18.115341|-0.001190|1.000000|1.000000|1.000000
AEG801_095_7045|13|9.760010|865.697449|98.047928|0.011447|-85.803894|-0.005052|1.000000|1.000000|1.000000
AEG801_095_7046|13|-93.069954|864.702454|28.319855|0.004399|-19.863737|0.000902|1.000000|1.000000|1.000000
AEG801_095_7047|13|106.164810|882.660095|78.703987|-0.011041|114.111961|0.006967|1.000000|1.000000|1.000000
AEG801_095_7048|13|-30.596931|860.047546|106.450241|0.008196|18.672983|0.006147|1.000000|1.000000|1.000000
AEG801_095_7051|13|104.820549|880.967529|86.677246|-0.008326|-164.965027|-0.009935|1.000000|1.000000|1.000000
AEG801_095_7052|13|106.476631|885.171143|64.322342|0.010928|-85.193321|-0.006085|1.000000|1.000000|1.000000
AEG801_095_7079|13|-82.846947|864.550537|38.154591|-0.003894|94.180847|0.003825|1.000000|1.000000|1.000000
AEG801_095_7080|13|92.985344|885.429321|58.486816|-0.010231|115.217407|0.010027|1.000000|1.000000|1.000000
AEG801_095_7082|13|-72.188095|856.091248|116.721466|0.008306|-28.314768|-0.003569|1.000000|1.000000|1.000000
AEG801_095_7083|13|-52.451378|857.164856|114.089233|0.008852|-50.282848|-0.006865|1.000000|1.000000|1.000000
AEG801_095_7084|13|-82.167656|857.555725|107.722565|-0.007968|151.410614|0.005491|1.000000|1.000000|1.000000
AEG801_095_7086|13|-80.291649|860.671570|86.117783|0.003907|-62.100716|-0.005560|1.000000|1.000000|1.000000
AEG801_095_7087|13|-89.234276|867.564331|-0.465210|0.006776|-0.387258|0.002814|1.000000|1.000000|1.000000
AEG801_096_7006|13|-33.672474|859.630371|107.803101|-0.007754|-152.322830|-0.007714|1.000000|1.000000|1.000000
AEG801_096_7008|13|-7.099167|864.658630|82.027657|-0.002419|-152.969284|-0.005943|1.000000|1.000000|1.000000
AEG801_096_7010|13|-84.747391|865.429565|24.212730|-0.004999|120.494781|0.001749|1.000000|1.000000|1.000000
AEG801_096_7011|13|-102.270012|856.687073|117.015793|-0.008262|148.240585|0.006011|1.000000|1.000000|1.000000
AEG801_096_7012|13|-39.914597|868.320374|19.347862|-0.001742|-124.274597|-0.006256|1.000000|1.000000|1.000000
AEG801_096_7013|13|-42.049042|862.340454|91.091141|-0.006929|-166.034424|-0.002871|0.850000|0.850000|0.850000
AEG801_096_7015|13|-59.967758|860.735840|93.495148|0.009644|-45.549362|-0.002228|0.800000|0.800000|0.800000
AEG801_096_7016|13|-16.507355|861.909363|100.505371|-0.005692|-160.499435|-0.006775|1.000000|1.000000|1.000000
AEG801_096_7019|13|1.833557|863.450378|105.401054|-0.001867|-153.032730|-0.011143|1.000000|1.000000|1.000000
AEG801_096_7023|13|-101.838455|862.818237|57.506744|-0.002567|-170.423813|-0.000553|1.000000|1.000000|1.000000
AEG801_096_7025|13|40.564911|873.786682|87.000946|-0.006730|-149.210007|-0.011618|0.800000|0.800000|0.800000
AEG801_096_7026|13|-62.877781|864.200195|62.263699|-0.003441|79.349510|0.007240|1.000000|1.000000|1.000000
AEG801_096_7028|13|-93.951004|865.108337|21.966988|-0.004428|133.642563|0.001421|1.000000|1.000000|1.000000
AEG801_096_7030|13|-94.249329|863.598145|45.258312|0.003770|-40.345776|-0.000961|1.000000|1.000000|1.000000
AEG801_096_7031|13|-64.166199|860.364990|93.697617|-0.008249|-178.070343|-0.004297|0.800000|0.800000|0.800000
AEG801_096_7032|13|35.105247|872.559814|89.568329|-0.002411|65.027039|0.013715|0.800000|0.800000|0.800000
AEG801_096_7035|13|-115.110214|860.769165|100.990746|-0.002996|149.105820|0.002732|1.000000|1.000000|1.000000
AEG801_096_7037|13|-51.648155|859.002258|106.316910|-0.006860|-132.317566|-0.012980|1.000000|1.000000|1.000000
AEG801_096_7039|13|-95.833496|862.426208|64.864700|-0.001519|-116.803490|-0.003031|1.000000|1.000000|1.000000
AEG801_096_7040|13|-110.331062|862.180115|71.976746|0.002104|76.605576|0.003306|1.000000|1.000000|1.000000
AEG801_096_7041|13|-65.457939|865.643860|40.475994|-0.005038|123.519135|0.000191|1.000000|1.000000|1.000000
AEG801_096_7042|13|-2.982925|864.072327|92.785233|0.008633|-53.227535|-0.000329|1.000000|1.000000|1.000000
AEG801_096_7044|13|-3.114421|866.111084|69.377480|0.004563|-86.820114|-0.005412|1.000000|1.000000|1.000000
AEG801_096_7045|13|15.691727|866.645020|100.733200|0.013469|-77.960640|-0.004258|0.900000|0.900000|0.900000
AEG801_096_7046|13|96.615173|881.478943|78.493378|0.013879|-42.744858|-0.001977|1.000000|1.000000|1.000000
AEG801_096_7049|13|55.876755|869.388916|112.393173|-0.003635|-171.096664|-0.011122|1.000000|1.000000|1.000000
AEG801_096_7051|13|117.545532|886.127319|68.371750|-0.009335|-167.662064|-0.009467|1.000000|1.000000|1.000000
AEG801_096_7052|13|117.348534|890.472107|47.630310|0.014207|-36.190289|-0.000264|1.000000|1.000000|1.000000
AEG801_096_7056|13|115.008110|881.525269|90.698242|0.009234|8.841343|0.008606|1.000000|1.000000|1.000000
AEG801_096_7057|13|90.435135|877.346436|99.218689|-0.130876|-173.633072|-0.002174|1.000000|1.000000|1.000000
AEG801_096_7064|13|109.133904|898.199402|13.799011|0.016065|-9.991511|0.003880|1.000000|1.000000|1.000000
AEG801_096_7085|13|-67.933434|870.643494|-16.802002|0.001940|27.826754|0.006284|1.000000|1.000000|1.000000
AEG801_096_7089|13|-81.512787|863.928101|47.995537|0.005328|-70.324799|-0.002694|1.000000|1.000000|1.000000
AEG801_096_7090|13|-107.345535|861.716309|91.503754|-0.004599|150.065460|0.013032|1.000000|1.000000|1.000000
AEG801_096_7091|13|88.673889|885.196411|57.911713|0.013305|-119.523979|-0.006067|1.000000|1.000000|1.000000
AEG801_096_7092|13|123.721825|881.796875|94.962273|-0.009255|-173.388550|-0.007823|1.000000|1.000000|1.000000
AEG801_096_7095|13|-64.897850|858.169922|106.205894|0.009672|29.500233|-0.005550|1.000000|1.000000|1.000000
AEG801_096_7098|13|-87.423836|860.801941|84.777008|-0.005469|-153.516525|-0.001380|1.000000|1.000000|1.000000
AEG801_096_7099|13|-76.696754|859.792053|93.540527|0.005628|-52.064762|-0.005462|1.000000|1.000000|1.000000
AEG801_096_7100|13|-86.575172|868.786011|-9.742134|-0.004642|-35.123604|-0.005223|1.000000|1.000000|1.000000
AEG801_096_7101|13|-88.421448|866.619690|8.219353|-0.005596|-169.321518|-0.004128|1.000000|1.000000|1.000000
AEG801_313_7014|13|-6.721268|864.508545|84.068466|0.006229|-61.985695|-0.002319|1.000000|1.000000|1.000000
AEG801_313_7015|13|-6.461304|868.387329|51.059631|-0.050278|85.136612|0.042921|0.750000|0.750000|0.750000
AEG801_313_7016|13|33.789993|872.809814|87.616730|0.007650|145.537094|0.008306|0.700000|0.700000|0.700000
AEG801_313_7018|13|-8.127235|860.840027|114.868355|-0.005760|80.786797|0.008497|0.700000|0.700000|0.700000
AEG801_313_7021|13|-22.357822|863.195312|87.962975|-0.005921|-158.136002|-0.004834|0.700000|0.700000|0.700000
AEG801_313_7022|13|-61.787048|860.626038|93.183487|0.009644|-23.660294|0.001093|0.600000|0.600000|0.600000
AEG801_313_7023|13|-5.851112|861.335388|113.376511|-0.010295|115.748528|0.003115|1.000000|1.000000|1.000000
AEG801_313_7024|13|-15.608517|862.140015|99.203781|-0.001645|-121.663689|-0.007608|0.800000|0.800000|0.800000
AEG801_313_7025|13|11.716202|866.166199|97.314354|-0.008218|65.013229|0.009999|0.750000|0.750000|0.750000
AEG801_313_7033|13|35.947937|874.983704|78.572357|0.014125|-62.246246|-0.007359|1.000000|1.000000|1.000000
AEG801_313_7036|13|3.883707|864.050781|103.254501|0.003388|16.764170|0.011092|1.000000|1.000000|1.000000
AEG801_313_7039|13|0.327789|866.852539|64.700356|-0.003353|-153.334976|-0.006957|1.000000|1.000000|1.000000
AEG801_313_7040|13|-1.148575|864.201233|93.853012|0.000000|-147.083008|-0.009420|0.700000|0.700000|0.700000
AEG801_313_7041|13|9.982128|867.198486|76.337547|-0.010979|116.507797|-0.001799|1.000000|1.000000|1.000000
AEG801_313_7050|13|-39.838356|862.086853|92.939705|-0.004747|-125.263374|-0.006829|0.850000|1.000000|1.000000
AEG801_313_7051|13|-40.730740|862.545349|89.613136|0.006284|-32.157921|-0.003255|0.700000|0.700000|0.700000
AEG801_313_7053|13|-48.071289|858.771606|108.109848|0.010109|-58.275543|-0.010044|0.800000|0.800000|0.800000
AEG801_313_7055|13|-62.407997|864.137878|63.155983|0.006011|5.023485|0.005300|0.950000|0.950000|0.950000
AEG801_313_7056|13|-46.128017|858.526794|109.631561|-0.000004|91.958290|0.000000|0.500000|0.500000|0.500000
AEG801_313_7059|13|12.770569|868.885742|59.310684|-0.008651|68.245369|0.009070|0.900000|0.900000|0.900000
AEG801_313_7064|13|-80.410515|865.979004|20.396286|-0.005611|130.271454|0.000929|0.500000|0.500000|0.500000
AEG801_313_7076|13|-38.866562|868.182190|21.021301|0.000137|-107.231979|-0.006152|0.600000|0.600000|0.600000
AEG801_313_7080|13|-101.497139|862.850586|56.815224|-0.002539|-167.812622|-0.000669|0.750000|0.750000|0.750000
AEG801_313_7083|13|-80.365356|865.870789|21.870972|0.000929|-120.674881|-0.005485|0.900000|0.900000|0.900000
AEG801_313_7090|13|-102.512726|862.251404|68.638245|-0.003161|-144.100159|-0.001420|1.000000|1.000000|1.000000
AEG801_313_7093|13|-116.317406|860.888000|101.482109|0.004125|-118.029373|0.009835|1.000000|1.000000|1.000000
AEG801_313_7094|13|18.637726|869.516968|72.574310|0.016256|-58.690887|0.004699|1.000000|1.000000|1.000000
AEG801_313_7096|13|-105.392075|856.264160|119.472900|-0.007560|137.888046|0.006748|1.000000|1.000000|1.000000
AEG801_313_7098|13|-104.705376|862.182373|70.327362|0.001284|-54.667423|-0.003367|0.800000|0.800000|0.800000
AEG801_313_7103|13|-74.644348|864.342712|49.604763|-0.006240|117.110931|0.001585|1.000000|1.000000|1.000000
AEG801_313_7104|13|-101.577713|864.217957|31.392410|-0.004395|162.028671|-0.000442|0.800000|0.800000|0.800000
AEG801_313_7105|13|-72.965218|864.613342|47.859058|0.003552|-107.043976|-0.005297|0.500000|0.500000|0.500000
AEG801_313_7106|13|-94.673744|864.934387|24.119652|0.000382|-106.464073|-0.004312|1.000000|1.000000|1.000000
AEG801_313_7108|13|-100.950333|856.740234|116.596909|-0.010079|-174.844009|0.000164|0.700000|0.700000|0.700000
AEG801_313_7110|13|-112.292946|862.210815|72.177696|0.002186|141.573273|0.008142|0.600000|0.600000|0.600000
AEG801_313_7111|13|-94.286369|862.549316|62.861645|0.001366|62.121117|0.003197|0.600000|0.600000|0.600000
AEG801_313_7112|13|-64.984924|865.582703|42.337795|0.003115|-106.370186|-0.003931|0.850000|0.850000|0.850000
AEG801_313_7116|13|-1.737438|866.338806|68.084122|0.006475|-57.849941|-0.002481|0.700000|0.700000|0.700000
AEG801_313_7117|13|16.177002|866.650391|101.556572|0.005546|-127.955017|-0.013147|0.600000|0.600000|0.600000
AEG801_313_7118|13|104.691124|882.836670|76.796661|0.012103|-11.585649|0.005027|1.000000|1.000000|1.000000
AEG801_313_7119|13|97.036652|881.322266|79.593689|-0.010724|179.323700|-0.007102|0.700000|0.700000|0.700000
AEG801_313_7121|13|96.692795|886.353882|56.064941|0.009344|-71.025063|-0.010939|0.500000|0.500000|0.500000
AEG801_313_7123|13|56.939621|869.553589|112.615921|-0.000265|-147.157913|-0.013555|0.600000|0.600000|0.600000
AEG801_313_7125|13|119.283592|890.589844|48.194977|-0.012708|176.609482|-0.005579|0.600000|0.600000|0.600000
AEG801_313_7126|13|120.275879|886.162231|69.915314|-0.005043|-144.245987|-0.012202|0.700000|0.700000|0.700000
AEG801_313_7132|13|113.584007|881.803223|88.258652|-0.000080|-124.385727|-0.012731|0.900000|0.900000|0.900000
AEG801_313_7133|13|89.550262|877.188232|95.901733|-0.011677|174.846298|-0.005858|0.600000|0.600000|0.600000
AEG801_313_7137|13|106.418610|884.795044|67.349312|0.008633|-90.343758|-0.004599|0.800000|0.800000|0.800000
AEG801_313_7140|13|106.423943|881.084778|87.165359|-0.006961|-157.477951|-0.010942|0.850000|0.850000|0.850000
AEG801_313_7142|13|106.874641|897.715332|14.579239|0.016092|-38.146713|-0.003913|0.550000|0.550000|0.550000
AEG801_313_7143|13|95.393593|886.306030|55.758041|-0.012544|-170.167999|-0.007539|0.750000|0.750000|0.750000
AEG801_313_7180|13|-69.122246|870.591980|-16.978210|0.006612|-15.241961|0.002049|0.700000|0.700000|0.700000
AEG801_313_7181|13|-82.088242|864.690308|36.861088|-0.001307|62.592094|0.005246|1.000000|1.000000|1.000000
AEG801_313_7182|13|-106.371796|861.439453|92.424408|-0.011017|-172.195068|0.006338|0.700000|0.700000|0.700000
AEG801_313_7183|13|122.433144|881.786987|94.171753|-0.005368|-149.780838|-0.010856|0.700000|0.700000|0.700000
AEG801_313_7184|13|-74.246567|855.642395|119.494080|-0.004040|115.487106|0.007295|0.700000|0.700000|0.700000
AEG801_313_7186|13|-73.334488|856.053406|116.855042|-0.008128|150.189270|0.003798|1.000000|1.000000|1.000000
AEG801_313_7188|13|-45.329643|862.000793|93.848526|-0.000710|-94.268684|-0.005538|0.600000|0.600000|0.600000
AEG801_313_7189|13|-54.737038|857.229980|113.270309|-0.004199|100.187363|0.010710|0.750000|0.750000|0.750000
AEG801_313_7191|13|-82.625084|854.553406|127.394371|-0.005310|-122.660553|-0.006516|0.900000|0.900000|0.900000
AEG801_313_7193|13|-77.337212|859.818176|93.256500|-0.006042|73.415428|-0.005007|0.700000|0.700000|0.700000
AEG801_313_7194|13|-84.866394|860.919434|83.430565|0.002759|-61.350769|-0.005063|1.000000|1.000000|1.000000
AEG801_313_7195|13|-89.502258|866.792236|6.162430|-0.003810|-147.685562|-0.005820|0.700000|0.700000|0.700000
AEG801_313_7196|13|-86.859489|868.509460|-7.454865|0.005546|-61.232380|-0.004471|1.000000|1.000000|1.000000
AEG801_313_7198|13|111.970764|883.500793|78.221054|-0.007269|-158.163803|-0.010767|0.600000|0.600000|0.600000
AEG801_313_7199|13|-84.955948|868.142578|-3.465919|-0.003997|-65.114532|-0.006153|0.600000|0.600000|0.600000
AEG801_314_7003|13|-4.314976|864.515747|86.279732|0.004289|-96.947762|-0.005550|0.900000|0.900000|0.900000
AEG801_314_7005|13|-84.571983|858.287048|103.638428|0.009316|12.841277|0.000492|0.900000|0.900000|0.900000
AEG801_314_7006|13|-63.670597|858.282776|105.931091|-0.009454|132.742630|0.005792|1.000000|1.000000|1.000000
AEG801_314_7007|13|7.887985|865.635010|94.750664|0.011092|-47.148609|0.003716|1.000000|1.000000|1.000000
AEG801_314_7008|13|-94.229767|864.587891|29.414291|-0.000000|148.054443|0.000000|1.000000|1.000000|1.000000
AEG801_314_7015|13|-123.340553|860.486267|104.072365|-0.004352|94.148628|0.004617|1.000000|1.000000|1.000000
AEG801_314_7022|13|-104.649818|862.640808|61.584560|-0.000001|101.140594|0.002541|1.000000|1.000000|1.000000
AEG801_314_7024|13|119.293076|886.415710|68.030106|0.006748|-91.393845|-0.011454|1.000000|1.000000|1.000000
AEG801_314_7025|13|-82.724121|860.599609|86.468681|-0.000368|-97.024986|-0.006626|1.000000|1.000000|1.000000
AEG801_314_7026|13|-89.398842|867.748047|-2.076149|0.001585|-96.621727|-0.007134|0.900000|0.900000|0.900000
AEG801_315_7000|13|9.586288|868.044434|63.293358|-0.001466|-156.734085|-0.010269|0.900000|0.900000|0.900000
AEG801_315_7001|13|-80.501808|857.688049|106.863815|-0.009018|-157.004883|-0.003442|1.000000|1.000000|1.000000
AEG801_340_7001|13|-100.047691|864.723083|25.165894|-0.000854|-116.052933|-0.004587|1.000000|1.000000|1.000000
AEG801_341_7001|13|-49.454334|862.341248|88.577942|0.003360|29.431559|0.006557|1.000000|1.000000|1.000000
AEG801_343_7000|13|16.129440|868.921753|71.047043|0.004399|-0.235860|0.014835|1.000000|1.000000|1.000000
AEG801_343_7001|13|-65.207619|863.588684|65.809372|0.006666|-1.070388|0.004863|0.900000|0.900000|0.900000
AEG801_344_7001|13|-82.205894|855.098328|123.569580|0.008306|6.122609|-0.000362|0.900000|0.900000|0.900000
AEG801_345_7000|13|14.754303|867.248352|92.703110|0.003798|-144.707840|-0.013319|1.000000|1.000000|1.000000
AEG801_345_7001|13|111.540771|881.611084|87.900070|-0.011169|116.283234|0.006366|1.000000|1.000000|1.000000
AEG801_345_7002|13|-92.698853|863.767273|45.725006|-0.113422|-142.374100|-0.054927|0.900000|0.900000|0.900000
AEG801_345_7003|13|34.975155|873.279114|85.980072|0.011174|12.468209|0.006093|1.000000|1.000000|1.000000
AEG801_345_7005|13|-102.141914|859.782410|100.496399|0.009453|22.168253|0.002377|1.000000|1.000000|1.000000
AEG801_345_7006|13|-68.802780|865.269836|42.791939|0.001202|21.610857|0.005246|1.000000|1.000000|1.000000
AEG801_345_7007|13|105.607132|884.111206|70.851471|0.009672|-75.299156|-0.008950|1.000000|1.000000|1.000000
AEG801_345_7008|13|-31.638313|859.952942|106.649963|0.008306|19.529751|0.006721|0.900000|0.900000|0.900000
AEG801_345_7009|13|-84.623947|865.601074|21.918983|0.002568|21.319860|0.004754|1.000000|1.000000|1.000000
AEG801_345_7010|13|-64.698013|860.508789|92.472427|-0.007248|115.973686|0.005819|1.000000|1.000000|1.000000
AEG801_345_7012|13|-52.206406|857.385071|113.076431|-0.000019|-139.981293|-0.000009|1.000000|1.000000|1.000000
AEG801_346_7001|13|-10.808094|865.650146|69.627571|0.005901|-4.139373|0.002022|1.000000|1.000000|1.000000
AEG801_347_7001|13|91.398705|877.619385|94.889069|0.011966|-7.858207|0.005601|1.000000|1.000000|1.000000
AEG801_347_7003|13|-26.366642|862.505371|91.925400|0.007759|6.327869|0.002951|1.000000|1.000000|1.000000
AEG801_347_7004|13|-21.496758|861.234253|102.626999|-0.000000|-80.007401|-0.000000|0.600000|0.600000|0.600000
AEG801_347_7005|13|-23.131023|861.167725|102.323158|0.005164|132.339523|-0.007670|0.800000|0.800000|0.800000
AEG801_347_7006|13|-28.084862|860.536255|104.400681|0.008852|-154.003998|0.004289|0.700000|0.700000|0.700000
AEG801_347_7007|13|-31.319172|862.383240|91.705826|-0.006674|-55.355789|0.005218|0.800000|0.800000|0.800000
AEG801_347_7008|13|-36.217270|862.054016|95.744415|0.038987|25.988234|0.039998|0.800000|0.800000|0.800000
AEG801_348_7000|13|-120.700745|861.084778|101.572632|-0.048156|-113.160522|-0.033732|1.000000|1.000000|1.000000
AEG801_348_7001|13|112.452164|884.951050|71.046249|0.009590|-76.184311|-0.009040|1.000000|1.000000|1.000000
AEG801_348_7002|13|-0.298119|864.536438|91.355141|-0.004647|179.269974|-0.007297|1.000000|1.000000|1.000000
AEG801_348_7004|13|-81.936829|864.013367|46.421494|-0.004274|178.761200|-0.004021|1.000000|1.000000|1.000000
AEG801_348_7005|13|-45.086082|862.104309|92.787888|-0.006944|177.552750|-0.000752|1.000000|1.000000|1.000000
AEG801_348_7008|13|-100.014275|863.319336|47.522213|-0.002452|108.750679|0.002350|0.900000|0.900000|0.900000
AEG801_348_7009|13|-76.636192|859.972473|92.243721|-0.007906|178.981018|-0.001094|1.000000|1.000000|1.000000
AEG801_348_7010|13|-89.518066|867.047607|3.866524|-0.006530|178.950699|-0.002823|1.000000|1.000000|1.000000
