m06405400_0000|0|-128.000000|0.000000|-128.000000|0.000000|0.000000|0.000000|1.000000|1.000000|1.000000
m06405401_0000|0|-128.000000|0.000000|-128.000000|0.000000|0.000000|0.000000|1.000000|1.000000|1.000000
m07405500_0000|0|-128.000000|0.000000|128.000000|0.000000|0.000000|0.000000|1.000000|1.000000|1.000000
m07405501_0000|0|-128.000000|0.000000|128.000000|0.000000|0.000000|0.000000|1.000000|1.000000|1.000000
m16415400_0000|0|128.000000|0.000000|-128.000000|0.000000|0.000000|0.000000|1.000000|1.000000|1.000000
m16415401_0000|0|128.000000|0.000000|-128.000000|0.000000|0.000000|0.000000|1.000000|1.000000|1.000000
m16415402_0000|0|128.000000|0.000000|-128.000000|0.000000|0.000000|0.000000|1.000000|1.000000|1.000000
m17415500_0000|0|128.000000|0.000000|128.000000|0.000000|0.000000|0.000000|1.000000|1.000000|1.000000
m60_40_54_00-AEG004_240_1007|13|-4.221558|821.822571|-43.164429|11.300958|129.235687|-13.150616|1.000000|1.000000|1.000000
m60_40_54_00-AEG004_240_1009|13|-6.285606|788.858521|-162.475433|18.637239|-164.818512|-7.815167|1.000000|1.000000|1.000000
m60_40_54_00-AEG004_240_1010|13|-127.935661|811.420471|-193.093231|18.260220|54.200020|-73.811920|1.000000|1.000000|1.000000
m60_40_54_00-AEG004_240_1011|13|-222.487427|801.824463|-123.276695|12.859434|80.834999|-1.771904|1.000000|1.000000|1.000000
m60_40_54_00-AEG004_240_1012|13|-19.504822|785.763428|-168.706024|5.187063|101.635765|-12.882076|1.000000|1.000000|1.000000
m60_40_54_00-AEG004_240_1013|13|-23.743652|785.763428|-187.719711|39.913418|59.182285|70.917160|1.000000|1.000000|1.000000
m60_40_54_00-AEG004_252_1068|13|-23.550240|791.212524|-208.999496|2.521651|150.935944|-4.920511|1.000000|1.000000|1.000000
m60_40_54_00-AEG004_252_1069|13|-27.908470|786.637939|-201.797791|2.938128|-107.180237|-9.364038|1.000000|1.000000|1.000000
m60_40_54_00-AEG004_252_1071|13|-89.749969|785.685120|-116.194305|1.366939|3.424674|-8.689466|1.000000|1.000000|1.000000
m60_40_54_00-AEG004_252_1079|13|-246.276642|799.924988|-235.757263|-9.626215|-55.610569|-10.737943|1.000000|1.000000|1.000000
m60_40_54_00-AEG004_252_1084|13|-223.145294|796.794739|-130.812927|-5.007469|124.874901|-5.499756|1.000000|1.000000|1.000000
m60_40_54_00-AEG004_252_1085|13|-206.346436|796.791382|-157.526962|-11.605840|48.695507|14.060465|1.000000|1.000000|1.000000
m60_40_54_00-AEG004_252_1086|13|-205.626068|801.009888|-186.153412|5.311429|-156.049957|2.796881|1.000000|1.000000|1.000000
m60_40_54_00-AEG004_252_1090|13|-95.622070|815.608398|-88.353447|6.280365|9.194016|11.792899|1.000000|1.000000|1.000000
m60_40_54_00-AEG004_252_1091|13|-122.774399|816.996094|-44.994347|-15.214526|-65.049782|3.544869|1.000000|1.000000|1.000000
m60_40_54_00-AEG004_252_1092|13|-135.468048|814.998230|-65.334167|-14.511794|1.128255|-3.073449|1.000000|1.000000|1.000000
m60_40_54_00-AEG004_252_1093|13|-221.306335|800.155945|-221.069092|-2.854306|-61.797661|3.568664|1.000000|1.000000|1.000000
m60_40_54_00-AEG004_252_1095|13|-182.362732|811.229126|-140.718964|-4.338774|-115.662796|6.969334|1.000000|1.000000|1.000000
m60_40_54_00-AEG004_252_1096|13|-207.814331|799.771057|-179.560364|-23.115984|133.562576|-5.785943|1.000000|1.000000|1.000000
m60_40_54_00-AEG004_252_1100|13|-151.907227|815.306702|-87.686127|-17.562601|-29.597000|-8.457514|1.000000|1.000000|1.000000
m60_40_54_00-AEG004_252_1106|13|-145.256775|823.195801|-47.609337|-12.352160|45.784821|2.477637|1.000000|1.000000|1.000000
m60_40_54_00-AEG004_252_1107|13|-132.246323|822.392822|-49.938858|-10.489159|71.715858|-1.032833|1.000000|1.000000|1.000000
m60_40_54_00-AEG004_252_1119|13|-175.112717|817.608826|-94.608047|-3.490820|14.411304|3.265130|1.000000|1.000000|1.000000
m60_40_54_00-AEG004_252_1144|13|-146.103500|810.874268|-171.467224|10.314597|-130.747787|-13.307077|1.000000|1.000000|1.000000
m60_40_54_00-AEG004_252_1145|13|-145.574890|812.064209|-146.701935|-14.640539|115.349701|-12.429131|1.000000|1.000000|1.000000
m60_40_54_00-AEG004_252_1150|13|-42.293716|788.695679|-95.301804|-8.584174|-7.182037|-0.111405|1.000000|1.000000|1.000000
m60_40_54_00-AEG004_252_1152|13|-68.192047|787.686768|-97.464828|-0.925666|1.326614|1.853495|1.000000|1.000000|1.000000
m60_40_54_00-AEG004_252_1153|13|-84.163124|788.109802|-91.894073|1.706318|143.425598|-1.029993|1.000000|1.000000|1.000000
m60_40_54_00-AEG004_252_1155|13|-43.111389|785.658447|-152.908875|-12.267069|45.168079|-1.747531|1.000000|1.000000|1.000000
m60_40_54_00-AEG004_252_1156|13|-106.387024|816.600586|-118.280312|-2.760378|178.193893|-1.014111|1.000000|1.000000|1.000000
m60_40_54_00-AEG004_252_1157|13|-69.837906|784.364624|-188.825241|-4.053557|122.371231|-10.755389|1.000000|1.000000|1.000000
m60_40_54_00-AEG004_252_1158|13|-64.200043|783.263184|-184.423889|5.733506|-140.826904|2.458895|1.000000|1.000000|1.000000
m60_40_54_00-AEG004_252_1159|13|-51.752632|784.266479|-185.667236|8.487766|-6.961721|5.213757|1.000000|1.000000|1.000000
m60_40_54_00-AEG004_252_1175|13|-37.855408|820.785583|-4.609459|-0.403034|-74.665482|13.626420|1.000000|1.000000|1.000000
m60_40_54_00-AEG004_252_1176|13|-25.188278|822.595398|-5.958298|7.596127|-152.076889|-2.903022|1.000000|1.000000|1.000000
m60_40_54_00-AEG004_252_1177|13|-42.744019|790.945251|-88.156891|-2.467381|-145.869598|17.989464|1.000000|1.000000|1.000000
m60_40_54_00-AEG110_200_1000|13|-57.379089|844.435425|-57.810730|0.000000|-94.999992|0.000000|1.000000|1.000000|1.000000
m60_40_54_00-AEG110_201_1001|13|-62.182991|824.459900|-154.484665|11.295519|-81.107559|4.961452|1.000000|1.000000|1.000000
m60_40_54_00-AEG110_201_1004|13|-68.677567|808.376892|-201.981842|-22.322485|94.267761|-19.386839|1.000000|1.000000|1.000000
m60_40_54_00-AEG110_202_1001|13|-55.200195|844.435425|-82.715546|0.000000|-95.000008|0.000000|1.000000|1.000000|1.000000
m60_40_54_00-AEG110_202_1005|13|-68.677567|808.376892|-201.981842|-22.322475|94.267784|-19.386839|1.000000|1.000000|1.000000
m60_40_54_00-AEG110_202_1064|13|-62.183006|824.460022|-154.484619|11.295520|-81.107582|4.961448|1.000000|1.000000|1.000000
m60_40_54_00-AEG110_203_1001|13|-59.557983|844.435425|-32.905853|0.000000|-94.999992|0.000000|1.000000|1.000000|1.000000
m60_40_54_00-AEG110_203_1003|13|-68.677521|808.376892|-201.981873|-22.322535|94.267609|-19.387171|1.000000|1.000000|1.000000
m60_40_54_00-AEG110_203_1005|13|-55.200195|844.435425|-82.715576|0.000000|-94.999992|0.000000|1.000000|1.000000|1.000000
m60_40_54_00-AEG110_203_1007|13|-62.183014|824.460022|-154.484650|11.295522|-81.107597|4.961532|1.000000|1.000000|1.000000
m60_40_54_00-AEG110_267_1001|13|-65.765274|823.108704|-160.414642|10.748451|-75.571518|6.048543|1.000000|1.000000|1.000000
m60_40_54_00-AEG110_267_1002|13|-66.118408|808.536682|-204.277863|-24.102541|94.611641|-20.257307|1.000000|1.000000|1.000000
m60_40_54_00-AEG110_267_1003|13|-62.194397|844.174622|-32.964165|-0.000050|165.000732|-0.000282|1.000000|1.000000|1.000000
m60_40_55_00-AEG004_240_1002|13|-77.173767|829.858826|1.185791|13.823812|-4.699673|-0.418062|1.000000|1.000000|1.000000
m60_40_55_00-AEG004_240_1006|13|-45.397491|829.065308|-0.400925|13.130876|-4.617191|-0.032839|1.000000|1.000000|1.000000
m60_40_55_00-AEG004_252_1011|13|0.623276|843.741211|35.187454|-8.627685|121.937004|0.000000|1.000000|1.000000|1.000000
m60_40_55_00-AEG004_252_1043|13|-132.906403|845.563171|4.812225|-3.180330|-103.418816|-6.003059|1.000000|1.000000|1.000000
m60_40_55_00-AEG004_252_1051|13|-46.917610|835.320618|75.409500|-7.158140|-45.436222|-2.004988|1.000000|1.000000|1.000000
m60_40_55_00-AEG004_252_1065|13|-80.768600|843.977356|30.825089|-13.685651|52.620499|-6.036637|1.000000|1.000000|1.000000
m60_40_55_00-AEG004_252_1159|13|-57.223709|836.741333|72.433334|-5.246886|177.266418|9.414980|1.000000|1.000000|1.000000
m60_40_55_00-AEG004_252_1230|13|-162.339386|848.851257|31.293549|-5.177605|155.201385|1.023135|1.000000|1.000000|1.000000
m60_40_55_00-AEG004_252_1262|13|-26.375641|839.963562|46.214600|4.396054|-69.350105|2.304642|1.000000|1.000000|1.000000
m60_40_55_00-AEG004_252_1263|13|-2.960556|841.608459|45.235718|-10.431206|-109.631889|-5.674172|1.000000|1.000000|1.000000
m60_40_55_00-AEG004_252_1265|13|-147.313965|846.285339|-2.919571|-4.107074|167.254364|1.149494|1.000000|1.000000|1.000000
m60_40_55_00-AEG004_252_1294|13|-5.419060|847.279541|149.600388|1.028326|-6.068803|-0.274452|1.000000|1.000000|1.000000
m60_40_55_00-AEG004_252_1295|13|-125.163551|843.827637|37.113197|2.397315|139.681396|0.532454|1.000000|1.000000|1.000000
m60_40_55_00-AEG004_252_1296|13|-13.709908|845.822266|141.856201|-3.091300|128.998413|-1.389916|1.000000|1.000000|1.000000
m60_40_55_00-AEG004_470_1002|13|-55.499710|839.871338|67.432739|-3.650555|129.509979|8.716497|1.000000|1.000000|1.000000
m60_40_55_00-AEG004_470_1006|13|-68.725952|843.894104|33.539581|-0.000001|95.482689|3.215189|1.000000|1.000000|1.000000
m60_40_55_00-AEG004_470_1012|13|-52.146179|839.090332|71.335968|-2.414348|133.470825|9.689690|1.000000|1.000000|1.000000
m60_40_55_00-AEG004_471_1001|13|-59.027985|843.778259|33.973907|0.000000|-83.088905|-3.898947|1.000000|1.000000|1.000000
m60_40_55_00-AEG004_471_1003|13|-58.565948|840.648071|63.339417|-2.919462|124.436035|6.130588|1.000000|1.000000|1.000000
m60_40_55_00-AEG004_471_1006|13|-55.576797|842.372070|48.241135|0.789078|-69.280128|-6.871710|1.000000|1.000000|1.000000
m60_40_55_00-AEG004_472_1002|13|-69.030823|844.147583|28.271027|-0.000001|91.300804|2.293031|1.000000|1.000000|1.000000
m60_40_55_00-AEG004_472_1007|13|-38.100174|838.095520|69.540802|0.000000|-30.931335|-6.404285|1.000000|1.000000|1.000000
m60_40_55_00-AEG004_472_1018|13|-53.608292|841.703003|52.946030|3.773489|-64.768494|-9.658165|1.000000|1.000000|1.000000
m60_40_55_00-AEG004_472_1019|13|-12.673630|837.061523|84.869522|2.275846|-173.468552|-1.396744|1.000000|1.000000|1.000000
m60_40_55_00-AEG004_473_1000|13|-59.492371|844.091064|28.708282|-0.000000|-86.602142|-2.930780|1.000000|1.000000|1.000000
m60_40_55_00-AEG004_473_1001|13|-61.230957|841.348389|58.807068|-1.740347|118.472786|7.435727|1.000000|1.000000|1.000000
m60_40_55_00-AEG004_473_1002|13|-7.526794|837.340759|83.830780|-0.058248|-163.609360|-3.303837|1.000000|1.000000|1.000000
m60_40_55_00-AEG004_473_1003|13|-42.435837|838.829224|66.654572|6.797009|-35.614990|-7.399789|1.000001|1.000000|1.000000
m60_40_55_00-AEG004_473_1013|13|-39.857788|837.587769|79.143158|2.426821|154.502655|4.570353|1.000000|1.000000|1.000000
m60_40_55_00-AEG004_473_1029|13|-12.933289|837.318542|75.352417|5.818938|10.747547|2.392724|1.000000|1.000000|1.000000
m60_40_55_00-AEG004_474_1005|13|-53.770523|839.503357|69.488266|-3.923826|130.340591|8.687236|1.000000|1.000000|1.000000
m60_40_55_00-AEG004_474_1011|13|-40.381699|838.346985|68.230743|0.000001|144.933868|7.747431|1.000000|1.000000|1.000000
m60_40_55_00-AEG004_474_1012|13|-58.666901|843.584778|36.583771|0.000000|98.913353|4.444048|1.000000|1.000000|1.000000
m60_40_55_00-AEG004_474_1013|13|-59.953552|841.046326|61.196350|-0.000001|121.429222|7.813053|1.000000|1.000000|1.000000
m60_40_55_00-AEG004_474_1014|13|-68.889771|844.145874|30.984406|-0.000000|93.310303|2.736639|1.000000|1.000000|1.000000
m60_40_55_00-AEG004_474_1022|13|-56.419907|842.694824|46.013672|0.789078|-69.280128|-6.871709|1.000000|1.000000|1.000000
m60_40_55_00-AEG004_475_1001|13|-68.592438|843.845764|36.261749|-0.000000|97.995399|3.764992|1.000000|1.000000|1.000000
m60_40_55_00-AEG004_475_1003|13|-59.307617|843.946289|31.338654|-0.000000|94.779175|3.311631|1.000000|1.000000|1.000000
m60_40_55_00-AEG004_475_1006|13|-57.008850|840.231873|65.518890|-9.434947|134.276398|7.259862|1.000000|1.000000|1.000000
m60_40_55_00-AEG004_475_1007|13|-50.397018|838.719421|73.257843|4.101965|-48.897335|-7.496897|1.000000|1.000000|1.000000
m60_40_55_00-AEG004_475_1009|13|-10.041290|837.207336|84.515656|0.085405|-167.961029|4.837003|1.000000|1.000000|1.000000
m60_40_55_00-AEG004_475_1032|13|-54.663193|842.174927|50.544296|-9.678760|-155.402466|-3.719927|1.000000|1.000000|1.000000
m60_40_55_00-AEG004_475_1033|13|-37.692902|837.396057|80.175644|2.426820|154.502640|4.570353|1.000000|1.000000|1.000000
m60_40_55_00-AEG004_475_1072|13|-10.548553|837.419983|74.899765|-8.549684|12.219475|-10.526984|1.000000|1.000000|1.000000
m60_40_55_00-AEG007_380_1001|13|-143.304016|827.077942|87.675461|1.277633|137.030518|1.049973|1.000000|1.000000|1.000000
m60_40_55_00-AEG007_380_1002|13|-225.060104|837.398010|-16.697006|3.797031|34.442986|-178.623123|1.000000|1.000000|1.000000
m60_40_55_00-AEG007_380_1005|13|-249.800644|841.440369|0.796143|-5.419556|61.527267|-0.583217|1.000000|1.000000|1.000000
m60_40_55_00-AEG007_380_1006|13|-32.277214|833.145630|167.410583|0.941337|119.695229|-0.231461|1.000000|1.000000|1.000000
m60_40_55_00-AEG007_380_1010|13|-164.669098|838.824829|75.072472|0.008661|170.363754|-0.008682|1.000000|1.000000|1.000000
m60_40_55_00-AEG007_380_1012|13|-153.823425|837.364319|81.305458|3.013157|-112.712799|4.114842|1.000000|1.000000|1.000000
m60_40_55_00-AEG007_380_1013|13|-63.413986|820.202759|137.127823|5.233719|155.379745|-4.706183|1.000000|1.000000|1.000000
m60_40_55_00-AEG007_380_1016|13|-8.870300|843.721802|207.477142|4.949484|-163.384567|2.741283|1.000000|1.000000|1.000000
m60_40_55_00-AEG007_380_1024|13|-244.646790|731.531311|-4.475189|-3.427055|-65.572845|-4.561763|1.000000|1.000000|1.000000
m60_40_55_00-AEG007_380_1025|13|6.569839|842.462158|197.786621|6.793879|-136.586868|1.002262|1.000000|1.000000|1.000000
m60_40_55_00-AEG007_380_1026|13|-235.512695|734.460938|-18.943069|-5.956126|40.286568|178.450653|1.000000|1.000000|1.000000
m60_40_55_00-AEG007_381_1000|13|-18.781067|825.041992|184.004730|-174.411957|-53.226444|1.708413|1.000000|1.000000|1.000000
m60_40_55_00-AEG007_381_1003|13|-227.468781|768.937073|-15.307144|-0.439223|40.755165|-177.833130|1.000000|1.000000|1.000000
m60_40_55_00-AEG007_381_1004|13|-236.492569|743.236389|-11.967789|10.214544|53.840775|-4.088353|1.000000|1.000000|1.000000
m60_40_55_00-AEG007_381_1007|13|-231.836365|829.074829|-8.342834|-2.032688|34.222065|0.167340|1.000000|1.000000|1.000000
m60_40_55_00-AEG007_381_1008|13|-110.045509|807.015808|110.149719|0.484535|147.177780|-0.000004|1.000000|1.000000|1.000000
m60_40_55_00-AEG007_381_1009|13|-147.702972|813.754883|81.833008|-176.290558|-32.681896|0.287305|1.000000|1.000000|1.000000
m60_40_55_00-AEG007_381_1014|13|-214.560181|833.340149|53.423843|-0.262580|161.691147|1.317243|1.000000|1.000000|1.000000
m60_40_55_00-AEG007_381_1015|13|-240.098419|732.372437|-3.448730|-178.546509|-88.987953|-1.848886|1.000000|1.000000|1.000000
m60_40_55_00-AEG007_381_1019|13|-41.838280|819.357361|153.719360|6.602712|138.999283|-4.479567|1.000000|1.000000|1.000000
m60_40_55_00-AEG007_381_1020|13|-67.690796|802.974976|132.731766|-177.917404|-30.067583|4.955758|1.000000|1.000000|1.000000
m60_40_55_00-AEG007_381_1021|13|-100.222633|795.804810|115.556053|-174.844849|-22.762995|1.270598|1.000000|1.000000|1.000000
m60_40_55_00-AEG007_381_1022|13|-136.854218|801.159180|91.196365|-175.553802|-34.297878|-0.002112|1.000000|1.000000|1.000000
m60_40_55_00-AEG007_381_1023|13|-189.425018|821.975525|63.728699|-171.884644|-15.402676|1.552384|1.000000|1.000000|1.000000
m60_40_55_00-AEG007_381_1024|13|-231.814926|831.033386|26.860435|2.488084|123.032158|-0.002759|1.000000|1.000000|1.000000
m60_40_55_00-AEG110_088_1000|13|-205.118988|853.822510|23.265305|-0.000005|-107.000023|-0.000002|1.000000|1.000000|1.000000
m60_40_55_00-AEG110_200_1000|13|-61.736877|844.435425|-8.000977|0.000000|-94.999992|0.000000|1.000000|1.000000|1.000000
m60_40_55_00-AEG110_203_1000|13|-63.915771|844.435425|16.903885|0.000000|-94.999992|0.000000|1.000000|1.000000|1.000000
m60_41_54_00-AEG004_240_1017|13|10.335381|823.469849|-39.959015|16.906986|-172.618958|3.595248|1.000000|1.000000|1.000000
m60_41_54_00-AEG004_252_1038|13|194.801422|885.064331|-48.085808|-2.179197|28.019768|-2.967772|1.000000|1.000000|1.000000
m60_41_54_00-AEG004_252_1039|13|204.307190|884.505371|-66.984909|-8.381913|134.163239|8.231417|1.000000|1.000000|1.000000
m60_41_54_00-AEG004_252_1070|13|62.500107|829.829590|-104.978241|-6.721175|100.527321|0.953030|1.000000|1.000000|1.000000
m60_41_54_00-AEG004_252_1081|13|221.171616|872.591309|-158.826248|-2.711107|-69.515709|-2.750036|1.000000|1.000000|1.000000
m60_41_54_00-AEG004_252_1093|13|134.492065|852.212158|-153.766571|11.692198|-63.090992|26.033268|1.000000|1.000000|1.000000
m60_41_54_00-AEG004_252_1096|13|243.991608|877.651062|-123.381516|9.952819|-64.210777|9.544783|1.000000|1.000000|1.000000
m60_41_54_00-AEG004_252_1106|13|21.100487|831.758606|-51.868996|-2.778144|105.059593|-12.434287|1.000000|1.000000|1.000000
m60_41_54_00-AEG004_252_1109|13|116.846115|851.921265|-66.495667|-4.730681|100.766235|0.008906|1.000000|1.000000|1.000000
m60_41_54_00-AEG004_252_1110|13|78.958885|832.899902|-101.665344|6.148399|-144.130264|3.158554|1.000000|1.000000|1.000000
m60_41_54_00-AEG004_252_1120|13|208.354324|888.263550|-34.690071|-1.160497|146.364319|-0.000000|1.000000|1.000000|1.000000
m60_41_54_00-AEG004_252_1123|13|176.792847|869.386902|-84.379135|-19.479822|131.342468|-12.073628|1.000000|1.000000|1.000000
m60_41_54_00-AEG004_252_1124|13|206.726135|891.673767|-7.710312|-9.483807|-13.999719|5.288507|1.000000|1.000000|1.000000
m60_41_54_00-AEG004_252_1126|13|36.914833|799.794189|-219.488556|1.785248|-112.181175|-0.678164|1.000000|1.000000|1.000000
m60_41_54_00-AEG004_252_1133|13|59.866943|806.275818|-218.438904|6.369102|-145.139984|-5.875985|1.000000|1.000000|1.000000
m60_41_54_00-AEG004_252_1134|13|135.850616|859.773560|-80.794769|-1.983281|-174.456360|-4.818737|1.000000|1.000000|1.000000
m60_41_54_00-AEG004_252_1135|13|125.537369|856.358948|-81.337311|3.584265|-152.498932|-1.016140|1.000000|1.000000|1.000000
m60_41_54_00-AEG004_252_1141|13|206.475769|873.353333|-107.571548|4.264414|-104.069214|-1.164983|1.000000|1.000000|1.000000
m60_41_54_00-AEG004_252_1142|13|228.260620|883.840759|-82.071373|8.582459|-146.362564|0.137673|1.000000|1.000000|1.000000
m60_41_54_00-AEG004_252_1143|13|236.706787|873.100342|-124.103783|6.491384|-176.991028|-15.516871|1.000000|1.000000|1.000000
m60_41_54_00-AEG004_252_1144|13|156.987183|865.040100|-61.330078|11.300955|-94.407326|12.797647|1.000000|1.000000|1.000000
m60_41_54_00-AEG004_252_1147|13|244.832153|905.111877|-28.017784|-1.555593|138.434982|5.594197|1.000000|1.000000|1.000000
m60_41_54_00-AEG004_252_1151|13|253.116699|905.030334|-69.794449|-0.166451|102.966072|0.516285|1.000000|1.000000|1.000000
m60_41_54_00-AEG004_252_1152|13|249.881927|902.361816|-66.594841|4.620538|-108.529915|-9.126954|1.000000|1.000000|1.000000
m60_41_54_00-AEG004_252_1169|13|236.449524|899.291626|-35.957039|-12.952552|49.478756|-0.358857|1.000000|1.000000|1.000000
m60_41_54_00-AEG004_252_1170|13|226.954239|891.245300|-58.958801|19.638840|-101.810005|-14.248136|1.000000|1.000000|1.000000
m60_41_54_00-AEG004_252_1171|13|195.167175|880.113464|-71.181030|2.093672|-177.335861|-19.843395|1.000000|1.000000|1.000000
m60_41_54_00-AEG004_252_1172|13|148.876266|862.673218|-106.448448|-1.123920|-35.466099|-2.643503|1.000000|1.000000|1.000000
m60_41_54_00-AEG004_252_1175|13|81.982033|820.376770|-168.240234|17.301685|-96.156570|10.595508|1.000000|1.000000|1.000000
m60_41_54_00-AEG004_252_1176|13|94.938232|838.537781|-117.917046|-0.051609|46.496788|1.524362|1.000000|1.000000|1.000000
m60_41_54_00-AEG004_252_1177|13|52.467690|797.418823|-244.550156|-6.785439|13.435803|9.692776|1.000000|1.000000|1.000000
m60_41_54_00-AEG004_252_1178|13|133.239822|787.567078|-243.983841|9.664743|156.866516|2.191754|1.000000|1.000000|1.000000
m60_41_54_00-AEG004_252_1179|13|216.992355|799.370544|-245.648102|-13.284539|134.052002|-18.789759|1.000000|1.000000|1.000000
m60_41_54_00-AEG004_252_1182|13|203.376511|869.708557|-186.566101|-8.837989|113.094238|5.230641|1.000000|1.000000|1.000000
m60_41_54_00-AEG004_252_1184|13|86.194550|842.090942|-42.356865|4.835910|175.007614|-7.765827|1.000000|1.000000|1.000000
m60_41_54_00-AEG004_252_1185|13|43.783401|837.880066|-30.151070|-0.673983|-111.047234|7.573733|1.000000|1.000000|1.000000
m60_41_54_00-AEG004_252_1186|13|4.242699|827.014526|-10.349861|-3.039718|116.333015|-8.812486|1.000000|1.000000|1.000000
m60_41_54_00-AEG004_252_1187|13|43.041168|841.503479|-12.637970|-12.660311|-21.260506|6.925399|1.000000|1.000000|1.000000
m60_41_54_00-AEG004_252_1188|13|89.966782|838.781128|-139.334442|1.897209|-27.096663|3.146260|1.000000|1.000000|1.000000
m60_41_54_00-AEG004_252_1189|13|92.159485|838.175720|-96.689140|-2.397150|163.755432|3.563338|1.000000|1.000000|1.000000
m60_41_54_00-AEG004_470_1000|13|168.307053|865.727661|-103.327438|2.289975|-137.938034|-2.430266|1.000000|1.000000|1.000000
m60_41_54_00-AEG004_470_1005|13|218.583008|871.996338|-142.793381|8.152760|10.441786|9.212695|1.000000|1.000000|1.000000
m60_41_54_00-AEG004_470_1007|13|160.923584|865.689575|-109.602264|-1.798334|44.183277|1.193179|1.000000|1.000000|1.000000
m60_41_54_00-AEG004_470_1008|13|126.703972|860.014893|-19.465729|8.013643|-114.575485|-1.230515|1.000000|1.000000|1.000000
m60_41_54_00-AEG004_470_1009|13|128.894211|860.132507|-24.286545|10.053929|-113.644806|-2.034459|1.000000|1.000000|1.000000
m60_41_54_00-AEG004_470_1010|13|178.130753|866.644775|-123.545471|-2.616006|37.511196|4.509128|1.000000|1.000000|1.000000
m60_41_54_00-AEG004_471_1000|13|140.843262|861.764343|-53.245445|-0.000000|-110.540894|-5.362709|1.000000|1.000000|1.000000
m60_41_54_00-AEG004_471_1002|13|172.299133|865.947388|-106.765732|1.354099|-140.385193|-2.644154|1.000000|1.000000|1.000000
m60_41_54_00-AEG004_471_1004|13|217.298874|871.437073|-132.774658|1.901224|-166.379578|-7.904288|1.000000|1.000000|1.000000
m60_41_54_00-AEG004_471_1005|13|107.020721|859.392029|-1.860115|-0.000000|64.143990|3.498930|1.000000|1.000000|1.000000
m60_41_54_00-AEG004_471_1009|13|213.376480|871.209595|-141.629852|5.343012|11.982623|8.190872|1.000000|1.000000|1.000000
m60_41_54_00-AEG004_471_1010|13|173.961151|866.270752|-120.297859|-2.712329|39.268272|4.201577|1.000000|1.000000|1.000000
m60_41_54_00-AEG004_471_1011|13|240.685867|875.727844|-135.567337|6.030674|-177.853607|-13.141334|1.000000|1.000000|1.000000
m60_41_54_00-AEG004_471_1012|13|257.163147|879.646790|-136.683395|7.323138|-171.860443|-13.180581|1.000000|1.000000|1.000000
m60_41_54_00-AEG004_472_1000|13|164.511566|865.559021|-99.688683|2.826824|-134.294189|-1.970757|1.000000|1.000000|1.000000
m60_41_54_00-AEG004_472_1001|13|211.885712|870.617188|-131.362717|3.345946|-163.883148|-7.689425|1.000000|1.000000|1.000000
m60_41_54_00-AEG004_472_1003|13|138.940277|861.309265|-48.315971|-0.000000|-110.869804|-5.139890|1.000000|1.000000|1.000000
m60_41_54_00-AEG004_472_1004|13|109.352982|859.694702|-6.616066|-0.000000|63.514900|3.136807|1.000000|1.000000|1.000000
m60_41_54_00-AEG004_472_1007|13|223.928070|872.790649|-143.669449|4.674226|7.300745|7.616917|1.000000|1.000000|1.000000
m60_41_54_00-AEG004_472_1009|13|133.961945|861.873657|-60.906540|15.881475|-114.540657|-4.550451|1.000000|1.000000|1.000000
m60_41_54_00-AEG004_472_1011|13|164.817871|865.765625|-113.124451|-2.822462|40.295082|1.115097|1.000000|1.000000|1.000000
m60_41_54_00-AEG004_472_1012|13|124.444748|859.911255|-14.921745|6.832950|-117.135857|-1.931155|1.000000|1.000000|1.000000
m60_41_54_00-AEG004_472_1013|13|182.310593|867.076538|-126.648239|-1.926728|36.186054|5.856477|1.000000|1.000000|1.000000
m60_41_54_00-AEG004_472_1014|13|235.835114|874.643188|-135.404800|2.947090|-176.429565|-10.856338|1.000000|1.000000|1.000000
m60_41_54_00-AEG004_472_1015|13|245.726410|876.780823|-135.737854|0.979367|1.481632|11.096244|1.000000|1.000000|1.000000
m60_41_54_00-AEG004_472_1016|13|235.909851|875.030396|-144.874374|7.248443|2.960979|11.656291|1.000000|1.000000|1.000000
m60_41_54_00-AEG004_472_1033|13|157.315552|865.390747|-106.054420|3.514652|-134.909348|-3.812811|1.000000|1.000000|1.000000
m60_41_54_00-AEG004_473_1003|13|120.095200|859.891541|-27.656441|-0.019800|63.544479|-0.496679|1.000000|1.000000|1.000000
m60_41_54_00-AEG004_473_1004|13|243.854279|876.658997|-145.114502|5.397270|0.361061|12.135524|1.000000|1.000000|1.000000
m60_41_54_00-AEG004_473_1006|13|130.906494|861.331726|-53.927101|-3.448961|68.591187|5.116905|1.000000|1.000000|1.000000
m60_41_54_00-AEG004_473_1009|13|133.069138|860.330750|-32.510597|9.369845|-113.153053|-4.719155|1.000000|1.000000|1.000000
m60_41_54_00-AEG004_473_1010|13|136.219116|862.432861|-66.270142|22.445339|-103.970551|-4.853679|1.000000|1.000000|1.000000
m60_41_54_00-AEG004_473_1011|13|202.028778|869.565002|-137.804306|1.275715|22.551365|7.712459|1.000000|1.000000|1.000000
m60_41_54_00-AEG004_473_1012|13|230.863464|873.992310|-144.520691|7.735873|4.902372|10.781863|1.000000|1.000000|1.000000
m60_41_54_00-AEG004_474_1000|13|214.653564|871.065613|-132.182434|2.161536|-165.126099|-8.748568|1.000000|1.000000|1.000000
m60_41_54_00-AEG004_474_1001|13|174.395569|866.031433|-108.486465|0.000001|-141.201492|-2.857861|1.000000|1.000000|1.000000
m60_41_54_00-AEG004_474_1002|13|166.397064|865.560303|-101.626465|-0.000000|-136.306747|-2.423745|1.000000|1.000000|1.000000
m60_41_54_00-AEG004_474_1003|13|139.887146|861.661865|-50.846680|-0.000000|-110.710815|-5.294089|1.000000|1.000000|1.000000
m60_41_54_00-AEG004_474_1010|13|105.936646|859.293396|0.525513|-6.909601|64.411659|7.073508|1.000000|1.000000|1.000000
m60_41_54_00-AEG004_474_1012|13|215.908173|871.619385|-142.269974|7.307483|14.918269|8.482687|1.000000|1.000000|1.000000
m60_41_54_00-AEG004_474_1015|13|125.692627|859.987976|-17.251839|3.684150|-118.227608|2.420509|1.000000|1.000000|1.000000
m60_41_54_00-AEG004_474_1016|13|127.787788|860.068237|-21.870544|0.251351|152.016953|-5.795060|1.000000|1.000000|1.000000
m60_41_54_00-AEG004_474_1017|13|171.848175|866.162537|-118.646790|-2.536319|36.195499|3.846352|1.000000|1.000000|1.000000
m60_41_54_00-AEG004_474_1018|13|238.353210|875.228455|-135.527771|3.653823|179.935715|-13.520720|1.000000|1.000000|1.000000
m60_41_54_00-AEG004_474_1019|13|254.625870|879.080750|-136.311798|6.068842|-174.046097|-13.973023|1.000000|1.000000|1.000000
m60_41_54_00-AEG004_475_1000|13|141.801575|862.209534|-55.762695|-0.000001|-110.352654|-5.355040|1.000000|1.000000|1.000000
m60_41_54_00-AEG004_475_1002|13|162.731476|865.329285|-97.864746|-0.000000|-132.022217|-2.613863|1.000000|1.000000|1.000000
m60_41_54_00-AEG004_475_1004|13|170.305511|865.785889|-105.154297|-0.000000|-139.335526|-2.505275|1.000000|1.000000|1.000000
m60_41_54_00-AEG004_475_1005|13|108.192825|859.647888|-4.222168|-0.000000|-116.080750|-2.282545|1.000000|1.000000|1.000000
m60_41_54_00-AEG004_475_1013|13|210.728653|870.874939|-141.114761|5.056773|9.903609|7.021079|1.000000|1.000000|1.000000
m60_41_54_00-AEG004_475_1014|13|221.214523|872.452393|-143.347885|7.651860|-79.743904|-6.334290|1.000000|1.000000|1.000000
m60_41_54_00-AEG004_475_1015|13|244.010437|876.730957|-145.128098|12.187955|-88.501083|-5.276322|1.000000|1.000000|1.000000
m60_41_54_00-AEG004_475_1017|13|131.182602|861.440735|-54.638031|-3.448960|68.591202|5.116905|1.000000|1.000000|1.000000
m60_41_54_00-AEG004_475_1018|13|135.063354|862.250305|-63.317032|14.876564|-114.385376|-5.517687|1.000000|1.000000|1.000000
m60_41_54_00-AEG004_475_1020|13|162.820709|865.759460|-111.481155|2.057226|-139.334000|-2.589623|1.000000|1.000000|1.000000
m60_41_54_00-AEG004_475_1021|13|129.904587|860.251831|-26.607292|10.053927|-113.644829|-2.034461|1.000000|1.000000|1.000000
m60_41_54_00-AEG004_475_1022|13|134.175415|860.439758|-34.914551|-4.437354|155.959778|-10.649000|1.000000|1.000000|1.000000
m60_41_54_00-AEG004_475_1023|13|175.974777|866.491699|-121.900925|-2.094052|38.016205|3.135002|1.000000|1.000000|1.000000
m60_41_54_00-AEG004_475_1024|13|180.198242|866.903076|-125.085358|-2.579724|34.093987|3.871734|1.000000|1.000000|1.000000
m60_41_54_00-AEG004_475_1025|13|219.851807|871.886780|-133.401917|1.967833|-164.338989|-9.281044|1.000000|1.000000|1.000000
m60_41_54_00-AEG004_475_1026|13|243.053070|876.310730|-135.625290|6.216211|-179.182053|-13.214568|1.000000|1.000000|1.000000
m60_41_54_00-AEG004_475_1027|13|233.240387|874.511169|-144.737518|-8.631699|179.967789|-11.129226|1.000000|1.000000|1.000000
m60_41_54_00-AEG004_475_1028|13|259.657837|880.266113|-137.058716|6.372594|-173.154510|-13.555742|1.000000|1.000000|1.000000
m60_41_54_00-AEG004_475_1073|13|159.088318|865.663635|-107.856201|-4.638245|135.241501|-1.493120|1.000000|1.000000|1.000000
m60_41_54_00-AEG004_737_1006|13|54.731789|824.210327|-125.231369|14.378067|170.739212|-21.876999|1.000000|1.000000|1.000000
m60_41_54_00-AEG004_737_1007|13|63.064194|824.831360|-128.747910|-6.605938|-24.348593|18.059839|1.000000|1.000000|1.000000
m60_41_54_00-AEG004_738_1086|13|71.319824|826.462097|-130.452347|13.888942|-176.997772|-10.308405|1.000000|1.000000|1.000000
m60_41_54_00-AEG004_738_1087|13|53.540787|825.381409|-121.798782|21.120502|-158.992569|-0.682852|1.000000|1.000000|1.000000
m60_41_54_00-AEG004_738_1088|13|64.459625|825.836365|-126.059303|19.305010|-145.875244|-4.741803|1.000000|1.000000|1.000000
m60_41_54_00-AEG004_739_1093|13|49.813156|823.538086|-125.164017|17.078720|-174.828293|-6.042998|1.000000|1.000000|1.000000
m60_41_54_00-AEG004_739_1094|13|67.032715|825.698364|-129.361130|19.139254|-146.995499|-4.908859|1.000000|1.000000|1.000000
m60_41_54_00-AEG004_746_1009|13|74.560867|827.003662|-132.358185|20.349180|-156.009308|-9.801460|1.000000|1.000000|1.000000
m60_41_54_00-AEG004_746_1010|13|49.339226|825.220215|-121.251587|18.086887|-175.793304|0.255121|1.000000|1.000000|1.000000
m60_41_54_00-AEG110_085_1000|13|59.786316|825.484070|-124.225586|-0.000019|23.258892|-0.000000|1.000000|1.000000|1.000000
m60_41_54_00-AEG110_087_2001|13|219.647522|888.090332|-55.565430|0.000000|92.499992|0.000000|1.000000|1.000000|1.000000
m60_41_54_00-AEG110_087_2004|13|193.567245|880.745483|-59.823685|0.000000|80.000008|0.000000|1.000000|1.000000|1.000000
m60_41_54_00-AEG110_087_2006|13|231.674011|894.035278|-56.120117|0.000000|92.499992|0.000000|1.000000|1.000000|1.000000
m60_41_54_00-AEG110_087_2009|13|246.376160|901.219666|-55.940628|0.000000|80.000008|0.000000|1.000000|1.000000|1.000000
m60_41_54_00-AEG110_087_2011|13|175.183838|871.119995|-69.207603|0.000000|45.749535|0.000000|1.000000|1.000000|1.000000
m60_41_54_00-AEG110_274_2000|13|199.576965|886.686157|-58.854492|0.000000|74.999985|0.000000|1.000000|1.000000|1.000000
m60_41_55_00-AEG004_252_1112|13|146.050934|864.163696|-12.944611|11.429584|-169.304840|-2.626757|1.000000|1.000000|1.000000
m60_41_55_00-AEG004_252_1145|13|142.644135|861.796387|-16.542297|-9.190210|78.800613|-4.587941|1.000000|1.000000|1.000000
m60_41_55_00-AEG004_252_1150|13|101.703659|857.538818|42.188614|3.786876|-128.615051|-15.064641|1.000000|1.000000|1.000000
m60_41_55_00-AEG004_252_1160|13|24.035324|842.898926|114.333328|0.340772|168.045502|-5.606828|1.000000|1.000000|1.000000
m60_41_55_00-AEG004_252_1249|13|149.620880|867.068359|-5.738220|-2.958555|1.267025|5.484754|1.000000|1.000000|1.000000
m60_41_55_00-AEG004_252_1250|13|139.443069|868.539673|46.309341|-0.003413|-71.622475|2.265441|1.000000|1.000000|1.000000
m60_41_55_00-AEG004_252_1266|13|58.651619|846.171143|59.455917|5.453360|-101.218689|1.988378|1.000000|1.000000|1.000000
m60_41_55_00-AEG004_252_1284|13|75.599495|852.623901|2.508232|3.453561|6.322953|3.889302|1.000000|1.000000|1.000000
m60_41_55_00-AEG004_252_1285|13|26.512314|845.348877|2.044724|-7.151511|92.700752|9.874901|1.000000|1.000000|1.000000
m60_41_55_00-AEG004_470_1003|13|6.353577|838.678284|75.655838|-1.231251|-140.127075|-6.045258|1.000000|1.000000|1.000000
m60_41_55_00-AEG004_470_1004|13|108.197639|858.672607|17.183121|9.438475|-118.278793|-3.147074|1.000000|1.000000|1.000000
m60_41_55_00-AEG004_470_1005|13|47.892456|847.914978|37.708496|-0.000002|20.745369|11.366938|1.000000|1.000000|1.000000
m60_41_55_00-AEG004_470_1006|13|92.295700|856.653503|25.056473|-4.526331|47.130280|8.855751|1.000000|1.000000|1.000000
m60_41_55_00-AEG004_470_1013|13|69.380630|851.691833|42.391510|1.604056|-175.516174|-12.595639|1.000000|1.000000|1.000000
m60_41_55_00-AEG004_470_1014|13|93.419052|856.139832|35.830017|4.867876|-148.821930|-7.824676|1.000000|1.000000|1.000000
m60_41_55_00-AEG004_471_1006|13|11.147095|840.747742|57.626953|-0.000000|40.073853|8.202949|1.000000|1.000000|1.000000
m60_41_55_00-AEG004_471_1007|13|10.057632|839.298401|72.094269|2.693292|-134.363815|-6.632867|1.000000|1.000000|1.000000
m60_41_55_00-AEG004_471_1008|13|52.824692|848.960693|35.970215|-0.000000|17.860489|11.305848|1.000000|1.000000|1.000000
m60_41_55_00-AEG004_471_1014|13|36.812721|844.478577|52.709030|-2.070578|-152.462479|-11.284109|1.000000|1.000000|1.000000
m60_41_55_00-AEG004_471_1015|13|99.658943|858.225525|13.427185|-3.567242|64.111038|5.814594|1.000000|1.000000|1.000000
m60_41_55_00-AEG004_472_1005|13|2.307243|838.164307|78.836060|3.317477|-142.739197|-5.739684|1.000000|1.000000|1.000000
m60_41_55_00-AEG004_472_1006|13|15.295776|841.518738|54.354004|-0.000001|36.598537|8.527791|1.000000|1.000000|1.000000
m60_41_55_00-AEG004_472_1008|13|95.437439|857.392578|20.960556|-3.125515|58.297802|7.453815|1.000000|1.000000|1.000000
m60_41_55_00-AEG004_472_1020|13|64.160263|850.534790|42.914917|2.441819|-172.051636|-12.164075|1.000000|1.000000|1.000000
m60_41_55_00-AEG004_472_1021|13|57.419479|849.857178|34.833801|4.567130|8.042068|10.984201|1.000000|1.000000|1.000000
m60_41_55_00-AEG004_472_1022|13|97.638489|856.827026|32.746445|-6.286924|44.619419|5.821071|1.000000|1.000000|1.000000
m60_41_55_00-AEG004_472_1032|13|-0.386169|838.371887|70.180679|0.138702|-140.742630|-6.702529|1.000000|1.000000|1.000000
m60_41_55_00-AEG004_472_1092|13|105.487923|858.113342|21.758881|3.407774|-124.652084|-4.766500|1.000000|1.000000|1.000000
m60_41_55_00-AEG004_473_1000|13|43.731453|847.052368|39.451035|2.245712|23.374140|9.606361|1.000000|1.000000|1.000000
m60_41_55_00-AEG004_473_1001|13|89.491455|855.581482|38.057846|11.239869|-156.683624|-8.881377|1.000000|1.000000|1.000000
m60_41_55_00-AEG004_473_1005|13|88.674751|855.775635|28.588089|-3.138354|38.666924|11.293144|1.000000|1.000000|1.000000
m60_41_55_00-AEG004_473_1014|13|28.976524|842.721375|56.958008|-10.125734|-145.236801|-9.436193|1.000000|1.000000|1.000000
m60_41_55_00-AEG004_473_1015|13|35.011971|845.369995|43.083862|8.510056|22.180084|10.125455|1.000000|1.000000|1.000000
m60_41_55_00-AEG004_473_1016|13|74.155563|852.744873|42.031494|1.596734|-175.551514|-11.358476|1.000000|1.000000|1.000000
m60_41_55_00-AEG004_473_1028|13|3.470901|839.163635|66.653976|1.294048|45.254902|5.394239|1.000000|1.000000|1.000000
m60_41_55_00-AEG004_474_1006|13|4.314575|838.472900|77.189072|0.751813|-140.543961|-5.410944|1.000000|1.000000|1.000000
m60_41_55_00-AEG004_474_1007|13|8.260239|839.014648|73.984741|-1.050745|-140.077454|-5.904044|1.000000|1.000000|1.000000
m60_41_55_00-AEG004_474_1009|13|50.344315|848.437073|36.830078|-0.000000|-160.364426|-11.400049|1.000000|1.000000|1.000000
m60_41_55_00-AEG004_474_1010|13|45.461105|847.393860|38.676270|-0.000001|-158.255280|-11.200989|1.000000|1.000000|1.000000
m60_41_55_00-AEG004_474_1013|13|93.996780|857.091248|23.202194|-6.701863|47.201042|9.266219|1.000000|1.000000|1.000000
m60_41_55_00-AEG004_474_1023|13|66.834496|851.170532|42.644501|1.151706|-177.673523|-12.743438|1.000000|1.000000|1.000000
m60_41_55_00-AEG004_474_1028|13|1.582817|838.774963|68.526230|3.238302|40.727768|4.530246|1.000000|1.000000|1.000000
m60_41_55_00-AEG004_474_1091|13|109.436058|858.859070|14.843689|6.206429|-118.644432|-0.596195|1.000000|1.000000|1.000000
m60_41_55_00-AEG004_475_1008|13|13.203201|841.128662|55.978516|-0.000001|-141.578293|-8.347444|1.000000|1.000000|1.000000
m60_41_55_00-AEG004_475_1009|13|55.343849|849.546265|35.097061|-4.531137|-164.641815|-12.453801|1.000000|1.000000|1.000000
m60_41_55_00-AEG004_475_1010|13|95.666824|856.643250|34.526031|-8.168145|27.060917|5.528219|1.000000|1.000000|1.000000
m60_41_55_00-AEG004_475_1011|13|91.179932|855.940063|37.169312|9.666002|-153.704712|-6.046402|1.000000|1.000000|1.000000
m60_41_55_00-AEG004_475_1012|13|106.966553|858.577393|19.459579|9.818587|-118.003784|-5.096319|1.000000|1.000000|1.000000
m60_41_55_00-AEG004_475_1016|13|90.559555|856.239990|27.075546|-3.263428|37.818745|9.244826|1.000000|1.000000|1.000000
m60_41_55_00-AEG004_475_1034|13|39.076141|845.062073|51.540970|-1.496143|-156.826462|-12.593675|1.000000|1.000000|1.000000
m60_41_55_00-AEG004_475_1035|13|28.979668|842.758484|56.872391|-13.079685|126.449341|16.164106|1.000000|1.000000|1.000000
m60_41_55_00-AEG004_475_1036|13|34.612030|844.026917|53.858231|-11.291284|117.942871|2.030533|1.000000|1.000000|1.000000
m60_41_55_00-AEG004_475_1037|13|37.118202|845.806580|42.243668|-6.189450|-165.071655|-9.276621|1.000000|1.000000|1.000000
m60_41_55_00-AEG004_475_1038|13|71.847122|852.295349|42.196686|1.604057|-175.516174|-12.595639|1.000000|1.000000|1.000000
m60_41_55_00-AEG004_475_1039|13|98.583839|858.066833|15.542084|3.241115|-114.704491|-2.813472|1.000000|1.000000|1.000000
m60_41_55_00-AEG004_475_1040|13|100.802994|858.595215|11.055527|-3.576342|64.191933|7.103070|1.000000|1.000000|1.000000
m60_41_55_00-AEG004_475_1090|13|11.912773|839.644775|70.255188|-0.952789|-139.696228|-7.259644|1.000000|1.000000|1.000000
m60_41_55_00-AEG007_380_1001|13|62.720245|830.318909|84.286064|5.120326|-113.088531|-0.788549|1.000000|1.000000|1.000000
m60_41_55_00-AEG007_380_1002|13|194.969254|865.868164|44.108551|4.253487|-110.149117|-7.322670|1.000000|1.000000|1.000000
m60_41_55_00-AEG007_380_1005|13|47.172188|830.859131|123.047676|4.810100|-106.224014|-1.012038|1.000000|1.000000|1.000000
m60_41_55_00-AEG007_380_1006|13|151.917496|857.982300|64.584999|7.670139|-170.737656|-1.170451|1.000000|1.000000|1.000000
m60_41_55_00-AEG007_380_1010|13|25.785782|842.981018|188.712311|5.496492|-153.465271|-0.674089|1.000000|1.000000|1.000000
m60_41_55_00-AEG007_380_1012|13|50.948654|829.161072|110.930099|3.377698|-111.943977|2.210012|1.000000|1.000000|1.000000
m60_41_55_00-AEG007_380_1013|13|109.456871|846.066406|72.834732|2.643889|-151.615112|-3.653050|1.000000|1.000000|1.000000
m60_41_55_00-AEG007_380_1015|13|189.081146|863.792236|59.127029|1.671788|-100.962479|-6.300010|1.000000|1.000000|1.000000
m60_41_55_00-AEG007_380_1016|13|44.408997|830.458130|134.473862|179.393753|75.923569|-2.117558|1.000000|1.000000|1.000000
m60_41_55_00-AEG007_380_1017|13|145.558136|853.251892|65.630661|-179.047516|2.355542|2.619468|1.000000|1.000000|1.000000
m60_41_55_00-AEG007_380_1018|13|32.739822|836.030579|185.861816|179.962173|23.374420|1.192069|1.000000|1.000000|1.000000
m60_41_55_00-AEG007_380_1020|13|164.472580|860.513062|64.534790|6.727333|-166.528641|-3.292089|1.000000|1.000000|1.000000
m60_41_55_00-AEG007_380_1022|13|44.694649|838.888794|163.875076|5.559970|-84.332153|-0.004281|1.000000|1.000000|1.000000
m60_41_55_00-AEG007_380_1023|13|36.971939|840.920715|183.433884|7.384325|-136.933914|0.912131|1.000000|1.000000|1.000000
m60_41_55_00-AEG007_381_1000|13|57.330772|819.253662|95.502747|8.187374|-107.200653|0.755556|1.000000|1.000000|1.000000
m60_41_55_00-AEG007_381_1003|13|116.321594|832.639038|69.625275|179.060669|30.561850|2.281748|1.000000|1.000000|1.000000
m60_41_55_00-AEG007_381_1004|13|40.984741|830.505249|174.980164|3.724885|-105.509048|0.038659|1.000000|1.000000|1.000000
m60_41_55_00-AEG007_381_1007|13|183.896164|855.375549|58.245453|-1.729095|-173.444244|-8.221140|1.000000|1.000000|1.000000
m60_41_55_00-AEG007_381_1008|13|172.121597|853.147766|61.625290|-3.586730|34.308136|-2.600407|1.000000|1.000000|1.000000
m60_41_55_00-AEG007_381_1009|13|54.100952|816.056274|103.688034|177.269974|68.436317|-0.630512|1.000000|1.000000|1.000000
m60_41_55_00-AEG007_381_1014|13|124.785568|842.307190|64.175110|4.570096|-163.531525|-2.623170|1.000000|1.000000|1.000000
m60_41_55_00-AEG007_381_1015|13|190.272888|853.248108|52.981911|4.994595|-100.751701|-4.414756|1.000000|1.000000|1.000000
m60_41_55_00-AEG007_381_1019|13|203.245926|847.542236|27.019463|6.666224|-107.042259|1.369043|1.000000|1.000000|1.000000
m60_41_55_00-AEG007_381_1020|13|88.112595|826.617493|75.689362|-178.788300|17.970610|-0.273326|1.000000|1.000000|1.000000
m60_41_55_00-AEG007_381_1021|13|16.967400|834.332214|190.965469|5.531424|-156.683685|-0.383114|1.000000|1.000000|1.000000
m60_41_55_00-AEG007_381_1022|13|158.489166|837.288574|63.802948|-178.162674|6.626544|2.039541|1.000000|1.000000|1.000000
m60_41_55_00-AEG007_381_1023|13|207.821457|851.667664|16.925514|-179.248535|73.722992|-1.279849|1.000000|1.000000|1.000000
m60_41_55_00-AEG007_381_1024|13|36.979668|819.094421|182.361298|-178.250214|57.652699|-1.923731|1.000000|1.000000|1.000000
m60_41_55_00-AEG007_381_1025|13|43.938698|818.882080|167.554504|175.506317|15.102151|-1.434881|1.000000|1.000000|1.000000
m60_41_55_00-AEG110_088_1001|13|-0.126450|850.136108|152.353088|0.000000|-41.512268|-0.000000|1.000000|1.000000|1.000000
m60_41_55_00-AEG110_088_1018|13|179.994965|876.644287|13.990387|-0.000005|73.000000|-0.000002|1.000000|1.000000|1.000000
m60_41_55_00-AEG110_088_1019|13|170.207886|876.675415|44.297981|0.012267|5.240647|0.002076|1.000000|1.000000|1.000000
