m00484000_0000|0|-128.000000|0.000000|-128.000000|0.000000|0.000000|0.000000|1.000000|1.000000|1.000000
m01484100_0000|0|-128.000000|0.000000|128.000000|0.000000|0.000000|0.000000|1.000000|1.000000|1.000000
m10494000_0000|0|128.000000|0.000000|-128.000000|0.000000|0.000000|0.000000|1.000000|1.000000|1.000000
m10494001_0000|0|128.000000|0.000000|-128.000000|0.000000|0.000000|0.000000|1.000000|1.000000|1.000000
m11494100_0000|0|128.000000|0.000000|128.000000|0.000000|0.000000|0.000000|1.000000|1.000000|1.000000
m60_48_40_00-AEG004_005_1000|13|-239.276031|116.408775|-29.581848|3.334111|62.788269|-2.921441|1.000000|1.000000|1.000000
m60_48_40_00-AEG004_005_1001|13|-65.185318|114.611420|-138.816879|10.535644|0.000076|-0.000005|1.000000|1.000000|1.000000
m60_48_40_00-AEG004_005_1002|13|-59.638535|113.873291|-130.424957|-0.000005|-28.578423|-0.000005|1.000000|1.000000|1.000000
m60_48_40_00-AEG004_005_1003|13|-80.202721|114.546112|-138.957565|14.568544|5.371556|2.011199|1.000000|1.000000|1.000000
m60_48_40_00-AEG004_005_1004|13|-97.100998|113.978058|-127.854149|-0.784220|7.567707|-1.020312|1.000000|1.000000|1.000000
m60_48_40_00-AEG004_005_1005|13|-134.962509|113.996620|-123.773201|2.610712|-0.096093|0.146967|1.000000|1.000000|1.000000
m60_48_40_00-AEG004_005_1006|13|-109.974182|114.033623|-124.380470|7.675775|0.000076|0.701510|1.000000|1.000000|1.000000
m60_48_40_00-AEG004_005_1007|13|-149.919510|114.128036|-114.966141|4.345963|166.357773|-0.719948|1.000000|1.000000|1.000000
m60_48_40_00-AEG004_005_1008|13|-167.282440|114.183022|-117.452278|7.286087|27.758623|1.670646|1.000000|1.000000|1.000000
m60_48_40_00-AEG004_005_1009|13|-185.328400|114.325859|-110.368301|-9.033245|159.796631|3.469336|1.000000|1.000000|1.000000
m60_48_40_00-AEG004_005_1010|13|-195.617828|114.205894|-92.503067|-4.944624|0.156679|1.810555|1.000000|1.000000|1.000000
m60_48_40_00-AEG004_005_1011|13|-218.221436|114.252869|-77.904930|5.590178|36.323132|-1.780321|1.000000|1.000000|1.000000
m60_48_40_00-AEG004_005_1012|13|-225.908020|115.425293|-48.435844|2.772287|-112.345139|2.006472|1.000000|1.000000|1.000000
m60_48_40_00-AEG004_005_1013|13|-23.168564|113.827759|-123.516739|-1.108313|-112.393356|0.190598|1.000000|1.000000|1.000000
m60_48_40_00-AEG004_005_1014|13|-18.066978|113.827759|-140.871048|1.001410|50.298359|-0.511736|1.000000|1.000000|1.000000
m60_48_40_00-AEG004_005_1015|13|-7.179451|113.827759|-202.281311|0.754430|29.498508|-0.833998|1.000000|1.000000|1.000000
m60_48_40_00-AEG004_005_1016|13|-12.461922|113.827759|-155.541489|-1.113626|-110.638939|0.156557|1.000000|1.000000|1.000000
m60_48_40_00-AEG004_005_1017|13|-57.874329|176.495010|-104.965538|4.273644|-11.858443|11.663130|1.000000|1.000000|1.000000
m60_48_40_00-AEG004_005_1018|13|-3.684631|187.879013|-87.733307|-21.291822|95.486130|-2.207563|1.000000|1.000000|1.000000
m60_48_40_00-AEG004_005_1019|13|-71.803101|181.889160|-53.878067|-10.757635|-53.767067|4.245081|1.000000|1.000000|1.000000
m60_48_40_00-AEG004_005_1021|13|-28.959389|192.252075|-22.971230|-14.708299|-7.228598|10.806078|1.000000|1.000000|1.000000
m60_48_40_00-AEG004_005_1022|13|-14.001251|185.519775|-97.650932|12.140711|-66.745338|4.824116|1.000000|1.000000|1.000000
m60_48_40_00-AEG004_005_1023|13|-18.208572|194.608383|-21.547859|19.521442|-153.101166|-3.244714|1.000000|1.000000|1.000000
m60_48_40_00-AEG004_005_1024|13|-8.470779|198.936279|-12.496117|-5.507911|14.447164|-4.735034|1.000000|1.000000|1.000000
m60_48_40_00-AEG004_005_1026|13|-89.599274|211.760620|-2.864944|-0.928241|-9.909293|-11.855545|1.000000|1.000000|1.000000
m60_48_40_00-AEG004_005_1027|13|-78.750977|210.480469|-34.680901|6.849089|165.355423|6.982593|1.000000|1.000000|1.000000
m60_48_40_00-AEG004_005_1028|13|-94.800575|208.249771|-74.635971|-2.996820|47.512089|-5.446781|1.000000|1.000000|1.000000
m60_48_40_00-AEG004_005_1029|13|-121.491570|203.823898|-98.264107|2.153690|172.885880|-2.812390|1.000000|1.000000|1.000000
m60_48_40_00-AEG004_005_1030|13|-187.724945|202.918701|-78.401543|-7.128319|56.641411|-7.025033|1.000000|1.000000|1.000000
m60_48_40_00-AEG004_005_1031|13|-203.127808|212.687820|-22.285126|10.749155|-126.289856|9.380975|1.000000|1.000000|1.000000
m60_48_40_00-AEG004_005_1032|13|-252.342392|168.695053|-61.836792|5.942643|37.476295|-4.298297|1.000000|1.000000|1.000000
m60_48_40_00-AEG004_005_1034|13|-251.524109|167.548553|-98.407936|5.868330|37.880589|-8.280229|1.000000|1.000000|1.000000
m60_48_40_00-AEG004_005_1035|13|-230.698212|166.376724|-97.210526|1.942814|173.324203|-1.009712|1.000000|1.000000|1.000000
m60_48_40_00-AEG004_005_1036|13|-234.834457|165.216949|-119.395264|3.140898|171.822601|2.404453|1.000000|1.000000|1.000000
m60_48_40_00-AEG004_005_1037|13|-214.199219|164.174530|-126.866577|2.297478|-119.068298|3.210497|1.000000|1.000000|1.000000
m60_48_40_00-AEG004_005_1038|13|-228.761963|164.107483|-134.799805|3.605160|-160.679901|3.050344|1.000000|1.000000|1.000000
m60_48_40_00-AEG004_005_1039|13|-247.152771|165.709259|-120.719490|-4.944214|17.945728|-1.727784|1.000000|1.000000|1.000000
m60_48_40_00-AEG004_005_1040|13|-190.069092|161.871719|-156.705322|-7.482793|13.548122|-0.416318|1.000000|1.000000|1.000000
m60_48_40_00-AEG004_005_1041|13|-185.075958|163.587357|-144.493652|-5.137823|-9.305526|3.303552|1.000000|1.000000|1.000000
m60_48_40_00-AEG004_005_1042|13|-193.618011|164.479279|-127.448120|2.653934|179.976212|-2.807800|1.000000|1.000000|1.000000
m60_48_40_00-AEG004_005_1043|13|-158.138016|163.513092|-151.826416|-4.536741|-24.994476|6.163627|1.000000|1.000000|1.000000
m60_48_40_00-AEG004_005_1044|13|-142.949280|163.508041|-160.139160|-0.590663|109.657997|-10.744955|1.000000|1.000000|1.000000
m60_48_40_00-AEG004_005_1045|13|-166.152374|165.208206|-135.220184|9.324487|158.351837|-6.020543|1.000000|1.000000|1.000000
m60_48_40_00-AEG004_005_1046|13|-127.708092|167.489410|-138.206055|-6.610781|14.058828|2.939148|1.000000|1.000000|1.000000
m60_48_40_00-AEG004_005_1047|13|-109.564789|167.968658|-137.139618|3.390966|114.725883|-2.987406|1.000000|1.000000|1.000000
m60_48_40_00-AEG004_005_1048|13|-83.342438|169.389618|-151.074509|14.014339|-135.322220|-0.209431|1.000000|1.000000|1.000000
m60_48_40_00-AEG004_005_1050|13|-42.745583|170.102036|-181.779831|2.232430|153.448074|-11.489602|1.000000|1.000000|1.000000
m60_48_40_00-AEG004_005_1051|13|-49.068733|166.305115|-195.457031|1.650468|111.044083|-11.893753|1.000000|1.000000|1.000000
m60_48_40_00-AEG004_005_1052|13|-65.433228|159.989456|-217.156006|1.058536|127.464447|-13.246858|1.000000|1.000000|1.000000
m60_48_40_00-AEG004_005_1053|13|-37.603142|162.719025|-225.394379|21.565771|-151.733414|-3.504670|1.000000|1.000000|1.000000
m60_48_40_00-AEG004_005_1054|13|-51.552010|155.717773|-251.095398|-4.204039|68.789970|-6.195245|1.000000|1.000000|1.000000
m60_48_40_00-AEG004_005_1055|13|-115.463898|166.488983|-155.102966|-6.458633|-28.573671|5.845640|1.000000|1.000000|1.000000
m60_48_40_00-AEG004_005_1058|13|-223.340225|157.885986|-184.768539|7.492576|-165.958145|3.742870|1.000000|1.000000|1.000000
m60_48_40_00-AEG004_005_1060|13|-105.986526|166.306335|-157.944962|7.013232|160.118317|-7.036466|1.000000|1.000000|1.000000
m60_48_40_00-AEG004_005_1061|13|-133.604980|156.411163|-197.629044|11.002118|160.232635|-6.945064|1.000000|1.000000|1.000000
m60_48_40_00-AEG004_005_1062|13|-94.797073|162.495880|-185.134766|-15.937579|29.989264|1.605104|1.000000|1.000000|1.000000
m60_48_40_00-AEG004_005_1063|13|-90.178604|156.227219|-220.045807|8.669935|-96.747238|7.764102|1.000000|1.000000|1.000000
m60_48_40_00-AEG004_005_1064|13|-98.282509|151.794861|-242.921738|3.302557|171.105743|-6.894522|1.000000|1.000000|1.000000
m60_48_40_00-AEG004_005_1065|13|-87.788330|160.573608|-200.871094|9.910244|171.339890|-8.896888|1.000000|1.000000|1.000000
m60_48_40_00-AEG004_006_1000|13|-211.870758|114.178787|-74.328049|-3.975591|-107.475883|-2.171565|1.000000|1.000000|1.000000
m60_48_40_00-AEG004_006_1001|13|-111.157143|114.164925|-125.872650|-1.457933|-113.885124|-0.000000|1.000000|1.000000|1.000000
m60_48_40_00-AEG004_006_1002|13|-134.985397|114.094788|-122.752762|-1.947042|138.474152|-1.382115|1.000000|1.000000|1.000000
m60_48_40_00-AEG004_006_1003|13|-130.108734|114.201706|-118.963188|-2.510146|146.826813|0.000000|1.000000|1.000000|1.000000
m60_48_40_00-AEG004_006_1004|13|-157.302032|114.332329|-110.247070|1.345766|-88.698853|3.801110|1.000000|1.000000|1.000000
m60_48_40_00-AEG004_006_1005|13|-172.249756|114.197823|-116.171570|-6.382898|97.693863|-2.277049|1.000000|1.000000|1.000000
m60_48_40_00-AEG004_006_1006|13|-169.206696|114.501289|-117.986969|0.000000|0.000010|0.000000|1.000000|1.000000|1.000000
m60_48_40_00-AEG004_006_1007|13|-207.386780|114.210602|-80.334549|0.000000|-66.845276|0.000000|1.000000|1.000000|1.000000
m60_48_40_00-AEG004_006_1008|13|-242.893250|116.575302|-31.225189|0.000000|175.060852|0.000000|1.000000|1.000000|1.000000
m60_48_40_00-AEG004_006_1009|13|-166.772644|162.139648|-161.897217|-7.271590|0.137953|2.087743|1.000000|1.000000|1.000000
m60_48_40_00-AEG004_006_1010|13|-109.275024|167.452408|-151.494141|-5.550256|0.345590|4.026998|1.000000|1.000000|1.000000
m60_48_40_00-AEG004_006_1011|13|-248.222168|166.157974|-118.310303|5.446830|158.491577|-2.054595|1.000000|1.000000|1.000000
m60_48_40_00-AEG004_006_1012|13|-238.868347|164.958740|-130.006775|2.527962|-148.809738|4.178492|1.000000|1.000000|1.000000
m60_48_40_00-AEG004_006_1013|13|-175.931030|161.638153|-163.164749|6.217986|157.282913|-4.958202|1.000000|1.000000|1.000000
m60_48_40_00-AEG004_006_1015|13|-103.330772|159.566147|-195.981689|13.391516|-143.234406|1.370736|1.000000|1.000000|1.000000
m60_48_40_00-AEG004_006_1016|13|-6.110634|114.117249|-214.308670|-1.947042|138.474152|-1.382115|1.000000|1.000000|1.000000
m60_48_40_00-AEG004_006_1017|13|-9.143723|114.559921|-209.748962|-1.947042|138.474152|-1.382115|1.000000|1.000000|1.000000
m60_48_40_00-AEG004_046_1004|13|-228.988831|113.354599|-37.031616|-3.711700|145.492386|1.405899|1.000000|1.000000|1.000000
m60_48_40_00-AEG004_046_1058|13|-72.587234|111.778694|-127.989555|-3.753127|-4.917556|0.000000|1.000000|1.000000|1.000000
m60_48_40_00-AEG004_046_1059|13|-217.682312|112.540283|-86.852249|-2.934908|-101.105301|-4.726882|1.000000|1.000000|1.000000
m60_48_40_00-AEG004_046_1061|13|-84.703522|115.038925|-122.068138|0.000000|26.000006|0.000000|1.000000|1.000000|1.000000
m60_48_40_00-AEG004_046_1062|13|-81.206390|113.320908|-126.229164|0.000000|115.999969|0.000000|1.000000|1.000000|1.000000
m60_48_40_00-AEG004_046_1063|13|-99.616119|117.015854|-111.085571|0.000000|-154.000046|0.000000|1.000000|1.000000|1.000000
m60_48_40_00-AEG004_046_1064|13|-79.360718|179.276001|-61.514565|0.000000|-166.000031|0.000000|1.000000|1.000000|1.000000
m60_48_40_00-AEG004_046_1065|13|-184.982208|111.848740|-95.846504|0.000000|172.999985|0.000000|1.000000|1.000000|1.000000
m60_48_40_00-AEG004_046_1066|13|-199.675232|113.283508|-83.088982|0.000000|66.811455|0.000000|1.000000|1.000000|1.000000
m60_48_40_00-AEG004_046_1067|13|-213.018860|113.298691|-61.624657|0.000000|-114.000053|8.397188|1.000000|1.000000|1.000000
m60_48_40_00-AEG004_046_1068|13|-232.754181|113.737167|-18.146088|0.000000|-71.091217|0.000000|1.000000|1.000000|1.000000
m60_48_40_00-AEG004_046_1069|13|-115.143921|112.717087|-114.277328|-1.749450|-1.814555|0.208539|1.000000|1.000000|1.000000
m60_48_40_00-AEG004_046_1070|13|-70.892639|181.860413|-42.359474|-4.375707|28.907454|-2.421693|1.000000|1.000000|1.000000
m60_48_40_00-AEG004_046_1071|13|-50.550659|191.692139|-11.284584|0.000000|-166.000031|0.000000|1.000000|1.000000|1.000000
m60_48_40_00-AEG004_046_1073|13|-96.488037|172.758179|-104.029701|0.000000|110.999969|0.000000|1.000000|1.000000|1.000000
m60_48_40_00-AEG004_046_1077|13|-75.475792|150.221252|-237.195862|0.000000|111.999992|0.000000|1.000000|1.000000|1.000000
m60_48_40_00-AEG004_046_1089|13|-93.970306|113.541260|-137.513977|0.000000|-107.500061|0.000000|1.000000|1.000000|1.000000
m60_48_40_00-AEG004_046_1099|13|-17.532463|111.586418|-117.046936|0.000000|-38.253334|0.000000|1.000000|1.000000|1.000000
m60_48_40_00-AEG004_046_1101|13|-146.327820|114.248642|-124.960289|0.000000|-126.029953|0.000000|1.000000|1.000000|1.000000
m60_48_40_00-AEG004_046_1102|13|-156.619385|112.630432|-123.661674|0.000000|173.549789|0.000000|1.000000|1.000000|1.000000
m60_48_40_00-AEG004_046_1103|13|-234.459976|114.029404|-58.332954|0.000000|13.999968|0.000000|1.000000|1.000000|1.000000
m60_48_40_00-AEG004_046_1104|13|-166.006439|112.189575|-106.080864|0.606629|-112.422928|8.729474|1.000000|1.000000|1.000000
m60_48_40_00-AEG004_046_1105|13|-72.721298|113.946297|-144.855560|0.000000|-164.792786|0.000000|1.000000|1.000000|1.000000
m60_48_40_00-AEG004_046_1116|13|-94.207535|113.794342|-116.833847|0.000000|45.119175|-7.615286|1.000000|1.000000|1.000000
m60_48_40_00-AEG004_046_1117|13|-80.727417|176.726685|-77.000404|0.000000|174.499954|0.000000|1.000000|1.000000|1.000000
m60_48_40_00-AEG004_046_1119|13|-99.665932|170.406769|-115.059380|-9.159256|-66.225258|4.740261|1.000000|1.000000|1.000000
m60_48_40_00-AEG004_046_1123|13|-226.475159|113.086288|-67.114838|-9.970273|-81.864532|-2.065258|1.000000|1.000000|1.000000
m60_48_40_00-AEG004_046_1124|13|-250.230560|116.016953|-27.956024|0.000000|-132.636459|0.000000|1.000000|1.000000|1.000000
m60_48_40_00-AEG004_046_1125|13|-180.899414|113.145126|-118.907166|0.071662|-174.058182|4.397002|1.000000|1.000000|1.000000
m60_48_40_00-AEG004_046_1126|13|-285.358521|167.607788|-76.717918|0.000000|-111.000069|0.000000|1.000000|1.000000|1.000000
m60_48_40_00-AEG004_046_1127|13|-281.860901|166.860229|-78.410667|0.000000|112.499924|0.000000|1.000000|1.000000|1.000000
m60_48_40_00-AEG004_046_1131|13|-268.774597|166.808960|-79.984589|0.000000|85.499916|0.000000|1.000000|1.000000|1.000000
m60_48_40_00-AEG004_046_1132|13|-267.862244|166.273071|-53.232841|0.000000|170.999954|0.000000|1.000000|1.000000|1.000000
m60_48_40_00-AEG004_046_1133|13|-270.091492|168.125122|-55.883820|0.000000|21.499939|0.000000|1.000000|1.000000|1.000000
m60_48_40_00-AEG004_046_1159|13|-17.251358|113.185707|-204.040421|11.118074|44.787830|-2.957789|1.000000|1.000000|1.000000
m60_48_40_00-AEG004_046_1160|13|-19.915466|112.420441|-195.832886|-8.286162|-97.399551|-6.130001|1.000000|1.000000|1.000000
m60_48_40_00-AEG004_046_1161|13|-15.484512|113.412521|-234.014297|-6.750144|19.592623|-10.070439|1.000000|1.000000|1.000000
m60_48_40_00-AEG004_046_1162|13|-63.136185|176.682434|-65.348946|7.415317|179.513916|2.799914|1.000000|1.000000|1.000000
m60_48_40_00-AEG004_046_1164|13|-1.339828|186.224747|-64.954033|-2.134421|-179.630295|-4.817167|1.000000|1.000000|1.000000
m60_48_40_00-AEG004_046_1165|13|-127.365166|213.791534|-19.535156|11.656321|-179.042358|9.864844|1.000000|1.000000|1.000000
m60_48_40_00-AEG004_046_1167|13|-143.659256|147.542786|-231.476868|-7.378035|-46.670315|6.654108|1.000000|1.000000|1.000000
m60_48_40_00-AEG004_046_1168|13|-95.116348|159.307480|-194.007370|-13.274389|29.472574|0.748917|1.000000|1.000000|1.000000
m60_48_40_00-AEG004_046_1174|13|-23.246475|113.772835|-251.902695|-3.753128|87.582451|-0.000000|1.000000|1.000000|1.000000
m60_48_40_00-AEG004_046_1175|13|-20.173111|112.098518|-246.457657|-3.753128|-90.417572|0.000000|1.000000|1.000000|1.000000
m60_48_40_00-AEG004_056_1000|13|-24.600838|112.935303|-165.374176|0.000000|-46.880798|0.000000|1.000000|1.000000|1.000000
m60_48_40_00-AEG004_056_1001|13|-19.757698|113.399292|-157.273605|0.000000|-76.380821|0.000000|1.000000|1.000000|1.000000
m60_48_40_00-AEG004_056_1002|13|-51.170143|113.302856|-121.760757|4.124840|18.596670|7.540035|1.000000|1.000000|1.000000
m60_48_40_00-AEG004_056_1004|13|-42.931068|113.049797|-119.879257|3.743400|1.931830|9.215565|1.000000|1.000000|1.000000
m60_48_40_00-AEG004_056_1005|13|-22.439957|113.684479|-148.086960|-0.216213|173.744385|5.574419|1.000000|1.000000|1.000000
m60_48_40_00-AEG004_056_1006|13|-18.737595|113.399292|-165.112076|-2.000000|-60.380814|0.000000|1.000000|1.000000|1.000000
m60_48_40_00-AEG004_063_1000|13|-30.382408|126.779877|-162.887787|11.776620|-41.924633|13.430587|1.000000|1.000000|1.000000
m60_48_40_00-AEG004_063_1001|13|-29.561668|125.081284|-151.471970|33.467598|-121.090637|-3.154102|1.000000|1.000000|1.000000
m60_48_40_00-AEG004_063_1002|13|-31.508202|125.009811|-148.216248|36.467594|-144.090637|-3.154098|1.000000|1.000000|1.000000
m60_48_40_00-AEG004_063_1006|13|-24.593681|118.457016|-152.261810|43.967590|-106.590645|-3.154099|1.000000|1.000000|1.000000
m60_48_40_00-AEG004_063_1007|13|-24.423363|116.676865|-146.894485|47.467606|-133.590637|-3.154096|1.000000|1.000000|1.000000
m60_48_40_00-AEG004_063_1008|13|-27.409920|123.216583|-155.929764|25.297764|-72.082123|17.934080|1.000000|1.000000|1.000000
m60_48_40_00-AEG004_063_1009|13|-24.969467|120.739326|-159.884155|41.332722|-74.113846|18.357552|1.000000|1.000000|1.000000
m60_48_40_00-AEG004_063_1010|13|-22.278038|116.108337|-162.218018|45.378216|-58.567760|36.278851|1.000000|1.000000|1.000000
m60_48_40_00-AEG004_063_1011|13|-22.899223|117.024033|-156.926559|40.297756|-72.082092|17.934080|1.000000|1.000000|1.000000
m60_48_40_00-AEG004_063_1012|13|-44.282753|125.081284|-145.361404|28.967598|175.409348|-3.154102|1.000000|1.000000|1.000000
m60_48_40_00-AEG004_063_1013|13|-48.064949|125.009811|-145.650726|28.967602|152.409348|-3.154098|1.000000|1.000000|1.000000
m60_48_40_00-AEG004_063_1014|13|-38.277763|123.107529|-145.823944|25.297764|-135.582123|17.934086|1.000000|1.000000|1.000000
m60_48_40_00-AEG004_063_1015|13|-35.663689|119.828934|-145.607056|31.204775|-131.235626|11.127990|1.000000|1.000000|1.000000
m60_48_40_00-AEG004_063_1016|13|-34.958115|126.304970|-149.964401|26.256123|-124.218834|15.355577|1.000000|1.000000|1.000000
m60_48_40_00-AEG004_063_1017|13|-31.592224|116.108337|-142.905960|47.517132|-143.468292|8.415558|1.000000|1.000000|1.000000
m60_48_40_00-AEG004_063_1018|13|-41.359192|118.457016|-141.267807|43.967598|-170.090637|-3.154100|1.000000|1.000000|1.000000
m60_48_40_00-AEG004_063_1019|13|-36.428474|117.024033|-141.832779|40.297768|-135.582138|17.934090|1.000000|1.000000|1.000000
m60_48_40_00-AEG004_063_1020|13|-45.659134|117.187714|-139.588577|47.127296|167.829742|-1.691966|1.000000|1.000000|1.000000
m60_48_40_00-AEG004_063_1021|13|-55.985085|126.046249|-149.513626|28.967604|133.409363|-3.154101|1.000000|1.000000|1.000000
m60_48_40_00-AEG004_063_1022|13|-58.602211|125.974777|-152.259430|28.967594|110.409340|-3.154099|1.000000|1.000000|1.000000
m60_48_40_00-AEG004_063_1023|13|-51.213013|124.072495|-145.839233|25.297764|-177.582123|17.934082|1.000000|1.000000|1.000000
m60_48_40_00-AEG004_063_1024|13|-49.415497|120.793900|-143.928909|31.204784|-173.235626|11.127990|1.000000|1.000000|1.000000
m60_48_40_00-AEG004_063_1025|13|-44.866982|126.161926|-148.380066|21.294264|-150.773071|21.847343|1.000000|1.000000|1.000000
m60_48_40_00-AEG004_063_1026|13|-47.614967|117.073303|-141.161591|38.053246|-159.037094|31.957092|1.000000|1.000000|1.000000
m60_48_40_00-AEG004_063_1027|13|-56.551613|119.421982|-144.515244|43.967598|147.909348|-3.154099|1.000000|1.000000|1.000000
m60_48_40_00-AEG004_063_1028|13|-52.509331|117.988998|-141.635818|40.297768|-177.582123|17.934080|1.000000|1.000000|1.000000
m60_48_40_00-AEG004_063_1029|13|-64.568756|119.388184|-145.809860|33.861832|173.368454|6.765738|1.000000|1.000000|1.000000
m60_48_40_00-AEG004_063_1031|13|-103.583397|119.798477|-131.980331|36.471737|-135.651016|3.098392|1.000000|1.000000|1.000000
m60_48_40_00-AEG004_063_1032|13|-106.940712|119.195290|-128.860413|34.182392|-177.332230|-13.915373|1.000000|1.000000|1.000000
m60_48_40_00-AEG004_063_1033|13|-111.451286|120.046043|-129.983444|28.193544|154.438217|-15.294594|1.000000|1.000000|1.000000
m60_48_40_00-AEG004_063_1034|13|-110.729858|131.584091|-132.731018|12.672166|173.759079|2.635086|1.000000|1.000000|1.000000
m60_48_40_00-AEG004_063_1035|13|-113.899170|119.572998|-129.782730|23.280048|-162.538010|5.591274|1.000000|1.000000|1.000000
m60_48_40_00-AEG004_063_1036|13|-106.966064|131.584091|-134.191650|8.930649|-152.776566|-0.443154|1.000000|1.000000|1.000000
m60_48_40_00-AEG004_063_1037|13|-88.528793|180.701157|-91.149071|9.165730|-99.834518|-2.980509|1.000000|1.000000|1.000000
m60_48_40_00-AEG004_063_1038|13|-88.035034|192.601059|-90.097916|-9.845739|-113.748436|12.522388|1.000000|1.000000|1.000000
m60_48_40_00-AEG004_063_1039|13|-90.070663|188.549164|-94.199829|-10.604271|-58.798271|4.664445|1.000000|1.000000|1.000000
m60_48_40_00-AEG004_063_1040|13|-90.665192|181.423828|-95.195969|13.582490|-49.013779|-2.004781|1.000000|1.000000|1.000000
m60_48_40_00-AEG004_063_1041|13|-93.582291|192.565659|-97.086517|-10.340454|-29.476559|10.143023|1.000000|1.000000|1.000000
m60_48_40_00-AEG004_063_1042|13|-88.732132|180.740692|-87.441277|10.464943|-128.499237|1.484172|1.000000|1.000000|1.000000
m60_48_40_00-AEG004_063_1043|13|-141.032669|178.227417|-111.066452|-5.875715|-24.606960|7.344474|1.000000|1.000000|1.000000
m60_48_40_00-AEG004_063_1044|13|-198.793976|120.600304|-79.003769|28.035566|41.645382|-1.197286|1.000000|1.000000|1.000000
m60_48_40_00-AEG004_063_1045|13|-218.909058|118.478294|-51.901535|41.288219|59.456272|-7.455857|1.000000|1.000000|1.000000
m60_48_40_00-AEG004_063_1046|13|-208.961487|117.793648|-69.800049|29.923441|71.437401|2.315954|1.000000|1.000000|1.000000
m60_48_40_00-AEG004_063_1047|13|-193.488983|122.621796|-81.594070|24.809534|34.277409|12.523233|1.000000|1.000000|1.000000
m60_48_40_00-AEG004_063_1048|13|-230.414948|121.921982|-12.970306|6.996642|31.987726|-0.000006|1.000000|1.000000|1.000000
m60_48_40_00-AEG004_063_1049|13|-221.639145|115.919518|-50.696228|53.214466|55.174530|-13.739655|1.000000|1.000000|1.000000
m60_48_40_00-AEG004_063_1050|13|-229.311966|116.156509|-18.484207|19.920872|48.279129|-4.785799|1.000000|1.000000|1.000000
m60_48_40_00-AEG004_063_1051|13|-219.012054|116.400467|-55.874130|47.548912|59.914986|-10.735003|1.000000|1.000000|1.000000
m60_48_40_00-AEG004_063_1053|13|-166.563675|119.552444|-101.353470|17.148203|-19.489330|-17.583801|1.000000|1.000000|1.000000
m60_48_40_00-AEG004_063_1054|13|-171.259445|119.049149|-100.836105|28.439241|30.174240|-6.919804|1.000000|1.000000|1.000000
m60_48_40_00-AEG004_063_1055|13|-173.965759|116.912422|-99.538361|32.358578|72.629654|12.378379|1.000000|1.000000|1.000000
m60_48_40_00-AEG004_063_1056|13|-25.564819|116.108337|-144.434647|47.656822|-127.989578|7.308085|1.000000|1.000000|1.000000
m60_48_40_00-AEG004_063_1057|13|-28.472351|116.108337|-141.581253|47.442570|-147.462067|0.690423|1.000000|1.000000|1.000000
m60_48_40_00-AEG004_063_1058|13|-32.037376|127.319740|-177.472366|31.335737|-78.215355|4.782609|1.000000|1.000000|1.000000
m60_48_40_00-AEG004_063_1059|13|-19.405090|119.901649|-206.030090|26.984470|-150.088577|-11.715742|1.000000|1.000000|1.000000
m60_48_40_00-AEG004_063_1060|13|-16.339287|116.753349|-208.969391|23.823046|-94.123230|17.477686|1.000000|1.000000|1.000000
m60_48_40_00-AEG004_063_1062|13|-4.485214|117.505035|-106.921692|27.028263|76.288170|29.445585|1.000000|1.000000|1.000000
m60_48_40_00-AEG004_063_1063|13|-21.786880|126.690002|-103.562767|-0.941319|2.937718|3.522054|1.000000|1.000000|1.000000
m60_48_40_00-AEG004_063_1064|13|-20.149216|116.502968|-106.432602|38.558689|2.937719|3.522055|1.000000|1.000000|1.000001
m60_48_40_00-AEG004_063_1065|13|-93.711937|181.423828|-96.182648|13.582490|7.986222|-2.004781|1.000000|1.000000|1.000000
m60_48_40_00-AEG004_063_1066|13|-43.168282|127.695000|-147.425858|22.806875|166.036346|-14.154380|1.000000|1.000000|1.000000
m60_48_40_00-AEG004_063_1067|13|-233.462311|120.289551|-63.385902|16.600420|-141.723465|-5.618268|1.000000|1.000000|1.000000
m60_48_40_00-AEG004_065_7000|13|-106.306343|174.849915|-116.425758|0.000000|-138.000015|0.000000|0.999999|1.000000|0.999999
m60_48_40_00-AEG004_065_7001|13|-77.780121|168.045044|-169.415527|0.000000|37.999992|0.000000|0.999999|1.000000|0.999999
m60_48_40_00-AEG004_890_7000|13|-90.430695|206.305756|-91.609383|-16.278679|-32.590271|8.197430|1.000000|1.000000|1.000000
m60_48_40_00-AEG004_890_7001|13|-2.334099|196.633667|-21.975616|17.776552|-172.475525|1.261782|1.000000|1.000000|1.000000
m60_48_40_00-AEG007_200_1004|13|-142.651077|135.604706|-241.277374|71.525414|143.815857|-33.470879|1.000000|1.000000|1.000000
m60_48_40_00-AEG007_201_1003|13|-150.336655|123.104561|-233.322144|80.206337|135.781799|-2.105190|1.000000|1.000000|1.000000
m60_48_40_00-AEG007_202_1003|13|-161.140991|123.685120|-231.142303|77.889091|104.387032|-44.628975|1.000000|1.000000|1.000000
m60_48_40_00-AEG007_203_1002|13|-231.332275|97.822449|-178.688110|66.287720|108.665001|-46.477146|1.000000|1.000000|1.000000
m60_48_40_00-AEG007_205_1000|13|-231.332275|97.822449|-178.688110|66.287720|108.665001|-46.477146|1.000000|1.000000|1.000000
m60_48_40_00-AEG007_206_1001|13|-142.651077|135.604706|-241.277374|71.525414|143.815872|-33.470879|1.000000|1.000000|1.000000
m60_48_40_00-AEG040_076_7002|13|-241.105652|159.287445|-178.696228|0.000000|-137.000076|0.000000|1.000000|1.000000|1.000000
m60_48_40_00-AEG040_076_7007|13|-220.273209|159.967773|-169.430161|0.000000|-133.000015|0.000000|1.000000|1.000000|1.000000
m60_48_40_00-AEG040_076_7010|13|-205.897308|147.642578|-255.386353|0.000000|-75.999969|0.000000|1.000000|1.000000|1.000000
m60_48_40_00-AEG040_076_7013|13|-220.452240|157.314972|-188.166443|0.000000|-62.843361|0.000000|1.000000|1.000000|1.000000
m60_48_40_00-AEG040_076_7016|13|-229.792877|162.606155|-152.232758|0.000000|-142.000061|0.000000|1.000000|1.000000|1.000000
m60_48_40_00-AEG040_076_7017|13|-205.575684|162.443878|-151.591827|0.000000|-142.000061|0.000000|1.000000|1.000000|1.000000
m60_48_40_00-AEG040_076_7018|13|-240.476257|162.768356|-154.770233|0.000000|82.999947|0.000000|1.000000|1.000000|1.000000
m60_48_40_00-AEG040_076_7021|13|-159.099930|162.057007|-164.864136|0.000000|-62.843361|0.000000|1.000000|1.000000|1.000000
m60_48_40_00-AEG040_076_7022|13|-141.447403|159.136566|-183.639175|0.000000|162.156647|0.000000|1.000000|1.000000|1.000000
m60_48_40_00-AEG040_076_7023|13|-187.200119|147.692047|-256.360474|0.000000|19.000038|0.000000|1.000000|1.000000|1.000000
m60_48_40_00-AEG100_007_1173|13|-8.188309|114.998711|-108.783882|-24.431608|70.211235|-10.759207|1.000000|1.000000|1.000000
m60_48_40_00-AEG100_007_1174|13|-5.208389|118.151070|-105.988266|-2.008986|118.404961|-36.750401|1.000000|1.000000|1.000000
m60_48_40_00-AEG100_007_1175|13|-10.815872|114.536919|-107.578857|-7.979582|40.012894|-3.006095|1.000000|1.000000|1.000000
m60_48_40_00-AEG100_007_1179|13|-31.684586|114.945824|-111.329567|-11.457395|-15.887230|0.995623|1.000000|1.000000|1.000000
m60_48_40_00-AEG100_007_1180|13|-27.937149|114.865852|-107.889008|-11.457396|-51.887241|0.995622|1.000000|1.000000|1.000000
m60_48_40_00-AEG100_009_1000|13|-24.563782|114.131470|-141.401352|-1.500000|-135.500000|0.000000|1.000000|1.000000|1.000000
m60_48_40_00-AEG100_009_1001|13|-39.380447|114.459457|-138.419342|-7.683806|-174.524918|-3.030446|1.000000|1.000000|1.000000
m60_48_40_00-AEG100_009_1006|13|-232.461060|115.897888|-25.404007|6.024263|71.432892|-0.785464|1.000000|1.000000|1.000000
m60_48_40_00-AEG100_009_1010|13|-246.692459|168.250183|-76.770462|-7.343657|-50.426975|-10.968017|1.000000|1.000000|1.000000
m60_48_40_00-AEG100_009_1013|13|-264.497192|166.719513|-49.567955|0.000000|-164.095261|0.000000|1.000000|1.000000|1.000000
m60_48_40_00-AEG100_009_1014|13|-281.134277|167.205322|-62.987190|-0.820033|166.407227|0.343067|1.000000|1.000000|1.000000
m60_48_40_00-AEG100_009_1027|13|-94.941368|172.545395|-108.910599|-12.387774|-55.766674|3.430285|1.000000|1.000000|1.000000
m60_48_40_00-AEG100_009_1028|13|-96.073395|173.952621|-107.646973|12.010449|118.844376|-4.593352|1.000000|1.000000|1.000000
m60_48_41_00-AEG004_005_1000|13|-30.660500|198.775391|95.431061|0.000050|30.262035|-0.001152|1.000000|1.000000|1.000000
m60_48_41_00-AEG004_005_1001|13|-65.924530|198.775391|119.662720|0.000050|-174.737946|-0.001152|1.000000|1.000000|1.000000
m60_48_41_00-AEG004_005_1002|13|-111.981628|205.407959|103.729004|0.601052|-27.682665|-10.506216|1.000000|1.000000|1.000000
m60_48_41_00-AEG004_005_1003|13|-149.653870|212.090332|96.591850|1.068483|143.164154|10.469377|1.000000|1.000000|1.000000
m60_48_41_00-AEG004_005_1004|13|-191.236023|221.438248|90.038361|-1.226844|-3.675625|-14.873685|1.000000|1.000000|1.000000
m60_48_41_00-AEG004_005_1005|13|-222.931213|225.750763|87.901733|2.045145|152.581146|1.002189|1.000000|1.000000|1.000000
m60_48_41_00-AEG004_005_1006|13|-253.180801|221.517258|68.921265|2.498560|-47.923389|8.680881|1.000000|1.000000|1.000000
m60_48_41_00-AEG004_005_1007|13|-269.344482|219.156952|52.000381|1.286530|119.949280|-2.765044|1.000000|1.000000|1.000000
m60_48_41_00-AEG004_005_1008|13|-253.438232|219.173309|31.726814|3.992678|-150.272141|-3.611605|1.000000|1.000000|1.000000
m60_48_41_00-AEG004_005_1009|13|-243.846680|221.983643|46.493637|-8.236611|48.992092|4.584595|1.000000|1.000000|1.000000
m60_48_41_00-AEG004_005_1010|13|-233.483582|217.579956|8.006271|-12.412371|46.857681|-7.150748|1.000000|1.000000|1.000000
m60_48_41_00-AEG004_005_1011|13|-221.879517|223.413345|25.039558|10.421388|-100.654007|16.002953|1.000000|1.000000|1.000000
m60_48_41_00-AEG004_005_1012|13|-191.203125|222.600830|61.640274|8.148902|101.626549|5.762009|1.000000|1.000000|1.000000
m60_48_41_00-AEG004_005_1013|13|-180.635742|220.940430|59.609344|1.678855|151.938660|11.334461|1.000000|1.000000|1.000000
m60_48_41_00-AEG004_005_1016|13|-101.490730|211.074432|26.981354|-10.119164|-136.825745|2.904451|1.000000|1.000000|1.000000
m60_48_41_00-AEG004_005_1018|13|-185.300049|224.734619|22.817497|-2.391923|166.649246|8.341445|1.000000|1.000000|1.000000
m60_48_41_00-AEG004_005_1019|13|-174.961914|223.703125|17.253326|-1.080186|-36.689644|-10.271572|1.000000|1.000000|1.000000
m60_48_41_00-AEG004_005_1020|13|-142.377930|217.929443|24.318970|-4.769690|-63.161110|-10.254919|1.000000|1.000000|1.000000
m60_48_41_00-AEG004_005_1021|13|-168.194321|219.946518|42.516937|1.599980|159.404190|10.383918|1.000000|1.000000|1.000000
m60_48_41_00-AEG004_005_1022|13|-32.532280|198.847397|55.704842|-2.083172|-155.653427|0.410886|1.000000|1.000000|1.000000
m60_48_41_00-AEG004_005_1023|13|-37.854378|198.776123|66.102852|0.134850|-8.152148|-0.230346|1.000000|1.000000|1.000000
m60_48_41_00-AEG004_006_1000|13|-129.349365|212.007324|63.635254|-10.251596|-107.907776|-2.403107|1.000000|1.000000|1.000000
m60_48_41_00-AEG004_006_1001|13|-106.426025|207.208252|75.645874|5.967482|114.354141|8.687401|1.000000|1.000000|1.000000
m60_48_41_00-AEG004_006_1002|13|-78.331543|204.773193|54.310921|9.534451|34.180790|-4.466478|1.000000|1.000000|1.000000
m60_48_41_00-AEG004_046_1084|13|-269.506592|118.703323|22.078026|-37.172989|32.674496|-3.072710|1.000000|1.000000|1.000000
m60_48_41_00-AEG004_046_1085|13|-263.217560|118.055031|18.415894|-17.394808|68.089027|-18.189524|1.000000|1.000000|1.000000
m60_48_41_00-AEG004_046_1086|13|-260.682251|116.065041|12.383598|20.270582|-132.678604|-15.528908|1.000000|1.000000|1.000000
m60_48_41_00-AEG004_046_1088|13|-80.239273|201.409714|63.043228|-11.160574|-86.462456|-3.985233|1.000000|1.000000|1.000000
m60_48_41_00-AEG004_056_1000|13|-250.069473|220.686035|57.059631|0.000000|-83.999992|0.000000|1.000000|1.000000|1.000000
m60_48_41_00-AEG004_056_1001|13|-200.483185|217.054932|77.521057|0.000000|-83.999992|0.000000|1.000000|1.000000|1.000000
m60_48_41_00-AEG004_063_1004|13|-244.717865|118.057785|0.004822|24.879702|19.702856|-1.760085|1.000000|1.000000|1.000000
m60_48_41_00-AEG004_063_1006|13|-247.743820|118.600395|1.619080|31.026630|28.810694|-29.967627|1.000000|1.000000|1.000000
m60_48_41_00-AEG004_063_1007|13|-245.416397|140.182449|10.564201|17.396328|0.461611|0.221216|1.000000|1.000000|1.000000
m60_48_41_00-AEG004_065_7000|13|-237.110535|224.778702|79.876755|-6.709296|-18.922312|9.720398|0.999999|1.000000|0.999999
m60_48_41_00-AEG004_890_7000|13|-99.572998|211.557617|18.733627|-6.255865|-174.346893|8.479763|1.000000|1.000000|1.000000
m60_48_41_00-AEG007_200_1010|13|-188.957611|151.277328|92.101471|9.484020|-178.910995|-15.267496|1.000000|1.000000|1.000000
m60_48_41_00-AEG007_203_1005|13|-162.197586|58.889774|149.990707|32.673771|163.042007|-25.842722|1.000000|1.000000|1.000000
m60_48_41_00-AEG007_206_1000|13|-188.957611|151.277328|92.101471|9.484020|-178.910995|-15.267494|1.000000|1.000000|1.000000
m60_48_41_00-AEG100_007_1001|13|-261.203644|117.952698|14.482475|63.620892|-138.785172|6.343255|1.000000|1.000000|1.000000
m60_48_41_00-AEG100_007_1004|13|-46.468605|197.577606|108.837463|0.412844|-90.865952|6.935319|1.000000|1.000000|1.000000
m60_49_40_00-AEG004_005_1000|13|13.016319|191.841705|-42.330467|-3.986158|-58.866627|10.636909|1.000000|1.000000|1.000000
m60_49_40_00-AEG004_005_1001|13|29.475151|198.674072|-5.080055|-2.412032|-27.409676|0.306083|1.000000|1.000000|1.000000
m60_49_40_00-AEG004_005_1002|13|22.601013|194.703629|-109.723495|0.029802|-84.899055|-1.471269|1.000000|1.000000|1.000000
m60_49_40_00-AEG004_005_1003|13|48.728188|192.193817|-65.321671|3.744223|51.109638|6.037267|1.000000|1.000000|1.000000
m60_49_40_00-AEG004_005_1004|13|91.780640|193.001343|-41.556870|2.289639|109.368309|-8.147068|1.000000|1.000000|1.000000
m60_49_40_00-AEG004_005_1005|13|34.628304|195.843430|-130.526398|4.428621|83.932037|4.482908|1.000000|1.000000|1.000000
m60_49_40_00-AEG004_005_1006|13|75.791878|195.546158|-104.962372|-2.787993|109.404144|6.177288|1.000000|1.000000|1.000000
m60_49_40_00-AEG004_005_1007|13|87.641502|198.449265|-3.918915|-5.278088|34.986561|-3.823928|1.000000|1.000000|1.000000
m60_49_40_00-AEG004_005_1008|13|116.946068|193.821899|-34.151993|5.470758|109.333008|-6.914998|1.000000|1.000000|1.000000
m60_49_40_00-AEG004_005_1010|13|109.042969|198.174072|-119.052010|-7.384192|110.104332|1.309849|1.000000|1.000000|1.000000
m60_49_40_00-AEG004_005_1011|13|97.112305|199.494156|-138.486481|6.766528|40.306683|2.885299|1.000000|1.000000|1.000000
m60_49_40_00-AEG004_005_1012|13|65.374069|197.317459|-128.194473|10.134547|39.669888|5.455909|1.000000|1.000000|1.000000
m60_49_40_00-AEG004_005_1014|13|140.888031|201.410492|-3.649246|-2.376950|109.697243|-18.842609|1.000000|1.000000|1.000000
m60_49_40_00-AEG004_005_1015|13|144.843857|191.638565|-34.959663|10.397427|-126.471199|9.952221|1.000000|1.000000|1.000000
m60_49_40_00-AEG004_005_1017|13|158.032837|174.018082|-35.561836|-6.178072|-107.512558|-15.537524|1.000000|1.000000|1.000000
m60_49_40_00-AEG004_005_1018|13|158.921387|163.792007|0.276047|0.822117|86.036057|14.564596|1.000000|1.000000|1.000000
m60_49_40_00-AEG004_005_1019|13|180.055420|177.030029|-50.110008|-1.875998|86.013321|12.164385|1.000000|1.000000|1.000000
m60_49_40_00-AEG004_005_1020|13|165.963959|168.781265|-17.503418|-7.860993|115.918991|13.295871|1.000000|1.000000|1.000000
m60_49_40_00-AEG004_005_1021|13|104.835716|190.022995|-81.698624|3.028471|88.453033|22.586351|1.000000|1.000000|1.000000
m60_49_40_00-AEG004_005_1022|13|37.994896|191.683578|-62.849892|2.666064|-79.631981|-5.405471|1.000000|1.000000|1.000000
m60_49_40_00-AEG004_005_1023|13|57.712357|193.840012|-35.091705|5.780057|124.606079|-9.690160|1.000000|1.000000|1.000000
m60_49_40_00-AEG004_005_1024|13|18.440109|198.185989|-14.944397|-6.057618|29.833757|-4.720840|1.000000|1.000000|1.000000
m60_49_40_00-AEG004_005_1025|13|11.917816|194.725006|-29.084221|-3.066201|82.781815|-13.618513|1.000000|1.000000|1.000000
m60_49_40_00-AEG004_005_1026|13|92.801186|192.335571|-47.033562|7.565851|-178.759415|-0.671399|1.000000|1.000000|1.000000
m60_49_40_00-AEG004_005_1029|13|117.910881|191.679001|-45.218025|-8.609363|-47.190998|4.217268|1.000000|1.000000|1.000000
m60_49_40_00-AEG004_005_1030|13|66.842667|181.167435|-149.647263|2.992328|174.659012|-10.219391|1.000000|1.000000|1.000000
m60_49_40_00-AEG004_005_1031|13|88.699936|184.492172|-153.721191|3.438175|-22.549639|8.321093|1.000000|1.000000|1.000000
m60_49_40_00-AEG004_005_1032|13|86.828743|194.831299|-96.371574|3.170733|19.320074|0.975250|1.000000|1.000000|1.000000
m60_49_40_00-AEG004_005_1035|13|164.634583|197.849289|-209.966782|-5.363166|-179.891693|-9.104485|1.000000|1.000000|1.000000
m60_49_40_00-AEG004_005_1036|13|99.606201|189.275604|-231.517319|14.887432|-48.342251|0.601694|1.000000|1.000000|1.000000
m60_49_40_00-AEG004_005_1037|13|95.600464|186.997528|-219.446640|-11.224520|105.469559|1.574914|1.000000|1.000000|1.000000
m60_49_40_00-AEG004_005_1038|13|32.605347|175.995819|-242.539917|-10.792129|104.718796|-2.125792|1.000000|1.000000|1.000000
m60_49_40_00-AEG004_005_1039|13|43.742912|177.963608|-213.587646|8.514454|-54.186127|3.484115|1.000000|1.000000|1.000000
m60_49_40_00-AEG004_005_1040|13|45.695549|177.404297|-191.494125|-9.460133|68.151482|3.624243|1.000000|1.000000|1.000000
m60_49_40_00-AEG004_005_1041|13|60.936249|179.821289|-167.479889|7.657620|-54.593643|6.342330|1.000000|1.000000|1.000000
m60_49_40_00-AEG004_005_1042|13|48.105606|178.893326|-230.417084|-1.253003|9.018112|11.020273|1.000000|1.000000|1.000000
m60_49_40_00-AEG004_005_1043|13|90.258286|185.385254|-190.286148|-6.385316|68.299339|4.570634|1.000000|1.000000|1.000000
m60_49_40_00-AEG004_005_1044|13|101.886627|186.517822|-177.415970|5.322953|-109.570770|-1.647884|1.000000|1.000000|1.000000
m60_49_40_00-AEG004_005_1047|13|211.361877|207.934875|-222.170410|17.398895|-9.030091|8.347921|1.000000|1.000000|1.000000
m60_49_40_00-AEG004_005_1050|13|156.001587|198.405289|-227.631821|-11.333776|134.318176|-2.853657|1.000000|1.000000|1.000000
m60_49_40_00-AEG004_005_1051|13|177.801270|202.636246|-226.028320|3.220211|22.335524|13.975724|1.000000|1.000000|1.000000
m60_49_40_00-AEG004_005_1053|13|245.589966|212.068619|-222.902847|-11.817696|-176.230820|-2.401636|1.000000|1.000000|1.000000
m60_49_40_00-AEG004_005_1054|13|234.773972|213.891678|-235.673309|14.132234|5.539087|1.222367|1.000000|1.000000|1.000000
m60_49_40_00-AEG004_005_1056|13|115.549652|191.813217|-229.702667|-12.821061|176.827637|-8.169729|1.000000|1.000000|1.000000
m60_49_40_00-AEG004_005_1057|13|249.106506|195.543213|-160.327774|-6.023221|-114.083321|-18.039299|1.000000|1.000000|1.000000
m60_49_40_00-AEG004_005_1058|13|238.302856|192.728500|-151.799286|2.449574|-76.404503|-14.830600|1.000000|1.000000|1.000000
m60_49_40_00-AEG004_005_1060|13|202.761353|181.100586|-82.531708|-4.933752|-110.197250|-7.072965|1.000000|1.000000|1.000000
m60_49_40_00-AEG004_005_1061|13|237.974945|179.320801|-89.277954|8.906372|2.393938|-6.175576|1.000000|1.000000|1.000000
m60_49_40_00-AEG004_005_1066|13|19.302765|114.000000|-170.969879|-0.000101|125.859558|-0.000005|1.000000|1.000000|1.000000
m60_49_40_00-AEG004_005_1067|13|24.861938|114.000000|-190.967896|-0.000101|-160.640289|-0.000005|1.000000|1.000000|1.000000
m60_49_40_00-AEG004_005_1068|13|10.370758|114.000000|-210.165833|-0.000101|2.359715|-0.000005|1.000000|1.000000|1.000000
m60_49_40_00-AEG004_005_1069|13|6.696198|114.000000|-228.015518|-0.000101|117.859749|-0.000005|1.000000|1.000000|1.000000
m60_49_40_00-AEG004_005_1070|13|66.046127|192.920029|-73.615723|3.170733|19.320074|0.975250|1.000000|1.000000|1.000000
m60_49_40_00-AEG004_046_1170|13|12.464447|115.038925|-237.634857|0.000000|118.499985|0.000000|1.000000|1.000000|1.000000
m60_49_40_00-AEG004_046_1171|13|8.154877|113.320908|-240.947159|0.000000|-151.500031|0.000000|1.000000|1.000000|1.000000
m60_49_40_00-AEG004_046_1172|13|6.020172|111.778702|-249.481308|-3.753128|87.582451|-0.000001|1.000000|1.000000|1.000000
m60_49_40_00-AEG004_046_1173|13|18.108337|113.794342|-228.368179|-0.000001|137.619156|-7.615287|1.000000|1.000000|1.000000
m60_49_40_00-AEG004_046_1177|13|5.380768|111.344971|-176.230972|-0.000012|-2.917560|0.000000|1.000000|1.000000|1.000000
m60_49_40_00-AEG004_046_1178|13|9.494141|111.344971|-217.900162|-0.000012|164.082443|-0.000000|1.000000|1.000000|1.000000
m60_49_40_00-AEG004_046_1209|13|25.611176|113.807617|-178.932648|0.000000|167.188080|0.000000|1.000000|1.000000|1.000000
m60_49_40_00-AEG004_046_1210|13|29.940567|113.164330|-166.616638|0.000000|-8.311932|0.000000|1.000000|1.000000|1.000000
m60_49_40_00-AEG004_046_1211|13|31.760857|115.713135|-203.661469|0.000000|-8.311932|0.000000|1.000000|1.000000|1.000000
m60_49_40_00-AEG004_046_1212|13|24.711472|113.873535|-202.640198|0.000000|114.688087|0.000000|1.000000|1.000000|1.000000
m60_49_40_00-AEG004_046_1213|13|116.368851|191.002121|-35.353271|-9.374040|-8.267157|-0.953991|1.000000|1.000000|1.000000
m60_49_40_00-AEG004_046_1214|13|108.950020|186.595459|-80.496918|-0.094612|-17.044424|2.571457|1.000000|1.000000|1.000000
m60_49_40_00-AEG004_046_1216|13|50.949112|175.790298|-147.028412|2.162657|-174.256744|-8.165901|1.000000|1.000000|1.000000
m60_49_40_00-AEG004_046_1217|13|102.581268|184.468353|-149.650970|3.511427|-174.175278|-9.861186|1.000000|1.000000|1.000000
m60_49_40_00-AEG004_046_1219|13|94.539932|183.625992|-182.643387|-3.277796|34.107288|6.497668|1.000000|1.000000|1.000000
m60_49_40_00-AEG004_056_1055|13|199.460693|209.598663|-253.894531|8.770175|-109.006729|1.364488|1.000000|1.000000|1.000000
m60_49_40_00-AEG004_056_1068|13|220.070557|212.615372|-265.390381|1.180940|-105.057869|2.477774|1.000000|1.000000|1.000000
m60_49_40_00-AEG004_056_1074|13|185.303467|203.815002|-234.626709|1.004666|-9.200176|6.816338|1.000000|1.000000|1.000000
m60_49_40_00-AEG004_056_1076|13|149.177490|196.688370|-235.566406|4.287747|170.696198|1.022643|1.000000|1.000000|1.000000
m60_49_40_00-AEG004_056_1262|13|29.224236|115.957199|-174.673035|-18.354395|117.020088|-8.972987|1.000000|1.000000|1.000000
m60_49_40_00-AEG004_063_1050|13|123.175186|190.364059|-143.875504|25.318609|-68.898567|3.435452|1.000000|1.000000|1.000000
m60_49_40_00-AEG004_063_1051|13|4.333511|117.992767|-112.413986|47.464134|-29.203974|-23.757471|1.000000|1.000000|1.000000
m60_49_40_00-AEG004_063_1052|13|0.905266|117.839165|-114.533997|60.039837|3.761603|-0.901959|1.000000|1.000000|1.000000
m60_49_40_00-AEG004_063_1053|13|0.182648|127.495049|-106.184097|18.078991|12.854992|2.081213|1.000000|1.000000|1.000000
m60_49_40_00-AEG004_063_1054|13|-2.725784|117.469788|-111.461037|40.411442|46.353790|28.227589|1.000000|1.000000|1.000000
m60_49_40_00-AEG004_063_1056|13|6.012100|119.312019|-108.232285|29.657915|-59.877182|-44.598576|1.000000|1.000000|1.000000
m60_49_40_00-AEG004_063_1059|13|35.253426|117.839165|-164.208557|57.583630|107.217636|-4.520435|1.000000|1.000000|1.000000
m60_49_40_00-AEG004_063_1060|13|33.535233|119.950256|-175.977371|43.649254|93.279610|6.509747|1.000000|1.000000|1.000000
m60_49_40_00-AEG004_063_1061|13|34.890381|118.429031|-186.683685|43.213627|35.367355|-20.440121|1.000000|1.000000|1.000000
m60_49_40_00-AEG004_063_1062|13|181.523590|157.310852|-17.406891|0.000000|-78.899590|0.000000|1.000000|1.000000|1.000000
m60_49_40_00-AEG004_063_1063|13|26.097534|110.755150|-126.543335|15.247169|81.208870|3.644343|1.000000|1.000000|1.000000
m60_49_40_00-AEG004_063_1064|13|22.759148|110.753876|-124.687187|11.884830|48.314983|2.579762|1.000000|1.000000|1.000000
m60_49_40_00-AEG004_063_1065|13|33.648796|110.766922|-135.791290|0.000003|41.289715|0.000000|1.000000|1.000000|1.000000
m60_49_40_00-AEG004_065_7000|13|98.469055|199.002213|-134.133102|0.000000|37.507313|0.000000|1.000000|1.000000|1.000000
m60_49_40_00-AEG004_890_7002|13|30.214355|175.570541|-245.551147|2.815786|-177.153183|1.169520|1.000000|1.000000|1.000000
m60_49_40_00-AEG100_007_1000|13|174.692337|181.754211|-72.313431|-9.887325|-85.581467|4.834408|1.000000|1.000000|1.000000
m60_49_40_00-AEG100_007_1001|13|173.952637|179.826050|-65.651123|-39.654594|-134.157181|2.620413|1.000000|1.000000|1.000000
m60_49_40_00-AEG100_007_1176|13|7.535400|114.596703|-112.110558|-3.500364|-50.277378|0.000027|1.000000|1.000000|1.000000
m60_49_40_00-AEG100_007_1177|13|0.197731|114.451126|-116.337395|-6.361377|50.241795|-3.441677|1.000000|1.000000|1.000000
m60_49_40_00-AEG100_007_1178|13|1.862915|113.706039|-116.919594|2.325925|-21.993225|-3.432116|1.000000|1.000000|1.000000
m60_49_40_00-AEG100_007_1181|13|31.697701|116.286491|-184.620483|-21.032188|19.686655|12.630443|1.000000|1.000000|1.000000
m60_49_40_00-AEG100_007_1182|13|30.064743|115.483025|-182.264374|-8.516843|80.683960|-6.988995|1.000000|1.000000|1.000000
m60_49_40_00-AEG100_007_1183|13|24.934547|114.820885|-175.711212|-10.034417|163.441132|-8.482819|1.000000|1.000000|1.000000
m60_49_40_00-AEG100_007_1184|13|34.951584|114.973061|-162.296707|-10.708244|85.175117|13.059814|1.000000|1.000000|1.000000
m60_49_40_00-AEG100_007_1185|13|36.674194|114.000000|-156.306473|-0.000000|116.445877|0.000000|1.000000|1.000000|1.000000
m60_49_40_00-AEG100_007_1186|13|32.320259|113.994019|-200.361542|0.000000|101.683968|0.000000|1.000000|1.000000|1.000000
m60_49_40_00-AEG100_007_1187|13|19.800606|113.860100|-205.721649|-2.000000|101.683968|-0.000000|1.000000|1.000000|1.000000
m60_49_40_00-AEG100_007_1188|13|17.111038|114.425453|-121.198685|-7.872467|51.623909|-1.954473|1.000000|1.000000|1.000000
m60_49_40_00-AEG100_007_1189|13|35.560059|114.000000|-140.236069|-0.000000|17.992119|0.000000|1.000000|1.000000|1.000000
m60_49_40_00-AEG100_008_1066|13|155.034668|178.692261|-51.240105|1.344592|-65.240234|-23.863754|1.000000|1.000000|1.000000
m60_49_40_00-AEG100_008_1067|13|155.034668|167.356567|-20.284416|9.955221|-32.942097|-23.281992|1.000000|1.000000|1.000000
m60_49_40_00-AEG100_009_1000|13|21.009941|114.383759|-179.796051|-10.000001|91.188072|0.000000|1.000000|1.000000|1.000000
m60_49_40_00-AEG100_009_1001|13|26.040916|114.000000|-167.310944|-0.000013|110.688065|0.000000|1.000000|1.000000|1.000000
m60_49_41_00-AEG003_071_1000|13|163.918213|191.300003|108.564384|0.000000|-96.067337|0.000000|1.000000|1.000000|1.000000
m60_49_41_00-AEG003_071_1001|13|167.346008|211.300003|73.073044|0.000000|29.999998|0.000000|1.000000|1.000000|1.000000
m60_49_41_00-AEG003_071_1002|13|189.033722|231.300003|130.586441|0.000000|-34.999992|0.000000|1.000000|1.000000|1.000000
m60_49_41_00-AEG004_005_1000|13|131.805908|206.922363|21.867676|11.635440|-107.616386|7.233781|1.000000|1.000000|1.000000
m60_49_41_00-AEG004_005_1001|13|111.060738|206.646072|32.523972|-8.774789|-0.650049|5.587023|1.000000|1.000000|1.000000
m60_49_41_00-AEG004_005_1002|13|140.463120|212.679092|47.117355|-11.961635|-0.783374|4.861246|1.000000|1.000000|1.000000
m60_49_41_00-AEG004_005_1003|13|76.916367|197.470978|16.267418|-17.700262|-2.435624|0.051945|1.000000|1.000000|1.000000
m60_49_41_00-AEG004_005_1004|13|83.200470|201.335205|25.080795|3.290589|167.003632|-12.145530|1.000000|1.000000|1.000000
m60_49_41_00-AEG004_005_1005|13|39.487556|198.775391|33.436279|-0.000005|-0.890144|-0.000005|1.000000|1.000000|1.000000
m60_49_41_00-AEG004_005_1006|13|6.859467|198.775391|58.664436|-0.000004|-101.390099|-0.000006|1.000000|1.000000|1.000000
m60_49_41_00-AEG004_005_1007|13|5.479065|198.554001|22.356567|-0.000004|-103.510628|-0.000007|1.000000|1.000000|1.000000
m60_49_41_00-AEG004_005_1008|13|9.339455|198.775513|40.979248|-0.000004|89.609970|-0.000004|1.000000|1.000000|1.000000
m60_49_41_00-AEG004_006_1000|13|97.337769|203.368408|22.440063|9.281025|-106.739265|10.091084|1.000000|1.000000|1.000000
m60_49_41_00-AEG004_006_1001|13|132.517334|205.560532|13.902168|15.825904|-140.097000|-1.464377|1.000000|1.000000|1.000000
m60_49_41_00-AEG004_046_1000|13|27.023689|196.045898|21.700851|0.000000|-174.411102|-0.000002|1.000000|1.000000|1.000000
m60_49_41_00-AEG004_046_1001|13|175.202576|154.875366|69.581268|-1.981680|109.958382|-11.537975|1.000000|1.000000|1.000000
m60_49_41_00-AEG004_890_7000|13|146.488907|205.942245|11.833923|17.251394|98.655571|-16.980724|1.000000|1.000000|1.000000
m60_49_41_00-AEG005_100_1000|13|190.873184|231.300003|131.292313|0.000000|179.999939|0.000000|1.000000|1.000000|1.000000
m60_49_41_00-AEG005_101_1000|13|220.113373|211.300003|132.128036|0.000000|177.499969|0.000000|1.000000|1.000000|1.000000
m60_49_41_00-AEG005_101_1001|13|165.901886|211.300003|74.318390|0.000000|44.999996|0.000000|1.000000|1.000000|1.000000
m60_49_41_00-AEG005_101_1002|13|163.228287|191.300003|106.146439|0.000000|89.999985|0.000000|1.000000|1.000000|1.000000
m60_49_41_00-AEG005_102_1000|13|165.423340|211.300003|106.203323|0.000000|89.999985|0.000000|1.000000|1.000000|1.000000
