m46365400_0000|0|-128.000000|0.000000|-128.000000|0.000000|0.000000|0.000000|1.000000|1.000000|1.000000
m46365401_0000|0|-128.000000|0.000000|-128.000000|0.000000|0.000000|0.000000|1.000000|1.000000|1.000000
m56375402_0000|0|128.000000|0.000000|-128.000000|0.000000|0.000000|0.000000|1.000000|1.000000|1.000000
m57375500_0000|0|128.000000|0.000000|128.000000|0.000000|0.000000|0.000000|1.000000|1.000000|1.000000
m60_36_54_00-AEG003_017_1000|13|-31.206146|1052.669678|-166.460785|1.985244|-175.791000|-3.752815|1.000000|1.000000|1.000000
m60_36_54_00-AEG003_017_1001|13|-31.206146|1052.669678|-166.460785|3.755035|-85.920990|1.981013|1.000000|1.000000|1.000000
m60_36_54_00-AEG003_017_1002|13|-31.206146|1052.669678|-166.460785|-1.985272|4.209022|3.752815|1.000000|1.000000|1.000000
m60_36_54_00-AEG003_017_1003|13|-31.206146|1052.669678|-166.460785|-3.755066|94.078934|-1.980979|1.000000|1.000000|1.000000
m60_36_54_00-AEG003_018_1000|13|-31.206146|1052.669678|-166.460785|1.254490|-40.900482|4.055632|1.000000|1.000000|1.000000
m60_36_54_00-AEG003_018_1001|13|-31.206146|1052.669678|-166.460785|4.056573|-130.811722|-1.251347|1.000000|1.000000|1.000000
m60_36_54_00-AEG003_018_1002|13|-31.206146|1052.669678|-166.460785|-1.254493|139.099472|-4.055630|1.000000|1.000000|1.000000
m60_36_54_00-AEG003_018_1003|13|-31.206146|1052.669678|-166.460785|-4.056598|49.188160|1.251354|1.000000|1.000000|1.000000
m60_36_54_00-AEG003_019_1000|13|-31.290192|1052.015015|-166.441376|-1.650136|-0.799433|3.921512|1.000000|1.000000|1.000000
m60_36_54_00-AEG004_254_1001|13|-15.371315|1056.786743|-202.365311|14.699088|29.771551|19.279219|1.000000|1.000000|1.000000
m60_36_54_00-AEG004_254_1002|13|-9.549393|1010.749634|-123.195274|-4.976584|-1.667806|5.061115|1.000000|1.000000|1.000000
m60_36_54_00-AEG004_254_1003|13|-16.546410|1055.234497|-136.166321|-4.922312|93.994728|-10.828162|1.000000|1.000000|1.000000
m60_36_54_00-AEG004_254_1004|13|-58.811409|1053.641602|-186.929535|10.259165|102.856277|24.378750|1.000000|1.000000|1.000000
m60_36_54_00-AEG004_254_1005|13|5.367630|1058.491821|-170.201935|-13.438596|163.756226|-20.468849|1.000000|1.000000|1.000000
m60_36_54_00-AEG004_254_1006|13|-52.254669|1053.916382|-193.735443|-16.459068|-83.112465|-21.982279|1.000000|1.000000|1.000000
m60_36_54_00-AEG004_254_1007|13|3.452774|1059.083984|-152.532379|-21.013464|109.934891|-19.292288|1.000000|1.000000|1.000000
m60_36_54_00-AEG004_254_1008|13|-25.037590|1010.667480|-117.698242|0.000000|-77.081131|0.000000|1.000000|1.000000|1.000000
m60_36_54_00-AEG004_254_1009|13|-247.800385|1006.226868|-88.054565|1.112968|161.591705|3.833785|1.000000|1.000000|1.000000
m60_36_54_00-AEG004_254_1010|13|-99.471375|974.296692|-261.454010|-0.003358|57.188290|0.003524|1.000000|1.000000|1.000000
m60_36_54_00-AEG004_287_1487|13|-29.072906|917.180054|-152.478607|-11.564704|-51.128300|10.073362|1.000000|1.000000|1.000000
m60_36_54_00-AEG004_287_1489|13|-17.490952|910.582397|-146.877670|-3.343603|-15.795009|-2.400461|1.000000|1.000000|1.000000
m60_36_54_00-AEG004_287_1576|13|-162.051697|989.454956|-192.764725|70.573097|15.737883|-9.454384|1.000000|1.000000|1.000000
m60_36_54_00-AEG004_287_1580|13|-113.293846|959.879639|-232.038956|-169.786545|39.562126|38.500744|1.000000|1.000000|1.000000
m60_36_54_00-AEG004_287_1581|13|-144.553146|947.420715|-189.332214|122.314346|-0.014356|39.719460|1.000000|1.000000|1.000000
m60_36_54_00-AEG004_287_1686|13|-138.224533|962.190491|-202.746414|73.644745|28.806355|40.014755|1.000000|1.000000|1.000000
m60_36_54_00-AEG004_287_1687|13|-135.370316|951.945618|-223.780243|-24.538467|-145.313965|-37.577652|1.000000|1.000000|1.000000
m60_36_54_00-AEG004_287_1688|13|-131.905441|962.060791|-214.271072|-136.408173|29.902695|41.663628|1.000000|1.000000|1.000000
m60_36_54_00-AEG004_287_1689|13|-126.062271|966.850037|-218.194046|-158.899551|49.593029|36.004456|1.000000|1.000000|1.000000
m60_36_54_00-AEG004_287_1690|13|-147.112656|952.835510|-198.806274|80.293846|19.560184|-130.834625|1.000000|1.000000|1.000000
m60_36_54_00-AEG004_287_1692|13|-171.970078|957.056152|-218.869797|107.027451|-25.193474|-13.803266|1.000000|1.000000|1.000000
m60_36_54_00-AEG004_287_1695|13|-173.784012|967.011475|-228.708023|-18.543154|72.961754|42.326744|1.000000|1.000000|1.000000
m60_36_54_00-AEG004_287_1696|13|-170.024734|955.014343|-224.677170|73.449471|-37.959476|123.703728|1.000000|1.000000|1.000000
m60_36_54_00-AEG004_289_1094|13|-144.110718|1025.748169|-139.145203|26.069317|-8.918758|117.090347|1.000000|1.000000|1.000000
m60_36_54_00-AEG004_289_1119|13|-118.554352|1045.520020|-152.000916|1.307759|-161.643402|66.393936|1.000000|1.000000|1.000000
m60_36_54_00-AEG004_289_1180|13|-13.520622|793.623718|-233.039688|170.334244|39.799400|-2.575982|1.000000|1.000000|1.000000
m60_36_54_00-AEG004_289_1182|13|-60.912552|793.069885|-234.278061|102.117592|-57.260910|-1.352245|1.000000|1.000000|1.000000
m60_36_54_00-AEG004_289_1184|13|-4.289734|792.784668|-216.873810|97.503693|-26.122061|17.459381|1.000000|1.000000|1.000000
m60_36_54_00-AEG004_289_1357|13|-101.300674|925.315796|-152.024200|94.798203|17.009457|14.008159|1.000000|1.000000|1.000000
m60_36_54_00-AEG004_289_1358|13|-159.884613|937.208496|-200.469147|162.164062|-32.938953|6.531034|1.000000|1.000000|1.000000
m60_36_54_00-AEG004_289_1359|13|-145.217712|933.975342|-185.262024|179.830170|76.006805|-18.956749|1.000000|1.000000|1.000000
m60_36_54_00-AEG004_289_1360|13|-152.144943|936.776367|-195.254303|170.112137|44.619514|-16.256065|1.000000|1.000000|1.000000
m60_36_54_00-AEG004_289_1361|13|-153.465729|1026.529053|-132.902756|66.381210|108.800865|-2.248064|1.000000|1.000000|1.000000
m60_36_54_00-AEG004_289_1362|13|-108.502319|1054.915161|-155.603683|86.097565|-83.080246|-2.522274|1.000000|1.000000|1.000000
m60_36_54_00-AEG004_289_1363|13|-64.543076|1053.833740|-160.544678|-92.869041|-83.035995|-2.396627|1.000000|1.000000|1.000000
m60_36_54_00-AEG004_289_1365|13|4.444183|1013.694519|-92.083061|-3.388652|-92.987099|18.663012|1.000000|1.000000|1.000000
m60_36_54_00-AEG004_289_1366|13|-229.500427|1011.104309|-82.247177|-64.997078|142.030441|32.452866|1.000000|1.000000|1.000000
m60_36_54_00-AEG004_289_1368|13|-187.088043|792.841064|-252.581116|94.959000|32.228924|-0.000017|1.000000|1.000000|1.000000
m60_36_54_00-AEG004_289_1369|13|-81.214203|999.989319|-253.026001|9.557422|13.547871|177.017105|1.000000|1.000000|1.000000
m60_36_54_00-AEG004_289_1370|13|-222.288391|1005.097961|-105.748291|62.150883|107.333969|53.439312|1.000000|1.000000|1.000000
m60_36_54_00-AEG004_289_1371|13|-34.812050|796.582397|-243.894623|-10.286817|78.675919|179.627289|1.000000|1.000000|1.000000
m60_36_54_00-AEG004_289_1372|13|-128.222519|1029.554443|-134.483444|103.276527|-71.922356|6.045471|1.000000|1.000000|1.000000
m60_36_54_00-AEG005_040_1000|13|0.270081|997.069275|-168.426895|6.552233|-20.556530|9.155534|1.000000|1.000000|1.000000
m60_36_54_00-AEG005_040_1001|13|1.320740|993.866760|-126.593231|15.768315|-74.762825|18.115246|1.000000|1.000000|1.000000
m60_36_54_00-AEG005_040_1002|13|-101.688263|935.533386|-238.568085|0.000000|0.000000|0.000000|1.000000|1.000000|1.000000
m60_36_54_00-AEG005_040_1003|13|-12.869125|795.483643|-241.590317|13.139929|51.496426|-13.761555|1.000000|1.000000|1.000000
m60_36_54_00-AEG005_040_1004|13|-34.424019|829.486694|-212.768311|18.049292|-94.297882|3.082029|1.000000|1.000000|1.000000
m60_36_54_00-AEG005_040_1007|13|-209.582458|800.132324|-247.277954|22.417519|6.725906|-12.231247|1.000000|1.000000|1.000000
m60_36_54_00-AEG005_040_1008|13|-80.236588|938.065369|-149.517212|14.736816|1.227385|-31.255770|1.000000|1.000000|1.000000
m60_36_54_00-AEG005_040_1010|13|-132.256195|799.704651|-237.545441|27.125921|-48.781467|2.608122|1.000000|1.000000|1.000000
m60_36_54_00-AEG005_040_1011|13|-110.663651|800.634338|-216.266296|40.084217|-8.819249|16.692274|1.000000|1.000000|1.000000
m60_36_54_00-AEG005_040_1012|13|-16.699249|812.963318|-205.424072|21.842289|-35.556293|-11.796354|1.000000|1.000000|1.000000
m60_36_54_00-AEG005_040_1014|13|-39.235367|798.244446|-211.280899|17.947498|-60.923752|-4.149827|1.000000|1.000000|1.000000
m60_36_54_00-AEG005_040_1015|13|9.654068|948.228760|-143.010025|3.323051|51.542118|-0.015029|1.000000|1.000000|1.000000
m60_36_54_00-AEG005_041_1002|13|-44.545624|926.795593|-243.048874|0.000000|0.000000|0.000000|1.000000|1.000000|1.000000
m60_36_54_00-AEG005_041_1003|13|-121.370834|801.068848|-254.865341|0.964095|48.029343|12.350977|1.000000|1.000000|1.000000
m60_36_54_00-AEG005_041_1008|13|-63.076431|953.273499|-162.152878|5.964400|85.920212|-35.824440|1.000000|1.000000|1.000000
m60_36_54_00-AEG005_041_1009|13|-210.043839|796.775940|-247.141357|7.590991|72.219360|-14.137403|1.000000|1.000000|1.000000
m60_36_54_00-AEG005_041_1010|13|-43.365242|847.664856|-213.872040|0.016475|70.639374|-30.013088|1.000000|1.000000|1.000000
m60_36_54_00-AEG005_041_1011|13|-16.584465|792.392029|-235.048264|-0.000011|18.944405|-0.000005|1.000000|1.000000|1.000000
m60_36_54_00-AEG005_041_1012|13|-130.368240|795.051758|-238.422913|-0.002553|-35.923508|0.022594|1.000000|1.000000|1.000000
m60_36_54_00-AEG005_041_1014|13|-62.191025|799.092163|-241.840012|-12.078867|174.978653|20.791050|1.000000|1.000000|1.000000
m60_36_54_00-AEG005_041_1015|13|-110.237381|797.087646|-217.665237|6.574920|-174.549316|-12.682339|1.000000|1.000000|1.000000
m60_36_54_00-AEG007_552_1002|13|-122.837021|981.917297|-223.347839|-0.021903|-0.446794|0.008961|1.000000|1.000000|1.000000
m60_36_54_00-AEG007_552_1003|13|-231.203781|997.848572|-150.670624|0.000628|-38.288639|0.010163|1.000000|1.000000|1.000000
m60_36_54_00-AEG007_552_1004|13|-179.332169|989.367310|-214.413574|-0.000004|-94.251083|0.000027|1.000000|1.000000|1.000000
m60_36_54_00-AEG007_552_1006|13|-116.485153|977.404236|-255.095673|-0.000000|126.894630|-0.000003|1.000000|1.000000|1.000000
m60_36_54_00-AEG007_552_1008|13|-134.450974|993.461914|-190.930115|0.017677|160.109268|-0.016542|1.000000|1.000000|1.000000
m60_36_54_00-AEG007_552_1009|13|-211.535873|1009.494507|-99.972687|-0.017313|18.801826|0.004207|1.000000|1.000000|1.000000
m60_36_54_00-AEG007_552_1010|13|-58.168938|911.911987|-195.857178|0.020600|161.390686|0.002186|1.000000|1.000000|1.000000
m60_36_54_00-AEG007_552_1011|13|-92.536369|918.122803|-191.003220|-0.000835|104.356911|-0.011807|1.000000|1.000000|1.000000
m60_36_54_00-AEG007_552_1012|13|-45.305031|908.576294|-209.266022|-0.004458|-12.902873|-0.005746|1.000000|1.000000|1.000000
m60_36_54_00-AEG007_552_1013|13|-36.584152|907.941650|-196.148499|-0.004148|65.819412|0.006502|1.000000|1.000000|1.000000
m60_36_54_00-AEG007_552_1014|13|-54.338974|914.460754|-175.099182|-0.007485|124.647812|-0.009647|1.000000|1.000000|1.000000
m60_36_54_00-AEG007_552_1015|13|-126.728638|929.503723|-172.398224|-0.010860|14.802972|-0.018964|1.000000|1.000000|1.000000
m60_36_54_00-AEG007_552_1016|13|-38.074211|909.108887|-172.029312|-0.016025|-106.184875|0.010464|1.000000|1.000000|1.000000
m60_36_54_00-AEG007_552_1017|13|-45.067291|910.411743|-177.986542|-0.014641|26.609772|-0.029396|1.000000|1.000000|1.000000
m60_36_54_00-AEG007_553_1001|13|-172.033768|987.225647|-219.995239|-0.000016|-46.557442|-0.000001|1.000000|1.000000|1.000000
m60_36_54_00-AEG007_553_1004|13|-142.348907|987.963684|-206.870575|-0.014666|-52.622768|0.011038|1.000000|1.000000|1.000000
m60_36_54_00-AEG007_553_1008|13|-178.912781|988.654663|-219.518707|0.020654|144.498978|-0.002522|1.000000|1.000000|1.000000
m60_36_54_00-AEG007_553_1009|13|-238.835114|996.913818|-148.665833|0.008442|-93.004082|0.004672|1.000000|1.000000|1.000000
m60_36_54_00-AEG007_553_1011|13|-229.161087|997.343811|-159.344543|-0.002108|60.408897|0.012240|1.000000|1.000000|1.000000
m60_36_54_00-AEG007_553_1012|13|-114.886841|977.627625|-251.491135|-0.002598|38.869549|-0.004802|1.000000|1.000000|1.000000
m60_36_54_00-AEG007_553_1017|13|-184.789337|994.623779|-190.874084|0.002022|-115.574112|0.011283|1.000000|1.000000|1.000000
m60_36_54_00-AEG007_553_1026|13|-124.157516|978.316956|-249.965454|0.007021|-153.100235|0.000546|1.000000|1.000000|1.000000
m60_36_54_00-AEG007_553_1028|13|-179.373871|993.411316|-195.260986|0.003115|84.382698|-0.010622|1.000000|1.000000|1.000000
m60_36_54_00-AEG007_553_1030|13|-112.280060|980.423828|-235.153015|0.008333|-141.313309|-0.015431|1.000000|1.000000|1.000000
m60_36_54_00-AEG007_553_1031|13|-133.340759|986.154968|-214.079987|0.012650|100.493431|-0.011358|1.000000|1.000000|1.000000
m60_36_54_00-AEG007_553_1032|13|-215.710968|1002.907227|-141.694794|0.025845|124.884666|-0.008741|1.000000|1.000000|1.000000
m60_36_54_00-AEG007_553_1033|13|-123.283936|984.894592|-217.673340|0.015791|104.215782|-0.031267|1.000000|1.000000|1.000000
m60_36_54_00-AEG007_553_1034|13|-162.796310|990.368469|-203.132675|0.005546|-21.644772|0.016092|1.000000|1.000000|1.000000
m60_36_54_00-AEG007_553_1035|13|-134.297180|994.930725|-186.838226|-0.016309|18.435144|0.013633|1.000000|1.000000|1.000000
m60_36_54_00-AEG007_553_1036|13|-220.491943|999.195496|-153.845947|-0.009540|94.622047|-0.006352|1.000000|1.000000|1.000000
m60_36_54_00-AEG007_553_1038|13|-157.776459|982.781738|-230.878418|-0.010200|-49.546780|0.007896|1.000000|1.000000|1.000000
m60_36_54_00-AEG007_553_1039|13|-158.591675|989.191711|-206.870453|-0.011383|104.752502|-0.011409|1.000000|1.000000|1.000000
m60_36_54_00-AEG007_553_1041|13|-157.245789|980.348389|-247.977585|-0.001042|-49.351990|-0.003551|1.000000|1.000000|1.000000
m60_36_54_00-AEG007_553_1042|13|-212.476746|998.048035|-173.929062|-0.011180|7.833836|0.015300|1.000000|1.000000|1.000000
m60_36_54_00-AEG007_553_1043|13|-120.925690|980.543640|-228.604950|0.011420|110.343140|-0.001808|1.000000|1.000000|1.000000
m60_36_54_00-AEG007_553_1044|13|-207.107376|1010.154480|-100.405869|0.017950|-140.846573|0.001749|1.000000|1.000000|1.000000
m60_36_54_00-AEG007_553_1045|13|-227.308914|1012.796753|-81.117599|0.018879|-31.143761|0.005218|1.000000|1.000000|1.000000
m60_36_54_00-AEG007_553_1046|13|-219.080017|1010.057190|-93.670731|0.008524|-89.642479|0.016502|1.000000|1.000000|1.000000
m60_36_54_00-AEG007_553_1047|13|-243.726883|1005.455017|-96.642464|-0.012799|-159.575867|0.013934|1.000000|1.000000|1.000000
m60_36_54_00-AEG007_553_1048|13|-127.281631|987.683716|-210.752930|0.018059|-104.850792|0.010956|1.000000|1.000000|1.000000
m60_36_54_00-AEG007_553_1049|13|-104.512955|978.277954|-241.011078|0.003169|96.720741|-0.008358|1.000000|1.000000|1.000000
m60_36_54_00-AEG007_553_1052|13|-82.330261|918.621216|-172.905884|0.013087|114.628746|-0.003044|1.000000|1.000000|1.000000
m60_36_54_00-AEG007_553_1056|13|-127.042366|929.086243|-183.617279|0.034943|97.683075|-0.013322|1.000000|1.000000|1.000000
m60_36_54_00-AEG007_553_1058|13|-48.648376|911.362366|-185.596954|-0.018191|138.526581|0.032020|1.000000|1.000000|1.000000
m60_36_54_00-AEG007_553_1060|13|-46.601425|908.476624|-215.639587|0.000191|138.823990|0.007786|1.000000|1.000000|1.000000
m60_36_54_00-AEG007_553_1061|13|-58.787987|912.461548|-189.661499|-0.002193|136.311234|-0.002026|1.000000|1.000000|1.000000
m60_36_54_00-AEG007_553_1063|13|-32.018799|907.855469|-186.226685|0.018332|75.293373|0.017758|1.000000|1.000000|1.000000
m60_36_54_00-AEG007_553_1068|13|-59.346649|912.342896|-199.033463|0.027403|57.569553|-0.031607|1.000000|1.000000|1.000000
m60_36_54_00-AEG007_553_1070|13|-132.198105|930.669373|-175.359207|0.005573|-168.363480|0.022075|1.000000|1.000000|1.000000
m60_36_54_00-AEG007_553_1071|13|-121.251831|928.593689|-169.160187|0.017021|84.020744|-0.033481|1.000000|1.000000|1.000000
m60_36_54_00-AEG007_553_1072|13|-154.570496|934.995544|-212.815552|0.009999|-115.514946|0.006338|1.000000|1.000000|1.000000
m60_36_54_00-AEG007_553_1075|13|-171.007675|936.944458|-224.091705|-0.002214|-41.615452|-0.017406|1.000000|1.000000|1.000000
m60_36_54_00-AEG007_553_1077|13|-167.400925|937.861328|-217.975647|0.009590|103.888527|-0.013043|1.000000|1.000000|1.000000
m60_36_54_00-AEG007_553_1079|13|-34.894981|909.327576|-168.668091|0.022922|82.276886|-0.026333|1.000000|1.000000|1.000000
m60_36_54_00-AEG007_553_1080|13|-46.631378|912.410217|-175.999542|0.013852|104.707878|-0.007684|1.000000|1.000000|1.000000
m60_36_54_00-AEG007_554_1004|13|-229.093018|995.691040|-158.047195|-0.005964|165.220505|-0.013018|1.000000|1.000000|1.000000
m60_36_54_00-AEG007_554_1012|13|-184.647202|993.987793|-194.156677|0.010901|-177.939346|-0.000495|1.000000|1.000000|1.000000
m60_36_54_00-AEG007_554_1014|13|-227.831512|998.621521|-148.095245|0.009808|-116.703224|-0.003747|1.000000|1.000000|1.000000
m60_36_54_00-AEG007_554_1015|13|-121.379318|980.705688|-227.955582|0.009835|-129.240585|0.006120|1.000000|1.000000|1.000000
m60_36_54_00-AEG007_554_1018|13|-131.033539|986.821045|-206.712463|0.014972|-68.772285|0.028004|1.000000|1.000000|1.000000
m60_36_54_00-AEG007_554_1020|13|-176.161499|989.107300|-214.259521|0.000027|149.500854|-0.000002|1.000000|1.000000|1.000000
m60_36_54_00-AEG007_554_1022|13|-113.168076|980.961853|-238.337708|0.006093|-161.349731|0.004098|1.000000|1.000000|1.000000
m60_36_54_00-AEG007_554_1023|13|-120.807281|977.864197|-252.322510|-0.000000|133.214355|-0.000001|1.000000|1.000000|1.000000
m60_36_54_00-AEG007_554_1024|13|-130.466568|986.784485|-214.137100|0.015737|-147.535538|0.006776|1.000000|1.000000|1.000000
m60_36_54_00-AEG007_554_1026|13|-154.702423|980.816589|-232.299332|0.011857|123.294670|0.002896|1.000000|1.000000|1.000000
m60_36_54_00-AEG007_554_1029|13|-212.138733|997.099548|-176.062408|-0.000003|84.603943|-0.000008|1.000000|1.000000|1.000000
m60_36_54_00-AEG007_554_1031|13|-159.516327|989.684509|-205.185242|-0.004564|18.461637|0.016201|1.000000|1.000000|1.000000
m60_36_54_00-AEG007_554_1032|13|-138.402649|994.290955|-188.812714|-0.014351|-50.400871|0.014343|1.000000|1.000000|1.000000
m60_36_54_00-AEG007_554_1033|13|-208.688812|1011.036560|-99.184845|-0.115999|39.701313|0.040243|1.000000|1.000000|1.000000
m60_36_54_00-AEG007_554_1034|13|-220.537506|1008.528137|-92.978386|-0.018488|-16.799461|0.000027|1.000000|1.000000|1.000000
m60_36_54_00-AEG007_554_1038|13|-129.931412|928.629211|-183.597748|-0.004548|-122.669609|0.023578|1.000000|1.000000|1.000000
m60_36_54_00-AEG007_554_1040|13|-43.213005|908.272644|-207.112595|-0.007443|-104.484276|0.003552|1.000000|1.000000|1.000000
m60_36_54_00-AEG007_554_1041|13|-29.424210|908.800232|-187.242828|0.047402|44.878242|0.026009|1.000000|1.000000|1.000000
m60_36_54_00-AEG007_554_1044|13|-56.326965|911.978394|-192.477783|0.015627|98.024864|-0.042378|1.000000|1.000000|1.000000
m60_36_54_00-AEG007_554_1046|13|-130.514679|929.778687|-173.226379|-0.012638|89.886719|0.018961|1.000000|1.000000|1.000000
m60_36_54_00-AEG007_554_1047|13|-166.191864|935.545715|-219.761246|-0.036161|-76.750191|0.023332|1.000000|1.000000|1.000000
m60_36_54_00-AEG007_653_1012|13|-43.364815|910.774902|-173.912125|-30.193531|-135.521271|16.784590|1.000000|1.000000|1.000000
m60_36_54_00-AEG007_653_1013|13|-63.227165|912.137573|-192.053772|-9.002679|-75.899338|5.068710|1.000000|1.000000|1.000000
m60_36_54_00-AEG007_653_1014|13|-59.238327|914.467407|-171.660614|-12.183457|-87.733543|7.397914|1.000000|1.000000|1.000000
m60_36_54_00-AEG007_654_1001|13|-58.338531|913.661804|-176.071014|-9.149490|-106.869553|11.231480|1.000000|1.000000|1.000000
m60_36_54_00-AEG007_655_1015|13|-9.207695|897.171631|-184.926926|-2.802027|-168.097382|24.760006|1.000000|1.000000|1.000000
m60_36_54_00-AEG007_655_1017|13|-35.258629|908.468994|-187.884064|-8.516148|-70.131859|-7.547606|1.000000|1.000000|1.000000
m60_36_54_00-AEG007_655_1020|13|-39.601250|909.781982|-176.094452|25.968384|160.014206|10.754215|1.000000|1.000000|1.000000
m60_36_54_00-AEG007_655_1021|13|-63.080284|911.665283|-196.397232|-4.682735|-103.242004|8.497821|1.000000|1.000000|1.000000
m60_36_54_00-AEG007_655_1022|13|-62.388626|912.364197|-187.080704|-2.062869|-132.581665|10.679711|1.000000|1.000000|1.000000
m60_36_54_00-AEG007_655_1023|13|-57.323212|912.963928|-179.033142|1.135369|-151.002472|14.419402|1.000000|1.000000|1.000000
m60_36_54_00-AEG700_037_1000|13|-83.345215|918.854492|-171.204407|0.000000|180.000000|0.000000|1.000000|1.000000|1.000000
m60_36_54_00-AEG700_037_1001|13|-22.684387|903.537231|-177.691559|0.000000|180.000000|0.000000|1.000000|1.000000|1.000000
m60_36_54_00-AEG700_037_1002|13|-34.778198|908.053711|-186.866730|0.000000|180.000000|0.000000|1.000000|1.000000|1.000000
m60_37_54_00-AEG001_441_7011|13|133.767181|849.797302|-204.364197|-5.994854|-8.939442|22.479507|1.000000|1.000000|1.000000
m60_37_54_00-AEG001_441_7013|13|114.527077|861.196045|-223.741699|8.450220|2.662174|-1.345215|1.000000|1.000000|1.000000
m60_37_54_00-AEG001_441_7039|13|113.902733|862.207031|-223.567719|9.368384|-47.912552|20.369192|1.000000|1.000000|1.000000
m60_37_54_00-AEG001_441_7040|13|106.600143|856.674011|-202.019989|-0.549768|-149.553680|-3.497129|1.000000|1.000000|1.000000
m60_37_54_00-AEG001_441_7041|13|113.952995|852.074036|-231.236801|24.466003|36.841141|2.854670|1.000000|1.000000|1.000000
m60_37_54_00-AEG001_441_7042|13|246.862091|903.744934|-76.870300|-54.003834|-107.188683|6.569477|1.000000|1.000000|1.000000
m60_37_54_00-AEG001_441_7043|13|246.036285|904.122437|-74.637566|11.094739|153.855713|53.506035|1.000000|1.000000|1.000000
m60_37_54_00-AEG001_441_7044|13|248.655640|902.013306|-73.691772|-66.998016|-107.220833|6.801161|1.000000|1.000000|1.000000
m60_37_54_00-AEG001_441_7045|13|248.508179|902.809265|-76.672379|-10.452907|177.775757|67.509560|1.000000|1.000000|1.000000
m60_37_54_00-AEG001_441_7046|13|208.959167|931.823059|-37.413292|-19.570993|-32.434998|-15.458781|1.000000|1.000000|1.000000
m60_37_54_00-AEG001_441_7048|13|178.617950|971.763367|-28.481628|-28.368160|-86.099976|0.578113|1.000000|1.000000|1.000000
m60_37_54_00-AEG001_441_7054|13|140.316116|1003.257812|-63.395142|1.015084|19.258997|-23.681629|1.000000|1.000000|1.000000
m60_37_54_00-AEG001_441_7057|13|225.757965|900.956848|-113.971962|18.727379|81.522408|19.096855|1.000000|1.000000|1.000000
m60_37_54_00-AEG001_441_7058|13|203.761414|931.133423|-49.743210|12.110637|153.331161|36.299755|1.000000|1.000000|1.000000
m60_37_54_00-AEG001_441_7060|13|138.148041|848.264648|-223.234436|-5.026140|79.292076|10.652089|1.000000|1.000000|1.000000
m60_37_54_00-AEG001_441_7063|13|120.027466|853.670227|-194.987122|-16.071167|-112.082550|-24.568766|1.000000|1.000000|1.000000
m60_37_54_00-AEG001_441_7064|13|100.918030|856.607056|-213.339447|7.738849|-174.694107|-7.857337|1.000000|1.000000|1.000000
m60_37_54_00-AEG001_441_7065|13|235.653168|903.249695|-77.837204|-21.887506|-127.735779|12.934053|1.000000|1.000000|1.000000
m60_37_54_00-AEG001_441_7066|13|179.784760|941.949585|-4.132751|-21.489525|-147.414246|15.207313|1.000000|1.000000|1.000000
m60_37_54_00-AEG001_441_7067|13|163.167282|974.412781|-15.014801|-16.849842|-44.102318|-12.975581|1.000000|1.000000|1.000000
m60_37_54_00-AEG001_442_7000|13|134.179382|849.214233|-204.476013|-2.114887|90.221809|-16.757444|1.000000|1.000000|1.000000
m60_37_54_00-AEG001_442_7002|13|117.995644|900.329224|-212.612076|-11.372908|-11.564975|18.017277|1.000000|1.000000|1.000000
m60_37_54_00-AEG001_442_7005|13|127.421387|878.084534|-208.785614|-29.958241|-92.984329|-5.013178|1.000000|1.000000|1.000000
m60_37_54_00-AEG001_442_7006|13|124.564217|898.001282|-207.875076|2.778265|96.541176|10.897587|1.000000|1.000000|1.000000
m60_37_54_00-AEG001_442_7007|13|119.089363|883.101440|-218.516693|-12.250513|-64.153755|18.547602|1.000000|1.000000|1.000000
m60_37_54_00-AEG001_442_7017|13|122.006157|857.187500|-202.664124|-3.543058|-134.372482|-0.777261|1.000000|1.000000|1.000000
m60_37_54_00-AEG001_442_7020|13|114.396881|861.250977|-223.548828|-3.022937|56.738964|-2.335351|1.000000|1.000000|1.000000
m60_37_54_00-AEG001_442_7021|13|107.075500|854.526489|-202.416367|26.214157|-46.053879|-2.194023|1.000000|1.000000|1.000000
m60_37_54_00-AEG001_442_7022|13|114.017654|849.247192|-232.527573|17.092474|108.049591|15.990240|1.000000|1.000000|1.000000
m60_37_54_00-AEG001_442_7023|13|247.248138|901.234253|-73.528625|-53.928516|-107.904892|7.545907|1.000000|1.000000|1.000000
m60_37_54_00-AEG001_442_7024|13|247.730499|904.030457|-73.672577|-68.109879|-80.429359|-44.313847|1.000000|1.000000|1.000000
m60_37_54_00-AEG001_442_7025|13|208.922394|931.586548|-37.553772|41.170547|79.989578|-11.771098|1.000000|1.000000|1.000000
m60_37_54_00-AEG001_442_7026|13|178.527542|971.062378|-28.330780|26.655550|21.063772|-33.696049|1.000000|1.000000|1.000000
m60_37_54_00-AEG001_442_7030|13|140.269638|1002.764404|-63.921173|13.617078|123.850266|19.305914|1.000000|1.000000|1.000000
m60_37_54_00-AEG001_442_7032|13|118.341629|1006.039124|-112.319000|-125.735352|-12.904722|-13.735119|1.000000|1.000000|1.000000
m60_37_54_00-AEG001_442_7033|13|113.265366|872.722595|-213.158997|2.021001|23.429995|21.006931|1.000000|1.000000|1.000000
m60_37_54_00-AEG001_442_7034|13|235.506805|902.702820|-77.387894|-4.377746|-41.620670|-9.154639|1.000000|1.000000|1.000000
m60_37_54_00-AEG001_442_7035|13|102.944862|978.907288|-111.293533|-71.915413|22.636971|-27.175663|1.000000|1.000000|1.000000
m60_37_54_00-AEG001_442_7036|13|119.059082|880.021729|-210.815979|-0.254354|55.223629|22.098503|1.000000|1.000000|1.000000
m60_37_54_00-AEG003_071_1034|13|194.025726|904.368652|-69.586281|1.822048|-149.441528|0.245723|1.000000|1.000000|1.000000
m60_37_54_00-AEG003_071_1044|13|175.970337|951.184937|-50.113609|0.011939|157.736649|0.001147|1.000000|1.000000|1.000000
m60_37_54_00-AEG004_254_1000|13|184.570038|937.266663|-47.875435|0.000000|-64.500237|0.000000|1.000000|1.000000|1.000000
m60_37_54_00-AEG004_254_1002|13|184.280701|935.781372|-54.010910|0.000000|-4.500243|0.000000|1.000000|1.000000|1.000000
m60_37_54_00-AEG004_254_1003|13|184.138611|938.311890|-51.107773|0.000000|155.500046|0.000000|1.000000|1.000000|1.000000
m60_37_54_00-AEG004_289_1000|13|227.371246|886.641846|-218.352585|-79.312157|-33.652763|-147.035400|1.000000|1.000000|1.000000
m60_37_54_00-AEG004_289_1001|13|120.438507|804.917603|-252.325592|-8.800403|-119.190147|-5.156920|1.000000|1.000000|1.000000
m60_37_54_00-AEG004_289_1002|13|171.218994|803.556274|-246.570923|91.176292|-23.341116|-26.807615|1.000000|1.000000|1.000000
m60_37_54_00-AEG004_289_1003|13|248.754868|884.443665|-176.985565|-104.586449|-47.284637|-15.196444|1.000000|1.000000|1.000000
m60_37_54_00-AEG004_289_1004|13|254.209229|883.306824|-174.469421|-108.389572|-51.627014|-29.973957|1.000000|1.000000|1.000000
m60_37_54_00-AEG004_289_1005|13|222.501541|888.185730|-184.858994|-139.752792|3.113554|71.612419|1.000000|1.000000|1.000000
m60_37_54_00-AEG004_289_1006|13|246.437408|880.099670|-201.330521|72.708046|-37.828991|2.861569|1.000000|1.000000|1.000000
m60_37_54_00-AEG004_289_1007|13|253.940369|883.356873|-179.147003|46.981686|-2.877873|66.159737|1.000000|1.000000|1.000000
m60_37_54_00-AEG004_289_1008|13|235.470108|887.728394|-167.635208|-109.045959|-41.720215|0.240755|1.000000|1.000000|1.000000
m60_37_54_00-AEG004_289_1012|13|237.352448|905.075745|-69.354729|2.074452|46.533627|167.857681|1.000000|1.000000|1.000000
m60_37_54_00-AEG004_289_1013|13|207.259354|911.533142|-35.273476|-179.247299|59.835320|-12.293025|1.000000|1.000000|1.000000
m60_37_54_00-AEG004_289_1015|13|195.145416|905.892944|-121.917595|-9.432810|6.096956|-7.954344|1.000000|1.000000|1.000000
m60_37_54_00-AEG004_289_1016|13|197.787033|910.192871|-129.243942|-11.011048|-7.262347|-5.551006|1.000000|1.000000|1.000000
m60_37_54_00-AEG004_289_1017|13|198.408234|901.851990|-127.552094|-11.011048|-7.262347|-5.551006|1.000000|1.000000|1.000000
m60_37_54_00-AEG004_289_1021|13|163.184555|959.956421|-71.756302|-0.105616|-167.619675|0.046551|1.000000|1.000000|1.000000
m60_37_54_00-AEG004_289_1024|13|140.803482|991.939453|-79.368874|-0.000004|-72.500008|0.000010|1.000000|1.000000|1.000000
m60_37_54_00-AEG004_289_1026|13|141.447357|1000.869141|-78.880585|0.000008|17.500034|-0.000032|1.000000|1.000000|1.000000
m60_37_54_00-AEG004_289_1030|13|148.174911|967.836975|-65.326569|-8.615992|-79.079025|8.833303|1.000000|1.000000|1.000000
m60_37_54_00-AEG004_289_1031|13|140.088470|996.822144|-71.639671|171.562256|12.837287|-9.003766|1.000000|1.000000|1.000000
m60_37_54_00-AEG004_289_1032|13|141.769379|990.962891|-68.432396|9.905914|-70.233589|-167.519028|1.000000|1.000000|1.000000
m60_37_54_00-AEG004_289_1033|13|164.190094|954.919556|-74.093468|0.000187|-77.602440|0.000009|1.000000|1.000000|1.000000
m60_37_54_00-AEG004_289_1034|13|165.091156|954.342651|-53.371277|-0.105572|30.591763|0.046551|1.000000|1.000000|1.000000
m60_37_54_00-AEG004_289_1035|13|163.944717|962.595581|-55.574173|-0.105582|-65.664078|0.046549|1.000000|1.000000|1.000000
m60_37_54_00-AEG004_289_1039|13|151.051071|966.377319|-65.957214|9.279340|-74.584618|-171.866791|1.000000|1.000000|1.000000
m60_37_54_00-AEG004_289_1042|13|169.796478|954.920593|-45.507912|12.251309|-27.881777|178.732986|1.000000|1.000000|1.000000
m60_37_54_00-AEG004_289_1046|13|144.032440|982.129028|-37.759239|-10.658884|-3.825227|-6.205571|1.000000|1.000000|1.000000
m60_37_54_00-AEG004_289_1047|13|218.252350|897.865356|-137.641541|73.568642|-42.362911|1.574003|1.000000|1.000000|1.000000
m60_37_54_00-AEG004_289_1050|13|142.129578|979.620361|-31.564018|-0.000026|-111.499947|-0.000005|1.000000|1.000000|1.000000
m60_37_54_00-AEG004_289_1051|13|143.263474|978.756958|-34.356422|-12.261634|-28.370472|-1.160820|1.000000|1.000000|1.000000
m60_37_54_00-AEG004_289_1052|13|143.336365|983.242310|-63.991875|173.201172|22.737831|-5.275015|1.000000|1.000000|1.000000
m60_37_54_00-AEG004_289_1053|13|138.471466|1014.289917|-86.156601|-11.471354|-46.077141|4.511545|1.000000|1.000000|1.000000
m60_37_54_00-AEG004_289_1054|13|153.240967|943.744629|-107.984825|-8.319242|13.589995|-9.113238|1.000000|1.000000|1.000000
m60_37_54_00-AEG004_289_1056|13|175.909897|911.144165|-84.003014|-10.205752|0.134547|-6.930169|1.000000|1.000000|1.000000
m60_37_54_00-AEG004_289_1057|13|192.010178|904.588867|-52.126747|-0.010230|54.634598|-0.006953|1.000000|1.000000|1.000000
m60_37_54_00-AEG004_289_1058|13|192.009430|915.972046|-52.129005|-0.010230|54.634598|-0.006953|1.000000|1.000000|1.000000
m60_37_54_00-AEG004_289_1059|13|192.629456|924.621948|-64.966995|-0.010238|-30.365402|-0.006954|1.000000|1.000000|1.000000
m60_37_54_00-AEG004_289_1060|13|194.168335|930.185974|-61.041367|-0.010218|-124.865448|-0.006952|1.000000|1.000000|1.000000
m60_37_54_00-AEG004_289_1071|13|199.441864|923.711182|-56.759651|-0.011328|-30.728853|-0.004863|1.000000|1.000000|1.000000
m60_37_54_00-AEG004_289_1079|13|101.157234|1011.312256|-67.012566|10.725389|-135.665527|57.918674|1.000000|1.000000|1.000000
m60_37_54_00-AEG004_289_1080|13|101.234680|1020.754761|-74.206482|167.686325|-34.721634|0.223816|1.000000|1.000000|1.000000
m60_37_54_00-AEG004_289_1081|13|102.609100|1009.964111|-70.091545|179.770798|55.229511|-12.313557|1.000000|1.000000|1.000000
m60_37_54_00-AEG004_289_1082|13|95.493149|1012.162964|-74.220261|1.756639|48.041164|167.808487|1.000000|1.000000|1.000000
m60_37_54_00-AEG004_289_1083|13|178.098755|942.461853|-38.788383|-175.234192|79.228905|-11.369348|1.000000|1.000000|1.000000
m60_37_54_00-AEG004_289_1085|13|208.872253|949.649353|-34.282326|-1.966837|47.044666|-12.159966|1.000000|1.000000|1.000000
m60_37_54_00-AEG004_289_1087|13|208.214798|900.674255|-123.161888|-174.767014|42.105331|73.749153|1.000000|1.000000|1.000000
m60_37_54_00-AEG004_289_1088|13|226.602753|890.074585|-154.007050|-126.924751|-1.277286|66.340118|1.000000|1.000000|1.000000
m60_37_54_00-AEG004_289_1089|13|182.839081|941.089355|-54.685623|-0.000005|-73.695839|0.000009|1.000000|1.000000|1.000000
m60_37_54_00-AEG004_289_1090|13|141.889038|988.381226|-29.884407|-0.000011|-36.499992|-0.000003|1.000000|1.000000|1.000000
m60_37_54_00-AEG004_289_1092|13|126.340645|818.158813|-249.316803|-179.353958|-36.179832|-9.475544|1.000000|1.000000|1.000000
m60_37_54_00-AEG004_289_1093|13|140.473648|980.406494|-27.971275|180.000000|-21.499960|-0.000012|1.000000|1.000000|1.000000
m60_37_54_00-AEG004_289_1094|13|162.727020|955.374878|-56.949272|-0.105570|-147.040878|0.046549|1.000000|1.000000|1.000000
m60_37_54_00-AEG004_289_1095|13|192.851486|906.442566|-64.434235|-0.010235|-25.365400|-0.006955|1.000000|1.000000|1.000000
m60_37_54_00-AEG004_289_1096|13|192.851486|915.559937|-64.434235|-0.010235|-25.365400|-0.006955|1.000000|1.000000|1.000000
m60_37_54_00-AEG004_289_1097|13|183.470062|941.089355|-52.191101|-180.000000|11.304128|0.000001|1.000000|1.000000|1.000000
m60_37_54_00-AEG004_289_1098|13|163.251511|935.455200|-74.008713|-179.999786|-77.602425|0.000001|1.000000|1.000000|1.000000
m60_37_54_00-AEG004_289_1099|13|184.710785|902.913757|-116.045845|174.412491|29.144096|-10.992734|1.000000|1.000000|1.000000
m60_37_54_00-AEG004_289_1100|13|242.555847|904.120056|-71.146423|11.231915|-57.745438|-174.915634|1.000000|1.000000|1.000000
m60_37_54_00-AEG004_544_1001|13|33.217407|1010.506897|-96.023926|0.000000|-106.500000|0.000000|1.000000|1.000000|1.000000
m60_37_54_00-AEG005_040_1000|13|135.990753|938.921143|-86.519508|13.149825|28.285072|2.103536|1.000000|1.000000|1.000000
m60_37_54_00-AEG005_040_1004|13|222.412628|856.960632|-115.803169|12.241420|-3.834062|3.287534|1.000000|1.000000|1.000000
m60_37_54_00-AEG005_040_1008|13|136.698990|975.290161|-87.983879|13.603688|30.375576|6.360600|1.000000|1.000000|1.000000
m60_37_54_00-AEG005_040_1010|13|183.664856|814.558350|-225.224243|11.150448|141.227081|-9.447386|1.000000|1.000000|1.000000
m60_37_54_00-AEG005_040_1014|13|210.347473|899.456482|-24.748856|4.103797|29.920767|1.633399|1.000000|1.000000|1.000000
m60_37_54_00-AEG005_040_1020|13|146.138397|959.463013|-43.618561|12.960585|-17.603788|6.615475|1.000000|1.000000|1.000000
m60_37_54_00-AEG005_040_1027|13|247.227432|830.540100|-65.140663|5.934288|-5.512549|0.706023|1.000000|1.000000|1.000000
m60_37_54_00-AEG005_040_1042|13|210.855148|821.336060|-203.366150|14.618464|126.327324|13.675515|1.000000|1.000000|1.000000
m60_37_54_00-AEG005_040_1043|13|37.795593|802.205627|-207.854858|41.428211|87.278076|6.549693|1.000000|1.000000|1.000000
m60_37_54_00-AEG005_040_1044|13|109.952026|805.091614|-256.053375|9.841730|-165.797302|6.655255|1.000000|1.000000|1.000000
m60_37_54_00-AEG005_041_1000|13|192.413940|903.494019|-126.196396|-1.109988|-79.785057|4.506777|1.000000|1.000000|1.000000
m60_37_54_00-AEG005_041_1003|13|129.871521|852.740417|-202.439743|26.835320|-174.756805|-12.091943|1.000000|1.000000|1.000000
m60_37_54_00-AEG005_041_1005|13|217.071243|819.076843|-193.027649|34.646683|-35.080345|4.510875|1.000000|1.000000|1.000000
m60_37_54_00-AEG005_041_1006|13|103.331146|857.414062|-207.034790|-13.921885|-25.410387|-23.100895|1.000000|1.000000|1.000000
m60_37_54_00-AEG005_041_1009|13|55.624741|1023.621155|-69.520874|-28.484444|10.893578|2.889607|1.000000|1.000000|1.000000
m60_37_54_00-AEG005_041_1014|13|240.694489|819.710815|-86.721466|-0.467971|-71.386810|20.565536|1.000000|1.000000|1.000000
m60_37_54_00-AEG005_041_1024|13|185.272491|816.575195|-235.444717|5.615936|148.513031|1.738502|1.000000|1.000000|1.000000
m60_37_54_00-AEG005_041_1041|13|86.276382|1044.298218|0.525208|-14.575550|-32.991997|7.261091|1.000000|1.000000|1.000000
m60_37_54_00-AEG005_041_1048|13|161.856583|951.552612|-63.718781|3.693192|111.930099|1.489173|1.000000|1.000000|1.000000
m60_37_54_00-AEG005_041_1051|13|171.932907|912.304626|-78.997635|-23.097816|-37.491886|20.334949|1.000000|1.000000|1.000000
m60_37_54_00-AEG005_041_1069|13|38.175461|797.687927|-211.938843|38.979069|20.891747|-17.201349|1.000000|1.000000|1.000000
m60_37_54_00-AEG005_041_1070|13|113.884422|796.694519|-253.684143|14.736404|-9.392630|-1.575178|1.000000|1.000000|1.000000
m60_37_54_00-AEG005_041_1071|13|137.790375|819.829102|-241.862885|-6.090143|-13.875328|-13.164893|1.000000|1.000000|1.000000
m60_37_54_00-AEG005_041_1072|13|137.766785|847.870483|-228.402466|5.053634|-126.372818|-42.473110|1.000000|1.000000|1.000000
m60_37_54_00-AEG007_441_1000|13|63.730431|871.229370|-164.460846|22.023594|138.491928|7.738496|1.000000|1.000000|1.000000
m60_37_54_00-AEG007_441_1001|13|18.913849|887.072449|-170.970520|-0.000000|-101.828850|-0.000000|1.000000|1.000000|1.000000
m60_37_54_00-AEG007_441_1002|13|70.152199|863.410278|-201.687363|-5.019002|-51.479649|-4.980925|1.000000|1.000000|1.000000
m60_37_54_00-AEG007_441_1003|13|78.436035|869.539368|-147.169144|4.999987|88.336159|5.004973|1.000000|1.000000|1.000000
m60_37_54_00-AEG007_441_1004|13|36.150101|886.737915|-138.951248|-0.005791|71.738441|-0.004057|1.000000|1.000000|1.000000
m60_37_54_00-AEG007_441_1005|13|218.883728|903.404724|-98.752823|-0.001455|-0.910886|-0.000074|1.000000|1.000000|1.000000
m60_37_54_00-AEG007_441_1006|13|114.766487|1003.929749|-35.321068|-0.022090|-46.100269|-0.004762|1.000000|1.000000|1.000000
m60_37_54_00-AEG007_441_1007|13|92.421890|1008.369507|-67.160248|-0.008632|-116.794899|-0.000169|1.000000|1.000000|1.000000
m60_37_54_00-AEG007_441_1008|13|190.342926|903.755005|-93.946838|0.001011|88.095779|-0.000759|1.000000|1.000000|1.000000
m60_37_54_00-AEG007_552_1004|13|176.436783|836.841125|-147.657150|0.001257|-125.926521|-0.003708|1.000000|1.000000|1.000000
m60_37_54_00-AEG007_552_1005|13|137.743866|846.654053|-132.435669|-0.014249|-58.597046|0.019507|1.000000|1.000000|1.000000
m60_37_54_00-AEG007_552_1006|13|64.125320|870.337585|-166.400543|-0.023602|-127.562782|-0.008057|1.000000|1.000000|1.000000
m60_37_54_00-AEG007_552_1007|13|35.325890|885.980957|-143.477951|0.028851|56.965725|-0.000019|1.000000|1.000000|1.000000
m60_37_54_00-AEG007_552_1009|13|144.405045|845.144714|-181.050003|0.008060|-146.092117|-0.000002|1.000000|1.000000|1.000000
m60_37_54_00-AEG007_552_1010|13|42.540619|873.949646|-191.679855|0.024944|-62.902561|0.003415|1.000000|1.000000|1.000000
m60_37_54_00-AEG007_552_1011|13|19.399231|887.121521|-169.170517|-0.003170|-131.344849|0.017813|1.000000|1.000000|1.000000
m60_37_54_00-AEG007_552_1012|13|33.022995|881.166626|-171.298874|0.003579|-51.601711|-0.012106|1.000000|1.000000|1.000000
m60_37_54_00-AEG007_552_1013|13|42.231422|882.208374|-136.700684|0.013196|140.053406|0.020573|1.000000|1.000000|1.000000
m60_37_54_00-AEG007_552_1014|13|0.726379|899.572754|-145.724304|0.006093|-46.626328|-0.009945|1.000000|1.000000|1.000000
m60_37_54_00-AEG007_552_1015|13|80.303154|867.856689|-143.574051|-0.018376|-23.730747|-0.010762|1.000000|1.000000|1.000000
m60_37_54_00-AEG007_552_1016|13|61.975784|876.289673|-138.412491|-0.028217|17.268377|-0.007015|1.000000|1.000000|1.000000
m60_37_54_00-AEG007_552_1018|13|169.277359|837.233154|-163.844452|-0.006924|-47.265270|-0.005886|1.000000|1.000000|1.000000
m60_37_54_00-AEG007_553_1034|13|200.306396|820.144470|-155.145905|0.028523|26.290785|-0.008965|1.000000|1.000000|1.000000
m60_37_54_00-AEG007_553_1040|13|173.479248|836.411682|-146.535248|-0.002661|136.711182|0.007786|1.000000|1.000000|1.000000
m60_37_54_00-AEG007_553_1041|13|137.717773|843.247070|-152.490570|-0.006936|-159.033188|0.001202|1.000000|1.000000|1.000000
m60_37_54_00-AEG007_553_1042|13|61.321518|871.606873|-163.338425|-0.000682|-68.968399|-0.018338|1.000000|1.000000|1.000000
m60_37_54_00-AEG007_553_1043|13|81.385727|868.556213|-145.228745|0.039123|12.771869|-0.014390|1.000000|1.000000|1.000000
m60_37_54_00-AEG007_553_1044|13|64.956444|875.082336|-139.008453|-0.010291|-120.652763|-0.032810|1.000000|1.000000|1.000000
m60_37_54_00-AEG007_553_1045|13|142.743713|844.995850|-179.481003|0.001694|109.954758|0.003880|1.000000|1.000000|1.000000
m60_37_54_00-AEG007_553_1046|13|233.638977|815.471008|-152.736633|-0.019902|-78.586525|0.006830|1.000000|1.000000|1.000000
m60_37_54_00-AEG007_553_1047|13|228.497498|817.118286|-149.267014|0.009316|11.100878|-0.002520|1.000000|1.000000|1.000000
m60_37_54_00-AEG007_553_1048|13|185.017548|835.112183|-161.262833|0.009125|109.940285|0.001339|1.000000|1.000000|1.000000
m60_37_54_00-AEG007_553_1050|13|230.736801|814.654053|-139.578735|0.005027|56.086777|-0.005953|1.000000|1.000000|1.000000
m60_37_54_00-AEG007_553_1052|13|237.327911|815.368042|-136.228592|0.005328|-78.318588|0.005710|1.000000|1.000000|1.000000
m60_37_54_00-AEG007_553_1053|13|179.717377|835.522583|-144.514465|-0.000006|-66.921547|-0.000002|1.000000|1.000000|1.000000
m60_37_54_00-AEG007_553_1054|13|34.895752|884.466858|-147.831940|-0.007523|-116.206093|0.029342|1.000000|1.000000|1.000000
m60_37_54_00-AEG007_553_1055|13|2.190613|897.923645|-147.989899|-0.024415|0.807373|-0.059341|1.000000|1.000000|1.000000
m60_37_54_00-AEG007_553_1057|13|24.944054|884.865234|-175.204971|0.002541|53.128426|-0.020387|1.000000|1.000000|1.000000
m60_37_54_00-AEG007_553_1059|13|148.418503|846.672302|-187.800873|-0.010166|0.034742|0.004945|1.000000|1.000000|1.000000
m60_37_54_00-AEG007_553_1062|13|14.008896|886.443604|-200.028748|0.031938|59.345295|-0.007076|1.000000|1.000000|1.000000
m60_37_54_00-AEG007_553_1063|13|1.478088|894.204407|-197.705719|-0.023651|-60.162125|-0.009678|1.000000|1.000000|1.000000
m60_37_54_00-AEG007_553_1064|13|55.795074|869.106445|-189.495514|0.009262|-169.488983|0.021392|1.000000|1.000000|1.000000
m60_37_54_00-AEG007_553_1066|13|62.541679|870.874878|-172.558563|-0.030096|-108.065819|0.010273|1.000000|1.000000|1.000000
m60_37_54_00-AEG007_553_1067|13|20.974533|886.845093|-164.050705|-0.018304|-65.897858|-0.001082|1.000000|1.000000|1.000000
m60_37_54_00-AEG007_553_1070|13|145.069626|844.642517|-140.290894|0.013360|-108.233948|0.038495|1.000000|1.000000|1.000000
m60_37_54_00-AEG007_553_1071|13|180.693146|835.593140|-151.448578|0.002896|-129.424805|0.009207|1.000000|1.000000|1.000000
m60_37_54_00-AEG007_553_1072|13|173.077026|836.808411|-158.888519|0.023988|34.087284|-0.012600|1.000000|1.000000|1.000000
m60_37_54_00-AEG007_554_1020|13|137.281372|844.348267|-149.194916|-0.002989|103.624184|0.010245|1.000000|1.000000|1.000000
m60_37_54_00-AEG007_554_1031|13|229.075623|816.114929|-153.499115|-0.002365|31.830505|-0.007661|1.000000|1.000000|1.000000
m60_37_54_00-AEG007_554_1032|13|140.726471|846.351562|-130.633499|0.002268|94.923866|-0.009845|1.000000|1.000000|1.000000
m60_37_54_00-AEG007_554_1034|13|78.712357|869.566772|-140.071579|0.008169|98.789482|0.004344|1.000000|1.000000|1.000000
m60_37_54_00-AEG007_554_1035|13|62.219254|870.790344|-170.273163|0.009999|139.051331|0.002240|1.000000|1.000000|1.000000
m60_37_54_00-AEG007_554_1036|13|141.618652|845.972839|-184.825348|0.007513|51.677223|0.006803|1.000000|1.000000|1.000000
m60_37_54_00-AEG007_554_1037|13|37.456047|884.216553|-146.020996|-0.004240|117.935829|-0.005464|1.000000|1.000000|1.000000
m60_37_54_00-AEG007_554_1039|13|172.444946|838.258911|-160.598389|-0.009552|55.849880|-0.028468|1.000000|1.000000|1.000000
m60_37_54_00-AEG007_554_1040|13|177.214264|834.243469|-149.846329|0.015627|129.610748|0.005464|1.000000|1.000000|1.000000
m60_37_54_00-AEG007_554_1042|13|140.307007|844.130432|-170.521118|0.039424|43.500374|0.003470|1.000000|1.000000|1.000000
m60_37_54_00-AEG007_554_1043|13|225.649796|815.976562|-136.175476|0.004481|102.601578|0.005273|1.000000|1.000000|1.000000
m60_37_54_00-AEG007_554_1046|13|12.916931|886.093079|-197.766190|0.023332|146.611755|0.019015|1.000000|1.000000|1.000000
m60_37_54_00-AEG007_554_1048|13|53.346558|869.910461|-189.947800|0.023359|131.438828|0.005027|1.000000|1.000000|1.000000
m60_37_54_00-AEG007_554_1049|13|22.539116|887.022827|-166.451843|0.043986|-121.073830|0.000546|1.000000|1.000000|1.000000
m60_37_54_00-AEG007_554_1050|13|-1.375534|899.848328|-145.764297|0.015327|-80.268402|0.002705|1.000000|1.000000|1.000000
m60_37_54_00-AEG007_650_1001|13|98.618370|1007.059937|-56.887650|-0.999584|157.328735|9.220782|1.000000|1.000000|1.000000
m60_37_54_00-AEG007_650_1002|13|186.776672|903.673706|-88.807617|0.666626|-82.189201|0.080760|1.000000|1.000000|1.000000
m60_37_54_00-AEG007_651_1000|13|109.474586|1002.315002|-53.494896|-9.923539|-166.383408|-5.638566|1.000000|1.000000|1.000000
m60_37_54_00-AEG007_651_1003|13|206.859344|902.267700|-70.649078|39.170536|-139.661392|24.722883|1.000000|1.000000|1.000000
m60_37_54_00-AEG007_651_1005|13|109.738998|1002.246460|-35.391663|-3.263277|-116.964378|35.313740|1.000000|1.000000|1.000000
m60_37_54_00-AEG007_651_1006|13|194.888458|900.803955|-99.302505|-2.677069|67.131638|-22.570770|1.000000|1.000000|1.000000
m60_37_54_00-AEG007_652_1001|13|89.075409|1006.312439|-44.015152|-16.511051|-78.648041|-26.304958|1.000000|1.000000|1.000000
m60_37_54_00-AEG007_652_1004|13|92.332733|1006.781982|-30.453865|-5.347168|166.318024|-9.316946|1.000000|1.000000|1.000000
m60_37_54_00-AEG007_652_1005|13|190.924164|902.236511|-76.405121|-11.136949|-28.842640|-15.223534|1.000000|1.000000|1.000000
m60_37_54_00-AEG007_652_1006|13|209.790588|901.405090|-92.215820|-8.941712|48.777859|16.074411|1.000000|1.000000|1.000000
m60_37_54_00-AEG007_653_1003|13|114.865494|1004.783875|-31.207657|14.510425|69.004524|-7.881088|1.000000|1.000000|1.000000
m60_37_54_00-AEG007_653_1004|13|218.386963|903.324280|-100.964348|-0.318618|144.799561|-0.644401|1.000000|1.000000|1.000000
m60_37_54_00-AEG007_653_1006|13|119.758804|1002.060791|-54.615578|11.784116|83.880257|0.008169|1.000000|1.000000|1.000000
m60_37_54_00-AEG007_653_1007|13|111.128387|1008.574707|-21.492546|-5.348644|49.969486|-11.992651|1.000000|1.000000|1.000000
m60_37_54_00-AEG007_653_1008|13|88.677567|1008.693848|-62.901619|-6.673342|-131.218185|1.821146|1.000000|1.000000|1.000000
m60_37_54_00-AEG007_653_1009|13|79.535797|1010.355713|-42.876999|-9.059472|-89.597900|7.150417|1.000000|1.000000|1.000000
m60_37_54_00-AEG007_653_1017|13|77.955460|869.305725|-142.816772|-20.783236|-68.807304|3.640025|1.000000|1.000000|1.000000
m60_37_54_00-AEG007_653_1020|13|75.635178|863.952942|-180.089417|-20.433935|-69.729866|-0.374569|1.000000|1.000000|1.000000
m60_37_54_00-AEG007_653_1021|13|69.797867|862.488403|-201.818817|-14.322228|-69.396439|4.402304|1.000000|1.000000|1.000000
m60_37_54_00-AEG007_653_1022|13|77.274048|866.009277|-158.945068|-18.428543|-86.012650|9.304030|1.000000|1.000000|1.000000
m60_37_54_00-AEG007_654_1001|13|192.238556|903.771912|-96.463486|0.112512|165.005798|1.949263|1.000000|1.000000|1.000000
m60_37_54_00-AEG007_654_1026|13|94.489273|1012.099304|-18.970390|-19.098200|-13.814924|1.445514|1.000000|1.000000|1.000000
m60_37_54_00-AEG007_654_1027|13|119.361900|1001.428711|-50.174667|11.783244|83.245361|0.004536|1.000000|1.000000|1.000000
m60_37_54_00-AEG007_654_1028|13|221.755707|903.430176|-98.953651|0.007185|136.859756|-0.004351|1.000000|1.000000|1.000000
m60_37_54_00-AEG007_654_1034|13|214.687561|903.466003|-103.596733|-5.019479|158.459000|-0.002280|1.000000|1.000000|1.000000
m60_37_54_00-AEG007_654_1036|13|79.805542|1009.816223|-47.922310|-6.915520|-101.968735|5.877132|1.000000|1.000000|1.000000
m60_37_54_00-AEG007_654_1038|13|92.066681|1008.676819|-66.477951|-6.724716|-134.553177|-0.827737|1.000000|1.000000|1.000000
m60_37_54_00-AEG007_654_1039|13|115.980133|1003.465698|-35.197922|11.790164|72.995850|-4.676431|1.000000|1.000000|1.000000
m60_37_54_00-AEG007_654_1040|13|80.338287|1010.975220|-37.959320|-13.583069|-79.198410|7.637490|1.000000|1.000000|1.000000
m60_37_54_00-AEG007_654_1041|13|107.628525|1009.621155|-19.107452|-14.088407|24.978146|-2.571121|1.000000|1.000000|1.000000
m60_37_54_00-AEG007_654_1047|13|77.360535|866.924988|-154.544800|-19.665365|-78.170219|9.395035|1.000000|1.000000|1.000000
m60_37_54_00-AEG007_654_1049|13|78.271500|870.049927|-138.493469|-18.447531|-86.611908|9.969536|1.000000|1.000000|1.000000
m60_37_54_00-AEG007_654_1052|13|77.193565|868.692871|-147.288513|-18.824251|-87.468132|10.758696|1.000000|1.000000|1.000000
m60_37_54_00-AEG007_654_1053|13|76.518661|864.135254|-175.689484|-22.436251|-72.358017|-0.601406|1.000000|1.000000|1.000000
m60_37_54_00-AEG007_654_1055|13|70.965401|862.993286|-197.354736|-15.743298|-66.175812|2.927993|1.000000|1.000000|1.000000
m60_37_54_00-AEG007_655_1000|13|116.477127|1002.478271|-39.200813|17.848291|91.778336|-9.177531|1.000000|1.000000|1.000000
m60_37_54_00-AEG007_655_1002|13|113.433723|1007.132629|-24.814667|2.106867|60.811825|-18.753538|1.000000|1.000000|1.000000
m60_37_54_00-AEG007_655_1003|13|119.683044|1002.954529|-58.457199|17.322563|80.268425|9.560435|1.000000|1.000000|1.000000
m60_37_54_00-AEG007_655_1004|13|85.320351|1008.930237|-59.505753|-5.950676|-130.618866|3.079432|1.000000|1.000000|1.000000
m60_37_54_00-AEG007_655_1008|13|187.872482|903.903503|-95.904152|-1.636136|-173.820343|0.874701|1.000000|1.000000|1.000000
m60_37_54_00-AEG007_655_1009|13|209.681976|903.164795|-104.200821|0.006639|-177.065887|-0.000298|1.000000|1.000000|1.000000
m60_37_54_00-AEG007_655_1010|13|81.466766|1011.507629|-33.922920|-15.104257|-82.701485|9.816378|1.000000|1.000000|1.000000
m60_37_54_00-AEG007_655_1018|13|56.682526|878.860962|-133.269073|-24.687048|-54.734924|-2.294947|1.000000|1.000000|1.000000
m60_37_54_00-AEG007_655_1020|13|76.911285|868.030762|-150.618774|-13.134788|-106.824463|17.857010|1.000000|1.000000|1.000000
m60_37_54_00-AEG007_655_1021|13|48.654091|872.045471|-188.587006|-24.059889|-71.649590|3.720544|1.000000|1.000000|1.000000
m60_37_54_00-AEG007_655_1029|13|77.506500|865.368530|-162.322266|-6.840445|-136.520721|19.751379|1.000000|1.000000|1.000000
m60_37_54_00-AEG007_655_1030|13|77.904808|871.015503|-134.204544|-17.550426|-90.597542|10.909618|1.000000|1.000000|1.000000
m60_37_54_00-AEG007_655_1033|13|59.350670|871.071899|-171.042847|-10.769576|-126.321793|17.172709|1.000000|1.000000|1.000000
m60_37_54_00-AEG007_655_1034|13|78.246490|863.884033|-171.373123|-20.951763|-52.944942|-9.047999|1.000000|1.000000|1.000000
m60_37_54_00-AEG007_655_1035|13|74.142044|863.960327|-184.070389|-17.739700|-90.635139|7.389608|1.000000|1.000000|1.000000
m60_37_54_00-AEG007_655_1037|13|73.971970|862.750427|-193.805328|-15.362609|-43.557137|-5.276732|1.000000|1.000000|1.000000
m60_37_54_00-AEG007_655_1038|13|74.900711|874.948303|-124.149948|-17.474226|-98.335075|24.034100|1.000000|1.000000|1.000000
m60_37_54_00-AEG110_203_1001|13|144.069077|839.678528|-159.555832|0.000000|-10.000004|0.000000|1.000000|1.000000|1.000000
m60_37_54_00-AEG700_037_1000|13|2.935043|896.998413|-148.722794|0.000000|180.000000|0.000000|1.000000|1.000000|1.000000
m60_37_54_00-AEG700_037_1001|13|95.649864|857.923218|-178.423859|0.000000|180.000000|0.000000|1.000000|1.000000|1.000000
m60_37_54_00-AEG700_037_1002|13|52.081238|871.333191|-186.776764|0.000000|180.000000|0.000000|1.000000|1.000000|1.000000
m60_37_55_00-AEG004_289_1094|13|70.157990|1046.332275|70.616768|162.233551|-20.976294|11.801258|1.000000|1.000000|1.000000
m60_37_55_00-AEG004_289_1097|13|70.320030|1047.594727|63.983078|18.510025|-17.144508|-169.430618|1.000000|1.000000|1.000000
m60_37_55_00-AEG004_289_1098|13|72.117722|1038.708130|64.899338|163.535721|-26.897568|13.581728|1.000000|1.000000|1.000000
m60_37_55_00-AEG004_289_1099|13|113.027344|1025.256592|32.437790|-70.233971|-73.309097|164.226730|1.000000|1.000000|1.000000
m60_37_55_00-AEG004_289_1100|13|96.404129|1034.684448|63.880692|81.903091|-70.559837|12.708295|1.000000|1.000000|1.000000
m60_37_55_00-AEG004_289_1101|13|106.899246|1031.135254|52.411514|84.292564|30.832277|26.166082|1.000000|1.000000|1.000000
m60_37_55_00-AEG004_289_1102|13|122.760277|1019.908386|18.589630|-70.821327|34.985863|-172.161606|1.000000|1.000000|1.000000
m60_37_55_00-AEG004_289_1103|13|68.527863|1038.092041|75.476379|17.555641|-21.993561|-167.881882|1.000000|1.000000|1.000000
m60_37_55_00-AEG004_289_1104|13|69.395638|1033.087646|67.506752|5.334611|86.690895|159.428528|1.000000|1.000000|1.000000
m60_37_55_00-AEG004_289_1105|13|65.448700|1035.325806|74.449699|167.261963|-40.902283|17.118015|1.000000|1.000000|1.000000
