m423900_0000|0|0.000000|0.000000|0.000000|0.000000|0.000000|0.000000|1.000000|1.000000|1.000000
c0000_9000|2|-54.412086|204.999695|106.028770|0.000000|-330.210236|0.000000|1.000000|1.000000|1.000000
c0000_9001|2|-59.092999|204.837006|108.000000|0.000000|8.500000|0.000000|1.000000|1.000000|1.000000
c0100_9000|2|-51.703999|202.451004|-13.283000|0.000000|-136.643005|0.000000|1.000000|1.000000|1.000000
c1000_9000|2|117.674004|189.492996|-91.886002|0.000000|0.000000|0.000000|1.000000|1.000000|1.000000
c4040_9000|2|52.007000|207.826996|42.620998|3.470000|-60.226002|3.507000|1.000000|1.000000|1.000000
c4040_9001|2|56.032001|208.134995|40.699001|-4.157000|119.179001|-3.509000|1.000000|1.000000|1.000000
c4070_9000|2|-52.973999|202.600998|-13.444000|-7.277000|-67.948997|-0.430000|1.000000|1.000000|1.000000
c4070_9001|2|-47.561932|202.225006|-3.837545|-4.868000|-36.710999|1.844000|1.000000|1.000000|1.000000
c4070_9002|2|-37.212067|202.352478|-2.382402|-6.752000|4.709786|2.468000|1.000000|1.000000|1.000000
c4070_9003|2|-54.120739|202.900436|-6.864782|-5.896000|-56.784950|-4.228000|1.000000|1.000000|1.000000
c4070_9004|2|-44.643009|202.419083|-1.705991|-6.516000|-20.474001|3.319000|1.000000|1.000000|1.000000
c4070_9010|2|-4.818000|192.264008|-99.950996|-5.330000|10.046000|-2.777000|1.000000|1.000000|1.000000
c4070_9011|2|-7.529000|192.065994|-103.521004|-4.646000|10.014000|-4.996000|1.000000|1.000000|1.000000
c4070_9012|2|10.729362|190.316666|-111.527962|0.000000|74.255997|-0.000000|1.000000|1.000000|1.000000
c4070_9019|2|-10.976275|197.257874|-48.784397|-6.658000|0.970000|3.158000|1.000000|1.000000|1.000000
c4070_9020|2|-26.809000|198.085007|-55.874001|-7.195000|-58.818001|0.000000|1.000000|1.000000|1.000000
c4070_9021|2|1.181000|197.442001|-53.995998|-6.584000|26.993999|-0.285000|1.000000|1.000000|1.000000
c4070_9022|2|-15.499436|197.225204|-51.210682|-4.379000|-8.601000|-2.486000|1.000000|1.000000|1.000000
c4160_9001|2|94.365997|189.501999|-91.125999|3.632000|157.440994|-1.738000|1.000000|1.000000|1.000000
c4160_9002|2|144.578003|187.604996|-50.573002|-4.266000|-102.910004|-2.643000|1.000000|1.000000|1.000000
c4161_9001|2|130.419998|189.934006|-84.711998|0.395000|34.473000|3.519000|1.000000|1.000000|1.000000
c4161_9002|2|128.863998|189.994995|-86.913002|-0.000000|-128.867996|-0.734000|1.000000|1.000000|1.000000
c4191_9000|2|93.127998|226.278000|33.369999|-0.000000|49.395000|0.000000|1.000000|1.000000|1.000000
c4351_9000|2|130.945007|189.871002|-86.683998|-3.479000|107.793999|2.292000|1.000000|1.000000|1.000000
c4371_9000|2|83.065002|189.587997|-94.053001|-2.218000|-1.883000|-0.887000|1.000000|1.000000|1.000000
c4371_9001|2|119.153999|190.104996|-67.764999|-1.739000|-91.780998|6.958000|1.000000|1.000000|1.000000
c4371_9003|2|123.906998|189.591003|-67.724998|0.000000|3.284000|0.000000|1.000000|1.000000|1.000000
c4371_9004|2|136.817993|189.220993|-68.260002|0.000000|-159.548004|0.000000|1.000000|1.000000|1.000000
c4371_9005|2|137.845001|188.451004|-56.293999|0.000000|-154.548004|0.000000|1.000000|1.000000|1.000000
c4371_9006|2|118.738998|190.449005|-60.326000|-6.942000|-56.331001|2.012000|1.000000|1.000000|1.000000
c4371_9007|2|92.875000|193.666000|-103.617996|0.000000|118.397003|0.000000|1.000000|1.000000|1.000000
c4371_9008|2|92.069000|195.440002|-108.352997|0.000000|129.164993|0.000000|1.000000|1.000000|1.000000
c4430_9000|2|-46.905998|197.145996|-101.683998|-3.523000|-135.279007|0.000000|1.000000|1.000000|1.000000
c4430_9001|2|-64.146004|201.561996|-51.077999|-3.872000|-44.090000|-0.000000|1.000000|1.000000|1.000000
c4430_9002|2|19.483000|197.358994|-54.398998|4.559000|130.537003|0.000000|1.000000|1.000000|1.000000
c4430_9003|2|-14.438923|201.012650|-15.703190|-5.725000|4.651000|0.000000|1.000000|1.000000|1.000000
c4430_9004|2|-62.238098|204.407852|19.029594|-3.523000|-135.279007|0.000000|1.000000|1.000000|1.000000
c4600_9000|2|-97.417000|222.177002|-97.537003|0.000000|76.097000|0.000000|1.000000|1.000000|1.000000
c6001_9000|2|101.464996|215.882004|-32.668999|0.000000|-21.152000|0.000000|1.000000|1.000000|1.000000
c6001_9001|2|99.608002|215.725006|-32.513000|0.000000|-23.782000|0.000000|1.000000|1.000000|1.000000
c6010_9000|2|53.455002|207.296997|-31.693001|-0.864000|168.485001|0.000000|1.000000|1.000000|1.000000
c6010_9005|2|-110.894806|206.824890|-33.288395|-4.806000|-28.443001|0.000000|1.000000|1.000000|1.000000
c6010_9014|2|-6.199000|193.490005|-88.987999|2.469000|-147.503998|0.000000|1.000000|1.000000|1.000000
c6010_9016|2|-53.335999|200.199997|-61.567001|5.600000|135.899994|0.000000|1.000000|1.000000|1.000000
c6010_9017|2|-55.523998|200.783005|-54.551998|-0.000000|-93.862999|0.000000|1.000000|1.000000|1.000000
c6010_9018|2|-45.798000|199.615005|-60.967999|0.000000|-177.156998|0.000000|1.000000|1.000000|1.000000
c6010_9019|2|15.534000|194.959000|-74.601997|0.000000|-163.162003|0.000000|1.000000|1.000000|1.000000
c6010_9020|2|16.121000|194.352005|-79.956001|0.313000|69.834000|0.000000|1.000000|1.000000|1.000000
c6010_9021|2|20.339001|194.117004|-80.973999|-0.825000|-94.709999|0.000000|1.000000|1.000000|1.000000
c6010_9024|2|37.758999|188.572006|-127.902000|1.727000|-139.733994|-0.000000|1.000000|1.000000|1.000000
c6010_9025|2|-8.078000|200.776993|-21.604000|5.935000|171.220993|-0.000000|1.000000|1.000000|1.000000
c6040_9001|2|103.829002|205.320007|-73.998001|0.000000|-9.058000|0.000000|1.000000|1.000000|1.000000
c6050_9000|2|-34.414043|196.096512|-95.003578|-12.891000|-251.571609|0.000000|1.000000|1.000000|1.000000
c6050_9001|2|-29.785578|194.122009|-113.581787|-12.891000|-110.028999|0.000000|1.000000|1.000000|1.000000
c6050_9002|2|-6.667156|203.491013|9.161118|-12.891000|-251.571609|0.000000|1.000000|1.000000|1.000000
c6100_9003|2|53.328999|189.331604|-103.714996|0.000000|154.841995|0.000000|1.000000|1.000000|1.000000
c6100_9004|2|51.917000|189.253998|-108.247002|3.213000|144.218002|0.000000|1.000000|1.000000|1.000000
c6100_9005|2|54.243000|189.448532|-101.795998|0.000000|116.203003|0.000000|1.000000|1.000000|1.000000
c6100_9009|2|-23.773001|197.217346|-53.986000|0.000000|154.841995|0.000000|1.000000|1.000000|1.000000
c6100_9010|2|-25.263000|197.440430|-52.314999|0.000000|144.218002|0.000000|1.000000|1.000000|1.000000
c6100_9011|2|-22.858999|197.318329|-52.067001|0.000000|116.203003|0.000000|1.000000|1.000000|1.000000
c6100_9015|2|-3.368286|205.025635|24.947178|0.000000|154.841995|0.000000|1.000000|1.000000|1.000000
c6100_9016|2|-5.846343|205.236816|26.861799|0.000000|144.218002|0.000000|1.000000|1.000000|1.000000
c6100_9017|2|-1.977469|205.414856|29.128624|0.000000|116.203003|0.000000|1.000000|1.000000|1.000000
c6100_9021|2|30.510000|204.634735|-37.355999|0.000000|154.841995|0.000000|1.000000|1.000000|1.000000
c6100_9022|2|29.020000|203.790283|-35.685001|0.000000|144.218002|0.000000|1.000000|1.000000|1.000000
c6100_9023|2|31.424000|204.006653|-35.437000|0.000000|116.203003|0.000000|1.000000|1.000000|1.000000
c0000_9002|4|54.959999|189.500000|-98.540001|0.000000|-105.680000|0.000000|1.000000|1.000000|1.000000
h423900|5|0.000000|0.000000|0.000000|0.000000|0.000000|0.000000|1.000000|1.000000|1.000000
h423901|5|0.000000|0.000000|0.000000|0.000000|0.000000|0.000000|1.000000|1.000000|1.000000
AEG099_610_9001|9|-75.108002|226.395004|-103.323997|-7.600000|156.014999|-3.000000|1.000000|1.000000|1.000000
AEG099_691_9000|9|-99.401001|222.904007|-87.089996|0.000000|-111.753998|0.000000|1.000000|1.000000|1.000000
AEG099_691_9002|9|-97.209000|223.016998|-87.402000|0.000000|-137.878006|0.000000|1.000000|1.000000|1.000000
AEG099_720_9001|9|-92.968002|221.733994|-104.708000|7.075000|-156.223999|3.134000|1.000000|1.000000|1.000000
AEG099_720_9004|9|-92.579002|222.167999|-101.458000|0.490000|94.000000|-7.029000|1.000000|1.000000|1.000000
AEG099_720_9005|9|-93.342003|221.906006|-102.745003|8.072000|159.188004|-3.090000|1.000000|1.000000|1.000000
AEG099_720_9035|9|-92.314003|221.932007|-103.747002|-7.281000|66.686996|-4.245000|1.000000|1.000000|1.000000
AEG099_720_9036|9|-91.785004|222.220001|-103.110001|0.000000|-106.029999|0.000000|1.000000|1.000000|1.000000
AEG099_720_9037|9|-91.372002|221.970001|-104.961998|0.000000|118.254997|-11.395000|1.000000|1.000000|1.000000
c4070_9005|10|-21.837999|201.403000|-9.704000|-0.000000|94.595001|-0.000000|1.000000|1.000000|1.000000
c4070_9006|10|-51.021999|201.867996|-28.756001|-0.966000|-138.727997|4.893000|1.000000|1.000000|1.000000
c4070_9007|10|-38.849998|200.509995|-31.643999|0.000000|176.278000|0.000000|1.000000|1.000000|1.000000
c4070_9008|10|-31.410000|199.505005|-33.053001|0.000000|151.755005|0.000000|1.000000|1.000000|1.000000
c4070_9009|10|-19.226999|199.042999|-29.190001|0.000000|126.926003|-0.000000|1.000000|1.000000|1.000000
c4070_9013|10|9.738917|190.248520|-114.148735|-8.676000|86.133293|-3.725000|1.000000|1.000000|1.000000
c4070_9014|10|-55.382999|199.410995|-76.237000|-5.901000|-38.070999|-0.564000|1.000000|1.000000|1.000000
c4070_9015|10|-61.487999|200.337997|-86.616997|-10.283000|-72.717003|1.810000|1.000000|1.000000|1.000000
c4070_9016|10|-53.167999|199.244995|-76.311996|-5.296000|-17.365000|-2.732000|1.000000|1.000000|1.000000
c4070_9017|10|-34.419998|196.326004|-91.796997|6.272000|96.277000|-3.702000|1.000000|1.000000|1.000000
c4070_9018|10|-69.805000|201.335007|-78.811996|-9.924000|-67.788002|-4.981000|1.000000|1.000000|1.000000
c4070_9023|10|-23.711445|196.909790|-69.438339|3.724000|-82.663956|4.997000|1.000000|1.000000|1.000000
h423901_0000|11|0.000000|0.000000|0.000000|0.000000|0.000000|0.000000|1.000000|1.000000|1.000000
AEG001_095_1001|13|-72.263641|214.935883|-90.221313|113.144432|63.723068|14.242173|1.000000|1.000000|1.000000
AEG001_095_1002|13|-76.752861|221.097626|-82.975014|102.019348|59.359779|3.606640|1.000000|1.000000|1.000000
AEG001_096_1008|13|-74.461540|220.369263|-87.246979|-10.903008|57.993114|4.895873|1.000000|1.000000|1.000000
AEG001_107_1006|13|-64.855339|199.385971|-85.044655|50.659660|-89.184448|-1.686158|1.000000|1.000000|1.000000
AEG001_108_1002|13|-73.876472|210.748032|-83.586754|3.388484|-122.469910|-3.249765|1.000000|1.000000|1.000000
AEG001_290_7032|13|-15.449323|194.054184|-95.340469|-9.727666|-55.194935|-0.141082|1.100000|1.100000|1.100000
AEG001_290_7036|13|-69.905609|199.211609|-119.468773|-3.460177|39.441154|-17.488485|1.100000|1.100000|1.100000
AEG001_290_7041|13|2.241838|191.499222|-104.184082|-1.663386|-91.517593|8.409548|1.100000|1.100000|1.100000
AEG001_290_7046|13|34.406822|191.972610|-90.739639|-3.835862|-92.572594|8.158990|1.100000|1.100000|1.100000
AEG001_290_7049|13|-39.862186|193.571762|-127.204437|-8.854066|-83.155685|6.904748|1.100000|1.100000|1.100000
AEG001_290_7052|13|-42.820450|195.120453|-118.503212|-1.417163|37.884571|-9.937234|1.100000|1.100000|1.100000
AEG001_290_7059|13|65.058922|189.531311|-122.200439|-6.187262|119.242401|1.465267|1.100000|1.100000|1.100000
AEG001_290_7066|13|56.084396|188.914642|-123.925240|-2.775669|78.591537|1.804864|1.100000|1.100000|1.100000
AEG001_290_7068|13|55.155369|189.381729|-104.581383|0.298780|140.315872|0.009972|1.100000|1.100000|1.100000
AEG001_290_7073|13|-14.988307|192.388611|-111.504875|3.041400|-164.155823|10.474777|1.100000|1.100000|1.100000
AEG001_290_7074|13|26.736008|188.800186|-124.587463|-4.759413|-0.482720|-1.079634|1.100000|1.100000|1.100000
AEG001_290_7078|13|-12.329042|193.228775|-98.331055|0.273044|-149.504562|10.960815|1.100000|1.100000|1.100000
AEG001_290_7084|13|7.126305|199.694275|-36.176434|6.506083|143.569336|-9.940187|1.100000|1.100000|1.100000
AEG001_290_7086|13|13.093794|196.371414|-62.492828|6.745196|158.961853|-1.703096|1.100000|1.100000|1.100000
AEG001_290_7091|13|-45.489807|195.818695|-115.446854|-8.726478|-70.356476|3.821190|1.100000|1.100000|1.100000
AEG001_290_7095|13|49.280338|189.080292|-110.927223|0.540022|-104.028496|3.551261|1.100000|1.100000|1.100000
AEG001_290_7098|13|68.690689|189.305176|-113.992065|0.717552|-86.339989|-1.038324|1.100000|1.100000|1.100000
AEG001_290_7099|13|40.718639|189.064713|-113.870178|3.787231|136.395020|-0.857979|1.100000|1.100000|1.100000
AEG001_290_7101|13|34.776184|189.222763|-115.543854|-2.227749|-90.442711|3.225516|1.100000|1.100000|1.100000
AEG001_290_7104|13|9.625261|189.851410|-121.809891|4.870881|112.030632|-3.477448|1.100000|1.100000|1.100000
AEG001_290_7105|13|0.367137|195.648422|-68.289879|-5.753664|-17.382582|3.230325|1.100000|1.100000|1.100000
AEG001_290_7108|13|-24.560913|197.788986|-56.644047|-7.127709|-56.010956|-0.736247|1.100000|1.100000|1.100000
AEG001_290_7131|13|-16.308340|192.312393|-114.085060|-9.387028|-79.127190|4.627207|1.100000|1.100000|1.100000
AEG001_290_7133|13|-69.714767|198.335464|-123.160828|8.620544|78.522133|-11.783913|1.100000|1.100000|1.100000
AEG001_290_7141|13|26.157238|189.531876|-113.780014|3.870013|121.209152|-1.772864|1.100000|1.100000|1.100000
AEG001_290_7147|13|-20.955383|192.397354|-118.932541|10.301497|131.343567|-1.047356|1.100000|1.100000|1.100000
AEG001_290_7148|13|3.056647|195.988586|-65.842972|0.251351|-78.443069|6.928843|1.100000|1.100000|1.100000
AEG001_290_7162|13|6.880366|189.849945|-124.036324|-3.102508|-102.825432|5.283561|1.100000|1.100000|1.100000
AEG001_290_7166|13|44.024483|188.868134|-115.604309|1.556736|98.733482|-1.924304|1.100000|1.100000|1.100000
AEG001_290_7173|13|-53.056179|198.285797|-97.245811|-3.205962|-149.081879|9.831566|1.100000|1.100000|1.100000
AEG001_290_7187|13|-16.457542|196.668259|-62.045788|-4.086888|-107.443352|5.015927|1.100000|1.100000|1.100000
AEG001_290_7188|13|-5.346859|197.960602|-45.236229|-0.562779|112.443359|-7.457993|1.100000|1.100000|1.100000
AEG001_290_7193|13|96.959541|189.163971|-97.895905|-1.572248|62.415234|-0.570436|1.100000|1.100000|1.100000
AEG001_290_7194|13|23.783039|191.551300|-97.979218|3.048424|93.355255|-8.004855|1.100000|1.100000|1.100000
AEG001_290_7198|13|44.486282|190.808838|-94.023743|-9.166640|-34.138672|2.071159|1.100000|1.100000|1.100000
AEG001_290_7199|13|102.455330|193.204529|-111.368958|5.577887|-43.593124|-11.438627|1.100000|1.100000|1.100000
AEG001_290_7200|13|103.915390|192.689743|-108.914101|-3.212808|-143.859512|-0.899117|0.900000|0.900000|0.900000
AEG001_290_7207|13|-56.633724|195.823120|-126.867935|-0.009323|-67.483803|0.002650|1.100000|1.100000|1.100000
AEG001_290_7209|13|-58.958588|196.633728|-122.277557|-0.004845|-113.929977|0.009835|1.100000|1.100000|1.100000
AEG001_290_7240|13|69.571831|192.935333|-67.116730|6.434476|117.632797|-4.251429|1.100000|1.100000|1.100000
AEG001_290_7241|13|108.844818|189.383255|-95.662582|0.014398|-129.959885|-2.005900|1.100000|1.100000|1.100000
AEG001_290_7242|13|88.047783|190.020660|-82.929199|-7.808361|-42.687775|1.856145|1.100000|1.100000|1.100000
AEG001_290_7243|13|84.376953|190.421890|-81.133972|-0.563545|60.509521|-7.194536|1.100000|1.100000|1.100000
AEG001_290_7245|13|-9.249898|190.566162|-127.395042|0.664359|51.413811|-2.634046|1.100000|1.100000|1.100000
AEG001_290_7246|13|-78.286919|202.703140|-60.163460|6.583045|89.779869|-0.766086|1.100000|1.100000|1.100000
AEG001_290_7247|13|-79.069656|202.749939|-64.169701|-0.738672|-170.578354|7.054848|1.100000|1.100000|1.100000
AEG001_290_7248|13|-24.661293|198.471939|-44.107742|1.613946|-171.308502|6.758909|1.100000|1.100000|1.100000
AEG001_290_7249|13|-46.213692|201.109207|-36.620613|-5.087105|-92.432137|3.172240|1.100000|1.100000|1.100000
AEG001_290_7250|13|-47.549774|201.813766|-22.026695|-0.282329|-163.592499|6.460704|1.100000|1.100000|1.100000
AEG001_290_7251|13|-45.740807|201.653168|-18.434925|8.250732|87.979866|-0.510512|1.100000|1.100000|1.100000
AEG001_290_7252|13|-58.141506|202.202896|-31.354866|3.658906|159.172577|2.390293|1.100000|1.100000|1.100000
AEG001_290_7259|13|-1.139530|192.914536|-93.641090|0.002076|104.750435|-0.005978|1.100000|1.100000|1.100000
AEG001_290_7260|13|86.110336|190.819153|-116.387329|5.970651|-117.368889|-10.114703|1.100000|1.100000|1.100000
AEG001_290_7261|13|19.511955|190.625595|-106.070099|-1.112009|64.384270|-7.324212|1.100000|1.100000|1.100000
AEG001_290_7262|13|59.551365|193.456955|-69.012535|10.778832|179.726059|3.607732|1.100000|1.100000|1.100000
AEG001_290_7263|13|62.936874|193.009842|-70.081947|-9.446185|-51.984570|5.543163|1.100000|1.100000|1.100000
AEG001_290_7264|13|16.572512|190.965073|-104.310425|7.483126|-172.714615|3.004545|1.100000|1.100000|1.100000
AEG001_290_7265|13|-10.885441|201.784760|-8.604418|0.001147|128.906509|-0.004823|1.100000|1.100000|1.100000
AEG001_290_7266|13|-39.567791|203.693024|8.776064|-4.683816|46.353359|-4.817153|1.100000|1.100000|1.100000
AEG001_290_7267|13|23.956745|205.568924|25.832403|-3.797277|66.700562|-3.254704|1.100000|1.100000|1.100000
AEG001_290_7268|13|2.367009|200.558701|-28.514328|-2.570671|104.583450|-9.111059|1.100000|1.100000|1.100000
AEG001_290_7269|13|-10.036015|204.772705|21.785643|4.030413|128.946609|-3.922640|1.100000|1.100000|1.100000
AEG001_290_7270|13|-23.844913|204.250565|15.390669|1.879312|104.707962|-5.120748|1.100000|1.100000|1.100000
AEG001_290_7271|13|13.168489|204.137177|8.378661|-3.756261|63.194012|-1.738979|1.100000|1.100000|1.100000
AEG001_290_7272|13|-48.254814|204.501007|16.632345|1.258202|114.890091|-5.326658|1.100000|1.100000|1.100000
AEG001_290_7273|13|-61.317047|205.610153|34.981087|-1.618990|117.521042|-4.804552|1.100000|1.100000|1.100000
AEG001_290_7274|13|-26.457952|199.751419|-22.325193|-2.930207|-68.812828|6.420323|1.100000|1.100000|1.100000
AEG001_290_7275|13|-15.216604|194.928040|-84.233734|5.106687|171.932281|5.966307|1.100000|1.100000|1.100000
AEG001_290_7276|13|-80.097260|203.978806|-24.551075|-5.111656|-31.008888|-4.396690|1.100000|1.100000|1.100000
AEG001_290_7277|13|-78.163795|205.825577|18.379089|5.838555|128.830780|2.598095|1.100000|1.100000|1.100000
AEG001_290_7278|13|-92.170677|207.654419|37.245113|-5.336473|-70.233772|-3.006645|1.100000|1.100000|1.100000
AEG001_290_7279|13|-86.223557|207.044434|56.793587|-2.693609|-142.080521|1.836966|1.100000|1.100000|1.100000
AEG001_290_7280|13|99.770805|213.941833|92.399269|8.667482|-103.884476|-1.574390|1.100000|1.100000|1.100000
AEG001_290_7281|13|55.013985|208.354050|60.801395|2.404472|-35.083256|4.171880|1.100000|1.100000|1.100000
AEG001_290_7282|13|66.899788|209.364563|-19.448441|0.752113|-170.877731|-9.939740|1.100000|1.100000|1.100000
AEG001_290_7283|13|113.113518|218.196167|-17.716599|2.345186|-170.936401|-7.828516|1.100000|1.100000|1.100000
AEG001_290_7284|13|90.073090|213.639709|-27.396332|-2.355424|8.118565|10.474177|1.100000|1.100000|1.100000
AEG001_290_7285|13|86.897079|212.947906|-34.443939|-5.917414|131.422882|-7.801150|1.100000|1.100000|1.100000
AEG001_290_7286|13|27.890825|203.718262|-30.566326|2.734890|-18.272329|5.564500|1.100000|1.100000|1.100000
AEG001_290_7287|13|21.231556|203.239395|-15.159975|-1.591255|131.521988|-6.038365|1.100000|1.100000|1.100000
AEG001_290_7288|13|111.278465|216.039413|57.815300|-9.766132|94.133202|0.071554|1.100000|1.100000|1.100000
AEG001_290_7289|13|38.158878|206.279739|25.886229|-2.084194|-18.303173|4.477490|0.800000|0.800000|0.800000
AEG001_290_7290|13|100.586243|214.720688|13.296488|5.593816|-141.464752|-9.346664|1.100000|1.100000|1.100000
AEG001_290_7291|13|105.461205|215.515839|19.906605|-1.074213|10.952712|10.375360|1.100000|1.100000|1.100000
AEG001_290_7292|13|110.788834|215.918289|60.592155|7.350322|-126.726761|-6.465010|1.100000|1.100000|1.100000
AEG001_290_7294|13|-58.196384|205.471893|79.061768|-1.371795|-171.180222|0.744600|1.100000|1.100000|1.100000
AEG001_290_7295|13|-65.921730|205.210342|106.392494|0.722361|-18.382133|-3.929464|1.100000|1.100000|1.100000
AEG001_290_7296|13|-83.862228|205.279221|115.117661|1.889804|45.090759|-0.125129|1.100000|1.100000|1.100000
AEG001_290_7297|13|-15.018721|208.585556|68.435036|-9.864552|117.984238|4.956423|1.100000|1.100000|1.100000
AEG001_290_7298|13|-26.785408|209.184341|54.661121|12.423405|120.537186|-12.352061|1.100000|1.100000|1.100000
AEG001_290_7301|13|-56.032593|203.067719|-10.627004|-4.908137|-30.979948|-4.905395|1.100000|1.100000|1.100000
AEG001_290_7302|13|-88.005424|206.970230|3.468453|-9.632634|-136.832870|0.630782|1.100000|1.100000|1.100000
AEG001_290_7303|13|-122.637650|210.098816|-59.212482|20.750662|25.781149|-10.066875|1.100000|1.100000|1.100000
AEG001_290_7304|13|-110.930359|207.439209|-19.030285|5.132259|69.585976|-4.011604|1.100000|1.100000|1.100000
AEG001_290_7305|13|-108.604507|206.337402|-50.758171|-10.237143|-123.334351|2.403324|1.100000|1.100000|1.100000
AEG001_290_7306|13|-84.254326|203.416412|-66.908585|-1.985886|-170.561188|7.770514|1.100000|1.100000|1.100000
AEG001_290_7307|13|52.083260|191.734116|-84.261604|-1.556344|-105.253914|7.898020|1.100000|1.100000|1.100000
AEG001_290_7308|13|105.938324|189.329163|-96.264160|-1.336697|112.773697|0.177011|0.900000|0.900000|0.900000
AEG001_290_7309|13|-27.779848|201.891098|-5.525881|-6.739093|-23.202312|2.698253|1.100000|1.100000|1.100000
AEG001_290_7310|13|-44.680962|200.286804|-48.129032|-4.556828|-92.377724|3.816000|1.100000|1.100000|1.100000
AEG001_290_7311|13|-30.938721|197.706818|-68.737022|5.673018|86.570862|-4.019739|1.100000|1.100000|1.100000
AEG001_290_7312|13|-27.589718|197.462830|-68.050659|-1.551621|18.970358|-6.811037|1.100000|1.100000|1.100000
AEG001_290_7313|13|-65.353256|204.196976|-6.236454|1.618235|39.939350|-5.444526|1.100000|1.100000|1.100000
AEG001_290_7314|13|-84.039948|204.628555|-20.466980|4.839680|158.939560|6.433381|1.100000|1.100000|1.100000
AEG001_290_7315|13|-90.513298|207.503448|1.488223|1.108130|-32.169605|-7.204616|1.100000|1.100000|1.100000
AEG001_290_7316|13|122.639130|189.674759|-90.949341|-2.132780|-163.443481|-3.557922|0.900000|0.900000|0.900000
AEG001_290_7317|13|123.159920|189.894394|-94.258926|-4.174916|115.445114|2.197381|1.100000|1.100000|1.100000
AEG001_290_7320|13|113.705826|191.320892|-105.739120|3.327859|-29.584681|-8.818821|0.900000|0.900000|0.900000
AEG001_290_7321|13|80.297760|190.118591|-85.133308|2.192053|-121.654549|7.377204|1.100000|1.100000|1.100000
AEG001_290_7322|13|-48.318863|200.455002|-50.157066|-0.542071|-136.723114|5.885164|1.100000|1.100000|1.100000
AEG001_290_7323|13|-8.739923|197.918564|-43.952801|-6.865078|20.265720|0.618460|1.100000|1.100000|1.100000
AEG001_290_7324|13|-4.768814|197.326431|-51.543667|7.664455|-151.433716|-0.681518|1.100000|1.100000|1.100000
AEG001_290_7325|13|-0.723155|194.580887|-77.639397|5.959695|-156.541031|1.564496|1.100000|1.100000|1.100000
AEG001_290_7326|13|2.991714|190.928085|-107.949440|2.899688|96.497391|-6.868997|1.100000|1.100000|1.100000
AEG001_290_7327|13|0.106632|190.235229|-126.244812|-4.251094|-73.463577|3.573583|1.100000|1.100000|1.100000
AEG001_290_7328|13|-21.977749|192.016357|-122.573738|-0.665185|-119.526001|10.562013|1.100000|1.100000|1.100000
AEG001_290_7329|13|-28.274014|191.987061|-126.811104|-11.744614|-51.366093|2.979302|1.100000|1.100000|1.100000
AEG001_290_7330|13|-120.915924|216.079666|-136.178558|3.120440|-31.019373|9.524563|1.100000|1.100000|1.100000
AEG001_290_7331|13|-120.601204|221.377151|-83.248207|1.116354|-48.013927|7.661943|1.100000|1.100000|1.100000
AEG001_290_7332|13|-87.194603|223.301239|-98.632355|-1.902946|-36.893307|8.741276|1.100000|1.100000|1.100000
AEG001_290_7333|13|-102.167122|223.695312|-78.414490|-3.446427|-36.926018|8.048724|1.100000|1.100000|1.100000
AEG001_290_7334|13|-114.269775|219.070557|-114.459076|-7.248058|47.898106|-0.822366|1.100000|1.100000|1.100000
AEG001_290_7335|13|-90.214851|222.679703|-100.883469|-0.491405|131.947556|-8.955857|1.100000|1.100000|1.100000
AEG001_290_7336|13|-112.844955|208.861069|2.347771|-1.142306|21.762936|-4.553077|1.100000|1.100000|1.100000
AEG001_290_7337|13|-85.519020|207.009796|40.637566|-4.818443|-109.001526|2.125418|1.100000|1.100000|1.100000
AEG001_290_7338|13|-77.160332|206.174515|83.698952|-2.172088|-155.081757|2.375103|1.100000|1.100000|1.100000
AEG001_290_7339|13|-75.373779|206.116333|80.232697|-3.544551|-53.321171|-3.956833|1.100000|1.100000|1.100000
AEG001_290_7340|13|-62.678474|206.031219|63.397095|-1.847528|-171.218750|-0.514122|1.100000|1.100000|1.100000
AEG001_290_7341|13|-60.465282|204.999176|117.799904|0.888198|116.617706|-0.140435|1.100000|1.100000|1.100000
AEG001_290_7342|13|-111.205353|207.631302|72.596489|-2.266259|-171.184723|0.602860|1.100000|1.100000|1.100000
AEG001_290_7343|13|-23.792011|205.263687|93.058113|-2.292972|-171.273682|-1.586786|1.100000|1.100000|1.100000
AEG001_290_7344|13|-12.853604|195.613922|-72.398438|-6.247187|-24.755306|-3.117967|1.100000|1.100000|1.100000
AEG001_290_7345|13|-47.901104|203.029953|3.837913|6.457590|-162.563919|1.686183|1.100000|1.100000|1.100000
AEG001_290_7346|13|-44.455223|202.781464|1.378754|3.744747|126.723038|-5.696556|1.100000|1.100000|1.100000
AEG001_290_7347|13|-5.289859|190.793625|-116.407112|3.293353|102.391708|-1.113794|0.900000|0.900000|0.900000
AEG001_290_7348|13|-104.138878|218.961868|-131.234283|-8.358182|119.728340|-7.845295|1.100000|1.100000|1.100000
AEG001_290_7349|13|102.195473|189.372192|-81.533333|1.943162|123.410294|-1.340123|1.100000|1.100000|1.100000
AEG001_290_7350|13|92.990204|194.846237|-45.962013|9.421371|-151.994583|25.975977|1.100000|1.100000|1.100000
AEG001_290_7351|13|90.142921|194.383133|-49.391781|-21.494371|-52.519207|8.169592|1.100000|1.100000|1.100000
AEG001_290_7352|13|82.466553|191.738831|-69.958130|-4.170708|22.004938|-4.952133|1.100000|1.100000|1.100000
AEG001_290_7353|13|126.655396|191.006729|-105.956161|-2.255805|96.678238|5.571194|1.100000|1.100000|1.100000
AEG001_290_7354|13|119.894104|190.645569|-104.519386|6.498706|17.502480|3.972657|1.100000|1.100000|1.100000
AEG001_290_7355|13|91.613716|213.000595|31.557732|6.062585|-142.606934|-7.635067|1.100000|1.100000|1.100000
AEG001_290_7356|13|90.771873|212.943741|8.744146|9.212778|-51.951675|5.800961|1.100000|1.100000|1.100000
AEG001_290_7357|13|120.882759|217.462112|77.411003|9.277502|-103.697746|-2.755014|1.100000|1.100000|1.100000
AEG001_290_7358|13|96.179184|192.693512|-54.108189|-5.266732|-75.030006|6.076546|1.100000|1.100000|1.100000
AEG001_290_7359|13|101.030754|192.375717|-54.551926|6.043380|-169.563004|4.641550|0.900000|0.900000|0.900000
AEG001_290_7360|13|85.626663|190.758591|-77.346329|5.356289|-167.699158|4.640295|1.100000|1.100000|1.100000
AEG001_290_7361|13|82.238998|193.811417|-55.924965|3.909273|-127.177414|17.821440|1.100000|1.100000|1.100000
AEG001_290_7362|13|86.263855|192.774521|-59.041435|7.609543|-169.757446|6.262329|0.900000|0.900000|0.900000
AEG001_290_7363|13|73.577362|189.902328|-122.134178|5.977672|-21.243601|-1.448087|1.100000|1.100000|1.100000
AEG001_290_7366|13|118.141090|217.845215|18.552826|-3.523995|31.267902|9.388834|1.100000|1.100000|1.100000
AEG001_290_7367|13|117.733421|217.929276|14.162039|-9.057185|131.594681|-5.224538|1.100000|1.100000|1.100000
AEG001_290_7368|13|56.347363|207.327789|4.924344|3.532847|-154.970215|-6.336422|1.100000|1.100000|1.100000
AEG001_290_7369|13|58.116619|207.570877|1.042792|6.641622|-53.537605|4.596143|0.900000|0.900000|0.900000
AEG001_290_7370|13|43.366638|205.905258|-26.023476|-1.299075|11.910659|7.975941|1.100000|1.100000|1.100000
AEG001_290_7371|13|38.375568|205.073608|-32.519077|-7.260717|106.439087|-3.827147|1.100000|1.100000|1.100000
AEG003_054_1026|13|91.224510|189.340836|-93.104462|-0.728353|-75.692490|3.316084|1.000000|1.000000|1.000000
AEG003_054_1035|13|115.623627|190.163620|-65.912018|-1.003955|-107.992241|6.443792|1.000000|1.000000|1.000000
AEG003_054_1036|13|123.807381|189.803970|-62.423668|-6.091135|-40.374889|-2.764193|1.000000|1.000000|1.000000
AEG003_054_1037|13|112.289040|189.359238|-81.715691|1.259405|-70.854027|-0.365460|1.000000|1.000000|1.000000
AEG003_056_1035|13|126.764107|189.873260|-90.782837|3.510882|-8.994499|2.288796|1.000000|1.000000|1.000000
AEG003_056_1036|13|123.267380|189.746964|-64.679489|-1.742711|-132.499649|5.063439|1.000000|1.000000|1.000000
AEG003_056_1037|13|115.185616|189.916397|-68.394424|7.292375|166.486618|1.283202|1.000000|1.000000|1.000000
AEG003_057_1036|13|124.762047|189.625992|-64.410576|1.656512|38.804039|-5.060053|1.000000|1.000000|1.000000
AEG003_057_1037|13|114.244278|190.022812|-66.680557|-0.003910|-76.555023|0.004781|1.000000|1.000000|1.000000
AEG003_057_1038|13|127.831215|190.042450|-92.880127|-1.434968|69.973320|4.010278|1.000000|1.000000|1.000000
AEG003_057_1039|13|109.790207|189.343384|-83.363533|0.267252|-4.552654|-0.319758|1.000000|1.000000|1.000000
AEG003_061_1034|13|122.281609|189.704025|-65.932297|0.001038|46.535107|-0.005154|1.000000|1.000000|1.000000
AEG003_061_1035|13|118.326393|189.585190|-69.906700|0.002650|92.085335|-0.005519|1.000000|1.000000|1.000000
AEG003_061_1036|13|121.470268|189.505966|-70.429398|-0.004994|-31.906752|0.000465|1.000000|1.000000|1.000000
AEG003_061_1037|13|91.484901|189.459885|-90.895889|1.123266|-104.807869|2.457118|1.000000|1.000000|1.000000
AEG003_061_1045|13|83.669479|189.380829|-93.624146|1.295905|-139.813461|1.692275|1.000000|1.000000|1.000000
AEG003_063_1015|13|124.418190|189.692749|-89.484497|0.246980|-136.947388|-3.707404|1.000000|1.000000|1.000000
AEG003_064_1006|13|108.593498|189.327881|-81.410873|0.145865|74.634758|0.589008|1.000000|1.000000|1.000000
AEG003_069_1084|13|113.854660|189.392151|-74.918251|-16.571270|87.945351|-2.969239|1.000000|1.000000|1.000000
AEG003_145_1000|13|99.023293|214.149582|117.599243|4.245290|-29.806013|7.950067|1.000000|1.000000|1.000000
AEG003_145_1001|13|71.792259|210.049881|78.229370|4.330231|-40.665237|4.866237|1.000000|1.000000|1.000000
AEG003_145_1002|13|88.934166|212.319199|89.418953|7.626048|-80.703819|1.890288|1.000000|1.000000|1.000000
AEG003_145_1003|13|79.135895|211.080597|94.077026|-4.142762|139.204269|-6.132066|1.000000|1.000000|1.000000
AEG003_145_1004|13|97.647774|213.723587|100.775887|-7.431324|112.162468|-4.052270|1.000000|1.000000|1.000000
AEG003_145_1005|13|-118.832176|208.637451|-9.712407|1.310358|30.503328|-5.996149|1.000000|1.000000|1.000000
AEG003_145_1008|13|-120.054665|209.323578|6.458746|2.459469|68.450302|-2.271397|1.000000|1.000000|1.000000
AEG003_145_1009|13|-112.380608|207.731506|-15.244019|-6.599940|-85.149857|1.543404|1.000000|1.000000|1.000000
AEG003_145_1012|13|114.301514|216.304138|95.422752|7.647736|-53.905006|5.810687|1.000000|1.000000|1.000000
AEG003_145_1013|13|110.640701|215.869720|106.817764|-8.526392|53.745979|4.670675|1.000000|1.000000|1.000000
AEG003_145_1014|13|-110.224091|209.004211|9.510010|-1.123192|-95.313225|0.653731|1.000000|1.000000|1.000000
AEG003_145_1015|13|81.521217|211.245544|77.840469|1.506548|-168.289368|-7.249058|1.000000|1.000000|1.000000
AEG003_145_1016|13|66.878326|209.589340|104.977783|-7.544349|69.648293|2.493539|1.000000|1.000000|1.000000
AEG003_145_1017|13|79.086143|211.275635|108.412834|6.421772|-64.769119|3.745239|1.000000|1.000000|1.000000
AEG003_145_1018|13|113.594124|216.865417|126.869644|-4.389726|18.840969|10.280966|1.000000|1.000000|1.000000
AEG003_146_1000|13|107.309998|215.463257|114.049820|9.057323|-75.350395|3.428755|1.000000|1.000000|1.000000
AEG003_146_1001|13|79.861153|211.067902|85.508423|-1.346786|165.875549|-7.193443|1.000000|1.000000|1.000000
AEG003_146_1002|13|73.876381|210.525681|103.159584|5.559610|-137.816345|-5.201627|1.000000|1.000000|1.000000
AEG003_146_1004|13|119.255234|217.185196|101.255859|-0.555071|0.006264|9.666959|1.000000|1.000000|1.000000
AEG003_146_1005|13|-110.521744|208.981873|19.447878|1.925348|117.904556|1.376338|1.000000|1.000000|1.000000
AEG007_076_1000|13|104.555008|210.345016|20.712990|10.000002|3.891002|10.000002|1.000000|1.000000|1.000000
AEG007_077_1000|13|99.155998|184.420029|-67.974991|0.000000|-94.752983|-10.000000|1.000000|1.000000|1.000000
AEG007_093_1000|13|104.555008|210.345016|20.712990|10.000002|3.891002|10.000002|1.000000|1.000000|1.000000
AEG007_391_1001|13|99.155998|184.420029|-67.974991|0.000000|85.246971|10.000001|1.000000|1.000000|1.000000
AEG007_391_1002|13|99.155998|184.420029|-67.974991|0.000000|-94.752983|-10.000000|1.000000|1.000000|1.000000
AEG007_391_1003|13|99.155998|184.420029|-67.974991|10.000002|-4.752979|0.000001|1.000000|1.000000|1.000000
AEG007_391_1004|13|99.155998|184.420029|-67.974991|-10.000002|175.247009|-0.000000|1.000000|1.000000|1.000000
AEG007_391_1005|13|104.555008|210.345016|20.712990|-10.000024|-176.108978|-10.000005|1.000000|1.000000|1.000000
AEG007_392_1000|13|99.155998|184.420029|-67.974991|-10.000002|175.246994|-0.000001|1.000000|1.000000|1.000000
AEG007_393_1000|13|104.555008|210.345016|20.712990|10.000002|3.891002|10.000002|1.000000|1.000000|1.000000
AEG007_400_1000|13|97.210617|189.611725|-86.134796|0.001612|72.583710|-0.000069|1.000000|1.000000|1.000000
AEG007_400_1001|13|122.731239|189.680817|-90.915520|-0.001816|74.228287|0.003306|1.000000|1.000000|1.000000
AEG007_401_1001|13|117.891846|189.729706|-69.941963|-0.006193|-29.873055|0.000765|1.000000|1.000000|1.000000
AEG007_720_1000|13|-42.053009|223.658005|38.814362|0.000000|154.500000|0.000000|1.000000|1.000000|1.000000
AEG007_720_1001|13|66.257263|223.658005|90.475769|0.000000|-25.500000|0.000000|1.000000|1.000000|1.000000
AEG007_726_1000|13|12.102081|223.658005|64.645081|0.000000|154.500000|0.000000|1.000000|1.000000|1.000000
AEG007_726_1001|13|-96.208191|223.658005|12.983826|0.000000|-25.500000|0.000000|1.000000|1.000000|1.000000
AEG007_726_1002|13|120.412323|223.658005|116.306396|0.000000|-25.500000|0.000000|1.000000|1.000000|1.000000
AEG099_053_9000|13|117.674004|189.492996|-91.886002|0.000000|180.000000|0.000000|1.000000|1.000000|1.000000
AEG099_075_9000|13|-84.846001|224.528000|-90.894997|10.900000|-120.150002|1.200000|1.000000|1.000000|1.000000
AEG099_090_9000|13|-74.519997|206.259995|60.590000|0.000000|-178.110001|0.000000|1.000000|1.000000|1.000000
AEG099_120_9000|13|-67.910004|205.416000|86.019997|0.000000|-162.440002|0.000000|1.000000|1.000000|1.000000
AEG099_280_9000|13|85.577003|189.787003|-86.016998|0.000000|-57.952999|0.000000|1.000000|1.000000|1.000000
AEG099_280_9001|13|63.332001|189.475006|-95.510002|0.000000|-88.306000|0.000000|1.000000|1.000000|1.000000
AEG099_280_9002|13|62.763000|191.664001|-79.771004|0.000000|-133.643005|0.000000|1.000000|1.000000|1.000000
AEG099_280_9003|13|92.582001|193.039993|-53.592999|0.000000|-112.623001|0.000000|1.000000|1.000000|1.000000
AEG099_280_9004|13|61.624001|189.483002|-99.862999|0.000000|-93.306000|0.000000|1.000000|1.000000|1.000000
AEG099_280_9005|13|63.673000|190.791000|-85.875999|0.000000|-58.306000|0.000000|1.000000|1.000000|1.000000
AEG099_280_9006|13|58.790001|189.408005|-104.139999|0.000000|-8.306000|0.000000|1.000000|1.000000|1.000000
AEG099_502_9000|13|57.153000|189.834000|-94.933998|-0.000000|64.805000|-5.000000|1.000000|1.000000|1.000000
AEG099_620_9000|13|110.082001|205.123993|-74.518997|0.000000|167.341995|0.000000|1.000000|1.000000|1.000000
AEG099_630_9000|13|116.921997|190.134995|-65.610001|0.000000|-103.699997|0.000000|1.000000|1.000000|1.000000
AEG099_680_9000|13|-108.744003|207.257004|77.556999|1.958000|45.467999|3.420000|1.000000|1.000000|1.000000
AEG099_680_9001|13|-115.860001|218.949997|-113.036003|2.397000|-50.737999|2.585000|1.000000|1.000000|1.000000
AEG099_680_9002|13|-48.536999|200.085007|-52.125000|3.215000|-179.869995|4.824000|1.000000|1.000000|1.000000
AEG099_680_9003|13|-64.936996|205.822006|65.191002|1.823000|-75.478996|-4.233000|1.000000|1.000000|1.000000
AEG099_680_9004|13|-59.098000|204.916000|117.463997|5.492000|93.468002|-4.311000|1.000000|1.000000|1.000000
AEG099_680_9006|13|13.108000|205.328995|98.427002|0.503000|-25.594000|-0.000000|1.000000|1.000000|1.000000
AEG099_680_9007|13|22.819000|205.052994|23.490999|-2.222000|-27.766001|1.409000|1.000000|1.000000|1.000000
AEG099_680_9008|13|109.100998|215.470993|59.926998|3.372000|-159.292007|-8.464000|1.000000|1.000000|1.000000
AEG099_680_9009|13|91.656998|213.067001|6.304000|2.050000|-18.716000|11.422000|1.000000|1.000000|1.000000
AEG099_680_9010|13|-2.706000|190.371002|-126.211998|0.000000|-64.946999|0.000000|1.000000|1.000000|1.000000
AEG099_680_9011|13|33.064999|191.891998|-91.181000|2.849000|-110.343002|7.557000|1.000000|1.000000|1.000000
AEG099_680_9012|13|56.548000|189.401993|-105.335999|-0.003000|66.211998|0.000000|1.000000|1.000000|1.000000
AEG099_680_9013|13|84.584000|189.822006|-85.233002|2.766000|131.925995|-1.169000|1.000000|1.000000|1.000000
AEG099_680_9014|13|120.022003|190.436005|-103.403000|3.826000|-55.610001|-6.319000|1.000000|1.000000|1.000000
AEG099_680_9016|13|-24.235001|198.319000|-45.917999|3.870000|173.281006|6.236000|1.000000|1.000000|1.000000
AEG099_680_9017|13|-24.238001|199.298996|-25.527000|-5.875000|11.193000|-2.217000|1.000000|1.000000|1.000000
AEG099_680_9018|13|-56.660000|198.973999|-85.030998|2.730000|21.219999|-3.965000|1.000000|1.000000|1.000000
AEG099_680_9023|13|-12.510000|201.494995|-10.632000|1.221000|124.835999|-6.535000|1.000000|1.000000|1.000000
AEG099_680_9024|13|27.620001|203.541000|-29.271000|3.154000|-10.744000|3.791000|1.000000|1.000000|1.000000
AEG099_680_9025|13|6.363000|189.550995|-127.481003|1.003000|90.935997|1.806000|1.000000|1.000000|1.000000
AEG099_680_9027|13|-25.839001|208.942993|54.569000|1.599000|79.213997|-16.028000|1.000000|1.000000|1.000000
AEG099_680_9028|13|89.518997|213.352005|-25.797001|8.554000|-35.439999|6.563000|1.000000|1.000000|1.000000
AEG099_680_9031|13|36.292999|196.807999|-56.056999|0.745000|-99.071999|8.309000|1.000000|1.000000|1.000000
AEG099_690_9000|13|102.947998|214.789993|93.463997|0.000000|92.581001|0.000000|1.000000|1.000000|1.000000
AEG099_690_9001|13|102.346001|214.399002|97.774002|0.000000|92.581001|0.000000|1.000000|1.000000|1.000000
AEG099_691_9001|13|-97.625000|222.878006|-89.301003|0.000000|-178.130005|0.000000|1.000000|1.000000|1.000000
AEG099_720_9000|13|57.941002|193.352997|-69.720001|7.557000|166.914993|-3.865000|1.000000|1.000000|1.000000
AEG099_720_9006|13|-3.250000|192.692001|-94.607002|0.000000|-178.912003|0.000000|1.000000|1.000000|1.000000
AEG099_720_9007|13|39.043999|205.067993|-30.431999|4.317000|-80.717003|0.351000|1.000000|1.000000|1.000000
AEG099_720_9008|13|36.189999|204.541000|-33.501999|-0.395000|179.813004|-1.665000|1.000000|1.000000|1.000000
AEG099_720_9010|13|4.460000|197.792999|-50.341000|4.371000|-166.636002|-3.472000|1.000000|1.000000|1.000000
AEG099_720_9011|13|0.613000|200.653000|-27.014999|5.659000|-95.500000|4.094000|1.000000|1.000000|1.000000
AEG099_720_9017|13|-51.631001|203.977997|12.293000|0.000000|142.912994|0.000000|1.000000|1.000000|1.000000
AEG099_720_9018|13|-23.091999|204.044998|13.438000|0.000000|123.970001|0.000000|1.000000|1.000000|1.000000
AEG099_720_9019|13|-52.500999|198.078003|-98.652000|6.174000|101.579002|-1.418000|1.000000|1.000000|1.000000
AEG099_720_9022|13|54.992001|208.298996|58.220001|0.000000|118.822998|0.000000|1.000000|1.000000|1.000000
AEG099_720_9025|13|-27.296000|197.160004|-70.332001|0.000000|83.988998|0.000000|1.000000|1.000000|1.000000
AEG099_720_9026|13|-27.884001|197.485992|-66.228996|0.000000|-69.133003|0.000000|1.000000|1.000000|1.000000
AEG099_720_9029|13|-42.782001|200.292999|-46.513000|0.000000|-28.257000|0.000000|1.000000|1.000000|1.000000
AEG099_720_9040|13|-57.959000|196.018005|-127.197998|6.009000|-167.445007|3.264000|1.000000|1.000000|1.000000
AEG099_720_9041|13|-58.321999|196.320999|-124.154999|0.000000|143.307007|0.000000|1.000000|1.000000|1.000000
AEG099_720_9044|13|-19.495001|192.001999|-120.471001|0.000000|-151.029999|0.000000|1.000000|1.000000|1.000000
AEG099_720_9046|13|4.496000|190.705994|-108.903999|0.000000|69.299004|0.000000|1.000000|1.000000|1.000000
AEG099_720_9049|13|26.160000|189.623001|-115.978996|0.000000|90.785004|0.000000|1.000000|1.000000|1.000000
AEG099_720_9052|13|-42.516998|195.367996|-115.568001|7.989000|139.822998|-3.271000|1.000000|1.000000|1.000000
AEG099_720_9053|13|37.650002|189.166000|-113.686996|0.000000|-129.593002|0.000000|1.000000|1.000000|1.000000
AEG099_720_9054|13|42.939999|189.035995|-113.264999|0.000000|-38.098999|0.000000|1.000000|1.000000|1.000000
AEG099_720_9059|13|88.218002|189.692993|-114.889999|0.000000|-156.029999|0.000000|1.000000|1.000000|1.000000
AEG099_720_9060|13|84.984001|190.684006|-116.834999|-4.956000|165.654007|-8.264000|1.000000|1.000000|1.000000
AEG099_720_9064|13|51.904999|192.106995|-81.872002|5.375000|95.808998|-3.663000|1.000000|1.000000|1.000000
AEG099_720_9065|13|61.196999|193.369003|-69.454002|-0.872000|64.236000|-14.655000|1.000000|1.000000|1.000000
AEG099_720_9068|13|-44.424999|201.423996|-18.200001|-0.570000|-8.852000|-7.040000|1.000000|1.000000|1.000000
AEG099_720_9069|13|-49.116001|202.117004|-19.583000|0.000000|-128.529007|0.000000|1.000000|1.000000|1.000000
AEG099_720_9074|13|-79.873001|203.817993|-26.702000|5.994000|105.431000|-2.293000|1.000000|1.000000|1.000000
AEG099_720_9075|13|-88.939003|205.201004|-24.083000|5.656000|172.397995|4.928000|1.000000|1.000000|1.000000
AEG099_720_9076|13|-107.472000|206.242004|-52.521000|5.806000|71.820999|1.259000|1.000000|1.000000|1.000000
AEG099_720_9077|13|-107.737000|205.947006|-48.419998|-5.462000|-38.090000|-2.867000|1.000000|1.000000|1.000000
AEG099_720_9078|13|-112.086998|207.587997|-21.334999|0.000000|173.445007|0.000000|1.000000|1.000000|1.000000
AEG099_720_9079|13|101.985001|189.440002|-83.491997|0.000000|93.970001|0.000000|1.000000|1.000000|1.000000
AEG099_720_9080|13|107.152000|189.643997|-75.533997|0.000000|-156.029999|0.000000|1.000000|1.000000|1.000000
AEG099_720_9081|13|106.258003|190.057999|-72.281998|0.000000|83.970001|0.000000|1.000000|1.000000|1.000000
AEG099_720_9086|13|8.022000|206.419006|41.831001|0.000000|98.970001|0.000000|1.000000|1.000000|1.000000
AEG099_720_9087|13|-9.050000|204.684006|21.402000|-7.028000|52.777000|-0.000000|1.000000|1.000000|1.000000
AEG099_720_9088|13|-10.857000|205.292007|27.285999|0.000000|-159.742004|0.000000|1.000000|1.000000|1.000000
AEG099_720_9091|13|10.776000|203.994995|8.537000|5.953000|-125.402000|-1.284000|1.000000|1.000000|1.000000
AEG099_720_9092|13|68.793999|209.600006|-17.273001|4.028000|-53.300999|3.335000|1.000000|1.000000|1.000000
AEG099_720_9095|13|111.829002|217.904007|-14.939000|0.000000|88.970001|0.000000|1.000000|1.000000|1.000000
AEG099_720_9101|13|-86.700996|207.113007|39.953999|0.000000|-177.332001|0.000000|1.000000|1.000000|1.000000
AEG099_720_9102|13|-78.628998|205.914001|20.688999|0.034000|-67.075996|-3.227000|1.000000|1.000000|1.000000
AEG099_720_9103|13|-47.124001|204.427994|15.026000|-1.934000|10.990000|-4.817000|1.000000|1.000000|1.000000
AEG099_720_9107|13|-56.410999|205.395004|81.111000|0.000000|-9.753000|0.000000|1.000000|1.000000|1.000000
AEG099_720_9108|13|-74.261002|206.031006|82.869003|0.000000|-18.459000|0.000000|1.000000|1.000000|1.000000
AEG099_720_9109|13|-60.043999|205.567001|78.601997|0.000000|-130.434998|0.000000|1.000000|1.000000|1.000000
AEG099_720_9114|13|-22.292000|205.197998|95.307999|0.000000|3.102000|0.000000|1.000000|1.000000|1.000000
AEG099_720_9117|13|48.391998|207.410004|94.764999|0.000000|-126.029999|0.000000|1.000000|1.000000|1.000000
AEG099_720_9120|13|24.834999|205.059006|125.896004|0.000000|-161.029999|0.000000|1.000000|1.000000|1.000000
AEG099_720_9124|13|119.971001|217.115005|76.794998|0.000000|149.322998|0.000000|1.000000|1.000000|1.000000
AEG099_720_9126|13|-0.201000|195.210007|-70.628998|5.737000|134.565002|-2.028000|1.000000|1.000000|1.000000
AEG099_760_9000|13|101.404999|193.242996|-111.035004|-4.580000|-38.133999|-10.971000|1.000000|1.000000|1.000000
AEG099_760_9001|13|-87.765999|207.292999|0.962000|0.891000|105.755997|11.200000|1.000000|1.000000|1.000000
AEG099_760_9002|13|89.412003|212.604004|20.768999|-0.000000|-32.919998|8.193000|1.000000|1.000000|1.000000
AEG099_760_9003|13|97.873001|192.893997|-52.449001|-9.118000|-141.000000|5.797000|1.000000|1.000000|1.000000
AEG099_760_9004|13|92.820999|193.891998|-49.326000|3.525000|90.477997|-10.525000|1.000000|1.000000|1.000000
AEG099_760_9006|13|-24.607000|205.576004|87.327003|-13.549000|141.007004|-7.287000|1.000000|1.000000|1.000000
AEG099_760_9007|13|-59.577000|202.184006|-34.264999|-1.037000|-120.695000|1.109000|1.000000|1.000000|1.000000
AEG099_775_9000|13|-31.278999|194.542007|-111.757004|7.772000|95.625000|-6.408000|1.000000|1.000000|1.000000
AEG099_775_9001|13|-35.126999|195.041000|-111.019997|-3.728000|7.959000|-6.378000|1.000000|1.000000|1.000000
AEG099_775_9002|13|67.155998|189.641006|-121.100998|-1.898000|30.209000|4.280000|1.000000|1.000000|1.000000
AEG099_775_9003|13|69.935997|189.839005|-121.780998|-2.613000|114.612000|2.761000|1.000000|1.000000|1.000000
AEG099_775_9004|13|11.625000|196.087006|-65.315002|6.446000|141.716995|-3.738000|1.000000|1.000000|1.000000
AEG099_775_9005|13|15.497000|196.266998|-62.886002|-2.213000|80.946999|-2.731000|1.000000|1.000000|1.000000
AEG099_775_9006|13|-80.414001|202.964005|-66.302002|-6.946000|-119.999001|2.877000|1.000000|1.000000|1.000000
AEG099_775_9007|13|-77.917999|202.761002|-57.153000|4.790000|142.179993|4.623000|1.000000|1.000000|1.000000
AEG099_775_9008|13|-75.528000|202.429001|-60.804001|-0.242000|-141.445999|5.796000|1.000000|1.000000|1.000000
AEG099_802_9000|13|55.159000|208.216003|41.667000|0.000000|119.306000|0.000000|1.000000|1.000000|1.000000
AEG099_802_9001|13|59.292999|208.371002|46.542999|0.000000|-123.367996|0.000000|1.000000|1.000000|1.000000
AEG099_802_9002|13|58.825001|208.186005|37.948002|0.000000|-68.442001|0.000000|1.000000|1.000000|1.000000
AEG099_802_9003|13|61.307999|208.671005|34.091999|0.000000|21.059000|0.000000|1.000000|1.000000|1.000000
AEG099_802_9004|13|53.514000|208.024002|39.792000|0.000000|121.278999|0.000000|1.000000|1.000000|1.000000
AEG099_802_9005|13|51.965000|207.643997|35.522999|0.000000|-22.730000|0.000000|1.000000|1.000000|1.000000
AEG099_802_9006|13|47.625000|207.360001|33.596001|0.000000|17.736000|0.000000|1.000000|1.000000|1.000000
AEG099_802_9007|13|45.776001|207.490997|43.306999|0.000000|92.046997|0.000000|1.000000|1.000000|1.000000
AEG099_802_9008|13|83.453003|189.406006|-93.575996|0.000000|64.504997|0.000000|1.000000|1.000000|1.000000
AEG099_830_9001|13|-8.291000|194.397995|-81.543999|4.161000|108.339996|3.325000|1.000000|1.000000|1.000000
AEG099_830_9004|13|-6.830000|200.641006|-23.926001|-2.211000|88.556999|-0.944000|1.000000|1.000000|1.000000
AEG099_830_9005|13|19.974001|197.625000|-53.035000|-5.462000|38.349998|-4.338000|1.000000|1.000000|1.000000
AEG099_830_9006|13|25.879000|191.074997|-101.653999|-0.141000|88.550003|-5.593000|1.000000|1.000000|1.000000
AEG099_830_9007|13|56.905998|192.602997|-75.370003|-0.214000|88.541000|-8.431000|1.000000|1.000000|1.000000
AEG099_830_9008|13|74.722000|189.382996|-112.042000|0.000000|123.556999|0.000000|1.000000|1.000000|1.000000
AEG099_830_9009|13|-43.286999|198.513000|-76.773003|4.333000|88.651001|-1.234000|1.000000|1.000000|1.000000
AEG099_830_9010|13|-7.550000|196.639008|-55.918999|-0.000000|-103.075996|0.924000|1.000000|1.000000|1.000000
AEG801_006_7125|13|7.167176|197.898697|-50.411770|5.966197|-179.895218|0.127205|1.100000|1.100000|1.100000
AEG801_006_7185|13|-16.822216|193.836365|-99.720352|5.083819|61.730129|-9.126398|1.100000|1.100000|1.100000
AEG801_006_7226|13|36.452240|197.880753|-52.240387|3.185576|102.162041|-15.304749|1.100000|1.100000|1.100000
AEG801_006_7241|13|-1.375747|191.345764|-106.060646|-1.634528|61.601368|-7.380969|1.100000|1.100000|1.100000
AEG801_006_7287|13|22.999044|189.866623|-114.979218|2.431465|91.897247|-3.003815|1.100000|1.100000|1.100000
AEG801_006_7348|13|-14.697900|196.742615|-57.941032|-5.579280|-42.900837|-1.208033|1.100000|1.100000|1.100000
AEG801_006_7377|13|70.290382|189.295975|-102.684586|1.168891|-162.603119|1.543432|1.100000|1.100000|1.100000
AEG801_006_7389|13|-22.981274|194.278336|-103.588669|8.094458|131.293030|0.745146|1.100000|1.100000|1.100000
AEG801_006_7390|13|3.781318|193.702957|-86.233597|4.620268|131.999054|-4.614198|1.100000|1.100000|1.100000
AEG801_006_7398|13|-26.643019|193.314896|-117.427773|1.598019|-140.819855|9.464811|1.100000|1.100000|1.100000
AEG801_006_7400|13|-61.619293|198.612808|-114.946442|7.046671|-173.540390|17.634895|1.100000|1.100000|1.100000
AEG801_006_7402|13|-32.687199|194.938492|-108.942261|-7.517341|-43.611881|-2.023287|1.100000|1.100000|1.100000
AEG801_006_7403|13|-13.176143|194.225983|-90.101006|4.266710|59.848549|-8.312493|1.100000|1.100000|1.100000
AEG801_006_7417|13|41.734291|190.568207|-96.784912|9.168407|149.739380|-1.347450|1.100000|1.100000|1.100000
AEG801_006_7419|13|11.681303|195.511230|-70.164871|-6.566870|-5.969237|0.045899|1.100000|1.100000|1.100000
AEG801_006_7422|13|-56.170933|198.836731|-97.977371|-9.521029|-44.431595|-4.338519|1.100000|1.100000|1.100000
AEG801_006_7425|13|-51.866341|199.544922|-70.441200|-3.257176|6.211838|-5.145127|1.100000|1.100000|1.100000
AEG801_006_7433|13|-49.340874|199.009460|-75.417961|-5.807185|-66.673698|1.877565|1.100000|1.100000|1.100000
AEG801_006_7437|13|67.499603|189.284271|-105.209602|-1.118203|-64.970963|1.016578|1.100000|1.100000|1.100000
AEG801_006_7447|13|-41.225147|198.686050|-69.432709|-4.112874|-5.964265|-4.907163|1.100000|1.100000|1.100000
AEG801_006_7451|13|-62.017929|196.884201|-123.780365|-7.168781|-101.643799|8.929926|1.100000|1.100000|1.100000
AEG801_006_7457|13|11.373715|190.510834|-109.060440|1.834780|-124.381912|5.955925|1.100000|1.100000|1.100000
AEG801_006_7458|13|-75.548721|202.264267|-67.966179|7.185168|116.111603|3.468972|1.100000|1.100000|1.100000
AEG801_006_7461|13|-66.106964|201.030853|-69.159180|-4.892237|-21.537764|-5.840511|1.100000|1.100000|1.100000
AEG801_006_7462|13|-67.410126|201.338776|-65.339096|-1.236781|6.161213|-6.252204|1.100000|1.100000|1.100000
AEG801_006_7463|13|-100.466652|206.017197|-59.550503|1.080945|-25.027271|-10.563677|1.100000|1.100000|1.100000
AEG801_006_7464|13|-15.594336|200.138763|-22.375608|4.466342|-90.776253|7.761528|1.100000|1.100000|1.100000
AEG801_006_7465|13|-49.021458|200.868973|-44.475571|2.280600|-165.764984|5.222117|1.100000|1.100000|1.100000
AEG801_006_7466|13|-33.916210|198.461990|-61.670780|4.772855|168.557907|4.895553|1.100000|1.100000|1.100000
AEG801_006_7467|13|-40.596142|200.528351|-37.300171|-0.964523|-150.341354|6.286889|1.100000|1.100000|1.100000
AEG801_006_7469|13|-46.909824|201.552505|-27.706301|6.709049|123.319588|2.403570|1.100000|1.100000|1.100000
AEG801_006_7471|13|-66.811050|202.915802|-26.540977|-1.538039|-110.898354|4.061066|1.100000|1.100000|1.100000
AEG801_006_7472|13|-57.190815|202.016830|-34.154705|3.223248|170.806900|3.153799|1.100000|1.100000|1.100000
AEG801_006_7473|13|-67.473022|201.762878|-50.844727|-0.737595|10.506398|-3.612178|1.100000|1.100000|1.100000
AEG801_006_7474|13|14.804790|193.091049|-89.872475|-1.565262|-91.131020|7.838462|1.100000|1.100000|1.100000
AEG801_006_7475|13|17.164162|192.514420|-93.381226|-8.122542|-24.911701|1.471332|1.100000|1.100000|1.100000
AEG801_006_7477|13|23.885063|195.772766|-65.197098|0.004754|-38.115803|0.005519|1.100000|1.100000|1.100000
AEG801_006_7488|13|1.093307|192.636948|-96.225258|-2.252319|61.630142|-6.367788|1.100000|1.100000|1.100000
AEG801_006_7492|13|68.513405|190.011734|-124.538338|5.975323|-69.169678|-3.927555|1.100000|1.100000|1.100000
AEG801_006_7493|13|76.688110|189.712906|-119.816994|2.488293|-69.179512|-3.501094|1.100000|1.100000|1.100000
AEG801_006_7494|13|38.982990|193.824890|-74.215012|-0.902051|-110.956139|8.091261|1.100000|1.100000|1.100000
AEG801_006_7495|13|65.698776|191.867981|-77.357391|-7.097593|-45.201801|3.680215|1.100000|1.100000|1.100000
AEG801_006_7496|13|54.269104|194.552475|-65.005455|11.028598|-168.083984|3.854058|1.100000|1.100000|1.100000
AEG801_006_7497|13|-21.159006|200.130676|-20.030634|4.418231|140.815628|-6.486506|1.100000|1.100000|1.100000
AEG801_006_7498|13|-16.335197|201.489761|-9.727750|0.005082|169.056351|-0.002980|1.100000|1.100000|1.100000
AEG801_006_7499|13|-31.191236|202.370605|-2.038527|2.985367|112.477104|-6.679050|1.100000|1.100000|1.100000
AEG801_006_7500|13|-38.973434|203.010208|3.009680|-0.635234|86.683174|-6.814707|1.100000|1.100000|1.100000
AEG801_006_7501|13|-12.586676|203.282822|7.053901|1.955074|-111.061790|5.681133|1.100000|1.100000|1.100000
AEG801_006_7502|13|-25.860531|205.643570|31.300417|-5.902236|10.758350|-0.667251|1.100000|1.100000|1.100000
AEG801_006_7503|13|7.829943|201.641495|-21.459791|-1.408049|-25.029343|5.699793|1.100000|1.100000|1.100000
AEG801_006_7504|13|4.646937|201.597977|-19.236662|3.603935|-91.469322|4.440060|1.100000|1.100000|1.100000
AEG801_006_7505|13|-9.262849|203.136154|5.573260|3.717591|134.176865|-4.224165|0.900000|0.900000|0.900000
AEG801_006_7506|13|-3.459530|205.325180|27.989006|-4.871776|-26.985401|1.944528|1.100000|1.100000|1.100000
AEG801_006_7507|13|-8.328734|205.456070|28.824337|-0.771902|-88.955109|5.088408|1.100000|1.100000|1.100000
AEG801_006_7508|13|6.529729|206.611053|44.017807|1.002563|-110.504005|4.830692|1.100000|1.100000|1.100000
AEG801_006_7509|13|15.219360|204.142563|6.891115|2.723114|170.658875|-3.236058|1.100000|1.100000|1.100000
AEG801_006_7510|13|4.085158|202.325668|-9.752928|4.736845|-113.352715|2.929441|1.100000|1.100000|1.100000
AEG801_006_7511|13|-50.525864|204.185608|13.849847|2.877942|126.331551|-4.910902|1.100000|1.100000|1.100000
AEG801_006_7512|13|-58.399487|205.695190|34.171333|1.222467|129.017273|-5.781268|1.100000|1.100000|1.100000
AEG801_006_7514|13|-36.248154|197.185379|-83.998848|-7.383900|-39.016220|-1.366204|1.100000|1.100000|1.100000
AEG801_006_7515|13|-20.610941|195.341812|-87.165489|-4.260192|-110.758278|6.009282|1.100000|1.100000|1.100000
AEG801_006_7516|13|-77.953529|203.443405|-32.118881|3.147352|170.783081|4.684691|1.100000|1.100000|1.100000
AEG801_006_7518|13|-111.369125|209.052979|14.086354|-0.793403|-24.945034|-2.044010|1.100000|1.100000|1.100000
AEG801_006_7519|13|-75.122574|205.363388|8.641151|-0.666353|-165.633759|4.937216|1.100000|1.100000|1.100000
AEG801_006_7520|13|-74.167168|205.362823|17.430920|2.336881|168.779922|5.922047|1.100000|1.100000|1.100000
AEG801_006_7521|13|-59.185097|203.572464|-4.312314|-6.330044|-110.576843|3.260404|1.100000|1.100000|1.100000
AEG801_006_7522|13|21.193439|199.315918|-43.451542|-6.041004|-41.609531|10.474998|1.100000|1.100000|1.100000
AEG801_006_7523|13|-2.919915|196.652328|-58.702305|-2.458344|-46.416134|6.846145|1.100000|1.100000|1.100000
AEG801_006_7524|13|-31.572004|199.518524|-32.062340|2.143231|168.463715|7.030996|1.100000|1.100000|1.100000
AEG801_006_7525|13|-83.425644|206.610306|30.652107|-6.151575|-69.244255|-0.535713|1.100000|1.100000|1.100000
AEG801_006_7526|13|-82.840584|206.439606|25.861942|-5.064401|-69.282227|-1.076981|1.100000|1.100000|1.100000
AEG801_006_7527|13|-90.552536|207.453949|28.751839|-7.490915|-111.105804|4.567129|1.100000|1.100000|1.100000
AEG801_006_7528|13|73.917366|210.586716|-17.301830|9.242312|-110.564949|-4.574816|1.100000|1.100000|1.100000
AEG801_006_7529|13|53.322083|207.805984|97.477959|6.241701|-91.166130|-1.331486|1.100000|1.100000|1.100000
AEG801_006_7530|13|51.039898|207.693619|93.172409|3.784034|-25.255781|4.190895|1.100000|1.100000|1.100000
AEG801_006_7531|13|105.592697|214.863266|92.450310|5.435274|-38.546822|7.431383|1.100000|1.100000|1.100000
AEG801_006_7532|13|100.973328|214.166077|95.801544|7.643665|-64.210754|4.439487|1.100000|1.100000|1.100000
AEG801_006_7533|13|41.652550|205.625351|-30.339890|-0.315233|168.875534|-8.487917|1.100000|1.100000|1.100000
AEG801_006_7534|13|77.235764|211.213181|-20.102383|-8.657374|125.245605|-5.682264|1.100000|1.100000|1.100000
AEG801_006_7535|13|108.054085|216.943665|-9.169868|-4.356249|169.710571|-10.312797|1.100000|1.100000|1.100000
AEG801_006_7536|13|-24.334412|205.763290|84.570930|-4.633428|168.832703|-1.385100|1.100000|1.100000|1.100000
AEG801_006_7537|13|97.316063|213.579926|94.000725|-0.962068|168.683853|-8.487212|1.100000|1.100000|1.100000
AEG801_006_7538|13|101.988525|214.877747|19.908636|2.505450|-161.854431|-10.112282|1.100000|1.100000|1.100000
AEG801_006_7539|13|109.971245|216.181702|30.067051|2.367371|-161.967331|-9.458127|1.100000|1.100000|1.100000
AEG801_006_7540|13|6.612019|191.060791|-106.041992|3.067848|-128.274048|7.366032|1.100000|1.100000|1.100000
AEG801_006_7541|13|-58.091732|205.247833|94.326126|-0.836126|168.710907|0.360579|1.100000|1.100000|1.100000
AEG801_006_7542|13|-59.910538|205.437820|82.521172|-0.849655|168.693741|1.209545|1.100000|1.100000|1.100000
AEG801_006_7543|13|-102.828102|207.186691|79.830078|-2.125512|-127.956154|-1.009752|1.100000|1.100000|1.100000
AEG801_006_7544|13|-69.705177|205.364151|105.237007|-1.981437|168.734894|1.483326|1.100000|1.100000|1.100000
AEG801_006_7545|13|-12.178688|208.996490|68.066666|-10.453845|129.144058|3.086536|1.100000|1.100000|1.100000
AEG801_006_7546|13|-34.035999|208.323853|61.491226|-9.988605|130.056793|7.810267|1.100000|1.100000|1.100000
AEG801_006_7547|13|-7.255085|207.478989|77.827637|-7.884522|129.999084|7.446326|1.100000|1.100000|1.100000
AEG801_006_7548|13|-80.436592|206.316971|84.372566|-3.034698|-115.845337|0.151767|1.100000|1.100000|1.100000
AEG801_006_7549|13|7.222802|205.300323|97.952271|-0.852681|-115.997620|-3.434762|1.100000|1.100000|1.100000
AEG801_006_7550|13|-11.803320|198.774231|-34.828674|6.872783|-117.269310|4.612756|1.100000|1.100000|1.100000
AEG801_006_7551|13|-52.279095|202.611069|-10.088108|-5.712296|-120.238052|4.903257|1.100000|1.100000|1.100000
AEG801_006_7552|13|-98.298874|206.217804|-21.197229|-5.015084|-63.233196|-0.504168|1.100000|1.100000|1.100000
AEG801_006_7553|13|52.516644|189.308594|-106.869514|2.847424|149.676926|-0.951268|1.100000|1.100000|1.100000
AEG801_006_7555|13|98.433578|193.523621|-112.569786|6.077447|-27.714537|-11.173374|1.100000|1.100000|1.100000
AEG801_006_7556|13|51.634521|191.220947|-88.575439|-6.869278|10.010091|-5.034330|1.100000|1.100000|1.100000
AEG801_006_7557|13|60.328243|190.514877|-89.304192|-0.469015|-111.497612|8.508257|1.100000|1.100000|1.100000
AEG801_006_7559|13|113.490845|189.328049|-78.554817|1.423685|-45.414600|-0.509368|1.100000|1.100000|1.100000
AEG801_006_7560|13|115.355934|191.383224|-54.243069|-4.610344|19.782150|-7.134830|1.100000|1.100000|1.100000
AEG801_006_7561|13|-8.582523|199.598160|-29.915773|-5.623268|-22.689142|6.512695|1.100000|1.100000|1.100000
AEG801_006_7562|13|-24.593748|202.014389|-4.450440|0.513576|92.991425|-6.952549|1.100000|1.100000|1.100000
AEG801_006_7563|13|-19.513170|205.994171|33.433109|5.838884|170.575882|-1.436323|1.100000|1.100000|1.100000
AEG801_006_7564|13|-63.186409|202.333954|-34.445549|-2.470623|3.820124|-3.187403|1.100000|1.100000|1.100000
AEG801_006_7565|13|-65.701103|202.363541|-36.534100|-2.225084|7.213839|-3.370399|1.100000|1.100000|1.100000
AEG801_006_7566|13|-97.303276|205.034927|-39.360733|-4.801396|-110.412178|3.393866|1.100000|1.100000|1.100000
AEG801_006_7568|13|-48.676384|199.214050|-71.630257|-1.254086|-130.224365|5.782220|1.100000|1.100000|1.100000
AEG801_006_7569|13|-26.161539|197.765137|-59.813328|4.653790|168.551300|5.392052|1.100000|1.100000|1.100000
AEG801_006_7570|13|-86.758858|204.889206|-23.414141|4.023392|170.626968|7.057936|1.100000|1.100000|1.100000
AEG801_006_7571|13|64.707443|189.994247|-91.033592|-6.170537|31.249929|-7.296122|1.100000|1.100000|1.100000
AEG801_006_7572|13|105.893066|195.315598|-41.343632|-17.475626|-43.235825|9.560243|1.100000|1.100000|1.100000
AEG801_006_7573|13|111.131462|191.723236|-54.375927|-2.170532|43.122055|-8.135953|1.100000|1.100000|1.100000
AEG801_006_7574|13|-15.289155|191.698669|-117.922997|-0.128020|-140.834549|10.319897|1.100000|1.100000|1.100000
AEG801_006_7575|13|-88.794678|222.475357|-104.278931|3.045746|-71.432205|8.444572|1.100000|1.100000|1.100000
AEG801_006_7576|13|-107.435791|218.685791|-126.136421|3.215052|171.745102|-4.084407|1.100000|1.100000|1.100000
AEG801_006_7577|13|-92.550293|221.491821|-108.036034|-2.900626|107.400887|-12.368391|1.100000|1.100000|1.100000
AEG801_006_7578|13|-102.707756|222.990952|-83.665710|-6.048633|48.440830|-2.027782|1.100000|1.100000|1.100000
AEG801_006_7579|13|-95.084000|223.064926|-89.259605|0.000519|171.748810|-0.004197|1.100000|1.100000|1.100000
AEG801_006_7581|13|-77.788216|206.361420|77.991325|-0.533689|168.709869|3.323652|1.100000|1.100000|1.100000
AEG801_006_7582|13|-43.253338|205.004272|116.947510|0.458005|-126.303627|-0.118707|1.100000|1.100000|1.100000
AEG801_006_7583|13|-44.349232|205.004684|120.899681|-0.043337|168.698395|-0.305171|1.100000|1.100000|1.100000
AEG801_006_7584|13|-113.776062|207.507309|76.338615|-2.449310|168.679489|0.765856|1.100000|1.100000|1.100000
AEG801_006_7585|13|-18.011986|205.118561|99.376289|-0.701520|-127.965988|-1.409835|1.100000|1.100000|1.100000
AEG801_006_7586|13|-21.988983|205.554657|88.725838|-3.860697|168.636765|-0.736642|1.100000|1.100000|1.100000
AEG801_006_7587|13|-33.033089|200.637405|-16.110596|5.429672|140.625870|-4.256571|1.100000|1.100000|1.100000
AEG801_006_7588|13|84.742271|189.277908|-103.356163|3.867362|-28.427504|6.363195|1.100000|1.100000|1.100000
AEG801_006_7589|13|-83.408768|206.878571|43.686768|-0.338130|-159.195328|4.759139|1.100000|1.100000|1.100000
AEG801_006_7590|13|-58.591095|206.530350|55.598885|-3.983060|78.709274|2.231778|1.100000|1.100000|1.100000
AEG801_006_7591|13|84.209633|211.653519|20.996948|2.684155|-166.484528|-9.638362|1.100000|1.100000|1.100000
AEG801_006_7592|13|87.071236|212.173019|13.730950|-5.089133|32.571407|9.141826|1.100000|1.100000|1.100000
AEG801_006_7593|13|87.894417|212.300934|18.043827|2.484659|-166.471024|-9.932118|1.100000|1.100000|1.100000
AEG801_006_7594|13|93.827316|213.389740|36.189575|9.530437|-90.938538|-0.168516|1.100000|1.100000|1.100000
AEG801_006_7595|13|110.930641|191.257309|-58.500252|-0.897441|50.207390|-7.479320|0.900000|0.900000|0.900000
AEG801_006_7596|13|119.597488|190.905197|-54.656498|9.053774|144.723663|3.591531|0.900000|0.900000|0.900000
AEG801_006_7597|13|104.959854|192.875961|-49.352180|9.459702|145.704147|-2.368122|0.900000|0.900000|0.900000
AEG801_006_7598|13|111.019943|192.322662|-50.051022|-7.761992|3.904255|-5.555567|1.100000|1.100000|1.100000
AEG801_006_7599|13|117.298103|217.408371|30.367493|-2.675550|169.802475|-8.824768|1.100000|1.100000|1.100000
AEG801_006_7600|13|113.621956|216.751205|33.706589|-9.103104|81.157898|2.208637|1.100000|1.100000|1.100000
AEG801_006_7601|13|52.896843|206.929398|5.876103|6.358961|-115.781799|-1.777617|1.100000|1.100000|1.100000
AEG801_006_7602|13|55.496063|207.209198|0.404778|-1.497244|168.520264|-7.382505|1.100000|1.100000|1.100000
AEG801_006_7603|13|54.742439|207.214325|9.028080|4.698597|-146.267059|-4.817491|1.100000|1.100000|1.100000
AEG801_006_7604|13|58.196220|208.636230|77.524048|5.143106|-90.082794|-0.478878|1.100000|1.100000|1.100000
AEG801_006_7605|13|54.458351|208.278442|79.795715|-0.177093|9.913631|4.936942|1.100000|1.100000|1.100000
AEG801_006_7606|13|20.469439|206.870712|52.532402|0.361262|-110.491982|3.824523|1.100000|1.100000|1.100000
AEG801_006_7607|13|-1.664761|203.017883|2.476084|1.589740|134.207352|-4.880319|0.900000|0.900000|0.900000
AEG801_011_7016|13|-13.823223|194.315033|-90.033386|-0.000000|57.291267|-0.000000|1.000000|1.000000|1.000000
AEG801_011_7024|13|1.636896|191.172302|-106.478058|-0.000000|56.221615|-0.000000|1.000000|1.000000|1.000000
AEG801_011_7025|13|7.617277|189.969620|-123.002052|0.000000|56.283714|-0.000000|1.000000|1.000000|1.000000
AEG801_011_7029|13|19.658440|190.523773|-105.592186|-0.000000|56.110523|-0.000000|1.000000|1.000000|1.000000
AEG801_011_7030|13|63.288704|193.120697|-69.329674|-0.000000|84.447395|-0.000000|1.000000|1.000000|1.000000
AEG801_011_7031|13|-24.626257|199.676254|-22.979864|-0.000000|60.363735|-0.000000|1.000000|1.000000|1.000000
AEG801_011_7032|13|-24.661293|198.471939|-44.107742|0.000000|60.797127|-0.000000|1.000000|1.000000|1.000000
AEG801_011_7033|13|-93.010956|207.767532|35.933228|0.000000|60.890728|0.000000|1.000000|1.000000|1.000000
AEG801_011_7034|13|66.899788|209.364563|-19.448441|-8.253314|62.041046|5.789651|1.000000|1.000000|1.000000
AEG801_011_7035|13|-24.480234|205.656631|85.919189|0.000109|60.764668|0.004836|1.000000|1.000000|1.000000
AEG801_011_7036|13|100.586235|214.720718|13.296492|-0.000000|89.841118|-0.000000|1.000000|1.000000|1.000000
AEG801_011_7038|13|7.270443|205.292175|98.113037|-0.002641|136.175415|0.001503|1.000000|1.000000|1.000000
AEG801_011_7039|13|-63.912064|202.306580|-35.838413|0.000000|-104.890358|-0.000000|1.000000|1.000000|1.000000
AEG801_011_7040|13|52.143921|189.394989|-105.028358|0.000000|84.456955|-0.000000|1.000000|1.000000|1.000000
AEG801_011_7041|13|114.230690|191.733582|-52.244858|0.004344|84.763351|-0.007637|1.000000|1.000000|1.000000
AEG801_011_7042|13|-8.793823|199.444565|-31.234371|-0.000000|60.208397|-0.000000|1.000000|1.000000|1.000000
AEG801_011_7043|13|-47.207539|200.343201|-50.496052|0.000000|60.906517|-0.000000|1.000000|1.000000|1.000000
AEG801_011_7044|13|-28.476082|197.348755|-67.783813|-0.000000|61.088364|-0.000000|1.000000|1.000000|1.000000
AEG801_011_7046|13|-102.707756|222.990952|-83.665710|-0.000000|60.152390|-0.000000|1.000000|1.000000|1.000000
AEG801_011_7047|13|-69.063934|205.347931|105.467354|0.000000|60.696968|0.000000|1.000000|1.000000|1.000000
AEG801_011_7048|13|-43.788166|205.028809|116.811577|-0.000000|60.704838|0.000000|1.000000|1.000000|1.000000
AEG801_011_7049|13|-75.136284|205.400131|14.521971|0.000000|-29.664223|0.000000|1.000000|1.000000|1.000000
AEG801_011_7050|13|-57.162674|206.592468|57.014282|0.000000|-118.898544|0.000000|1.000000|1.000000|1.000000
AEG801_011_7051|13|-88.683846|207.190674|29.448242|0.000000|61.622513|0.000000|1.000000|1.000000|1.000000
AEG801_011_7052|13|-76.281570|205.798706|24.044436|0.000000|-29.547255|0.000000|1.000000|1.000000|1.000000
AEG801_011_7053|13|88.362396|212.406006|14.398195|-0.010480|84.576630|0.001421|1.000000|1.000000|1.000000
AEG801_011_7054|13|54.109669|207.064728|5.314422|-0.006828|84.541985|-0.000266|1.000000|1.000000|1.000000
AEG801_015_7009|13|22.155767|191.546600|-98.630119|0.000001|130.791580|0.000005|1.000002|1.000002|1.000002
AEG801_015_7039|13|0.993340|195.498306|-68.936768|-0.000002|-157.836975|-0.000006|1.000002|1.000002|1.000002
AEG801_015_7062|13|6.364031|197.901855|-50.434612|0.000000|171.876541|-0.000002|1.000002|1.000002|1.000002
AEG801_015_7066|13|-15.678246|194.925140|-84.965050|0.000010|-114.229523|0.000017|1.000003|1.000002|1.000002
AEG801_015_7070|13|49.139065|189.090088|-110.816872|-0.000005|72.596848|-0.000012|1.000002|1.000002|1.000002
AEG801_015_7074|13|-53.332268|198.339096|-97.166992|0.000001|-11.109200|-0.000001|1.000002|1.000002|1.000002
AEG801_015_7075|13|-21.404173|192.182632|-121.083374|0.000000|-12.105973|-0.000002|1.000002|1.000002|1.000002
AEG801_015_7082|13|41.541344|189.065720|-113.449112|0.000011|-116.685516|0.000016|1.000002|1.000002|1.000002
AEG801_015_7083|13|68.481743|189.249405|-106.635986|0.000700|110.494560|-0.000195|1.000002|1.000002|1.000002
AEG801_015_7086|13|103.544067|193.204529|-112.261520|0.012895|-1.009215|-0.002211|1.000002|1.000002|1.000002
AEG801_015_7087|13|-49.390392|199.030930|-75.163361|-0.000001|-170.510696|-0.000004|1.000002|1.000002|1.000002
AEG801_015_7088|13|84.455177|190.382538|-80.725021|5.599771|-175.815018|3.101531|1.000002|1.000002|1.000001
AEG801_015_7089|13|26.082184|188.901688|-123.782448|-0.000001|-0.698136|-0.000003|1.000002|1.000002|1.000002
AEG801_015_7090|13|40.170166|205.407455|-30.205935|0.000441|121.656464|0.008446|1.000002|1.000002|1.000002
AEG801_015_7091|13|-0.941368|191.363297|-105.881409|0.000003|131.064514|0.000005|1.000002|1.000002|1.000002
AEG801_015_7094|13|-23.177317|199.495331|-24.704739|-0.000000|-10.863288|-0.000002|1.000003|1.000002|1.000002
AEG801_015_7095|13|-66.232315|202.436966|-35.481796|-0.000001|-170.704224|-0.000003|1.000002|1.000002|1.000002
AEG801_016_7052|13|1.621613|195.460938|-66.000175|-0.000000|25.717848|-0.000000|1.000000|1.000000|1.000000
AEG801_016_7064|13|42.695526|190.779221|-94.942413|-0.000000|-54.756573|-0.000000|1.000000|1.000000|1.000000
AEG801_016_7070|13|-23.029303|194.328842|-103.011154|-0.000000|28.449781|-0.000000|1.000000|1.000000|1.000000
AEG801_016_7071|13|-2.550785|192.913742|-93.535736|-0.000000|152.796875|-0.000000|1.000000|1.000000|1.000000
AEG801_016_7085|13|71.419960|189.268448|-102.906258|0.001557|169.329727|0.000683|1.000000|1.000000|1.000000
AEG801_016_7087|13|22.351063|195.786499|-65.581230|-0.000000|122.694786|-0.000000|1.000000|1.000000|1.000000
AEG801_016_7094|13|39.257984|189.190674|-112.792473|0.000000|71.735542|-0.000000|1.000000|1.000000|1.000000
AEG801_016_7097|13|65.183144|189.531311|-121.569695|-0.000000|-18.200068|-0.000000|1.000000|1.000000|1.000000
AEG801_016_7106|13|-14.815012|192.085022|-114.041954|-0.000000|152.129272|-0.000000|1.000000|1.000000|1.000000
AEG801_016_7107|13|-62.448448|198.795456|-114.834564|0.022649|139.954437|0.000929|1.000000|1.000000|1.000000
AEG801_016_7112|13|23.301695|189.883942|-114.260612|0.000000|-43.240894|-0.000000|1.000000|1.000000|1.000000
AEG801_016_7115|13|9.125450|189.952393|-120.903061|-0.000000|-69.594673|0.000000|1.000000|1.000000|1.000000
AEG801_016_7124|13|86.769081|190.921371|-116.140831|-0.011461|100.875824|0.002486|1.000000|1.000000|1.000000
AEG801_016_7125|13|68.418617|189.304199|-114.404068|-0.000000|169.545532|-0.000000|1.000000|1.000000|1.000000
AEG801_016_7127|13|-51.127254|199.564484|-69.155075|-0.000000|-108.489830|0.000000|1.000000|1.000000|1.000000
AEG801_016_7128|13|-40.561966|198.662109|-68.821266|-0.000000|97.605209|-0.000000|1.000000|1.000000|1.000000
AEG801_016_7130|13|-58.604191|196.596298|-122.187218|0.000000|-150.317169|0.000000|1.000000|1.000000|1.000000
AEG801_016_7132|13|112.708809|191.298645|-105.007729|0.020900|89.669876|0.006011|1.000000|1.000000|1.000000
AEG801_016_7135|13|-79.958984|202.890396|-60.759789|-0.000000|2.384173|-0.000000|1.000000|1.000000|1.000000
AEG801_016_7136|13|-41.696751|200.714981|-35.496277|-0.000000|80.758301|-0.000000|1.000000|1.000000|1.000000
AEG801_016_7137|13|-46.921909|201.910034|-18.057707|-0.000000|9.908065|-0.000000|1.000000|1.000000|1.000000
AEG801_016_7138|13|59.461346|193.758270|-67.941780|0.000000|104.388351|-0.000000|1.000000|1.000000|1.000000
AEG801_016_7139|13|-11.977327|201.858063|-7.190513|-0.000000|80.301689|-0.000000|1.000000|1.000000|1.000000
AEG801_016_7140|13|-41.167595|203.586288|7.801042|-0.000000|-2.026200|0.000000|1.000000|1.000000|1.000000
AEG801_016_7141|13|-16.572027|200.113876|-22.041338|0.000000|153.101318|-0.000000|1.000000|1.000000|1.000000
AEG801_016_7142|13|13.830078|204.224365|9.379397|-0.000000|123.895508|-0.000000|1.000000|1.000000|1.000000
AEG801_016_7143|13|-47.121891|204.473587|16.126394|-0.000000|123.478264|-0.000000|1.000000|1.000000|1.000000
AEG801_016_7144|13|-61.646938|205.587479|35.171253|-0.000000|82.129784|-0.000000|1.000000|1.000000|1.000000
AEG801_016_7145|13|-76.664963|203.329956|-31.814236|0.000000|122.880814|0.000000|1.000000|1.000000|1.000000
AEG801_016_7146|13|-74.516319|205.425262|18.316494|-0.000000|80.630981|-0.000000|1.000000|1.000000|1.000000
AEG801_016_7147|13|98.439514|213.736893|92.238251|-0.000000|-151.771088|-0.000000|1.000000|1.000000|1.000000
AEG801_016_7148|13|-15.379356|208.562317|68.323502|-0.000000|82.108139|-0.000000|1.000000|1.000000|1.000000
AEG801_016_7149|13|-107.587402|206.199570|-51.176506|0.004071|2.967526|-0.008226|1.000000|1.000000|1.000000
AEG801_016_7150|13|-28.549683|201.807632|-5.196046|-0.000000|46.245495|-0.000000|1.000000|1.000000|1.000000
AEG801_016_7151|13|-20.386637|205.968491|33.329102|0.000000|124.270515|-0.000000|1.000000|1.000000|1.000000
AEG801_016_7152|13|-62.447144|202.355698|-33.160156|-0.000000|-108.429337|-0.000000|1.000000|1.000000|1.000000
AEG801_016_7153|13|-85.070641|204.696701|-22.255962|0.000000|122.765656|0.000000|1.000000|1.000000|1.000000
AEG801_016_7154|13|-88.705116|207.414917|1.520008|0.011475|79.035461|0.005246|1.000000|1.000000|1.000000
AEG801_016_7155|13|-97.189980|204.986359|-41.367569|0.000000|122.809181|0.000000|1.000000|1.000000|1.000000
AEG801_016_7156|13|36.270878|197.458420|-53.871552|-0.000000|126.599281|-0.000000|1.000000|1.000000|1.000000
AEG801_016_7157|13|-107.155510|218.680862|-126.756836|-0.000939|123.182930|-0.005263|1.000000|1.000000|1.000000
AEG801_016_7159|13|-91.912735|221.387207|-108.834908|-0.000000|-109.498055|-0.000000|1.000000|1.000000|1.000000
AEG801_016_7160|13|-95.557114|223.031006|-89.116577|-0.000000|123.043427|-0.000000|1.000000|1.000000|1.000000
AEG801_016_7161|13|127.115906|190.545959|-106.186768|-0.002580|91.529182|0.005136|1.000000|1.000000|1.000000
AEG801_016_7162|13|-84.971489|206.930038|43.930153|0.000000|-101.019478|0.000000|1.000000|1.000000|1.000000
AEG801_016_7163|13|43.366638|205.905258|-26.023476|-0.043729|46.341919|0.006093|1.000000|1.000000|1.000000
AEG801_016_7164|13|87.417816|212.215347|17.540035|-0.009935|104.181343|-0.002472|1.000000|1.000000|1.000000
AEG801_250_7003|13|8.418716|197.813217|-51.226158|-0.000000|-29.526279|-0.000000|1.000000|1.000000|1.000000
AEG801_250_7024|13|-16.878090|192.348068|-114.481140|0.000000|125.347603|-0.000000|1.000000|1.000000|1.000000
AEG801_250_7027|13|-44.658779|195.411942|-116.317467|-0.000000|-17.896070|-0.000000|0.600000|0.600000|0.600000
AEG801_250_7028|13|-45.817528|195.954376|-114.631767|0.000000|168.229080|0.000000|1.000000|1.000000|1.000000
AEG801_250_7036|13|-61.266968|199.380142|-114.681519|0.008251|30.182013|0.032211|1.000000|1.000000|1.000000
AEG801_250_7045|13|45.892960|190.631256|-94.718750|0.000000|-168.764786|0.000000|0.650000|0.650000|0.650000
AEG801_250_7047|13|10.516042|195.503906|-70.461304|0.000000|167.470032|-0.000000|1.000000|1.000000|1.000000
AEG801_250_7048|13|12.153281|195.394272|-71.161308|-0.000000|-17.715929|-0.000000|0.600000|0.600000|0.600000
AEG801_250_7060|13|67.611275|189.305923|-104.114441|-0.000000|-19.862204|-0.000000|0.900000|0.900000|0.900000
AEG801_250_7062|13|85.827873|190.767456|-116.396545|0.011065|-43.240475|0.003169|0.800000|0.800000|0.800000
AEG801_250_7065|13|103.915390|192.689743|-108.914101|0.005819|69.205193|0.004808|0.550000|0.550000|0.550000
AEG801_250_7066|13|98.433578|193.523621|-112.569786|-0.003595|138.473862|0.014016|0.650000|0.650000|0.650000
AEG801_250_7070|13|-42.441769|198.782959|-69.670174|-0.000000|-19.425049|-0.000000|0.600000|0.600000|0.600000
AEG801_250_7074|13|-62.438034|196.965195|-123.721123|-0.000000|160.269592|-0.000000|0.700000|0.700000|0.700000
AEG801_250_7077|13|113.705826|191.320892|-105.739120|0.007841|-17.619232|-0.007578|0.850000|0.850000|0.850000
AEG801_250_7078|13|85.120094|190.318069|-81.838509|0.600620|70.690353|-6.370866|1.000000|1.000000|1.000000
AEG801_250_7079|13|88.047783|190.020660|-82.929199|4.217342|138.632736|-3.718116|0.600000|0.600000|0.600000
AEG801_250_7092|13|43.549072|190.500504|-96.491982|-0.000000|-26.730633|-0.000000|1.000000|1.000000|1.000000
AEG801_250_7093|13|-77.377586|202.599152|-60.143456|-0.000000|-23.095055|-0.000000|0.800000|0.800000|0.800000
AEG801_250_7094|13|-79.647644|202.821228|-64.069786|0.000000|40.923573|-0.000000|0.600000|0.600000|0.600000
AEG801_250_7096|13|-67.721786|201.234650|-66.729851|-0.000000|2.238007|-0.000000|0.900000|0.900000|0.900000
AEG801_250_7097|13|-66.351181|200.995850|-70.667236|-0.003488|-7.487434|-0.006829|0.550000|0.550000|0.550000
AEG801_250_7098|13|-101.430138|206.211838|-59.980762|-0.000000|146.145203|-0.000000|1.000000|1.000000|1.000000
AEG801_250_7099|13|-99.839867|205.956635|-59.948425|-0.000000|66.817390|-0.000000|0.600000|0.600000|0.600000
AEG801_250_7100|13|-45.464207|200.990234|-37.600861|-0.000000|118.752815|-0.000000|0.600000|0.600000|0.600000
AEG801_250_7101|13|-40.375645|200.465363|-38.208366|-0.000000|55.377045|-0.000000|1.000000|1.000000|1.000000
AEG801_250_7102|13|-45.552170|201.481262|-17.783182|-0.000000|-15.761909|-0.000000|1.000000|1.000000|1.000000
AEG801_250_7103|13|-47.036034|201.853622|-21.759054|-0.000000|48.262009|-0.000000|0.600000|0.600000|0.600000
AEG801_250_7105|13|-68.621292|203.007050|-26.532108|-0.000000|-62.284409|-0.000000|0.900000|0.900000|0.900000
AEG801_250_7106|13|-66.818565|202.748367|-29.473202|-0.000000|-40.176674|-0.000000|0.550000|0.550000|0.550000
AEG801_250_7107|13|-57.019363|201.965668|-35.044559|-0.000000|74.567711|-0.000000|0.700000|0.700000|0.700000
AEG801_250_7108|13|-67.599319|201.730270|-52.348995|-0.003663|-44.529556|-0.002054|0.600000|0.600000|0.600000
AEG801_250_7110|13|-67.011444|201.786865|-49.300907|0.001612|59.228321|-0.003943|0.900000|0.900000|0.900000
AEG801_250_7111|13|14.882339|193.116684|-89.669830|-0.000000|146.281143|-0.000000|1.000000|1.000000|1.000000
AEG801_250_7112|13|17.819845|192.476181|-93.459846|-0.000000|-39.244003|-0.000000|0.600000|0.600000|0.600000
AEG801_250_7132|13|65.058922|189.531311|-122.200439|-0.000000|-19.670422|0.000000|0.900000|0.900000|0.900000
AEG801_250_7136|13|54.139416|194.571518|-64.922432|0.000000|142.824692|-0.000000|0.600000|0.600000|0.600000
AEG801_250_7137|13|59.943665|193.220673|-70.139740|-0.000000|78.442406|-0.000000|1.000000|1.000000|1.000000
AEG801_250_7138|13|-16.326208|201.488785|-9.742270|0.000000|118.776253|-0.000000|0.600000|0.600000|0.600000
AEG801_250_7139|13|-10.441270|201.691910|-10.119009|-0.000000|54.992561|-0.000000|1.000000|1.000000|1.000000
AEG801_250_7140|13|-38.957851|203.011307|3.017553|-0.000000|36.250244|-0.000000|0.600000|0.600000|0.600000
AEG801_250_7141|13|-37.933830|203.719757|9.069995|-0.000000|-27.214041|-0.000000|1.000000|1.000000|1.000000
AEG801_250_7142|13|55.004730|208.338181|78.496292|0.002759|-138.919281|-0.004063|1.000000|1.000000|1.000000
AEG801_250_7143|13|-13.441696|203.297058|7.150894|-0.000000|-62.200497|0.000000|0.900000|0.900000|0.900000
AEG801_250_7144|13|-11.886846|203.176636|6.044491|-0.004563|-39.712933|0.003770|0.550000|0.550000|0.550000
AEG801_250_7145|13|-27.630888|205.733841|32.148811|-0.000000|50.065399|-0.000000|0.550000|0.550000|0.550000
AEG801_250_7146|13|-23.699287|205.882019|33.169861|-0.000000|59.101109|-0.000000|0.900000|0.900000|0.900000
AEG801_250_7147|13|53.444519|208.182281|80.293854|0.003388|-35.561356|0.003497|0.700000|0.700000|0.700000
AEG801_250_7149|13|8.613853|201.690033|-21.649067|0.000000|-39.556671|0.000000|0.600000|0.600000|0.600000
AEG801_250_7151|13|4.804282|206.668884|44.457947|-0.003376|-61.544582|0.004180|0.900000|0.900000|0.900000
AEG801_250_7152|13|6.981069|206.556747|43.489254|-0.004252|-39.973278|0.002568|0.550000|0.550000|0.550000
AEG801_250_7153|13|15.481258|204.115738|6.213132|-0.000000|74.447777|-0.000000|0.700000|0.700000|0.700000
AEG801_250_7154|13|5.195535|202.348404|-10.264893|-0.000000|-74.084457|-0.000000|0.550000|0.550000|0.550000
AEG801_250_7155|13|-4.727294|205.390121|28.616447|-0.000000|-41.623505|0.000000|0.600000|0.600000|0.600000
AEG801_250_7156|13|-8.117305|205.397934|28.184929|0.000000|146.193665|-0.000000|1.000000|1.000000|1.000000
AEG801_250_7157|13|2.340149|202.154800|-10.646852|-0.000000|-65.194359|0.000000|0.900000|0.900000|0.900000
AEG801_250_7158|13|-8.469934|199.871368|-28.249031|-0.000000|-170.499176|-0.000000|0.600000|0.600000|0.600000
AEG801_250_7159|13|-57.614567|205.699387|33.832863|-0.000000|32.850311|-0.000000|0.700000|0.700000|0.700000
AEG801_250_7163|13|-78.794098|203.504044|-32.670158|0.000000|74.694542|-0.000000|0.700000|0.700000|0.700000
AEG801_250_7164|13|-111.414055|209.054947|13.050042|0.000000|146.076324|0.000000|1.000000|1.000000|1.000000
AEG801_250_7165|13|-112.103264|209.075668|14.764068|0.000000|13.713271|-0.000002|0.600000|0.600000|0.600000
AEG801_250_7166|13|-73.687843|205.286957|16.431255|0.000000|118.588120|0.000000|0.600000|0.600000|0.600000
AEG801_250_7167|13|-74.368820|205.296539|8.511994|-0.000000|55.262104|-0.000000|1.000000|1.000000|1.000000
AEG801_250_7168|13|-57.840271|203.411728|-3.187444|-0.000000|-138.938705|-0.000000|0.600000|0.600000|0.600000
AEG801_250_7169|13|27.393715|203.651871|-29.898783|0.004754|-40.366299|0.004098|0.550000|0.550000|0.550000
AEG801_250_7170|13|-61.412743|203.837524|-4.559118|-0.000000|-61.815048|-0.000000|0.900000|0.900000|0.900000
AEG801_250_7171|13|7.126305|199.694275|-36.176434|0.000000|-143.145966|0.000000|0.600000|0.600000|0.600000
AEG801_250_7172|13|-3.926418|196.943222|-59.394077|-0.000000|-39.249359|0.000000|0.550000|0.550000|0.550000
AEG801_250_7173|13|-2.510224|196.888580|-56.963001|-0.000000|-38.297592|0.000000|0.900000|0.900000|0.900000
AEG801_250_7174|13|-91.531075|207.639664|29.249008|-0.000000|-138.434906|-0.000000|0.800000|0.800000|0.800000
AEG801_250_7175|13|78.305458|211.412979|-21.621304|0.007103|-41.556961|0.007622|0.550000|0.550000|0.550000
AEG801_250_7176|13|74.262939|210.632492|-16.493565|0.006065|-137.986725|-0.008363|0.600000|0.600000|0.600000
AEG801_250_7177|13|73.820724|210.572571|-17.529709|0.009562|-62.981606|0.003852|0.900000|0.900000|0.900000
AEG801_250_7178|13|50.687561|207.656967|93.290421|-0.000000|145.701019|-0.000000|0.900000|0.900000|0.900000
AEG801_250_7179|13|53.586048|207.828049|97.827011|-0.000000|-39.784752|-0.000000|0.600000|0.600000|0.600000
AEG801_250_7180|13|101.308327|214.245148|98.134323|-0.000000|-177.511673|-0.000000|1.000000|1.000000|1.000000
AEG801_250_7181|13|101.414734|214.214355|94.218147|-0.000000|-113.882446|-0.000000|0.600000|0.600000|0.600000
AEG801_250_7182|13|-11.400505|209.103348|67.962296|-0.000000|32.055584|-0.000000|0.700000|0.700000|0.700000
AEG801_250_7183|13|-109.696709|206.585831|-51.621098|0.009453|41.784832|-0.004982|0.600000|0.600000|0.600000
AEG801_250_7184|13|-84.904907|203.500687|-66.687927|-0.000000|-23.431751|-0.000000|1.000000|1.000000|1.000000
AEG801_250_7185|13|126.018562|191.025604|-106.575294|0.005765|-33.072369|-0.001064|0.600000|0.600000|0.600000
AEG801_250_7186|13|101.724815|193.328400|-111.752457|-0.004028|-46.552513|0.012158|0.900000|0.900000|0.900000
AEG801_250_7187|13|53.272091|191.643066|-84.328598|-0.000000|59.052006|-0.000000|0.900000|0.900000|0.900000
AEG801_250_7188|13|52.548698|191.145035|-88.672478|-0.000000|-44.123013|0.000000|0.600000|0.600000|0.600000
AEG801_250_7189|13|41.652550|205.625351|-30.339890|-0.000000|50.103672|-0.000000|0.900000|0.900000|0.900000
AEG801_250_7190|13|59.414913|190.579590|-89.258911|-0.000000|-139.296951|0.000000|0.600000|0.600000|0.600000
AEG801_250_7191|13|-18.582520|205.885727|32.337883|-0.000000|73.066833|-0.000000|0.700000|0.700000|0.700000
AEG801_250_7192|13|-96.540131|204.983337|-38.350922|-0.000000|-138.923889|-0.000000|0.600000|0.600000|0.600000
AEG801_250_7193|13|-98.987282|205.194778|-39.820282|-0.000000|-61.740150|-0.000000|0.900000|0.900000|0.900000
AEG801_250_7195|13|-28.471376|197.462830|-68.535835|-0.000000|-19.633337|-0.000000|0.600000|0.600000|0.600000
AEG801_250_7196|13|-65.353256|204.196976|-6.236454|0.000000|74.652550|-0.000000|0.750000|0.750000|0.750000
AEG801_250_7197|13|-90.513298|207.503448|1.488223|-0.000000|118.115852|-0.000000|0.600000|0.600000|0.600000
AEG801_250_7198|13|-111.352188|207.585861|-19.154127|-0.006429|-51.997551|-0.002259|0.700000|0.700000|0.700000
AEG801_250_7199|13|36.258068|198.047806|-51.657074|-0.000000|-19.098301|0.000000|0.550000|0.550000|0.550000
AEG801_250_7200|13|104.501076|195.585831|-41.218834|-0.020625|-21.244190|-0.002333|0.600000|0.600000|0.600000
AEG801_250_7201|13|-88.441925|222.340973|-105.775772|0.000000|-139.185974|0.000000|0.700000|0.700000|0.700000
AEG801_250_7202|13|-90.496307|222.113068|-105.550270|-0.000000|-62.635643|0.000000|1.000000|1.000000|1.000000
AEG801_250_7203|13|21.781799|206.777466|51.347519|-0.002959|-40.711662|0.001858|0.800000|0.800000|0.800000
AEG801_250_7204|13|-105.929832|218.803009|-125.705864|-0.000000|73.957886|-0.000000|0.650000|0.650000|0.650000
AEG801_250_7205|13|-93.211426|223.207031|-89.882660|-0.000000|74.044807|-0.000000|0.550000|0.550000|0.550000
AEG801_250_7206|13|106.445290|189.344238|-96.387451|-0.001613|133.180695|-0.000174|0.700000|0.700000|0.700000
AEG801_250_7207|13|82.653374|191.681808|-70.427124|6.554440|138.485168|-1.249598|0.600000|0.600000|0.600000
AEG801_250_7208|13|118.561821|190.645569|-103.702652|-0.000207|85.204910|0.008087|0.500000|0.500000|0.500000
AEG801_250_7209|13|-82.476074|206.469131|29.294193|0.000000|131.597076|0.000000|0.600000|0.600000|0.600000
AEG801_250_7210|13|86.964577|212.144882|14.796020|-0.010149|78.645096|0.002486|1.000000|1.000000|1.000000
AEG801_250_7211|13|84.849335|211.763596|20.588629|-0.005782|142.413086|-0.008174|0.600000|0.600000|0.600000
AEG801_253_7015|13|-26.307716|193.333832|-116.952690|-0.000000|-31.566666|-0.000000|1.000000|1.000000|1.000000
AEG801_253_7016|13|-42.131111|195.015945|-118.638626|-0.000000|13.037658|-0.000000|1.000000|1.000000|1.000000
AEG801_253_7020|13|-9.370636|190.554031|-127.614029|-0.000000|-66.362846|-0.000000|1.250000|1.250000|1.250000
AEG801_253_7026|13|-0.395504|192.912613|-93.691055|-0.000000|-27.407681|-0.000000|1.250000|1.250000|1.250000
AEG801_253_7030|13|-57.310276|195.926605|-126.731911|-0.000000|42.509327|-0.000000|1.000000|1.000000|1.000000
AEG801_253_7032|13|17.965862|190.928162|-104.372887|-0.000000|63.701611|-0.000000|1.000000|1.000000|1.000000
AEG801_253_7033|13|-67.309952|201.317047|-64.879448|-0.000000|4.734179|-0.000000|1.000000|1.000000|1.000000
AEG801_253_7034|13|15.329297|192.710846|-92.490189|-0.000000|63.583412|-0.000000|1.000000|1.000000|1.000000
AEG801_253_7037|13|-14.859121|200.197174|-22.362541|-0.004984|61.218037|0.007431|1.250000|1.250000|1.250000
AEG801_253_7038|13|5.059372|201.544449|-19.808905|-0.000000|69.778610|0.000000|1.000000|1.000000|1.000000
AEG801_253_7039|13|-10.905274|204.812744|22.063112|-0.000000|-27.136465|-0.000000|1.250000|1.250000|1.250000
AEG801_253_7040|13|-49.631973|204.171219|13.576609|-0.000000|113.757217|-0.000000|1.100000|1.100000|1.100000
AEG801_253_7041|13|-88.611458|207.162842|26.714977|0.000000|-27.816179|0.000000|1.000000|1.000000|1.000000
AEG801_253_7042|13|61.455444|190.357880|-90.020996|-0.000000|-27.585520|0.000000|0.850000|0.850000|0.850000
AEG801_253_7043|13|-25.018921|202.097656|-3.828858|0.000000|-152.429977|0.000000|1.100000|1.100000|1.100000
AEG801_253_7044|13|-45.024605|200.304504|-48.298409|-0.000000|86.180138|-0.000000|0.850000|0.850000|0.850000
AEG801_253_7045|13|-31.630819|197.779129|-68.726715|-0.000000|-108.238914|0.000000|0.850000|0.850000|0.850000
AEG801_253_7046|13|-65.304581|204.104828|-8.004271|0.004617|95.672745|-0.002711|1.000000|1.000000|1.000000
AEG801_253_7047|13|-80.097260|203.978790|-24.551075|-0.000000|-108.800575|-0.000000|1.200000|1.200000|1.200000
AEG801_253_7048|13|-110.199356|207.269760|-19.429382|-0.006017|63.648087|-0.002044|1.000000|1.000000|1.000000
AEG801_253_7049|13|105.893066|195.444931|-41.343632|0.007896|92.005394|-0.017759|0.800000|0.800000|0.800000
AEG801_253_7050|13|12.803677|196.698792|-61.618084|-0.000000|-156.104401|-0.000000|1.100000|1.100000|1.100000
AEG801_253_7052|13|-87.385826|223.207336|-99.241737|-0.000000|-0.048993|0.000000|1.200000|1.200000|1.200000
AEG801_253_7053|13|-104.138878|218.961868|-131.234283|-0.008283|43.597713|0.005710|0.850000|0.850000|0.850000
AEG801_253_7054|13|102.395363|189.373352|-81.422119|-0.000362|59.157402|-0.002332|1.000000|1.000000|1.000000
AEG801_253_7055|13|84.311836|189.355072|-102.434593|0.015709|-17.250252|0.012021|0.650000|0.650000|0.650000
AEG801_253_7056|13|82.260559|191.681808|-69.746231|-6.377756|59.361542|3.788897|0.800000|0.800000|0.800000
AEG801_253_7057|13|120.426506|190.907822|-104.577690|0.001912|-95.729729|-0.008051|0.800000|0.800000|0.800000
AEG801_253_7058|13|-84.750946|206.790298|31.699705|0.000000|-116.284233|0.000000|0.800000|0.800000|0.800000
AEG801_253_7059|13|-84.309013|206.977264|44.885860|0.000000|-116.988892|0.000000|0.500000|0.500000|0.500000
AEG801_253_7060|13|93.960144|213.411957|36.470215|-0.008951|-152.951355|0.003278|1.000000|1.000000|1.000000
AEG801_253_7061|13|107.039421|189.328613|-95.199821|-0.000325|172.478378|-0.000917|0.800000|0.800000|0.800000
AEG801_253_7062|13|21.231556|203.239395|-15.159974|-0.006090|130.138153|-0.001494|1.000000|1.000000|1.000000
AEG801_253_7063|13|97.459175|193.579575|-111.938187|-0.013619|53.169674|0.005792|0.800000|0.800000|0.800000
AEG801_253_7065|13|117.733406|217.929214|14.162069|-0.009221|129.741653|-0.004928|1.000000|1.000000|1.000000
AEG801_253_7066|13|59.064602|208.714798|77.577446|-0.004365|61.329288|0.002923|1.250000|1.250000|1.250000
AEG801_253_7067|13|19.758656|206.797729|51.338726|-0.003759|-114.080841|0.000847|1.250000|1.250000|1.250000
AEG801_253_7068|13|-1.690042|203.000137|2.270546|0.005136|-14.435122|0.000109|0.900000|0.900000|0.900000
AEG801_254_7067|13|2.241838|191.499222|-104.184082|-0.000000|-17.711390|-0.000000|1.000000|1.000000|1.000000
AEG801_254_7070|13|-32.687199|194.938492|-108.942261|-0.000000|3.028523|-0.000000|1.000000|1.000000|1.000000
AEG801_254_7072|13|-22.552969|200.062119|-20.183699|-0.000000|-12.100287|-0.000000|1.000000|1.000000|1.000000
AEG801_254_7073|13|-20.955383|192.397354|-118.932541|-0.000000|-17.800211|-0.000000|1.000000|1.000000|1.000000
AEG801_255_7012|13|34.406822|191.972565|-90.739639|-0.000000|137.422119|-0.000000|1.000000|1.000000|1.000000
AEG801_255_7013|13|2.367009|200.558701|-28.514328|-0.000000|31.873211|-0.000000|1.000000|1.000000|1.000000
AEG801_255_7021|13|56.559196|188.975098|-125.159996|-0.000000|81.270485|-0.000000|1.000000|1.000000|1.000000
AEG801_255_7026|13|-39.862183|193.571701|-127.204437|-0.000000|112.797546|-0.000000|1.000000|1.000000|1.000000
AEG801_255_7030|13|-16.822216|193.836365|-99.720352|-0.000000|-40.830803|-0.000000|1.000000|1.000000|1.000000
AEG801_255_7032|13|55.155369|189.381729|-104.581383|-0.000000|132.776520|-0.000000|1.000000|1.000000|1.000000
AEG801_255_7033|13|44.024483|188.868134|-115.604309|-0.000000|81.293686|-0.000000|1.000000|1.000000|1.000000
AEG801_255_7034|13|-69.905609|199.272125|-119.468773|-0.000000|-2.342799|-0.000000|1.000000|1.000000|1.000000
AEG801_255_7036|13|3.056647|195.988586|-65.842972|-0.000000|31.592470|-0.000000|1.000000|1.000000|1.000000
AEG801_255_7037|13|3.781318|193.702957|-86.233597|-0.000000|26.338057|-0.000000|1.000000|1.000000|1.000000
AEG801_255_7042|13|-46.909824|201.552505|-27.706301|-0.000000|-41.002823|-0.000000|1.000000|1.000000|1.000000
AEG801_255_7043|13|-78.163773|205.825562|18.379091|-0.000000|-100.700851|-0.000000|1.000000|1.000000|1.000000
AEG801_255_7044|13|-49.365799|204.666016|18.797762|0.000000|133.376144|-0.000000|1.000000|1.000000|1.000000
AEG801_255_7046|13|69.571831|192.935333|-67.116730|-0.000000|90.429207|-0.000000|1.000000|1.000000|1.000000
AEG801_255_7047|13|-75.548721|202.264267|-67.966179|-0.000000|-6.600997|-0.000000|1.000000|1.000000|1.000000
AEG801_255_7048|13|-49.021458|200.868973|-44.475571|0.000000|71.658981|-0.000000|1.000000|1.000000|1.000000
AEG801_255_7049|13|23.884865|195.772781|-65.197113|-0.000000|91.192017|-0.000000|1.000000|1.000000|1.000000
AEG801_255_7050|13|-23.844913|204.250565|15.390669|-0.000000|71.140556|-0.000000|1.000000|1.000000|1.000000
AEG801_255_7051|13|-31.191235|202.370605|-2.038525|-0.000000|-10.897425|-0.000000|1.000000|1.000000|1.000000
AEG801_255_7052|13|-26.161539|197.765137|-59.813328|-0.000000|-40.931129|0.000000|1.000000|1.000000|1.000000
AEG801_255_7053|13|105.592667|214.863281|92.450302|0.000000|2.008441|-0.000000|1.000000|1.000000|1.000000
AEG801_255_7054|13|-84.039948|204.628555|-20.466980|-0.000000|92.722450|-0.000000|1.000000|1.000000|1.000000
AEG801_255_7055|13|21.193439|199.315918|-43.451542|-0.006821|63.332439|0.010628|1.000000|1.000000|1.000000
AEG801_255_7056|13|-36.248154|197.185379|-83.998848|-0.007301|-150.008469|-0.001212|1.000000|1.000000|1.000000
AEG801_255_7057|13|39.721687|193.711548|-74.800110|0.007868|26.575432|-0.002228|1.000000|1.000000|1.000000
AEG801_256_7012|13|26.157238|189.531876|-113.780014|-0.000000|-134.860443|-0.000000|1.000000|1.000000|1.000000
AEG801_256_7025|13|-56.170933|198.836731|-97.977371|-0.004320|-8.719727|-0.010339|1.000000|1.000000|1.000000
AEG801_257_7019|13|26.735996|188.800171|-124.587463|-0.000000|22.588911|-0.000000|1.000000|1.000000|1.000000
AEG801_257_7020|13|13.601873|196.320557|-62.898647|-0.000000|-30.761362|0.000000|1.000000|1.000000|1.000000
AEG801_257_7024|13|-51.866341|199.544922|-70.441193|-0.000000|115.487556|-0.000000|1.000000|1.000000|1.000000
AEG801_257_7025|13|68.421471|189.289307|-113.520004|-0.000000|-57.814568|-0.000000|1.000000|1.000000|1.000000
AEG801_257_7026|13|-14.796156|194.954697|-83.253998|-0.000000|-31.190701|-0.000000|1.000000|1.000000|1.000000
AEG801_257_7027|13|-63.186409|202.333954|-34.445549|-0.000000|115.527458|-0.000000|1.000000|1.000000|1.000000
AEG801_258_7070|13|-5.346859|197.960602|-45.236229|-0.000000|42.351711|-0.000000|1.000000|1.000000|1.000000
AEG801_258_7073|13|10.230989|189.760437|-122.440102|-0.000000|24.646027|-0.000000|1.000000|1.000000|1.000000
AEG801_258_7076|13|24.428371|191.525314|-98.107002|-0.000000|13.778049|-0.000000|1.000000|1.000000|1.000000
