m40444800_0000|0|-384.000000|0.000000|-384.000000|0.000000|0.000000|0.000000|1.000000|1.000000|1.000000
m41444900_0000|0|-384.000000|0.000000|-128.000000|0.000000|0.000000|0.000000|1.000000|1.000000|1.000000
m50454800_0000|0|-128.000000|0.000000|-384.000000|0.000000|0.000000|0.000000|1.000000|1.000000|1.000000
m51454900_0000|0|-128.000000|0.000000|-128.000000|0.000000|0.000000|0.000000|1.000000|1.000000|1.000000
m53455100_0000|0|-128.000000|0.000000|384.000000|0.000000|0.000000|0.000000|1.000000|1.000000|1.000000
m60464800_0000|0|128.000000|0.000000|-384.000000|0.000000|0.000000|0.000000|1.000000|1.000000|1.000000
m61464900_0000|0|128.000000|0.000000|-128.000000|0.000000|0.000000|0.000000|1.000000|1.000000|1.000000
m63465100_0000|0|128.000000|0.000000|384.000000|0.000000|0.000000|0.000000|1.000000|1.000000|1.000000
m70474800_0000|0|384.000000|0.000000|-384.000000|0.000000|0.000000|0.000000|1.000000|1.000000|1.000000
m70474801_0000|0|384.000000|0.000000|-384.000000|0.000000|0.000000|0.000000|1.000000|1.000000|1.000000
m71474900_0000|0|384.000000|0.000000|-128.000000|0.000000|0.000000|0.000000|1.000000|1.000000|1.000000
m71474901_0000|0|384.000000|0.000000|-128.000000|0.000000|0.000000|0.000000|1.000000|1.000000|1.000000
m72475000_0000|0|384.000000|0.000000|128.000000|0.000000|0.000000|0.000000|1.000000|1.000000|1.000000
m72475001_0000|0|384.000000|0.000000|128.000000|0.000000|0.000000|0.000000|1.000000|1.000000|1.000000
m73475100_0000|0|384.000000|0.000000|384.000000|0.000000|0.000000|0.000000|1.000000|1.000000|1.000000
m73475101_0000|0|384.000000|0.000000|384.000000|0.000000|0.000000|0.000000|1.000000|1.000000|1.000000
m60_44_51_00-AEG226_995_2000|13|-111.195679|1087.537476|519.356018|0.000000|0.000000|0.000000|1.000000|1.000000|1.000000
m60_44_51_00-AEG226_999_2000|13|-111.195679|1087.537476|519.356018|0.000000|0.000000|0.000000|1.000000|1.000000|1.000000
m60_45_50_00-AEG004_014_2018|13|-36.630493|984.858154|195.143799|0.000000|-52.500000|0.000000|1.000000|1.000000|1.000000
m60_45_50_00-AEG004_015_2011|13|-56.181061|982.555054|171.684540|0.000000|129.999939|0.000000|1.000000|1.000000|1.000000
m60_45_50_00-AEG004_017_2118|13|-12.942017|984.858276|226.568542|0.000000|119.749962|0.000000|1.000000|1.000000|1.000000
m60_45_50_00-AEG008_164_2000|13|-12.942017|984.858276|226.568542|0.000000|119.750008|0.000000|1.000000|1.000000|1.000000
m60_45_50_00-AEG008_165_2000|13|-56.181061|982.555054|171.684540|0.000000|130.000000|0.000000|1.000000|1.000000|1.000000
m60_45_50_00-AEG008_172_2000|13|-36.630493|984.858154|195.143799|0.000000|-52.500000|0.000000|1.000000|1.000000|1.000000
m60_45_51_00-AEG004_014_2015|13|-37.401573|984.858398|444.040771|0.000000|-127.500000|0.000000|1.000000|1.000000|1.000000
m60_45_51_00-AEG004_014_2017|13|-4.159157|984.858398|376.949829|0.000000|78.802490|0.000000|1.000000|1.000000|1.000000
m60_45_51_00-AEG004_014_2019|13|-4.210899|984.858276|261.467133|0.000000|100.999931|0.000000|1.000000|1.000000|1.000000
m60_45_51_00-AEG004_015_2009|13|0.303986|982.555176|350.555969|0.000000|-101.250008|0.000000|1.000000|1.000000|1.000000
m60_45_51_00-AEG004_015_2010|13|0.447845|982.555176|287.881042|0.000000|101.250008|0.000000|1.000000|1.000000|1.000000
m60_45_51_00-AEG004_015_2011|13|-56.208847|982.555237|466.707367|0.000000|-130.000000|0.000000|1.000000|1.000000|1.000000
m60_45_51_00-AEG004_015_2014|13|5.207916|858.829224|351.531433|0.000000|-101.250008|0.000000|1.000000|1.000000|1.000000
m60_45_51_00-AEG004_017_2117|13|-12.948807|984.858398|411.901642|0.000000|-119.683891|0.000000|1.000000|1.000000|1.000000
m60_45_51_00-AEG004_017_2118|13|-8.604950|874.217529|414.377716|0.000000|-119.683914|0.000000|1.000000|1.000000|1.000000
m60_45_51_00-AEG004_153_2004|13|-0.307198|909.858765|380.729980|0.000000|-101.197525|0.000000|1.000000|1.000000|1.000000
m60_45_51_00-AEG004_153_2005|13|-31.901695|909.858765|444.286102|0.000000|-127.500000|0.000000|1.000000|1.000000|1.000000
m60_45_51_00-AEG004_220_1092|13|-36.767380|945.183411|504.525970|-13.782420|92.843735|7.994981|1.000000|1.000000|1.000000
m60_45_51_00-AEG004_220_1093|13|-43.735924|945.556091|485.825867|-0.687409|-64.296089|4.722162|1.000000|1.000000|1.000000
m60_45_51_00-AEG004_321_1280|13|-42.685669|916.605774|492.892914|5.202578|-67.548126|0.000016|1.000000|1.000000|1.000000
m60_45_51_00-AEG007_382_1000|13|-17.000015|851.942871|427.285004|176.610901|38.241306|0.841443|1.000000|1.000000|1.000000
m60_45_51_00-AEG007_382_1009|13|-6.285812|867.290771|417.509430|3.702874|-116.425659|-0.003917|1.000000|1.000000|1.000000
m60_45_51_00-AEG007_382_1010|13|-38.325768|883.148987|486.955872|-0.739308|-43.538399|176.599792|1.000000|1.000000|1.000000
m60_45_51_00-AEG007_382_1027|13|-41.020561|887.723938|464.428467|12.189854|-94.293915|0.987921|1.000000|1.000000|1.000000
m60_45_51_00-AEG007_382_1029|13|-21.598114|859.276123|438.868103|-10.140340|59.721672|-0.707836|1.000000|1.000000|1.000000
m60_45_51_00-AEG007_382_1030|13|-15.260193|885.535461|406.632812|0.000186|112.426582|0.000005|1.000000|1.000000|1.000000
m60_45_51_00-AEG007_382_1033|13|9.846344|895.441040|367.622040|10.060325|-141.342331|0.038877|1.000000|1.000000|1.000000
m60_45_51_00-AEG007_382_1034|13|-34.343460|872.344116|451.284821|8.927170|-116.065758|-1.748045|1.000000|1.000000|1.000000
m60_45_51_00-AEG007_383_1020|13|-36.224304|864.405640|514.910034|176.826813|69.503448|-1.508688|1.000000|1.000000|1.000000
m60_45_51_00-AEG007_383_1040|13|-37.630722|780.049316|456.575623|178.450577|73.614197|0.921493|1.500000|1.500000|1.500000
m60_45_51_00-AEG007_383_1061|13|-34.366104|821.685242|481.686646|-2.096267|-63.815292|-177.327866|1.000000|1.000000|1.000000
m60_45_51_00-AEG007_383_1065|13|-23.802368|755.834778|419.125549|4.918365|-111.969994|0.040298|2.000000|2.000000|2.000000
m60_45_51_00-AEG007_383_1071|13|-7.540359|839.831177|398.912628|5.251308|-97.285316|-0.000000|1.000000|1.000000|1.000000
m60_45_51_00-AEG007_383_1072|13|2.718842|806.390503|367.286652|179.246643|61.379162|1.849244|1.500000|1.500000|1.500000
m60_45_51_00-AEG007_383_1075|13|-29.349434|873.864502|496.130615|177.465668|-50.224361|0.023624|0.750000|0.750000|0.750000
m60_45_51_00-AEG008_063_2000|13|-64.989120|949.738770|508.542908|0.000000|178.000000|0.000000|1.000000|1.000000|1.000000
m60_45_51_00-AEG008_164_2000|13|-12.948807|984.858398|411.901642|0.000000|-119.683998|0.000000|1.000000|1.000000|1.000000
m60_45_51_00-AEG008_164_2001|13|-8.604950|874.217529|414.377716|0.000000|-119.683998|0.000000|1.000000|1.000000|1.000000
m60_45_51_00-AEG008_165_2000|13|0.303986|982.555176|350.555969|0.000000|-101.250008|0.000000|1.000000|1.000000|1.000000
m60_45_51_00-AEG008_165_2001|13|0.447845|982.555176|287.881012|0.000000|101.250000|0.000000|1.000000|1.000000|1.000000
m60_45_51_00-AEG008_165_2002|13|-56.208847|982.555237|466.707367|0.000000|-130.000000|0.000000|1.000000|1.000000|1.000000
m60_45_51_00-AEG008_165_2003|13|5.207916|858.829224|351.531433|0.000000|-101.250008|0.000000|1.000000|1.000000|1.000000
m60_45_51_00-AEG008_172_2000|13|-4.159149|984.858398|376.949829|0.000000|78.802490|0.000000|1.000000|1.000000|1.000000
m60_45_51_00-AEG008_172_2001|13|-4.210899|984.858276|261.467133|0.000000|100.999931|0.000000|1.000000|1.000000|1.000000
m60_45_51_00-AEG008_172_2003|13|-37.401581|984.858398|444.040771|0.000000|52.500000|0.000000|1.000000|1.000000|1.000000
m60_45_51_00-AEG008_236_2002|13|-31.901703|909.858765|444.286072|0.000000|-127.500000|0.000000|1.000000|1.000000|1.000000
m60_45_51_00-AEG008_236_2004|13|-0.307198|909.858765|380.729980|0.000000|-101.197525|0.000000|1.000000|1.000000|1.000000
m60_45_51_00-AEG008_385_2000|13|-64.247620|978.338745|505.523102|0.000000|-2.000000|0.000000|1.000000|1.000000|1.000000
m60_46_51_00-AEG007_182_1006|13|223.138062|981.457764|326.198914|0.000000|-69.500000|0.000000|1.000000|1.000000|1.000000
m60_46_51_00-AEG007_182_1007|13|223.307281|950.463623|315.497681|0.000000|-141.000000|0.000000|1.000000|1.000000|1.000000
m60_46_51_00-AEG007_182_1008|13|164.805969|971.461304|325.274536|0.000000|147.000000|0.000000|1.000000|1.000000|1.000000
m60_46_51_00-AEG007_182_1011|13|150.743896|942.802612|329.042175|0.000000|-78.000000|-180.000000|1.000000|1.000000|1.000000
m60_46_51_00-AEG007_182_1012|13|167.408691|942.499512|333.751160|0.000000|-105.500008|0.000000|1.000000|1.000000|1.000000
m60_46_51_00-AEG007_182_1015|13|203.712479|914.059387|340.264526|0.000000|-74.000015|0.000000|1.000000|1.000000|1.000000
m60_46_51_00-AEG007_182_1017|13|230.216125|912.341614|342.672241|0.000000|11.999988|0.000000|1.000000|1.000000|1.000000
m60_46_51_00-AEG007_182_1025|13|234.982483|967.667053|318.743347|0.000000|107.999992|0.000000|1.000000|1.000000|1.000000
m60_46_51_00-AEG007_182_1085|13|47.292969|989.965393|309.013855|180.000000|-10.000027|0.000000|1.000000|1.000000|1.000000
m60_46_51_00-AEG007_182_1086|13|52.468155|960.133606|336.908997|0.179989|-168.999985|0.000000|1.000000|1.000000|1.000000
m60_46_51_00-AEG007_182_1087|13|13.938713|1000.178711|334.973267|0.179979|-100.000023|-0.000000|1.000000|1.000000|1.000000
m60_46_51_00-AEG007_182_1088|13|109.997711|980.814575|306.532898|0.000000|32.499992|0.000000|1.000000|1.000000|1.000000
m60_46_51_00-AEG007_182_1089|13|76.778374|1014.243286|326.343292|0.000000|-111.999992|0.000000|1.000000|1.000000|1.000000
m60_46_51_00-AEG007_182_1090|13|108.242340|1005.997681|333.015320|0.000000|32.499992|0.000000|1.000000|1.000000|1.000000
m60_46_51_00-AEG007_182_1091|13|24.404907|983.978088|308.901550|180.000000|-10.000028|0.000000|1.000000|1.000000|1.000000
m60_46_51_00-AEG007_182_1092|13|172.024048|933.943848|308.206726|0.000000|-23.499994|0.000000|1.000000|1.000000|1.000000
m60_46_51_00-AEG007_182_1093|13|161.945145|928.419617|345.114502|-0.179979|-99.000031|0.000000|1.000000|1.000000|1.000000
m60_46_51_00-AEG007_182_1094|13|163.862915|950.535645|313.585632|0.000000|71.500008|0.000000|1.000000|1.000000|1.000000
m60_46_51_00-AEG007_182_1095|13|218.628967|875.346985|383.941956|0.000000|-78.000008|0.000000|1.000000|1.000000|1.000000
m60_46_51_00-AEG007_182_1096|13|30.923889|943.662170|341.326508|0.179989|133.000000|-0.000000|1.000000|1.000000|1.000000
m60_46_51_00-AEG007_182_1097|13|8.830978|978.538940|351.359100|0.179989|-96.000000|0.000000|1.000000|1.000000|1.000000
m60_46_51_00-AEG007_182_1098|13|66.732422|988.687561|333.842987|0.000000|-124.500008|0.000000|1.000000|1.000000|1.000000
m60_46_51_00-AEG007_182_1099|13|108.950294|952.149109|341.414429|0.000000|156.000000|0.000000|1.000000|1.000000|1.000000
m60_46_51_00-AEG007_182_1100|13|124.002731|936.605530|337.409180|-180.000000|-13.000019|0.000000|1.000000|1.000000|1.000000
m60_46_51_00-AEG007_182_1101|13|71.740463|924.528870|360.759125|0.179989|118.000000|0.000000|1.000000|1.000000|1.000000
m60_46_51_00-AEG007_182_1102|13|80.629166|894.188110|361.051453|0.179989|-174.500000|0.000000|1.000000|1.000000|1.000000
m60_46_51_00-AEG007_182_1103|13|21.891365|867.036438|387.116089|0.179989|-127.500000|0.000000|1.000000|1.000000|1.000000
m60_46_51_00-AEG007_183_1003|13|234.040771|901.651611|321.599548|0.000000|44.500000|0.000000|1.000000|1.000000|1.000000
m60_46_51_00-AEG007_183_1006|13|69.514984|948.873047|314.530457|-180.000000|79.499977|-0.000009|1.000000|1.000000|1.000000
m60_46_51_00-AEG007_183_1007|13|234.075531|871.501770|317.147583|0.000000|159.500000|0.000000|1.000000|1.000000|1.000000
m60_46_51_00-AEG007_183_1008|13|144.020599|851.579407|342.591492|0.000000|179.999969|0.000000|1.000000|1.000000|1.000000
m60_46_51_00-AEG007_183_1011|13|178.112183|878.572571|314.008972|0.000000|103.999992|0.000000|1.000000|1.000000|1.000000
m60_46_51_00-AEG007_183_1012|13|149.419800|892.447571|311.699402|0.000000|-150.500000|0.000000|1.000000|1.000000|1.000000
m60_46_51_00-AEG007_183_1022|13|122.356201|921.448853|329.042175|0.000005|30.499994|-180.000000|1.000000|1.000000|1.000000
m60_46_51_00-AEG007_183_1027|13|99.056824|949.372864|322.753601|0.000000|81.500000|0.000000|1.000000|1.000000|1.000000
m60_46_51_00-AEG007_183_1086|13|220.665009|878.188293|351.007141|0.000000|127.999969|0.000000|1.000000|1.000000|1.000000
m60_46_51_00-AEG007_183_1090|13|46.912537|929.697327|302.858093|0.000000|171.000000|0.000000|1.000000|1.000000|1.000000
m60_46_51_00-AEG007_183_1092|13|103.359924|929.697327|312.224304|0.000000|6.999998|0.000000|1.000000|1.000000|1.000000
m60_46_51_00-AEG007_183_1093|13|73.199921|961.880859|332.756042|0.000000|-37.000008|-180.000000|1.000000|1.000000|1.000000
m60_46_51_00-AEG007_183_1094|13|97.382660|935.763428|327.908447|0.000000|145.000000|0.000000|1.000000|1.000000|1.000000
m60_46_51_00-AEG007_183_1095|13|10.264908|927.357849|356.560944|0.000000|-60.000004|0.000000|1.000000|1.000000|1.000000
m60_46_51_00-AEG007_183_1098|13|26.091980|940.110901|304.909363|0.000000|-21.000008|0.000000|1.000000|1.000000|1.000000
m60_46_51_00-AEG007_183_1099|13|218.653625|912.415100|328.871765|0.000000|-85.500015|0.000000|1.000000|1.000000|1.000000
m60_46_51_00-AEG007_183_1100|13|59.540314|887.270447|356.985046|0.000000|-101.500008|0.000000|1.000000|1.000000|1.000000
m60_46_51_00-AEG007_183_1101|13|130.802826|799.386597|351.324554|0.000000|145.000000|0.000000|1.000000|1.000000|1.000000
m60_46_51_00-AEG007_184_1006|13|173.915833|768.160095|329.477722|0.000000|180.000000|0.000000|1.000000|1.000000|1.000000
m60_46_51_00-AEG007_184_1007|13|105.668945|845.542664|319.216492|0.000000|177.999985|0.000000|1.000000|1.000000|1.000000
m60_46_51_00-AEG007_184_1008|13|37.822731|812.641541|345.739471|0.000000|-80.999992|0.000000|1.000000|1.000000|1.000000
m60_46_51_00-AEG007_184_1011|13|84.980896|799.398010|333.470398|0.000000|-174.000000|0.000000|1.000000|1.000000|1.000000
m60_46_51_00-AEG007_184_1012|13|36.040405|862.989929|314.930847|0.000000|177.999985|0.000000|1.000000|1.000000|1.000000
m60_46_51_00-AEG007_184_1016|13|242.142578|786.372620|374.673737|0.000000|100.499985|0.000000|1.000000|1.000000|1.000000
m60_46_51_00-AEG007_184_1026|13|234.377167|782.717102|311.509949|0.000000|173.000000|0.000000|1.000000|1.000000|1.000000
m60_46_51_00-AEG007_184_1027|13|258.386230|795.397034|344.266052|0.000000|-99.000023|0.000000|1.000000|1.000000|1.000000
m60_46_51_00-AEG007_184_1086|13|130.354980|774.352234|284.423187|0.000000|156.999985|0.000000|1.000000|1.000000|1.000000
m60_46_51_00-AEG007_184_1092|13|17.885544|865.700989|277.450439|0.000000|166.000000|0.000000|1.000000|1.000000|1.000000
m60_46_51_00-AEG007_184_1093|13|117.122604|824.818542|298.749756|0.000000|177.999985|0.000000|1.000000|1.000000|1.000000
m60_46_51_00-AEG007_184_1094|13|183.566132|802.758606|320.925964|0.000000|-7.000003|0.000000|1.000000|1.000000|1.000000
m60_46_51_00-AEG007_184_1095|13|71.717087|844.259460|304.427094|0.000000|-17.499998|0.000000|1.000000|1.000000|1.000000
m60_46_51_00-AEG007_184_1096|13|196.275330|665.086548|403.634705|0.000000|-134.500000|0.000000|1.000000|1.000000|1.000000
m60_46_51_00-AEG007_184_1097|13|62.046204|716.798950|380.355408|0.000000|142.500015|0.000000|1.000000|1.000000|1.000000
m60_46_51_00-AEG007_184_1098|13|229.617310|689.032288|390.169586|0.000000|-95.500031|0.000000|1.000000|1.000000|1.000000
m60_46_51_00-AEG008_360_2000|13|138.979080|1112.000488|319.436188|0.000000|0.000000|0.000000|1.000000|1.000000|1.000000
m60_47_50_00-AEG004_940_2000|13|525.179260|1116.000244|-15.715912|0.000000|150.000000|0.000000|1.000000|1.000000|1.000000
m60_47_50_00-AEG004_958_2000|13|525.179260|1066.000244|-15.715912|0.000000|150.000000|0.000000|1.000000|1.000000|1.000000
m60_47_50_00-AEG007_182_1029|13|435.329895|964.801514|134.831955|179.999741|43.000000|0.000000|1.000000|1.000000|1.000000
m60_47_50_00-AEG007_182_1030|13|409.177551|971.538086|189.747849|0.000000|-47.000000|0.000000|1.000000|1.000000|1.000000
m60_47_50_00-AEG007_182_1031|13|458.820557|939.996338|103.530991|0.000000|-47.000000|0.000000|1.000000|1.000000|1.000000
m60_47_50_00-AEG007_182_1032|13|472.422119|1005.454590|83.374146|0.000000|-171.000000|0.000000|1.000000|1.000000|1.000000
m60_47_50_00-AEG007_182_1033|13|431.986816|907.606445|118.156647|0.000000|43.000000|0.000000|1.000000|1.000000|1.000000
m60_47_50_00-AEG007_182_1034|13|440.004456|913.022705|160.849899|0.000000|-47.000000|0.000000|1.000000|1.000000|1.000000
m60_47_50_00-AEG007_182_1035|13|472.592834|847.272705|101.839828|0.000000|-115.500000|0.000000|1.000000|1.000000|1.000000
m60_47_50_00-AEG007_182_1036|13|465.261719|812.573242|122.059059|0.000000|-99.000000|0.000000|1.000000|1.000000|1.000000
m60_47_50_00-AEG007_182_1038|13|436.744049|1006.105225|122.764000|0.000000|137.000000|0.000000|1.000000|1.000000|1.000000
m60_47_50_00-AEG007_182_1062|13|513.929443|872.237976|31.325317|0.000000|0.000000|-180.000000|1.000000|1.000000|1.000000
m60_47_50_00-AEG007_182_1063|13|403.170959|880.011597|205.162781|0.000000|0.000000|0.000000|1.000000|1.000000|1.000000
m60_47_50_00-AEG007_182_1064|13|492.200714|972.548950|18.265884|0.000000|-75.999992|0.000000|1.000000|1.000000|1.000000
m60_47_50_00-AEG007_182_1133|13|511.487183|945.498596|24.990356|0.000000|60.000004|0.000000|1.000000|1.000000|1.000000
m60_47_50_00-AEG007_182_1134|13|511.487183|1001.148010|24.990356|0.000000|0.000000|-180.000000|1.000000|1.000000|1.000000
m60_47_50_00-AEG007_183_1026|13|374.911774|873.907227|235.391266|179.999847|85.500008|0.000000|1.000000|1.000000|1.000000
m60_47_50_00-AEG007_183_1028|13|405.539124|904.866211|190.207687|0.000000|-124.500008|0.000000|1.000000|1.000000|1.000000
m60_47_50_00-AEG007_183_1029|13|473.729492|960.762695|86.953293|0.000000|-171.500061|0.000000|1.000000|1.000000|1.000000
m60_47_50_00-AEG007_183_1030|13|446.791138|872.320068|124.822403|179.999741|-39.499924|0.000000|1.000000|1.000000|1.000000
m60_47_50_00-AEG007_183_1031|13|489.562378|932.564453|41.027016|0.000000|-118.000069|0.000000|1.000000|1.000000|1.000000
m60_47_50_00-AEG007_183_1064|13|416.484161|880.853760|161.464355|0.000000|-114.000000|0.000000|1.000000|1.000000|1.000000
m60_47_50_00-AEG007_183_1074|13|475.706055|907.420898|68.379639|0.000000|55.000004|0.000000|1.000000|1.000000|1.000000
m60_47_50_00-AEG007_183_1116|13|470.335663|878.500488|92.625343|0.000000|38.999996|0.000000|1.000000|1.000000|1.000000
m60_47_50_00-AEG007_183_1119|13|429.483154|943.481873|130.832901|0.000000|0.000000|180.000000|1.000000|1.000000|1.000000
m60_47_50_00-AEG007_183_1124|13|495.775269|889.992798|19.858826|0.000000|82.500000|0.000000|1.000000|1.000000|1.000000
m60_47_50_00-AEG007_183_1125|13|484.924438|836.514160|70.179710|0.000000|-115.000008|0.000000|1.000000|1.000000|1.000000
m60_47_50_00-AEG007_183_1126|13|464.005280|859.572266|79.886261|0.000000|70.000000|0.000000|1.000000|1.000000|1.000000
m60_47_50_00-AEG007_183_1127|13|511.748169|805.508545|51.573730|0.000000|52.500000|0.000000|1.000000|1.000000|1.000000
m60_47_50_00-AEG007_184_1022|13|399.772247|775.387939|206.046295|0.000000|-86.500008|0.000000|1.000000|1.000000|1.000000
m60_47_50_00-AEG007_184_1023|13|436.606750|790.052490|121.247292|0.000000|93.500008|0.000000|1.000000|1.000000|1.000000
m60_47_50_00-AEG007_184_1024|13|468.753937|744.020081|78.003296|0.000000|3.499998|0.000000|1.000000|1.000000|1.000000
m60_47_50_00-AEG007_184_1025|13|488.665100|768.395630|14.411224|0.000000|-105.999992|0.000000|1.000000|1.000000|1.000000
m60_47_50_00-AEG007_184_1026|13|410.892883|715.698547|154.035080|0.000000|-86.499992|0.000000|1.000000|1.000000|1.000000
m60_47_50_00-AEG007_184_1027|13|406.454895|687.292480|173.882370|0.000000|-87.500084|0.000000|1.000000|1.000000|1.000000
m60_47_50_00-AEG007_184_1031|13|569.565552|780.517578|24.753822|0.000000|-112.000015|0.000000|1.000000|1.000000|1.000000
m60_47_50_00-AEG007_184_1037|13|462.044189|617.733521|12.576820|-0.000000|-157.000000|0.000010|1.000000|1.000000|1.000000
m60_47_50_00-AEG007_185_1014|13|434.914490|660.934082|92.117233|0.000000|-113.000000|0.000000|1.000000|1.000000|1.000000
m60_47_50_00-AEG007_185_1015|13|413.235413|516.802002|170.029343|0.000000|-127.000023|0.000000|1.000000|1.000000|1.000000
m60_47_50_00-AEG007_185_1021|13|502.109497|638.563721|65.123459|0.000000|-154.000000|0.000000|1.000000|1.000000|1.000000
m60_47_50_00-AEG007_185_1022|13|473.587891|449.897949|96.812973|0.000000|-154.000000|0.000000|1.000000|1.000000|1.000000
m60_47_50_00-AEG007_186_1012|13|207.630615|584.339111|224.974808|15.499992|-28.999983|-0.000005|1.000000|1.000000|1.000000
m60_47_50_00-AEG007_186_1013|13|304.163574|495.048859|214.105179|15.091521|-15.973936|3.576751|1.000000|1.000000|1.000000
m60_47_50_00-AEG008_361_2000|13|443.328674|814.550415|126.053032|0.000000|0.000000|0.000000|1.000000|1.000000|1.000000
m60_47_51_00-AEG001_421_7001|13|443.428436|994.661316|336.749023|-21.041834|-167.306000|-0.100240|1.000000|1.000000|1.000000
m60_47_51_00-AEG001_421_7002|13|406.862762|998.562927|322.423584|-0.002501|-0.422508|0.002295|1.000000|1.000000|1.000000
m60_47_51_00-AEG001_421_7004|13|443.073120|996.469788|336.718048|15.021019|52.555767|31.763235|1.000000|1.000000|1.000000
m60_47_51_00-AEG001_421_7005|13|441.749817|990.594238|336.649628|-30.612980|-168.031204|31.360226|1.000000|1.000000|1.000000
m60_47_51_00-AEG001_421_7006|13|443.529358|993.336853|336.009796|13.896244|172.036514|43.319603|1.000000|1.000000|1.000000
m60_47_51_00-AEG001_421_7007|13|419.608063|996.764404|331.387482|-4.916156|-0.461880|-0.924067|1.000000|1.000000|1.000000
m60_47_51_00-AEG001_421_7008|13|406.690613|995.375854|372.799713|21.796885|-38.334850|20.746340|1.000000|1.000000|1.000000
m60_47_51_00-AEG001_421_7009|13|406.540009|997.317932|343.743744|8.497499|-0.422508|0.002295|1.000000|1.000000|1.000000
m60_47_51_00-AEG001_421_7010|13|388.371277|996.648132|368.179230|8.497499|-0.422508|0.002295|1.000000|1.000000|1.000000
m60_47_51_00-AEG001_421_7011|13|370.296692|998.768799|362.998657|0.084385|-90.379585|-0.960806|1.000000|1.000000|1.000000
m60_47_51_00-AEG001_421_7012|13|370.694214|999.358215|363.672852|-0.957036|179.619293|-0.067163|1.000000|1.000000|1.000000
m60_47_51_00-AEG001_421_7013|13|371.678253|999.068298|364.073120|-12.916788|-90.585999|-0.850800|1.000000|1.000000|1.000000
m60_47_51_00-AEG001_421_7014|13|410.753632|994.312805|353.686615|3.584821|-0.320210|-0.982186|1.000000|1.000000|1.000000
m60_47_51_00-AEG001_421_7015|13|408.683685|995.133850|352.198730|5.529458|-57.279579|25.238392|1.000000|1.000000|1.000000
m60_47_51_00-AEG001_421_7016|13|411.520630|995.001648|350.078613|-21.098234|-49.910233|5.882938|1.000000|1.000000|1.000000
m60_47_51_00-AEG001_421_7017|13|409.082367|994.992981|352.990509|12.389709|-27.114573|0.511668|1.000000|1.000000|1.000000
m60_47_51_00-AEG001_421_7018|13|408.683685|994.703552|352.873199|16.868090|174.362686|0.070284|1.000000|1.000000|1.000000
m60_47_51_00-AEG001_421_7019|13|443.642029|990.296204|336.610138|-21.916327|-118.113449|12.426596|1.000000|1.000000|1.000000
m60_47_51_00-AEG001_421_7020|13|420.775116|996.297058|331.690430|-14.156244|-75.926224|12.433170|1.000000|1.000000|1.000000
m60_47_51_00-AEG001_421_7021|13|421.597382|996.564209|330.929474|-14.210771|-35.233952|-1.436405|1.000000|1.000000|1.000000
m60_47_51_00-AEG001_421_7022|13|371.081268|998.797852|362.669220|-2.885443|-168.059525|13.236978|1.000000|1.000000|1.000000
m60_47_51_00-AEG001_421_7023|13|468.006348|985.081909|384.379059|-21.041834|-167.306000|-0.100240|1.000000|1.000000|1.000000
m60_47_51_00-AEG001_421_7024|13|466.144562|981.801147|383.939331|13.091739|-20.012665|18.030375|1.000000|1.000000|1.000000
m60_47_51_00-AEG001_421_7025|13|467.651062|986.890381|384.348053|15.021019|52.555767|31.763235|1.000000|1.000000|1.000000
m60_47_51_00-AEG001_421_7027|13|468.107269|982.400757|383.639801|11.116960|173.616745|24.960222|1.000000|1.000000|1.000000
m60_47_51_00-AEG001_421_7029|13|384.391388|999.261047|339.039978|8.497499|-0.422508|0.002295|1.000000|1.000000|1.000000
m60_47_51_00-AEG001_421_7030|13|380.276062|998.463501|362.475067|8.497499|-139.422501|0.002295|1.000000|1.000000|1.000000
m60_47_51_00-AEG001_421_7031|13|427.453644|993.194336|379.230133|8.497499|-0.422508|0.002295|1.000000|1.000000|1.000000
m60_47_51_00-AEG001_421_7032|13|467.659485|984.002991|367.404877|21.796885|-38.334850|20.746340|1.000000|1.000000|1.000000
m60_47_51_00-AEG001_421_7033|13|474.842987|992.110474|351.187775|-19.047972|12.850533|-8.878424|1.000000|1.000000|1.000000
m60_47_51_00-AEG001_421_7034|13|476.168640|988.578857|351.627502|16.519917|158.685852|26.454086|1.000000|1.000000|1.000000
m60_47_51_00-AEG001_421_7035|13|475.476807|993.841125|351.218781|6.082976|-122.389503|36.926853|1.000000|1.000000|1.000000
m60_47_51_00-AEG001_421_7036|13|475.001190|987.967651|350.007172|-28.600082|11.053741|22.540268|1.000000|1.000000|1.000000
m60_47_51_00-AEG001_421_7037|13|474.536133|990.818115|351.927002|12.391202|-7.016335|34.395786|1.000000|1.000000|1.000000
m60_47_51_00-AEG001_421_7038|13|473.014038|987.980591|351.147980|-13.905455|60.457344|8.079763|1.000000|1.000000|1.000000
m60_47_51_00-AEG001_421_7039|13|462.196869|984.650085|356.100037|8.497499|-90.422508|0.002295|1.000000|1.000000|1.000000
m60_47_51_00-AEG001_421_7040|13|451.726257|984.398804|377.961945|-6.502501|-90.422493|0.002295|1.000000|1.000000|1.000000
m60_47_51_00-AEG001_421_7041|13|458.729584|984.458496|364.678253|8.497499|-0.422508|0.002295|1.000000|1.000000|1.000000
m60_47_51_00-AEG001_421_7042|13|437.169312|989.746704|355.581055|-9.544274|-89.919998|9.511257|1.000000|1.000000|1.000000
m60_47_51_00-AEG001_421_7043|13|508.363159|975.086487|437.015350|21.796885|-38.334850|20.746340|1.000000|1.000000|1.000000
m60_47_51_00-AEG001_421_7044|13|511.060974|975.086487|399.479950|21.796883|134.665161|20.746338|1.000000|1.000000|1.000000
m60_47_51_00-AEG001_421_7045|13|489.242950|974.612183|411.138733|-3.483361|-50.850548|13.667480|1.000000|1.000000|1.000000
m60_47_51_00-AEG001_421_7046|13|487.112823|975.649414|409.451843|9.013007|-49.688736|20.322151|1.000000|1.000000|1.000000
m60_47_51_00-AEG001_421_7047|13|489.585510|975.740479|406.914459|-17.231937|-41.216690|1.456246|1.000000|1.000000|1.000000
m60_47_51_00-AEG001_421_7048|13|487.917175|975.341248|410.016510|17.669262|-18.101925|-2.059562|1.000000|1.000000|1.000000
m60_47_51_00-AEG001_421_7049|13|487.211182|975.152405|410.070984|11.014526|-176.665329|0.530762|1.000000|1.000000|1.000000
m60_47_51_00-AEG001_421_7050|13|384.863251|998.798645|356.838196|8.497499|-90.422508|0.002295|1.000000|1.000000|1.000000
m60_47_51_00-AEG001_421_7051|13|491.147125|974.612183|410.648773|-4.122536|-44.853081|10.640230|1.000000|1.000000|1.000000
m60_47_51_00-AEG001_421_7052|13|486.728333|974.906738|408.576202|-3.983039|-7.000073|10.951439|1.000000|1.000000|1.000000
m60_47_51_00-AEG001_421_7053|13|491.736481|974.513550|408.806763|18.502895|-46.264080|1.840771|1.000000|1.000000|1.000000
m60_47_51_00-AEG001_422_7002|13|442.917419|990.213806|335.748932|10.460155|-0.655420|-4.755583|1.000000|1.000000|1.000000
m60_47_51_00-AEG001_422_7006|13|441.665588|989.466248|335.784485|-1.866737|171.319473|28.312021|1.000000|1.000000|1.000000
m60_47_51_00-AEG001_422_7007|13|421.608337|995.542786|330.989868|-14.051222|55.879028|-6.895772|1.000000|1.000000|1.000000
m60_47_51_00-AEG001_422_7008|13|420.988403|994.333801|330.194092|-4.947143|-1.665326|-0.820665|1.000000|1.000000|1.000000
m60_47_51_00-AEG001_422_7009|13|407.232422|994.931641|372.622528|-6.773173|70.904854|8.688192|1.000000|1.000000|1.000000
m60_47_51_00-AEG001_422_7010|13|370.923401|997.815430|363.616425|0.051446|-91.587486|-0.962667|1.000000|1.000000|1.000000
m60_47_51_00-AEG001_422_7011|13|370.624237|1000.340881|364.963989|-17.195654|-34.622421|-11.436584|1.000000|1.000000|1.000000
m60_47_51_00-AEG001_422_7012|13|411.178467|993.289734|350.578156|3.550696|-1.525775|-1.057774|1.000000|1.000000|1.000000
m60_47_51_00-AEG001_422_7013|13|410.036102|994.616516|351.923828|-15.185558|55.726540|-8.550039|1.000000|1.000000|1.000000
m60_47_51_00-AEG001_422_7014|13|467.411621|981.188782|383.803619|8.184131|57.040592|-4.712027|1.000000|1.000000|1.000000
m60_47_51_00-AEG001_422_7015|13|467.911102|980.634399|382.489044|10.460155|-0.655420|-4.755583|1.000000|1.000000|1.000000
m60_47_51_00-AEG001_422_7017|13|468.201294|983.558777|367.227661|-6.773173|70.904854|8.688192|1.000000|1.000000|1.000000
m60_47_51_00-AEG001_422_7018|13|474.821381|988.172241|351.763214|0.641834|-123.256287|0.211030|1.000000|1.000000|1.000000
m60_47_51_00-AEG001_422_7019|13|474.241333|987.702820|353.077789|10.562956|179.345047|4.243818|1.000000|1.000000|1.000000
m60_47_51_00-AEG001_422_7020|13|474.721985|986.869751|352.005981|-3.301121|-8.098529|19.407835|1.000000|1.000000|1.000000
m60_47_51_00-AEG001_422_7021|13|508.904938|974.642273|436.838135|-6.773173|70.904854|8.688192|1.000000|1.000000|1.000000
m60_47_51_00-AEG001_422_7022|13|510.501617|974.642273|399.589783|-6.773172|-116.095161|8.688192|1.000000|1.000000|1.000000
m60_47_51_00-AEG001_422_7023|13|489.300964|973.985718|407.284973|9.423178|7.525805|-1.092934|1.000000|1.000000|1.000000
m60_47_51_00-AEG001_422_7024|13|488.399109|975.165649|408.919220|-11.972692|65.008888|-3.623059|1.000000|1.000000|1.000000
m60_47_51_00-AEG001_423_7001|13|442.592194|989.831177|336.485107|9.546692|-10.036644|-6.412685|1.000000|1.000000|1.000000
m60_47_51_00-AEG001_423_7003|13|420.428589|995.517273|330.880981|-5.013595|-11.112431|-0.001951|1.000000|1.000000|1.000000
m60_47_51_00-AEG001_423_7004|13|370.356384|998.857361|364.121582|-0.106876|-101.071030|-0.964441|1.000000|1.000000|1.000000
m60_47_51_00-AEG001_423_7005|13|410.461243|994.227844|352.307709|3.329307|-10.993073|-1.634394|1.000000|1.000000|1.000000
m60_47_51_00-AEG001_423_7006|13|467.170105|980.251770|384.115112|9.546692|-10.036644|-6.412685|1.000000|1.000000|1.000000
m60_47_51_00-AEG001_423_7007|13|474.913330|987.208984|351.451721|11.110369|170.017578|2.450864|1.000000|1.000000|1.000000
m60_47_51_00-AEG001_423_7008|13|488.873047|974.740601|409.191010|9.119861|-1.836157|-2.630338|1.000000|1.000000|1.000000
m60_47_51_00-AEG007_000_1107|13|508.268311|966.966919|433.479492|-0.018170|102.344978|0.007786|1.000000|1.000000|1.000000
m60_47_51_00-AEG007_000_1108|13|380.924347|996.041992|323.812622|-2.230781|10.701521|11.804972|1.000000|1.000000|1.000000
m60_47_51_00-AEG007_000_1109|13|360.295929|994.336792|355.483185|-0.018170|31.472446|0.007786|1.000000|1.000000|1.000000
m60_47_51_00-AEG007_000_1110|13|449.143433|982.204285|349.768646|-1.288848|-38.935810|0.007786|1.000000|1.000000|1.000000
m60_47_51_00-AEG007_000_1111|13|397.954315|989.908325|369.080017|2.363306|161.746902|16.560148|1.000000|1.000000|1.000000
m60_47_51_00-AEG007_000_1129|13|500.477051|971.743042|398.756836|0.000082|-18.751331|0.000027|1.000000|1.000000|1.000000
m60_47_51_00-AEG007_000_1130|13|395.129395|993.461243|327.449432|-16.974535|-98.058914|-7.291182|1.000000|1.000000|1.000000
m60_47_51_00-AEG007_001_1026|13|489.490234|960.661987|417.118164|2.777155|146.459503|2.265547|1.000000|1.000000|1.000000
m60_47_51_00-AEG007_001_1029|13|418.919312|983.185913|339.931702|-1.495265|-21.917301|0.008743|1.000000|1.000000|1.000000
m60_47_51_00-AEG007_001_1030|13|470.823730|972.020386|373.094727|2.431233|-70.329460|0.008742|1.000000|1.000000|1.000000
m60_47_51_00-AEG007_001_1032|13|433.202423|980.409607|388.963776|-10.270669|-53.344406|-3.485336|1.000000|1.000000|1.000000
m60_47_51_00-AEG007_001_1033|13|375.437744|985.301147|347.590668|-6.485985|87.082100|-2.991257|1.000000|1.000000|1.000000
m60_47_51_00-AEG007_010_1058|13|390.345825|952.912109|370.065430|-180.000000|-7.000007|0.000009|1.000000|1.000000|1.000000
m60_47_51_00-AEG007_010_1136|13|507.298737|929.187378|436.237823|-180.000000|-19.500004|0.000009|1.000000|1.000000|1.000000
m60_47_51_00-AEG007_010_1138|13|458.123901|933.454651|411.641876|-180.000000|-20.500013|0.000009|1.000000|1.000000|1.000000
m60_47_51_00-AEG007_010_1142|13|341.506073|959.835205|343.247498|-180.000000|-52.500027|0.000009|1.000000|1.000000|1.000000
m60_47_51_00-AEG007_010_1146|13|412.981018|947.260498|384.072021|-180.000000|-51.999992|0.000009|1.000000|1.000000|1.000000
m60_47_51_00-AEG007_010_1148|13|388.623993|958.426514|321.562744|0.000000|0.000000|180.000000|1.000000|1.000000|1.000000
m60_47_51_00-AEG007_010_1150|13|453.367920|946.064758|348.749664|0.000000|-30.499994|180.000000|1.000000|1.000000|1.000000
m60_47_51_00-AEG007_010_1153|13|485.745178|936.609497|382.946045|-0.000000|-64.000000|180.000000|1.000000|1.000000|1.000000
m60_47_51_00-AEG007_136_1000|13|451.569702|1027.389648|427.523865|-14.065245|9.985356|-4.800281|1.000000|1.000000|1.000000
m60_47_51_00-AEG007_137_1000|13|446.857727|1004.256836|436.731873|8.615082|7.384655|-4.882588|1.000000|1.000000|1.000000
m60_47_51_00-AEG007_138_1000|13|445.221008|995.155029|431.603271|14.311719|-2.637824|-1.425633|1.000000|1.000000|1.000000
m60_47_51_00-AEG007_139_1000|13|446.184387|970.847900|419.752380|23.354494|-5.090759|-0.437426|1.000000|1.000000|1.000000
m60_47_51_00-AEG007_181_1082|13|467.913391|923.804932|355.037628|0.000000|-169.000000|0.000000|1.000000|1.000000|1.000000
m60_47_51_00-AEG007_181_1084|13|498.914581|949.687195|435.558777|0.000000|144.500015|0.000000|1.000000|1.000000|1.000000
m60_47_51_00-AEG007_181_1094|13|451.722839|962.110229|349.442719|0.000000|-36.500000|0.000000|1.000000|1.000000|1.000000
m60_47_51_00-AEG007_181_1096|13|452.553223|956.427979|410.589935|0.000000|162.000015|0.000000|1.000000|1.000000|1.000000
m60_47_51_00-AEG007_181_1098|13|468.636536|959.315063|355.011780|0.000000|7.000002|0.000000|1.000000|1.000000|1.000000
m60_47_51_00-AEG007_181_1099|13|457.373718|980.052490|447.523895|0.000000|157.500000|0.000000|1.000000|1.000000|1.000000
m60_47_51_00-AEG007_181_1100|13|446.437195|992.209595|445.817719|0.000000|99.999992|0.000000|1.000000|1.000000|1.000000
m60_47_51_00-AEG007_182_1037|13|459.001251|847.436768|340.685730|0.000000|-51.000000|0.000000|1.000000|1.000000|1.000000
m60_47_51_00-AEG007_182_1039|13|372.873352|938.981873|317.503693|0.000000|-40.499977|0.000000|1.000000|1.000000|1.000000
m60_47_51_00-AEG007_182_1040|13|475.021454|922.539429|412.715424|0.000000|156.500000|0.000000|1.000000|1.000000|1.000000
m60_47_51_00-AEG007_182_1041|13|361.039307|908.542358|283.459106|0.000000|137.500015|0.000000|1.000000|1.000000|1.000000
m60_47_51_00-AEG007_182_1046|13|289.388672|973.193848|325.741882|0.000000|172.500015|0.000000|1.000000|1.000000|1.000000
m60_47_51_00-AEG007_182_1047|13|285.082031|954.213989|317.359314|0.000000|92.500008|0.000000|1.000000|1.000000|1.000000
m60_47_51_00-AEG007_182_1051|13|336.586914|959.498962|279.925201|0.000000|-157.500000|0.000000|1.000000|1.000000|1.000000
m60_47_51_00-AEG007_182_1053|13|507.389740|932.716003|432.671753|0.000000|-92.999985|0.000000|1.000000|1.000000|1.000000
m60_47_51_00-AEG007_182_1055|13|314.191467|939.994263|344.515411|0.000000|152.000000|0.000000|1.000000|1.000000|1.000000
m60_47_51_00-AEG007_182_1059|13|415.691193|954.593872|333.489319|0.000000|-41.500004|0.000000|1.000000|1.000000|1.000000
m60_47_51_00-AEG007_182_1070|13|346.317505|926.167480|351.900421|0.000000|-180.000000|0.000000|1.000000|1.000000|1.000000
m60_47_51_00-AEG007_182_1117|13|353.710419|960.038025|352.509644|0.000000|138.000015|0.000000|1.000000|1.000000|1.000000
m60_47_51_00-AEG007_182_1120|13|462.287384|886.977478|358.831329|0.000000|-29.000000|0.000000|1.000000|1.000000|1.000000
m60_47_51_00-AEG007_182_1122|13|477.631134|875.554016|369.838074|0.000000|-68.500000|0.000000|1.000000|1.000000|1.000000
m60_47_51_00-AEG007_182_1124|13|432.127167|948.637085|338.739197|0.000000|-21.500002|0.000000|1.000000|1.000000|1.000000
m60_47_51_00-AEG007_182_1126|13|366.859070|958.703125|362.475647|0.000000|-167.500000|0.000000|1.000000|1.000000|1.000000
m60_47_51_00-AEG007_182_1128|13|408.353485|953.418274|371.615143|0.000000|138.000015|0.000000|1.000000|1.000000|1.000000
m60_47_51_00-AEG007_182_1130|13|499.392395|935.123535|400.713623|0.000000|-29.000000|0.000000|1.000000|1.000000|1.000000
m60_47_51_00-AEG007_182_1132|13|532.366455|932.069153|442.347351|0.000000|-156.500000|0.000000|1.000000|1.000000|1.000000
m60_47_51_00-AEG007_182_1134|13|380.870178|959.640076|325.179810|0.000000|9.000014|0.000000|1.000000|1.000000|1.000000
m60_47_51_00-AEG007_182_1136|13|437.410828|944.336731|400.649200|0.000000|173.500000|0.000000|1.000000|1.000000|1.000000
m60_47_51_00-AEG007_182_1137|13|436.591858|958.703125|443.165100|0.000000|-167.500000|0.000000|1.000000|1.000000|1.000000
m60_47_51_00-AEG007_182_1138|13|424.992981|953.393921|435.972473|0.000000|120.000008|0.000000|1.000000|1.000000|1.000000
m60_47_51_00-AEG007_182_1139|13|424.628937|878.998718|428.887207|0.000000|139.000000|0.000000|1.000000|1.000000|1.000000
m60_47_51_00-AEG007_182_1140|13|420.834534|937.750549|419.527161|0.000000|79.000015|0.000000|1.000000|1.000000|1.000000
m60_47_51_00-AEG007_182_1141|13|423.254028|931.506714|406.206635|11.913107|52.151520|-1.451917|1.000000|1.000000|1.000000
m60_47_51_00-AEG007_182_1142|13|414.555786|900.654236|409.291290|0.000000|136.500000|0.000000|1.000000|1.000000|1.000000
m60_47_51_00-AEG007_182_1143|13|474.194061|905.966003|436.064819|0.000000|83.000023|0.000000|1.000000|1.000000|1.000000
m60_47_51_00-AEG007_182_1144|13|484.911469|884.560730|437.733124|0.000000|-156.499985|0.000000|1.000000|1.000000|1.000000
m60_47_51_00-AEG007_182_1145|13|421.690155|944.100403|432.275421|0.000000|83.000023|0.000000|1.000000|1.000000|1.000000
m60_47_51_00-AEG007_183_1027|13|448.412354|773.246338|324.380920|0.000000|172.000015|0.000000|1.000000|1.000000|1.000000
m60_47_51_00-AEG007_183_1032|13|474.134216|804.960938|353.714539|0.000000|-98.000069|0.000000|1.000000|1.000000|1.000000
m60_47_51_00-AEG007_183_1035|13|355.127991|883.688782|349.850739|0.000000|136.500000|0.000000|1.000000|1.000000|1.000000
m60_47_51_00-AEG007_183_1037|13|305.057831|895.860962|333.071869|0.000000|131.000000|0.000000|1.000000|1.000000|1.000000
m60_47_51_00-AEG007_183_1041|13|407.230286|890.117920|364.095978|0.000000|163.000000|0.000000|1.000000|1.000000|1.000000
m60_47_51_00-AEG007_183_1042|13|401.068054|846.047852|383.853943|0.000000|165.000000|0.000000|1.000000|1.000000|1.000000
m60_47_51_00-AEG007_183_1050|13|380.120300|873.639404|355.807617|0.000000|163.000000|0.000000|1.000000|1.000000|1.000000
m60_47_51_00-AEG007_183_1054|13|421.984192|838.003662|403.013611|0.000000|0.500007|0.000000|1.000000|1.000000|1.000000
m60_47_51_00-AEG007_183_1067|13|330.763641|884.674072|352.149231|0.000000|-3.000000|0.000000|1.000000|1.000000|1.000000
m60_47_51_00-AEG007_183_1115|13|408.870514|888.870361|334.867157|0.000000|171.000000|0.000000|1.000000|1.000000|1.000000
m60_47_51_00-AEG007_183_1117|13|474.483826|824.619446|374.295593|0.000000|-44.999996|0.000000|1.000000|1.000000|1.000000
m60_47_51_00-AEG007_183_1119|13|494.444489|858.458496|406.344147|0.000000|-41.000000|0.000000|1.000000|1.000000|1.000000
m60_47_51_00-AEG007_183_1121|13|442.544312|877.348694|352.245758|0.000000|-37.499996|0.000000|1.000000|1.000000|1.000000
m60_47_51_00-AEG007_183_1123|13|452.809082|850.038940|400.440247|0.000000|155.500015|0.000000|1.000000|1.000000|1.000000
m60_47_51_00-AEG007_183_1125|13|425.843689|873.594482|386.804260|0.000000|125.000031|0.000000|1.000000|1.000000|1.000000
m60_47_51_00-AEG007_183_1127|13|518.411743|844.429260|431.612885|0.000000|165.000015|0.000000|1.000000|1.000000|1.000000
m60_47_51_00-AEG007_183_1129|13|484.550079|869.557739|415.303192|0.000000|154.500000|0.000000|1.000000|1.000000|1.000000
m60_47_51_00-AEG007_183_1131|13|380.489258|899.628662|323.459839|0.000000|-62.500008|0.000000|1.000000|1.000000|1.000000
m60_47_51_00-AEG007_183_1132|13|286.020874|918.449829|314.407532|0.000000|-92.999985|0.000000|1.000000|1.000000|1.000000
m60_47_51_00-AEG007_183_1133|13|441.940979|926.790283|433.044739|0.000000|172.500015|0.000000|1.000000|1.000000|1.000000
m60_47_51_00-AEG007_183_1134|13|460.372437|905.210449|423.564026|-8.380750|-149.432190|0.343886|1.000000|1.000000|1.000000
m60_47_51_00-AEG007_183_1135|13|441.940979|828.565430|429.678284|0.000000|-169.499985|0.000000|1.000000|1.000000|1.000000
m60_47_51_00-AEG007_183_1136|13|461.069763|840.684143|441.678802|0.000000|143.500015|0.000000|1.000000|1.000000|1.000000
m60_47_51_00-AEG007_183_1137|13|437.263489|741.540771|432.260925|0.000000|131.500015|0.000000|1.000000|1.000000|1.000000
m60_47_51_00-AEG007_183_1138|13|344.588684|741.540771|327.511200|0.000000|131.500015|0.000000|1.000000|1.000000|1.000000
m60_47_51_00-AEG007_184_1028|13|465.962067|679.561523|318.824280|0.005519|106.145226|-0.006442|1.000000|1.000000|1.000000
m60_47_51_00-AEG007_184_1030|13|322.713684|860.372070|288.547516|0.000000|-176.500000|0.000000|1.000000|1.000000|1.000000
m60_47_51_00-AEG007_184_1032|13|197.052246|624.131348|392.428925|3.364743|-164.028290|0.964177|1.000000|1.000000|1.000000
m60_47_51_00-AEG007_184_1033|13|168.958984|639.269531|399.126068|-4.807234|15.942135|-1.376566|1.000000|1.000000|1.000000
m60_47_51_00-AEG007_184_1034|13|464.027039|773.000977|403.072815|0.000000|150.000015|0.000000|1.000000|1.000000|1.000000
m60_47_51_00-AEG007_184_1035|13|472.086304|741.289062|420.726044|0.000000|-4.500076|0.000000|1.000000|1.000000|1.000000
m60_47_51_00-AEG007_184_1036|13|318.465210|598.316284|405.621094|0.000000|174.499969|0.000000|1.000000|1.000000|1.000000
m60_47_51_00-AEG007_184_1046|13|513.923462|731.670410|429.710144|0.000000|-173.500000|0.000000|1.000000|1.000000|1.000000
m60_47_51_00-AEG007_184_1061|13|501.291321|735.359863|402.870026|0.000000|-45.000004|0.000000|1.000000|1.000000|1.000000
m60_47_51_00-AEG007_184_1146|13|310.274200|793.305420|343.611328|0.000000|147.500015|0.000000|1.000000|1.000000|1.000000
m60_47_51_00-AEG007_184_1148|13|423.877808|769.423218|348.315399|0.000000|0.000000|0.000000|1.000000|1.000000|1.000000
m60_47_51_00-AEG007_184_1150|13|353.573547|805.590332|355.140228|0.000000|154.500000|0.000000|1.000000|1.000000|1.000000
m60_47_51_00-AEG007_184_1152|13|411.661835|762.824829|385.442993|0.000000|125.500000|0.000000|1.000000|1.000000|1.000000
m60_47_51_00-AEG007_184_1153|13|337.146973|741.976074|381.937714|0.000000|-162.000031|0.000000|1.000000|1.000000|1.000000
m60_47_51_00-AEG007_184_1154|13|395.106781|498.115601|430.544800|0.000000|-155.500031|0.000000|1.000000|1.000000|1.000000
m60_47_51_00-AEG007_185_1013|13|385.923828|688.049866|268.841034|0.000000|101.500008|0.000000|1.000000|1.000000|1.000000
m60_47_51_00-AEG007_185_1017|13|402.355865|673.229858|287.834900|0.000000|-76.000000|0.000000|1.000000|1.000000|1.000000
m60_47_51_00-AEG007_185_1019|13|336.284363|763.837402|312.766510|0.000000|43.999996|0.000000|1.000000|1.000000|1.000000
m60_47_51_00-AEG007_185_1020|13|310.502991|676.093750|267.734772|14.955849|17.652733|-1.163572|1.000000|1.000000|1.000000
m60_47_51_00-AEG007_185_1023|13|388.132477|635.005859|385.389374|0.000000|-178.999908|0.000000|1.000000|1.000000|1.000000
m60_47_51_00-AEG007_185_1084|13|484.131378|617.131958|366.383484|0.000000|-53.500011|0.000000|1.000000|1.000000|1.000000
m60_47_51_00-AEG007_185_1086|13|530.117249|588.633423|411.776581|0.000000|166.499985|0.000000|1.000000|1.000000|1.000000
m60_47_51_00-AEG007_185_1087|13|421.803711|365.553101|412.773346|0.000000|-168.500015|0.000000|1.000000|1.000000|1.000000
m60_47_51_00-AEG007_186_1014|13|71.189453|567.098877|363.297333|6.514443|-179.006683|0.114529|1.000000|1.000000|1.000000
m60_47_51_00-AEG007_186_1015|13|363.355469|465.031738|373.204071|0.015491|-175.000031|-0.000000|1.000001|1.000000|1.000001
m60_47_51_00-AEG007_186_1016|13|235.916870|511.599609|387.904755|-3.159837|-37.432568|2.433788|1.000000|1.000000|1.000000
m60_47_51_00-AEG007_186_1078|13|541.274780|374.129761|400.090546|0.000000|146.499985|0.000000|1.000000|1.000000|1.000000
m60_47_51_00-AEG008_359_2000|13|331.679016|1000.200195|319.435974|0.000000|0.000000|0.000000|1.000000|1.000000|1.000000
m60_47_51_00-AEG008_386_2000|13|302.234131|1115.800049|336.436035|-0.000002|120.000008|0.000000|1.000000|1.000000|1.000000
m60_47_51_00-AEG008_386_2001|13|331.679016|1115.800049|285.436005|-0.000002|0.000014|0.000000|1.000000|1.000000|1.000000
m60_47_51_00-AEG008_387_2000|13|302.234131|1115.800049|336.436035|0.000000|-60.000004|0.000000|1.000000|1.000000|1.000000
m60_47_51_00-AEG008_387_2001|13|314.679016|1115.800049|348.880859|0.000000|-30.000011|0.000000|1.000000|1.000000|1.000000
m60_47_51_00-AEG008_387_2002|13|331.679016|1115.800049|353.436005|0.000000|0.000010|0.000000|1.000000|1.000000|1.000000
m60_47_51_00-AEG008_387_2003|13|348.679016|1115.800049|348.880859|0.000000|30.000004|0.000000|1.000000|1.000000|1.000000
m60_47_51_00-AEG008_387_2004|13|361.123901|1115.800049|336.436005|0.000000|59.999969|0.000000|1.000000|1.000000|1.000000
m60_47_51_00-AEG008_387_2005|13|365.679016|1115.800049|319.436005|0.000000|90.000023|0.000000|1.000000|1.000000|1.000000
m60_47_51_00-AEG008_387_2006|13|361.123901|1115.800049|302.436005|0.000000|120.000008|0.000000|1.000000|1.000000|1.000000
m60_47_51_00-AEG008_387_2007|13|331.679016|1115.800049|285.436005|0.000035|-180.000000|0.000000|1.000000|1.000000|1.000000
m60_47_51_00-AEG008_387_2008|13|314.679016|1115.800049|289.991150|0.000035|-150.000015|-0.000000|1.000000|1.000000|1.000000
m60_47_51_00-AEG008_387_2009|13|302.234131|1115.800049|302.436005|0.000035|-120.000008|0.000000|1.000000|1.000000|1.000000
m60_47_51_00-AEG099_060_9000|13|379.364014|999.185974|359.839996|0.000000|-123.063004|0.000000|1.000000|1.000000|1.000000
