m44525200_0000|0|-128.000000|0.000000|-128.000000|0.000000|0.000000|0.000000|1.000000|1.000000|1.000000
m44525201_0000|0|-128.000000|0.000000|-128.000000|0.000000|0.000000|0.000000|1.000000|1.000000|1.000000
m45525300_0000|0|-128.000000|0.000000|128.000000|0.000000|0.000000|0.000000|1.000000|1.000000|1.000000
m54535200_0000|0|128.000000|0.000000|-128.000000|0.000000|0.000000|0.000000|1.000000|1.000000|1.000000
m54535201_0000|0|128.000000|0.000000|-128.000000|0.000000|0.000000|0.000000|1.000000|1.000000|1.000000
m55535300_0000|0|128.000000|0.000000|128.000000|0.000000|0.000000|0.000000|1.000000|1.000000|1.000000
m55535301_0000|0|128.000000|0.000000|128.000000|0.000000|0.000000|0.000000|1.000000|1.000000|1.000000
m60_52_52_00-AEG001_420_7156|13|-192.950287|1829.989014|-97.612961|-18.076790|-119.634209|13.515103|1.000000|1.000000|1.000000
m60_52_52_00-AEG001_420_7157|13|-194.491425|1830.131714|-98.610405|10.835196|147.832321|9.491627|1.000000|1.000000|1.000000
m60_52_52_00-AEG001_420_7158|13|-194.470795|1829.915039|-96.820808|2.455054|-111.922394|4.180233|1.000000|1.000000|1.000000
m60_52_52_00-AEG001_420_7159|13|-194.511826|1830.208130|-96.798141|24.947878|-26.157000|18.993542|1.000000|1.000000|1.000000
m60_52_52_00-AEG001_420_7162|13|-207.430756|1828.384888|-98.766464|-28.834972|139.820328|17.563477|1.000000|1.000000|1.000000
m60_52_52_00-AEG001_420_7163|13|-206.122833|1828.843262|-99.978775|15.844663|43.135303|19.506348|1.000000|1.000000|1.000000
m60_52_52_00-AEG001_420_7164|13|-107.681839|1838.427490|-55.728523|-21.891085|161.480164|12.886991|1.000000|1.000000|1.000000
m60_52_52_00-AEG001_420_7165|13|-106.980698|1838.689819|-57.410789|10.388985|68.163269|13.232335|1.000000|1.000000|1.000000
m60_52_52_00-AEG001_420_7166|13|-128.719025|1842.980957|-92.654289|-8.384919|31.535198|33.490711|1.000000|1.000000|1.000000
m60_52_52_00-AEG001_420_7167|13|-128.738907|1842.819946|-91.950500|27.879908|-35.489712|13.106216|1.000000|1.000000|1.000000
m60_52_52_00-AEG001_420_7168|13|-205.774200|1829.210083|-39.714516|-19.425226|-109.032883|19.407660|1.000000|1.000000|1.000000
m60_52_52_00-AEG001_420_7169|13|-207.459183|1829.381836|-40.436844|16.882675|157.002930|10.450252|1.000000|1.000000|1.000000
m60_52_52_00-AEG001_420_7170|13|-17.887772|1868.872070|-117.603638|-24.423450|150.513428|5.527066|1.000000|1.000000|1.000000
m60_52_52_00-AEG001_420_7171|13|-16.909950|1869.228638|-119.122574|2.907146|58.685677|16.065685|1.000000|1.000000|1.000000
m60_52_52_00-AEG001_420_7172|13|-161.143814|1835.695312|-91.091217|-29.754564|75.968048|29.664413|1.000000|1.000000|1.000000
m60_52_52_00-AEG001_420_7173|13|-159.512756|1836.122559|-90.351257|28.626547|-25.260012|18.451719|1.000000|1.000000|1.000000
m60_52_52_00-AEG001_420_7174|13|-152.636292|1831.860840|-50.371452|-22.471067|-100.426636|18.530207|1.000000|1.000000|1.000000
m60_52_52_00-AEG001_420_7175|13|-154.391983|1832.126465|-50.858727|16.214170|164.756989|13.389419|1.000000|1.000000|1.000000
m60_52_52_00-AEG001_420_7188|13|-63.159584|1856.709595|-88.870087|8.723625|-19.242640|10.488452|1.000000|1.000000|1.000000
m60_52_52_00-AEG001_420_7189|13|-63.669769|1856.027832|-87.237518|7.981016|-106.287025|-16.731638|1.000000|1.000000|1.000000
m60_52_52_00-AEG001_420_7196|13|-129.071854|1843.435791|-93.856934|-4.840470|117.761436|5.306062|1.000000|1.000000|1.000000
m60_52_52_00-AEG001_420_7197|13|-129.536804|1843.731079|-93.880417|23.219728|-156.617111|11.827314|1.000000|1.000000|1.000000
m60_52_52_00-AEG001_420_7198|13|-60.427010|1865.169434|-141.653809|8.299830|68.800232|19.685684|1.000000|1.000000|1.000000
m60_52_52_00-AEG001_420_7199|13|-60.387161|1865.457397|-141.593491|8.297987|162.056168|24.906078|1.000000|1.000000|1.000000
m60_52_52_00-AEG001_420_7206|13|-21.474625|1867.644409|-116.584442|-2.123153|-139.262756|-9.380747|1.000000|1.000000|1.000000
m60_52_52_00-AEG001_420_7207|13|-21.557831|1867.922241|-116.521210|38.467415|-57.033703|12.988132|1.000000|1.000000|1.000000
m60_52_52_00-AEG001_420_7216|13|-155.883667|1831.738037|-45.037155|-1.690225|-68.378441|7.057220|1.000000|1.000000|1.000000
m60_52_52_00-AEG001_420_7217|13|-155.883759|1832.034058|-45.014084|21.650404|17.947563|15.074762|1.000000|1.000000|1.000000
m60_52_52_00-AEG001_420_7218|13|-205.993301|1828.878052|-44.760292|6.480272|160.747040|4.281563|1.000000|1.000000|1.000000
m60_52_52_00-AEG001_420_7219|13|-206.010864|1829.168457|-44.819260|25.148706|-113.262497|23.004690|1.000000|1.000000|1.000000
m60_52_52_00-AEG007_193_1030|13|-248.845612|1824.144287|-38.634834|-10.285523|80.352997|3.920939|1.000000|1.000000|1.000000
m60_52_52_00-AEG007_193_1031|13|-261.751038|1823.824707|-42.903816|-10.473840|118.690056|-3.380314|1.000000|1.000000|1.000000
m60_52_52_00-AEG007_193_1032|13|-249.297195|1820.913330|-38.279198|-13.900325|81.346733|9.331704|1.000000|1.000000|1.000000
m60_52_52_00-AEG007_193_1033|13|-249.723694|1819.381226|-38.797150|-9.669119|60.368423|13.670189|1.000000|1.000000|1.000000
m60_52_52_00-AEG007_194_1028|13|-258.928680|1818.311646|-43.806610|1.260553|-162.379425|-10.928419|1.000000|1.000000|1.000000
m60_52_52_00-AEG007_194_1029|13|-248.639923|1817.987305|-40.550018|1.260553|-162.379425|-10.928419|1.000000|1.000000|1.000000
m60_52_52_00-AEG007_194_1030|13|-231.868881|1818.062012|-30.676453|6.043215|-135.512894|-9.208403|1.000000|1.000000|1.000000
m60_52_52_00-AEG007_194_1109|13|-138.271255|1851.335693|-128.860779|-9.648544|129.551727|-5.307789|1.000000|1.000000|1.000000
m60_52_52_00-AEG007_194_1110|13|-132.697708|1850.259155|-120.107574|-10.802703|111.802742|-2.086485|1.000000|1.000000|1.000000
m60_52_52_00-AEG007_194_1111|13|-135.204971|1853.480103|-123.542397|-7.959805|57.530739|7.616808|1.000000|1.000000|1.000000
m60_52_52_00-AEG007_194_1112|13|-122.680992|1853.157837|-98.630875|-10.802703|111.802742|-2.086485|1.000000|1.000000|1.000000
m60_52_52_00-AEG007_194_1113|13|-121.056557|1851.478394|-97.431198|2.880072|-153.732193|-10.620768|1.000000|1.000000|1.000000
m60_52_52_00-AEG007_194_1114|13|-115.544113|1846.704102|-93.493988|-10.530351|84.294846|3.198060|1.000000|1.000000|1.000000
m60_52_52_00-AEG007_194_1115|13|-122.778175|1851.551392|-103.913681|-7.267413|52.526752|8.279692|1.000000|1.000000|1.000000
m60_52_52_00-AEG007_194_1116|13|-124.790131|1850.364258|-108.732330|-10.979995|104.435890|-0.667419|1.000000|1.000000|1.000000
m60_52_53_00-AEG001_420_7156|13|-58.207199|1854.867065|245.665009|1.826047|3.615641|35.587193|1.000000|1.000000|1.000000
m60_52_53_00-AEG001_420_7157|13|-57.877548|1854.444580|247.426605|33.075291|-80.655975|-8.316202|1.000000|1.000000|1.000000
m60_52_53_00-AEG001_420_7158|13|-61.623260|1823.524170|72.779991|-3.381412|-164.152344|11.193069|1.000000|1.000000|1.000000
m60_52_53_00-AEG001_420_7159|13|-61.441307|1823.821045|72.923912|17.290236|-77.012894|13.642321|1.000000|1.000000|1.000000
m60_52_53_00-AEG001_420_7160|13|-63.795135|1835.771240|-10.011276|-24.166983|128.604294|10.773814|1.000000|1.000000|1.000000
m60_52_53_00-AEG001_420_7161|13|-62.300774|1836.108887|-11.032715|8.343472|35.329685|15.578048|1.000000|1.000000|1.000000
m60_52_53_00-AEG001_420_7164|13|-34.935432|1835.906738|9.242584|-1.045070|13.957008|15.958332|1.000000|1.000000|1.000000
m60_52_53_00-AEG001_420_7165|13|-34.344116|1835.521851|10.309303|13.143945|-74.263748|-6.994955|1.000000|1.000000|1.000000
m60_52_53_00-AEG001_420_7168|13|-14.513939|1836.574097|9.545235|4.000769|-40.134346|-7.554344|1.000000|1.000000|1.000000
m60_52_53_00-AEG001_420_7169|13|-14.989525|1836.852905|9.476585|37.474182|41.468124|19.242060|1.000000|1.000000|1.000000
m60_52_53_00-AEG001_420_7170|13|-47.849800|1827.715088|55.206619|10.693307|-104.573929|1.404023|1.000000|1.000000|1.000000
m60_52_53_00-AEG001_420_7171|13|-47.107422|1827.998901|55.237846|28.687490|-19.870419|26.967159|1.000000|1.000000|1.000000
m60_52_53_00-AEG001_420_7174|13|-218.618683|1800.416870|95.621780|-2.608809|59.843590|14.124895|1.000000|1.000000|1.000000
m60_52_53_00-AEG001_420_7175|13|-218.622925|1800.713379|95.636887|14.303043|147.879349|14.519162|1.000000|1.000000|1.000000
m60_52_53_00-AEG001_420_7176|13|-97.533104|1814.552246|90.516510|20.753607|47.267467|29.995821|1.000000|1.000000|1.000000
m60_52_53_00-AEG001_420_7177|13|-97.501938|1814.811157|90.658257|-5.463972|152.656860|34.458088|1.000000|1.000000|1.000000
m60_52_53_00-AEG001_420_7186|13|-109.145966|1825.597412|48.634743|6.973415|-25.873678|22.238161|1.000000|1.000000|1.000000
m60_52_53_00-AEG001_420_7187|13|-109.218376|1825.884399|48.365562|5.589668|68.018425|23.510361|1.000000|1.000000|1.000000
m60_52_53_00-AEG001_420_7188|13|-120.417564|1825.979492|15.986084|1.826120|-127.353676|-4.348406|1.000000|1.000000|1.000000
m60_52_53_00-AEG001_420_7189|13|-120.486771|1826.264404|16.033195|33.821056|-44.372929|17.527758|1.000000|1.000000|1.000000
m60_52_53_00-AEG001_420_7192|13|-52.990326|1829.654297|41.731934|4.944229|-40.156223|-5.761374|1.000000|1.000000|1.000000
m60_52_53_00-AEG001_420_7193|13|-52.951591|1829.935181|41.080879|35.728844|41.929096|20.424181|1.000000|1.000000|1.000000
m60_52_53_00-AEG001_420_7198|13|-160.146240|1812.918579|178.955109|-14.498181|-140.837753|33.895519|1.000000|1.000000|1.000000
m60_52_53_00-AEG001_420_7199|13|-161.242645|1812.920532|177.475815|31.160433|125.489304|5.052610|1.000000|1.000000|1.000000
m60_52_53_00-AEG001_420_7200|13|-84.907837|1822.784912|67.392029|-30.162033|-162.156799|8.305444|1.000000|1.000000|1.000000
m60_52_53_00-AEG001_420_7201|13|-85.307098|1823.312622|65.673737|6.118858|104.284660|21.627834|1.000000|1.000000|1.000000
m60_52_53_00-AEG001_420_7202|13|-52.586006|1830.449829|35.404678|-5.866726|20.888662|11.072233|1.000000|1.000000|1.000000
m60_52_53_00-AEG001_420_7203|13|-52.734764|1830.212769|36.505035|8.163462|-68.868591|-2.389455|1.000000|1.000000|1.000000
m60_52_53_00-AEG001_420_7204|13|-112.259682|1821.190430|229.488953|-26.208105|54.953411|16.874882|1.000000|1.000000|1.000000
m60_52_53_00-AEG001_420_7205|13|-110.901108|1821.573120|230.671387|14.841175|-40.638744|17.085165|1.000000|1.000000|1.000000
m60_52_53_00-AEG001_420_7206|13|-61.477425|1832.139893|18.002518|-24.029358|-177.640030|12.607677|1.000000|1.000000|1.000000
m60_52_53_00-AEG001_420_7207|13|-61.407951|1832.468872|16.192154|10.233995|88.609444|15.331147|1.000000|1.000000|1.000000
m60_52_53_00-AEG001_420_7208|13|-17.131248|1825.033936|90.098114|-9.723236|-22.056890|8.080791|1.000000|1.000000|1.000000
m60_52_53_00-AEG001_420_7209|13|-17.870491|1824.920532|91.780693|5.179646|-112.481461|1.419325|1.000000|1.000000|1.000000
m60_52_53_00-AEG001_420_7210|13|-222.300629|1798.591675|94.614639|-27.715626|-2.737435|16.720901|1.000000|1.000000|1.000000
m60_52_53_00-AEG001_420_7211|13|-222.585754|1799.019897|96.382599|14.833697|-98.762993|18.536522|1.000000|1.000000|1.000000
m60_52_53_00-AEG001_420_7212|13|-158.190491|1817.445557|218.295471|-19.096628|24.501652|14.519963|1.000000|1.000000|1.000000
m60_52_53_00-AEG001_420_7213|13|-157.536926|1817.617798|220.008240|11.902416|-68.463493|10.431802|1.000000|1.000000|1.000000
m60_52_53_00-AEG001_420_7214|13|-71.608330|1818.757202|98.348862|-11.857597|-23.072117|22.186672|1.000000|1.000000|1.000000
m60_52_53_00-AEG001_420_7215|13|-72.653152|1818.697754|99.244843|19.328781|-114.637497|3.248953|1.000000|1.000000|1.000000
m60_52_53_00-AEG001_420_7216|13|-177.735474|1806.783813|107.575729|-26.901897|109.652611|11.516580|1.000000|1.000000|1.000000
m60_52_53_00-AEG001_420_7217|13|-176.001144|1807.203735|107.121643|9.297790|15.571855|18.208302|1.000000|1.000000|1.000000
m60_52_53_00-AEG001_420_7218|13|-9.368454|1827.462769|242.807220|-13.323594|-72.369324|9.446973|1.000000|1.000000|1.000000
m60_52_53_00-AEG001_420_7219|13|-11.143082|1827.462158|243.298248|6.593073|-163.421341|4.960001|1.000000|1.000000|1.000000
m60_52_53_00-AEG001_420_7220|13|-138.865738|1830.651855|-4.347214|0.338040|-22.962465|5.548440|1.000000|1.000000|1.000000
m60_52_53_00-AEG001_420_7221|13|-139.589447|1830.223022|-2.709274|2.668761|-112.347252|-8.577295|1.000000|1.000000|1.000000
m60_52_53_00-AEG001_420_7222|13|-172.420715|1809.390259|100.690147|-20.605213|-40.780155|15.784644|1.000000|1.000000|1.000000
m60_52_53_00-AEG001_420_7223|13|-173.712234|1809.606323|101.984642|13.274358|-134.404358|11.812950|1.000000|1.000000|1.000000
m60_52_53_00-AEG001_420_7224|13|-180.218445|1804.965820|153.345886|-5.419985|-91.396248|22.643547|1.000000|1.000000|1.000000
m60_52_53_00-AEG001_420_7225|13|-182.042633|1804.715820|153.331314|19.749853|179.493378|-2.704437|1.000000|1.000000|1.000000
m60_52_53_00-AEG001_420_7226|13|-13.706924|1824.492554|132.285507|-14.979541|-129.099777|15.690435|1.000000|1.000000|1.000000
m60_52_53_00-AEG001_420_7227|13|-14.358063|1824.535522|131.061005|12.908363|138.861038|6.409562|1.000000|1.000000|1.000000
m60_52_53_00-AEG003_071_1000|13|-35.007812|1824.782104|208.756836|-0.000637|-172.946518|0.005464|1.000000|1.000000|1.000000
m60_52_53_00-AEG003_071_1001|13|-35.077400|1827.222900|218.969849|0.020463|-173.145645|0.115294|1.000000|1.000000|1.000000
m60_52_53_00-AEG004_681_1014|13|-33.165527|1824.285034|204.583984|0.735120|16.048355|-3.411567|1.000000|1.000000|1.000000
m60_52_53_00-AEG004_681_1015|13|-35.678223|1824.008179|204.905273|1.068979|30.357073|-3.070448|1.000000|1.000000|1.000000
m60_52_53_00-AEG004_681_1031|13|-37.532227|1824.545532|205.976562|-0.798682|31.442736|-4.731445|1.000000|1.000000|1.000000
m60_52_53_00-AEG007_025_1133|13|-11.824936|1826.518799|250.728088|0.000000|68.625748|0.000000|1.000000|1.000000|1.000000
m60_52_53_00-AEG007_037_1000|13|-232.604309|1813.483521|62.577385|-69.068138|-34.890976|102.337471|1.000000|1.000000|1.000000
m60_52_53_00-AEG007_037_1001|13|-244.767578|1811.580078|58.450943|-2.928745|-121.491196|78.046089|1.000000|1.000000|1.000000
m60_52_53_00-AEG007_037_1002|13|-247.767990|1806.266235|56.960541|17.275412|-134.771515|87.340088|1.000000|1.000000|1.000000
m60_52_53_00-AEG007_037_1003|13|-223.541214|1810.147461|61.816711|88.420158|-145.795929|80.000801|1.000000|1.000000|1.000000
m60_52_53_00-AEG007_037_1004|13|-219.549316|1809.078247|59.280716|-96.659142|37.163116|-0.982644|1.000000|1.000000|1.000000
m60_52_53_00-AEG007_037_1005|13|-211.660995|1805.900146|55.709778|-83.301254|-176.787079|-0.659101|1.000000|1.000000|1.000000
m60_52_53_00-AEG007_037_1010|13|-154.712402|1798.082520|126.288811|-94.961227|-36.420578|0.469263|1.000000|1.000000|1.000000
m60_52_53_00-AEG007_037_1015|13|-207.912964|1806.803955|57.293076|9.767753|-84.202370|96.652138|1.000000|1.000000|1.000000
m60_52_53_00-AEG007_037_1016|13|-207.983215|1815.327148|56.388504|-3.102511|-72.831230|76.207687|1.000000|1.000000|1.000000
m60_52_53_00-AEG007_037_1017|13|-198.529083|1809.614380|54.562012|19.736847|-101.185455|75.750053|1.000000|1.000000|1.000000
m60_52_53_00-AEG007_037_1019|13|-194.564301|1815.758423|32.447159|174.203918|52.981113|75.931335|1.000000|1.000000|1.000000
m60_52_53_00-AEG007_037_1020|13|-167.473648|1803.491943|102.427780|-3.475121|39.054016|78.042923|1.000000|1.000000|1.000000
m60_52_53_00-AEG007_037_1021|13|-177.596603|1795.425537|82.770836|-93.009331|-64.578629|-3.341785|1.000000|1.000000|1.000000
m60_52_53_00-AEG007_037_1022|13|-229.887161|1814.906006|14.321594|157.894516|71.556877|82.551468|1.000000|1.000000|1.000000
m60_52_53_00-AEG007_037_1023|13|-200.840546|1811.628540|26.782127|-79.486847|-48.595390|179.541626|1.000000|1.000000|1.000000
m60_52_53_00-AEG007_037_1024|13|-195.291885|1808.908203|30.106712|-10.226743|61.289509|85.411148|1.000000|1.000000|1.000000
m60_52_53_00-AEG007_037_1025|13|-125.446358|1799.245850|144.921143|-95.032860|-53.101643|7.424581|1.000000|1.000000|1.000000
m60_52_53_00-AEG007_037_1026|13|-131.592911|1799.260376|142.228348|-101.235054|4.914565|-2.166392|1.000000|1.000000|1.000000
m60_52_53_00-AEG007_037_1027|13|-146.679749|1810.155640|40.327904|76.675865|-57.150196|-171.953400|1.000000|1.000000|1.000000
m60_52_53_00-AEG007_037_1029|13|-148.810883|1826.793091|15.295891|8.564965|179.930359|81.255981|1.000000|1.000000|1.000000
m60_52_53_00-AEG007_037_1030|13|-116.062782|1805.574219|152.211166|-102.262283|6.873099|-12.100142|1.000000|1.000000|1.000000
m60_52_53_00-AEG007_037_1031|13|-137.251923|1804.223389|139.376053|-31.644133|-80.160973|102.921318|1.000000|1.000000|1.000000
m60_52_53_00-AEG007_037_1032|13|-112.511276|1778.483887|107.605606|102.842079|-70.813446|-5.684321|1.000000|1.000000|1.000000
m60_52_53_00-AEG007_037_1034|13|-141.855347|1823.937988|67.653366|-26.664389|-140.905487|77.455086|1.000000|1.000000|1.000000
m60_52_53_00-AEG007_037_1041|13|-59.895844|1820.732178|145.199539|21.962688|31.424990|106.852173|1.000000|1.000000|1.000000
m60_52_53_00-AEG007_037_1044|13|-69.778397|1822.652832|136.636871|-4.606507|38.538113|102.658768|1.000000|1.000000|1.000000
m60_52_53_00-AEG007_037_1045|13|-256.964752|1813.420898|-2.543503|-105.139252|-32.775951|-3.130269|1.000000|1.000000|1.000000
m60_52_53_00-AEG007_037_1046|13|-247.915924|1815.807983|3.312675|-169.741287|43.822079|82.327347|1.000000|1.000000|1.000000
m60_52_53_00-AEG007_037_1047|13|-242.710968|1811.406860|7.211220|1.722514|61.621761|82.256805|1.000000|1.000000|1.000000
m60_52_53_00-AEG007_037_1048|13|-216.727921|1815.118164|18.053490|-157.695862|65.700134|79.015915|1.000000|1.000000|1.000000
m60_52_53_00-AEG007_037_1049|13|-210.653961|1811.052246|20.410339|-79.929108|163.169983|4.392524|1.000000|1.000000|1.000000
m60_52_53_00-AEG007_037_1057|13|-238.129669|1808.093018|62.168564|62.707870|-165.607788|77.022598|1.000000|1.000000|1.000000
m60_52_53_00-AEG007_037_1058|13|-160.257721|1810.656616|0.288979|83.372299|149.475327|81.770874|1.000000|1.000000|1.000000
m60_52_53_00-AEG007_037_1059|13|-136.086777|1823.217529|23.037521|2.872303|-30.524654|98.229080|1.000000|1.000000|1.000000
m60_52_53_00-AEG007_037_1060|13|-130.773010|1825.715698|14.334480|-8.127689|-30.524652|98.229103|1.000000|1.000000|1.000000
m60_52_53_00-AEG007_037_1061|13|-131.062210|1824.349609|49.707001|-26.087372|84.463715|87.304993|1.000000|1.000000|1.000000
m60_52_53_00-AEG007_037_1062|13|-84.050201|1821.692993|107.860229|-4.587461|84.463852|87.304993|1.000000|1.000000|1.000000
m60_52_53_00-AEG007_037_1063|13|-71.229393|1819.908813|107.430153|4.764009|89.136696|77.316292|1.000000|1.000000|1.000000
m60_52_53_00-AEG007_037_1064|13|-88.228180|1817.323608|107.373009|11.412640|84.463722|87.304993|1.000000|1.000000|1.000000
m60_52_53_00-AEG007_037_1065|13|-108.059090|1818.640259|97.579948|38.414772|-67.677261|79.153473|1.000000|1.000000|1.000000
m60_52_53_00-AEG007_037_1066|13|-104.874046|1814.346802|92.689674|38.414772|-67.677261|79.153473|1.000000|1.000000|1.000000
m60_52_53_00-AEG007_037_1067|13|-93.303688|1821.016846|73.526833|48.414749|-67.677231|79.153473|1.000000|1.000000|1.000000
m60_52_53_00-AEG007_037_1068|13|-89.999146|1822.454224|121.390411|4.936601|-126.501129|75.021919|1.000000|1.000000|1.000000
m60_52_53_00-AEG007_037_1069|13|-192.654724|1817.488770|171.733826|-106.854202|-27.116117|85.696205|1.000000|1.000000|1.000000
m60_52_53_00-AEG007_037_1070|13|-186.533691|1818.343140|178.327576|-25.697969|-115.252296|77.579979|1.000000|1.000000|1.000000
m60_52_53_00-AEG007_037_1071|13|-181.725891|1803.777222|158.052185|123.645821|-27.116220|85.696159|1.000000|1.000000|1.000000
m60_52_53_00-AEG007_037_1072|13|-175.891876|1812.408691|168.977722|-8.917907|52.629547|70.466103|1.000000|1.000000|1.000000
m60_52_53_00-AEG007_037_1073|13|-166.239304|1812.108887|179.069122|81.876411|-9.006907|80.866295|1.000000|1.000000|1.000000
m60_52_53_00-AEG007_037_1075|13|-197.714050|1810.912720|160.572571|6.715848|90.919571|57.709732|1.000000|1.000000|1.000000
m60_52_53_00-AEG007_037_1076|13|-175.484100|1819.010376|179.897781|-13.803963|-45.407253|82.757172|1.000000|1.000000|1.000000
m60_52_53_00-AEG007_037_1077|13|-147.380112|1818.399414|209.699585|-64.676376|-70.064583|97.143364|1.000000|1.000000|1.000000
m60_52_53_00-AEG007_037_1078|13|-147.044205|1817.483032|198.460770|-55.423286|-176.728943|81.256210|1.000000|1.000000|1.000000
m60_52_53_00-AEG007_037_1079|13|-131.438583|1819.137573|203.136169|32.576714|3.271056|98.743774|1.000000|1.000000|1.000000
m60_52_53_00-AEG007_039_1001|13|-192.458038|1797.675171|45.373039|78.552666|113.567719|3.413056|1.000000|1.000000|1.000000
m60_52_53_00-AEG007_039_1003|13|-219.664246|1815.791260|60.050644|-12.194205|-72.433411|-94.208549|1.000000|1.000000|1.000000
m60_52_53_00-AEG007_039_1005|13|-109.738739|1794.196411|108.689056|82.976265|-52.442215|-178.865997|1.000000|1.000000|1.000000
m60_52_53_00-AEG007_039_1007|13|-138.535950|1808.121460|44.880165|58.292770|-60.878181|-164.740448|1.000000|1.000000|1.000000
m60_52_53_00-AEG007_039_1009|13|-188.474548|1797.399414|58.269890|-97.199013|-72.518677|-12.113403|1.000000|1.000000|1.000000
m60_52_53_00-AEG007_042_1000|13|-240.790344|1803.247559|60.992188|13.863084|-128.754852|88.054390|1.000000|1.000000|1.000000
m60_52_53_00-AEG007_042_1001|13|-196.373947|1806.249634|56.136383|-2.448349|-76.947998|81.260773|1.000000|1.000000|1.000000
m60_52_53_00-AEG007_042_1010|13|-230.860870|1802.875122|61.300522|-51.041111|-28.516323|-163.122208|1.000000|1.000000|1.000000
m60_52_53_00-AEG007_042_1011|13|-229.338654|1802.305298|66.123001|-6.761812|71.274406|94.979721|1.000000|1.000000|1.000000
m60_52_53_00-AEG007_042_1012|13|-234.523804|1803.316650|64.072433|32.311607|32.472908|94.893608|1.000000|1.000000|1.000000
m60_52_53_00-AEG007_042_1013|13|-224.339005|1805.151367|65.365097|-33.310066|-31.581326|102.238251|1.000000|1.000000|1.000000
m60_52_53_00-AEG007_042_1014|13|-217.469879|1805.421997|61.741287|-42.318363|150.982834|84.299789|1.000000|1.000000|1.000000
m60_52_53_00-AEG007_042_1041|13|-95.521248|1824.254761|109.903877|-47.109402|-155.577194|82.018364|1.000000|1.000000|1.000000
m60_52_53_00-AEG007_042_1042|13|-233.410095|1805.938599|64.848824|35.311619|-147.527054|85.106308|1.000000|1.000000|1.000000
m60_52_53_00-AEG007_042_1043|13|-199.104782|1815.475830|56.329742|-2.448349|-76.947998|81.260773|1.000000|1.000000|1.000000
m60_52_53_00-AEG007_042_1044|13|-188.892624|1816.136963|52.495689|-85.753250|68.841934|-173.279480|1.000000|1.000000|1.000000
m60_52_53_00-AEG007_042_1045|13|-190.410553|1808.151245|53.548943|38.551640|-76.947990|81.260773|1.000000|1.000000|1.000000
m60_52_53_00-AEG007_042_1046|13|-135.079453|1828.378784|21.722824|3.372295|-30.524649|98.229080|1.000000|1.000000|1.000000
m60_52_53_00-AEG007_042_1047|13|-122.250549|1824.906982|56.230408|-26.087372|84.463715|87.304993|1.000000|1.000000|1.000000
m60_52_53_00-AEG007_042_1048|13|-129.697357|1828.314697|49.501160|-26.087372|84.463715|87.304993|1.000000|1.000000|1.000000
m60_52_53_00-AEG007_042_1049|13|-63.765137|1823.215210|105.602333|7.994287|78.151566|105.421135|1.000000|1.000000|1.000000
m60_52_53_00-AEG007_042_1050|13|-108.626389|1814.882080|102.481110|-146.974228|-56.497383|79.659721|1.000000|1.000000|1.000000
m60_52_53_00-AEG007_042_1051|13|-108.415810|1811.404297|101.901817|87.684044|80.849625|98.095001|1.000000|1.000000|1.000000
m60_52_53_00-AEG007_042_1052|13|-99.432175|1817.422852|86.861977|-154.499435|-64.778114|72.735786|1.000000|1.000000|1.000000
m60_52_53_00-AEG007_042_1053|13|-189.877350|1811.716187|158.862411|2.028416|96.439339|71.373047|1.000000|1.000000|1.000000
m60_52_53_00-AEG007_042_1054|13|-250.186981|1817.978882|253.647919|-29.188396|-147.527100|85.106392|1.000000|1.000000|1.000000
m60_52_53_00-AEG007_045_1005|13|-235.943192|1818.330322|47.194519|-0.000001|153.945862|-0.000000|1.000000|1.000000|1.000000
m60_52_53_00-AEG007_045_1007|13|-74.521660|1824.888916|200.747986|-0.000002|75.419624|-0.000000|1.000000|1.000000|1.000000
m60_52_53_00-AEG007_045_1010|13|-208.571228|1800.535522|95.305565|-0.000003|136.419662|-0.000001|1.000000|1.000000|1.000000
m60_52_53_00-AEG007_045_1011|13|-155.588409|1806.138306|137.918442|-0.000001|125.919632|-0.000001|1.000000|1.000000|1.000000
m60_52_53_00-AEG007_045_1012|13|-208.756195|1796.675415|136.940857|-0.000003|67.919640|0.000001|1.000000|1.000000|1.000000
m60_52_53_00-AEG007_045_1013|13|-179.514130|1824.408081|170.901566|-0.000001|-25.580410|-0.000000|1.000000|1.000000|1.000000
m60_52_53_00-AEG007_045_1014|13|-202.692429|1817.932007|219.302185|0.000000|-29.580381|-0.000000|1.000000|1.000000|1.000000
m60_52_53_00-AEG007_046_1004|13|-236.545166|1831.414917|48.450485|11.131927|154.445892|-0.000001|1.000000|1.000000|1.000000
m60_52_53_00-AEG007_046_1007|13|-75.872276|1837.973511|200.407959|11.131898|75.919685|-0.000011|1.000000|1.000000|1.000000
m60_52_53_00-AEG007_046_1010|13|-209.523407|1813.620117|96.321991|11.131896|136.919708|-0.000010|1.000000|1.000000|1.000000
m60_52_53_00-AEG007_046_1011|13|-156.709869|1819.222900|138.744324|11.131898|126.419701|-0.000012|1.000000|1.000000|1.000000
m60_52_53_00-AEG007_046_1012|13|-210.050873|1809.760010|136.427444|11.131893|68.419685|-0.000011|1.000000|1.000000|1.000000
m60_52_53_00-AEG007_046_1013|13|-178.922638|1837.492676|169.640640|11.131899|-25.080353|-0.000010|1.000000|1.000000|1.000000
m60_52_53_00-AEG007_046_1014|13|-202.014420|1831.016602|218.085602|11.131899|150.919662|-0.000010|1.000000|1.000000|1.000000
m60_52_53_00-AEG007_047_1004|13|-241.958862|1822.330933|46.338585|36.522419|159.331055|-16.223099|1.000000|1.000000|1.000000
m60_52_53_00-AEG007_047_1011|13|-160.496017|1810.088623|134.336502|21.000010|125.919662|-0.000004|1.000000|1.000000|1.000000
m60_52_53_00-AEG007_047_1012|13|-208.319168|1804.290039|130.880829|14.999999|67.919670|-0.000003|1.000000|1.000000|1.000000
m60_52_53_00-AEG007_048_1005|13|-233.264206|1828.652710|52.238495|17.138117|151.741562|7.170523|1.000000|1.000000|1.000000
m60_52_53_00-AEG007_048_1012|13|-155.286346|1815.359619|145.012161|-0.000009|117.919662|12.999995|1.000000|1.000000|1.000000
m60_52_53_00-AEG007_049_1002|13|-18.749062|1823.530518|223.180191|0.000000|-38.225353|0.000000|1.000000|1.000000|1.000000
m60_52_53_00-AEG007_049_1004|13|-98.514809|1818.111450|227.478210|0.000000|19.774668|0.000000|1.000000|1.000000|1.000000
m60_52_53_00-AEG007_049_1005|13|-49.415848|1825.283936|248.840485|0.000000|83.774681|0.000000|1.000000|1.000000|1.000000
m60_52_53_00-AEG007_049_1006|13|-134.403717|1824.523438|205.370377|0.000000|-38.225353|0.000000|1.000000|1.000000|1.000000
m60_52_53_00-AEG007_049_1007|13|-209.959076|1815.700806|238.371643|0.000000|-66.725334|0.000000|1.000000|1.000000|1.000000
m60_52_53_00-AEG007_049_1008|13|-219.184906|1821.988037|187.790802|0.000000|-156.725327|0.000000|1.000000|1.000000|1.000000
m60_52_53_00-AEG007_050_1002|13|-14.752289|1848.163208|218.106003|10.999992|-38.225361|-0.000000|1.000000|1.000000|1.000000
m60_52_53_00-AEG007_050_1004|13|-100.699997|1842.744141|221.399841|10.999992|19.774662|0.000000|1.000000|1.000000|1.000000
m60_52_53_00-AEG007_050_1005|13|-55.836975|1849.916626|248.139923|10.999993|83.774673|-0.000000|1.000000|1.000000|1.000000
m60_52_53_00-AEG007_050_1006|13|-132.563538|1845.054688|203.034241|18.499994|-38.225361|0.000000|1.000000|1.000000|1.000000
m60_52_53_00-AEG007_050_1007|13|-204.025452|1840.333496|235.819458|10.999992|-66.725334|0.000000|1.000000|1.000000|1.000000
m60_52_53_00-AEG007_050_1008|13|-216.632721|1846.620728|193.724426|10.999992|-156.725342|-0.000000|1.000000|1.000000|1.000000
m60_52_53_00-AEG007_051_1004|13|-88.922874|1828.499268|220.397034|27.820023|21.040632|6.548103|1.000000|1.000000|1.000000
m60_52_53_00-AEG007_052_1005|13|-58.412720|1848.482788|254.169006|8.209969|83.444054|7.464359|1.000000|1.000000|1.000000
m60_52_53_00-AEG007_052_1006|13|-204.752487|1838.899658|229.303650|8.209970|-67.055954|7.464359|1.000000|1.000000|1.000000
m60_52_53_00-AEG007_146_1000|13|-193.277313|1822.449341|41.930580|17.153584|-169.920822|-10.442172|1.000000|1.000000|1.000000
m60_52_53_00-AEG007_146_1001|13|-128.958969|1815.648438|151.206863|-9.745641|-175.679199|-13.827288|1.000000|1.000000|1.000000
m60_52_53_00-AEG007_193_1001|13|-148.106339|1824.310913|34.023857|-9.260961|53.696453|17.281527|1.000000|1.000000|1.000000
m60_52_53_00-AEG007_193_1002|13|-149.551941|1828.447510|34.082420|-9.517565|64.038132|11.615449|1.000000|1.000000|1.000000
m60_52_53_00-AEG007_193_1003|13|-151.998062|1828.281006|25.522758|-7.461861|42.353210|6.750441|1.000000|1.000000|1.000000
m60_52_53_00-AEG007_193_1004|13|-148.881516|1832.304199|30.815216|-10.032571|80.963707|0.583790|1.000000|1.000000|1.000000
m60_52_53_00-AEG007_193_1005|13|-148.174896|1822.987061|32.159790|-17.118134|67.278954|14.812657|1.000000|1.000000|1.000000
m60_52_53_00-AEG007_193_1009|13|-148.445328|1834.960449|47.054497|-12.233985|80.568916|6.340956|1.000000|1.000000|1.000000
m60_52_53_00-AEG007_193_1011|13|-144.140823|1828.804443|56.510468|-8.905438|56.776802|4.675400|1.000000|1.000000|1.000000
m60_52_53_00-AEG007_193_1015|13|-139.104340|1834.930420|46.328857|2.514494|-20.301682|9.732828|1.000000|1.000000|1.000000
m60_52_53_00-AEG007_193_1020|13|-148.453918|1834.513184|42.489418|-5.313051|26.309576|8.542297|1.000000|1.000000|1.000000
m60_52_53_00-AEG007_193_1021|13|-147.729950|1824.699463|37.972992|-16.808891|86.948418|-13.056183|1.000000|1.000000|1.000000
m60_52_53_00-AEG007_193_1022|13|-146.566681|1822.936523|43.340195|-10.047378|85.394875|-0.201118|1.000000|1.000000|1.000000
m60_52_53_00-AEG007_193_1024|13|-108.921547|1821.460938|114.427139|-5.467548|161.042465|-9.559499|1.000000|1.000000|1.000000
m60_52_53_00-AEG007_193_1025|13|-106.398254|1813.466797|114.130638|-5.467556|40.957504|9.559505|1.000000|1.000000|1.000000
m60_52_53_00-AEG007_193_1026|13|-111.285423|1812.770752|108.583687|-5.467556|40.957504|9.559505|1.000000|1.000000|1.000000
m60_52_53_00-AEG007_193_1027|13|-110.035011|1825.301392|113.722870|-10.820190|90.688713|1.992695|1.000000|1.000000|1.000000
m60_52_53_00-AEG007_193_1028|13|-111.964111|1825.800781|109.565552|-5.881058|158.520584|-9.312281|1.000000|1.000000|1.000000
m60_52_53_00-AEG007_193_1029|13|-111.522598|1823.486938|109.479729|-5.881058|158.520584|-9.312281|1.000000|1.000000|1.000000
m60_52_53_00-AEG007_193_1030|13|-143.084778|1822.974976|32.994568|0.735229|178.476929|-10.022714|1.000000|1.000000|1.000000
m60_52_53_00-AEG007_193_1031|13|-149.828186|1840.956787|45.233948|-9.742046|70.123741|2.478267|1.000000|1.000000|1.000000
m60_52_53_00-AEG007_193_1032|13|-149.887238|1831.390015|37.083229|-16.808891|86.948418|-13.056183|1.000000|1.000000|1.000000
m60_52_53_00-AEG007_193_1033|13|-149.079529|1827.814941|30.785568|-22.358278|113.042107|-2.505695|1.000000|1.000000|1.000000
m60_52_53_00-AEG007_193_1034|13|-109.516891|1828.589600|106.043198|3.437443|-7.314576|10.455406|1.000000|1.000000|1.000000
m60_52_53_00-AEG007_193_1035|13|-110.737862|1822.842407|104.384506|10.633895|-93.736473|-2.830704|1.000000|1.000000|1.000000
m60_52_53_00-AEG007_193_1036|13|-84.880661|1825.946777|127.010590|-5.467548|161.042465|-9.559499|1.000000|1.000000|1.000000
m60_52_53_00-AEG007_193_1037|13|-85.572495|1828.727295|124.929153|-9.310176|68.979553|5.884398|1.000000|1.000000|1.000000
m60_52_53_00-AEG007_193_1038|13|-91.800041|1822.261108|190.328949|-10.820190|90.688713|1.992695|1.000000|1.000000|1.000000
m60_52_53_00-AEG007_193_1039|13|-91.121834|1821.510132|195.851059|-9.648538|129.551666|-5.307794|1.000000|1.000000|1.000000
m60_52_53_00-AEG007_193_1040|13|-91.975357|1821.489746|192.007843|-9.648538|129.551666|-5.307794|1.000000|1.000000|1.000000
m60_52_53_00-AEG007_193_1041|13|-184.512482|1811.097168|158.938446|8.294171|-61.500778|5.694165|1.000000|1.000000|1.000000
m60_52_53_00-AEG007_193_1042|13|-186.604645|1816.885986|159.417557|-3.822994|16.723518|9.300695|1.000000|1.000000|1.000000
m60_52_53_00-AEG007_193_1043|13|-181.363525|1816.252930|160.312347|-3.822994|16.723518|9.300695|1.000000|1.000000|1.000000
m60_52_53_00-AEG007_193_1044|13|-178.855835|1810.000732|161.336258|8.712044|-65.970871|5.028440|1.000000|1.000000|1.000000
m60_52_53_00-AEG007_193_1045|13|-177.743713|1809.941162|160.040329|2.621782|9.385518|-164.786316|1.000000|1.000000|1.000000
m60_52_53_00-AEG007_193_1046|13|-177.852844|1811.400024|163.593140|-0.813688|-95.592896|6.239979|1.000000|1.000000|1.000000
m60_52_53_00-AEG007_193_1047|13|-179.209305|1815.667114|162.020142|5.490543|-38.992519|8.429792|1.000000|1.000000|1.000000
m60_52_53_00-AEG007_193_1048|13|-135.840988|1816.114868|194.488770|-3.822994|16.723518|9.300695|1.000000|1.000000|1.000000
m60_52_53_00-AEG007_193_1049|13|-133.392273|1814.791382|193.252731|-6.178524|32.341675|7.941053|1.000000|1.000000|1.000000
m60_52_53_00-AEG007_193_1050|13|-147.166290|1828.068481|37.885101|5.080432|-54.037167|20.576139|1.000000|1.000000|1.000000
m60_52_53_00-AEG007_193_1051|13|-109.181747|1821.412476|112.892807|9.101118|-44.994312|6.204380|1.000000|1.000000|1.000000
m60_52_53_00-AEG007_193_1052|13|-143.197388|1831.109985|44.375343|-10.037209|12.956040|0.496692|1.000000|1.000000|1.000000
m60_52_53_00-AEG007_193_1053|13|-143.898361|1831.004761|46.527527|8.864682|167.781006|-4.752636|1.000000|1.000000|1.000000
m60_52_53_00-AEG007_193_1054|13|-141.639313|1819.825073|81.506775|8.623741|-64.978218|5.179169|1.000000|1.000000|1.000000
m60_52_53_00-AEG007_193_1055|13|-140.159225|1818.418335|83.082535|2.049931|-173.910965|-9.840172|1.000000|1.000000|1.000000
m60_52_53_00-AEG007_193_1056|13|-143.717102|1823.589233|55.279007|-10.047378|85.394875|-0.201118|1.000000|1.000000|1.000000
m60_52_53_00-AEG007_193_1057|13|-141.612396|1818.141602|76.903870|8.623741|-64.978218|5.179169|1.000000|1.000000|1.000000
m60_52_53_00-AEG007_193_1058|13|-141.544266|1818.332886|78.671654|-9.932188|75.546211|1.537886|1.000000|1.000000|1.000000
m60_52_53_00-AEG007_193_1059|13|-142.738708|1819.434814|68.574722|-16.030964|86.462173|-0.018851|1.000000|1.000000|1.000000
m60_52_53_00-AEG007_194_1001|13|-148.015213|1822.330444|23.045258|-9.125016|61.882744|3.919109|1.000000|1.000000|1.000000
m60_52_53_00-AEG007_194_1002|13|-145.566666|1826.673462|32.146263|-7.758076|46.491264|6.208316|1.000000|1.000000|1.000000
m60_52_53_00-AEG007_194_1004|13|-143.521515|1806.089600|19.742142|-9.877949|85.049797|-0.126166|1.000000|1.000000|1.000000
m60_52_53_00-AEG007_194_1005|13|-146.296478|1814.777344|18.514206|-9.862552|87.511528|-0.562151|1.000000|1.000000|1.000000
m60_52_53_00-AEG007_194_1006|13|-160.274353|1822.531372|1.123886|0.170477|-133.852814|0.013552|1.000000|1.000000|1.000000
m60_52_53_00-AEG007_194_1007|13|-162.999512|1820.798340|-1.487152|0.170477|136.147202|0.013552|1.000000|1.000000|1.000000
m60_52_53_00-AEG007_194_1009|13|-145.364395|1823.546753|41.213226|0.914148|-10.005699|10.035681|1.000000|1.000000|1.000000
m60_52_53_00-AEG007_194_1014|13|-146.368271|1831.219482|44.439491|-9.720104|94.407303|-1.774537|1.000000|1.000000|1.000000
m60_52_53_00-AEG007_194_1015|13|-143.002319|1823.623535|59.845245|-4.460528|146.699005|-8.914869|1.000000|1.000000|1.000000
m60_52_53_00-AEG007_194_1016|13|-146.330276|1826.122925|48.429825|-7.481767|43.998924|6.547257|1.000000|1.000000|1.000000
m60_52_53_00-AEG007_194_1017|13|-140.992462|1822.365967|43.876122|7.805780|-55.384357|6.593921|1.000000|1.000000|1.000000
m60_52_53_00-AEG007_194_1018|13|-141.898529|1822.134033|30.551964|3.433887|-166.665649|-9.553577|1.000000|1.000000|1.000000
m60_52_53_00-AEG007_194_1020|13|-142.134277|1828.298950|27.883041|9.488301|-117.634338|-3.766984|1.000000|1.000000|1.000000
m60_52_53_00-AEG007_194_1021|13|-139.853745|1828.277222|46.085594|7.809443|-55.374603|6.522121|1.000000|1.000000|1.000000
m60_52_53_00-AEG007_194_1022|13|-143.468170|1816.911865|47.982178|-7.481767|43.998924|6.547257|1.000000|1.000000|1.000000
m60_52_53_00-AEG007_194_1025|13|-112.371841|1817.899902|105.664902|-5.467548|161.042465|-9.559499|1.000000|1.000000|1.000000
m60_52_53_00-AEG007_194_1026|13|-110.745544|1822.074951|106.609200|1.260553|-162.379425|-10.928419|1.000000|1.000000|1.000000
m60_52_53_00-AEG007_194_1027|13|-104.286354|1814.896851|113.322365|1.260553|-162.379425|-10.928419|1.000000|1.000000|1.000000
m60_52_53_00-AEG007_194_1028|13|-149.688507|1820.656372|28.466026|-7.758076|46.491264|6.208316|1.000000|1.000000|1.000000
m60_52_53_00-AEG007_194_1029|13|-147.902649|1840.075928|44.282555|-3.146181|12.816080|9.369599|1.000000|1.000000|1.000000
m60_52_53_00-AEG007_194_1030|13|-95.677841|1814.315308|109.610245|0.000000|10.999992|10.999991|1.000000|1.000000|1.000000
m60_52_53_00-AEG007_194_1031|13|-62.834183|1814.953247|141.588409|-9.101119|135.005707|-6.204377|1.000000|1.000000|1.000000
m60_52_53_00-AEG007_194_1032|13|-79.498749|1823.445801|129.681992|1.260553|-162.379425|-10.928419|1.000000|1.000000|1.000000
m60_52_53_00-AEG007_194_1033|13|-104.411545|1811.960571|181.178619|3.556753|-53.996872|9.485630|1.000000|1.000000|1.000000
m60_52_53_00-AEG007_194_1034|13|-110.447876|1810.091431|166.473694|6.530426|-73.644722|7.754123|1.000000|1.000000|1.000000
m60_52_53_00-AEG007_194_1035|13|-181.415527|1811.406250|161.367218|2.786335|-3.759664|10.645477|1.000000|1.000000|1.000000
m60_52_53_00-AEG007_194_1036|13|-138.654205|1816.538208|196.070190|2.786335|-3.759664|10.645479|1.000000|1.000000|1.000000
m60_52_53_00-AEG040_037_1000|13|-192.925125|1809.822266|44.113220|0.000000|98.499977|0.000000|1.000000|1.000000|1.000000
m60_52_53_00-AEG040_053_1000|13|-112.830048|1806.521362|118.283882|-0.000010|144.967392|-0.000001|1.000000|1.000000|1.000000
m60_52_53_00-AEG040_053_1001|13|-155.785278|1816.782715|37.602539|0.000001|94.950562|-0.000002|1.000000|1.000000|1.000000
m60_52_53_00-AEG100_040_1000|13|-147.348526|1785.619873|36.871925|0.000000|94.950523|0.000055|1.000000|1.000000|1.000000
m60_52_53_00-AEG100_040_1001|13|-107.968994|1775.358643|111.349983|-0.000023|144.967377|0.000000|1.000000|1.000000|1.000000
m60_53_52_00-AEG001_420_7134|13|57.247223|1881.085815|-109.495415|4.313971|-14.652905|20.855608|1.000000|1.000000|1.000000
m60_53_52_00-AEG001_420_7135|13|56.929199|1880.550049|-107.762733|18.370327|-100.323341|-11.816590|1.000000|1.000000|1.000000
m60_53_52_00-AEG001_420_7156|13|-20.009232|1848.872192|-37.526314|-32.639622|143.342834|0.433204|1.000000|1.000000|1.000000
m60_53_52_00-AEG001_420_7157|13|-18.915817|1849.490479|-38.872635|-2.333584|52.904179|24.378540|1.000000|1.000000|1.000000
m60_53_52_00-AEG001_420_7158|13|7.456131|1851.668213|-30.407532|-31.168036|127.455429|24.158346|1.000000|1.000000|1.000000
m60_53_52_00-AEG001_420_7159|13|9.024879|1852.163940|-31.234390|23.129986|27.430483|20.708090|1.000000|1.000000|1.000000
m60_53_52_00-AEG001_420_7160|13|2.573822|1859.825439|-53.177078|-7.859914|11.189936|38.164688|1.000000|1.000000|1.000000
m60_53_52_00-AEG001_420_7161|13|2.976173|1859.653687|-51.388489|35.254974|-78.737434|-0.449633|1.000000|1.000000|1.000000
m60_53_52_00-AEG001_420_7162|13|65.317078|1880.770752|-62.970375|-23.604046|73.634346|32.237946|1.000000|1.000000|1.000000
m60_53_52_00-AEG001_420_7163|13|66.985008|1881.020752|-62.231529|30.316683|-24.883446|12.814117|1.000000|1.000000|1.000000
m60_53_52_00-AEG001_420_7164|13|43.198524|1874.780029|-34.487228|8.938689|-101.312683|24.360344|1.000000|1.000000|1.000000
m60_53_52_00-AEG001_420_7165|13|41.481438|1874.125854|-34.605530|22.394598|175.755051|-15.719163|1.000000|1.000000|1.000000
m60_53_52_00-AEG001_420_7174|13|-18.080322|1848.825562|-35.099258|31.233444|-16.026852|6.982478|1.000000|1.000000|1.000000
m60_53_52_00-AEG001_420_7175|13|-18.099045|1849.070435|-34.932510|23.041134|73.680527|47.724472|1.000000|1.000000|1.000000
m60_53_52_00-AEG007_037_1189|13|27.521759|1855.161621|-32.873962|-86.471176|-49.069927|-1.562022|1.000000|1.000002|1.000002
m60_53_52_00-AEG007_037_1191|13|17.592072|1851.768433|-38.457993|-84.542374|1.042722|3.645744|0.999999|1.000001|1.000000
m60_53_52_00-AEG007_037_1194|13|23.050179|1855.203247|-35.469955|79.669861|-32.348789|-0.097482|0.999999|1.000000|1.000000
m60_53_52_00-AEG007_193_1000|13|150.950974|1905.967407|-4.236572|0.000000|-42.499996|0.000000|1.000000|1.000000|1.000000
m60_53_52_00-AEG007_194_1000|13|143.228561|1900.526001|-31.187439|0.000000|65.500008|0.000000|1.000000|1.000000|1.000000
m60_53_53_00-AEG007_025_1038|13|2.289856|1815.158447|135.502914|0.000000|69.499313|0.000000|1.000001|1.000000|1.000001
m60_53_53_00-AEG007_026_1055|13|0.486877|1815.146729|120.884750|0.000000|-122.502640|0.000000|1.000000|1.000000|1.000000
m60_53_53_00-AEG007_193_1000|13|106.895950|1893.944946|26.386230|0.000000|0.000000|0.000000|1.000000|1.000000|1.000000
m60_53_53_00-AEG007_193_1001|13|110.942703|1895.317871|17.510742|0.000000|164.000000|0.000000|1.000000|1.000000|1.000000
m60_53_53_00-AEG007_193_1002|13|108.477768|1893.058472|18.756844|0.000000|-129.500000|0.000000|1.000000|1.000000|1.000000
m60_53_53_00-AEG007_193_1003|13|106.194817|1894.629639|20.178162|0.000000|-171.000000|0.000000|1.000000|1.000000|1.000000
m60_53_53_00-AEG007_193_1004|13|104.273727|1893.558716|21.921539|0.000000|-119.500008|0.000000|1.000000|1.000000|1.000000
m60_53_53_00-AEG007_193_1005|13|103.729988|1893.806641|23.460075|0.000000|124.000008|0.000000|1.000000|1.000000|1.000000
m60_53_53_00-AEG007_193_1006|13|113.156937|1895.650513|22.171814|0.000000|-109.500000|0.000000|1.000000|1.000000|1.000000
m60_53_53_00-AEG007_193_1007|13|17.420212|1821.881470|120.772476|0.000000|167.999985|0.000000|1.000000|1.000000|1.000000
m60_53_53_00-AEG007_193_1008|13|108.164680|1891.096313|25.628242|0.000000|-152.000000|0.000000|1.000000|1.000000|1.000000
m60_53_53_00-AEG007_193_1009|13|106.664574|1890.557495|28.120148|0.000000|-116.000000|0.000000|1.000000|1.000000|1.000000
m60_53_53_00-AEG007_193_1010|13|81.680374|1881.219849|24.203857|0.000000|0.000000|0.000000|1.000000|1.000000|1.000000
m60_53_53_00-AEG007_193_1011|13|66.280960|1873.377319|2.969666|0.000000|0.000000|0.000000|1.000000|1.000000|1.000000
m60_53_53_00-AEG007_193_1012|13|65.669296|1875.026733|4.703751|0.000000|129.500000|0.000000|1.000000|1.000000|1.000000
m60_53_53_00-AEG007_193_1013|13|30.057144|1841.559082|-15.422119|0.000000|0.000000|0.000000|1.000000|1.000000|1.000000
m60_53_53_00-AEG007_193_1014|13|27.012215|1837.071655|-10.783707|0.000000|48.000004|0.000000|1.000000|1.000000|1.000000
m60_53_53_00-AEG007_193_1015|13|15.663040|1818.966187|96.800949|0.000000|134.499985|0.000000|1.000000|1.000000|1.000000
m60_53_53_00-AEG007_193_1016|13|16.699074|1815.697632|109.043610|0.000000|134.499985|0.000000|1.000000|1.000000|1.000000
