m484100_0000|0|0.000000|0.000000|0.000000|0.000000|0.000000|0.000000|1.000000|1.000000|1.000000
c1000_9000|2|-85.990997|225.811996|-87.138000|0.000000|-7.552000|0.000000|1.000000|1.000000|1.000000
c3100_9000|2|-86.750000|225.570007|-69.779999|0.000000|-2.860000|0.000000|1.000000|1.000000|1.000000
c3200_9000|2|-88.672997|226.154999|-78.510002|0.000000|113.180000|0.000000|1.000000|1.000000|1.000000
c3210_9000|2|-88.160004|225.945007|-75.839996|7.635000|70.727997|0.000000|1.000000|1.000000|1.000000
c4191_9000|2|-131.246002|220.705994|-70.024002|7.867000|-171.154007|-5.323000|1.000000|1.000000|1.000000
c4550_9008|2|-47.541000|222.703003|-96.934998|0.000000|-119.799004|0.000000|1.000000|1.000000|1.000000
c4550_9009|2|-4.115000|217.889008|-113.847000|0.000000|-101.426003|0.000000|1.000000|1.000000|1.000000
c4550_9010|2|-4.235000|211.210007|-50.874001|0.000000|-145.772003|0.000000|1.000000|1.000000|1.000000
c4550_9011|2|57.907001|204.505005|-84.291000|0.000000|-143.119995|0.000000|1.000000|1.000000|1.000000
c4550_9012|2|101.137001|198.791000|-42.611000|0.000000|90.806000|0.000000|1.000000|1.000000|1.000000
c4770_9000|2|92.754997|199.781998|-98.030998|0.000000|-64.501999|0.000000|1.000000|1.000000|1.000000
c6060_9034|2|-49.007999|222.479996|-93.446999|-10.720000|-122.601997|0.747000|1.000000|1.000000|1.000000
c6060_9035|2|-50.441002|223.084000|-97.404999|10.486000|49.255001|-1.968000|1.000000|1.000000|1.000000
c6060_9036|2|-44.368999|222.158005|-98.017998|-7.578000|-164.190002|4.989000|1.000000|1.000000|1.000000
c6060_9037|2|-52.723999|223.231003|-94.856003|0.000000|-27.427999|-5.000000|1.000000|1.000000|1.000000
c6060_9038|2|-45.771000|222.076004|-94.727997|6.392000|6.397000|-4.985000|1.000000|1.000000|1.000000
c6060_9039|2|-50.129002|223.279999|-100.028999|6.492000|7.976000|-4.992000|1.000000|1.000000|1.000000
c6060_9040|2|-44.860001|222.319000|-99.433998|-0.000000|-114.530998|0.000000|1.000000|1.000000|1.000000
c6060_9041|2|-4.635000|211.039001|-48.518002|0.000000|-21.455999|-0.000000|1.000000|1.000000|1.000000
c6060_9042|2|-1.784000|210.845993|-50.716999|6.139000|113.197998|4.993000|1.000000|1.000000|1.000000
c6060_9043|2|-3.431000|211.397995|-54.245998|-4.038000|171.667999|4.997000|1.000000|1.000000|1.000000
c6060_9044|2|-7.720000|211.895996|-52.325001|-0.000000|-112.540001|-0.000000|1.000000|1.000000|1.000000
c6060_9045|2|-6.839000|211.983002|-54.709000|-0.000000|-134.744995|0.000000|1.000000|1.000000|1.000000
c6060_9046|2|-2.482000|210.751999|-48.570999|8.985000|27.702000|-4.985000|1.000000|1.000000|1.000000
c6060_9047|2|98.208000|198.791000|-42.648998|0.000000|-71.306000|0.000000|1.000000|1.000000|1.000000
c6060_9048|2|104.420998|198.839005|-45.139999|0.000000|31.615999|0.000000|1.000000|1.000000|1.000000
c6060_9049|2|101.375000|198.789001|-46.429001|0.000000|143.298996|0.000000|1.000000|1.000000|1.000000
c6060_9050|2|101.832001|198.815002|-38.433998|0.000000|42.584000|0.000000|1.000000|1.000000|1.000000
c6060_9051|2|99.179001|198.791000|-39.119999|0.000000|-28.225000|0.000000|1.000000|1.000000|1.000000
c6060_9052|2|55.564999|204.931000|-84.919998|0.000000|-12.796000|-0.000000|1.000000|1.000000|1.000000
c6060_9053|2|58.901001|204.141006|-82.205002|0.000000|23.038000|-0.000000|1.000000|1.000000|1.000000
c6060_9054|2|60.139999|204.341003|-85.828003|8.910000|91.708000|4.985000|1.000000|1.000000|1.000000
c6060_9055|2|58.162998|204.848999|-87.843002|-4.458000|174.054993|5.017000|1.000000|1.000000|1.000000
c6060_9056|2|57.137001|204.891998|-86.891998|9.460000|33.179001|-4.621000|1.000000|1.000000|1.000000
c6060_9057|2|56.764999|204.475998|-81.681000|5.685000|116.153000|5.001000|1.000000|1.000000|1.000000
c6060_9058|2|60.265999|204.039001|-82.958000|5.227000|-1.022000|-4.995000|1.000000|1.000000|1.000000
c6060_9059|2|-1.944000|217.285004|-112.532997|13.096000|58.145000|3.537000|1.000000|1.000000|1.000000
c6060_9060|2|-2.147000|218.000000|-116.577003|0.000000|108.315002|0.000000|1.000000|1.000000|1.000000
c6060_9061|2|-7.343000|218.414993|-114.000000|-0.545000|-136.380997|0.004000|1.000000|1.000000|1.000000
c6060_9062|2|-3.239000|217.759003|-114.002998|-0.000000|-138.072998|0.000000|1.000000|1.000000|1.000000
c6060_9063|2|0.038000|217.397995|-115.037003|9.241000|88.424004|4.769000|1.000000|1.000000|1.000000
c6060_9064|2|-5.367000|217.414001|-109.967003|10.621000|7.808000|-4.979000|1.000000|1.000000|1.000000
c0000_9000|4|-86.523003|226.473007|-88.747002|0.000000|-123.889999|0.000000|1.000000|1.000000|1.000000
h484100|5|0.000000|0.000000|0.000000|0.000000|0.000000|0.000000|1.000000|1.000000|1.000000
h484150|5|0.000000|0.000000|0.000000|0.000000|0.000000|0.000000|1.000000|1.000000|1.000000
h484151|5|0.000000|0.000000|0.000000|0.000000|0.000000|0.000000|1.000000|1.000000|1.000000
h484152|5|0.000000|0.000000|0.000000|0.000000|0.000000|0.000000|1.000000|1.000000|1.000000
AEG099_800_9000|9|-90.186996|228.123993|-96.800003|0.000000|50.840000|0.000000|1.000000|1.000000|1.000000
c4270_9000|10|46.070999|209.464996|-104.008003|-0.000000|89.401001|0.000000|1.000000|1.000000|1.000000
c4470_9000|10|-65.267998|222.098999|-71.438004|0.000000|-36.993999|0.000000|1.000000|1.000000|1.000000
c4550_9000|10|-9.214000|217.427994|-107.149002|0.000000|-55.216999|0.000000|1.000000|1.000000|1.000000
c4550_9001|10|-53.639000|219.250000|-64.797997|0.000000|-31.444000|0.000000|1.000000|1.000000|1.000000
c4550_9002|10|85.018997|198.509995|-50.860001|0.000000|113.708000|0.000000|1.000000|1.000000|1.000000
c4550_9003|10|89.471001|203.136993|-87.911003|0.000000|88.522003|0.000000|1.000000|1.000000|1.000000
c4550_9004|10|16.263000|205.602005|-35.629002|0.000000|131.375000|0.000000|1.000000|1.000000|1.000000
c4550_9005|10|-65.189003|224.216995|-107.299004|0.000000|117.753998|0.000000|1.000000|1.000000|1.000000
c4550_9006|10|-121.306999|223.862000|-77.995003|0.000000|-8.752000|0.000000|1.000000|1.000000|1.000000
c4550_9007|10|39.514999|210.785004|-109.891998|0.000000|-150.641006|0.000000|1.000000|1.000000|1.000000
c4550_9013|10|-142.776993|219.182007|-82.477997|4.928000|78.080002|0.000000|1.000000|1.000000|1.000000
c6060_9000|10|-28.915001|218.445007|-85.535004|8.773000|25.610001|-0.000000|1.000000|1.000000|1.000000
c6060_9001|10|-29.429001|218.272995|-82.884003|8.071000|19.243000|0.000000|1.000000|1.000000|1.000000
c6060_9002|10|-28.124001|217.906006|-81.209000|0.000000|-23.809000|0.000000|1.000000|1.000000|1.000000
c6060_9003|10|107.629997|199.033997|-57.623001|0.001000|25.610001|-0.000000|1.000000|1.000000|1.000000
c6060_9004|10|107.123001|198.798996|-54.938999|0.003000|19.243000|0.000000|1.000000|1.000000|1.000000
c6060_9005|10|108.379997|198.826996|-53.261002|8.216000|-23.809000|0.000000|1.000000|1.000000|1.000000
c6060_9006|10|109.820999|199.223999|-56.007999|-0.685000|27.915001|0.000000|1.000000|1.000000|1.000000
c6060_9007|10|-8.554000|216.837006|-102.057999|0.000000|25.610001|0.000000|1.000000|1.000000|1.000000
c6060_9008|10|-9.062000|216.623001|-99.374001|8.787000|19.243000|0.000000|1.000000|1.000000|1.000000
c6060_9009|10|-8.116000|219.488998|-124.831001|3.311000|25.610001|0.000000|1.000000|1.000000|1.000000
c6060_9010|10|-8.153000|219.436996|-122.098999|4.187000|19.243000|-0.000000|1.000000|1.000000|1.000000
c6060_9011|10|-7.485000|214.207001|-120.454002|-1.070000|-23.809000|0.000000|1.000000|1.000000|1.000000
c6060_9012|10|-6.013000|219.132004|-122.431000|5.500000|27.915001|0.000000|1.000000|1.000000|1.000000
c6060_9013|10|-29.235001|218.076004|-81.033997|0.000000|-26.812000|0.000000|1.000000|1.000000|1.000000
c6060_9014|10|-29.195000|218.522003|-85.184998|0.000000|-136.626999|0.000000|1.000000|1.000000|1.000000
c6060_9015|10|-45.861000|220.998001|-84.871002|0.000000|38.884998|0.000000|1.000000|1.000000|1.000000
c6060_9016|10|-38.327999|220.559006|-91.223999|0.000000|-67.108002|0.000000|1.000000|1.000000|1.000000
c6060_9017|10|-16.302999|217.755997|-95.879997|0.000000|155.714996|0.000000|1.000000|1.000000|1.000000
c6060_9018|10|-49.820000|220.337997|-72.237999|0.000000|-66.263000|0.000000|1.000000|1.000000|1.000000
c6060_9019|10|-59.542000|222.227997|-72.963997|0.000000|-71.946999|0.000000|1.000000|1.000000|1.000000
c6060_9020|10|-50.931999|224.218994|-107.891998|0.000000|-166.945999|0.000000|1.000000|1.000000|1.000000
c6060_9021|10|-48.293999|223.343002|-104.686996|0.000000|83.373001|0.000000|1.000000|1.000000|1.000000
c6060_9022|10|-35.729000|222.432999|-115.639999|0.000000|-101.121002|0.000000|1.000000|1.000000|1.000000
c6060_9023|10|-37.416000|221.733994|-105.931999|0.000000|152.891998|0.000000|1.000000|1.000000|1.000000
c6060_9024|10|-51.294998|222.309006|-88.207001|0.000000|15.585000|0.000000|1.000000|1.000000|1.000000
c6060_9025|10|-40.817001|222.544006|-127.862999|0.000000|153.610001|0.000000|1.000000|1.000000|1.000000
c6060_9026|10|-32.903000|221.242996|-133.556000|0.000000|148.052994|0.000000|1.000000|1.000000|1.000000
c6060_9027|10|-59.813000|219.636002|-133.546997|0.000000|143.326004|0.000000|1.000000|1.000000|1.000000
c6060_9028|10|-60.573002|220.774002|-129.466003|0.000000|33.373001|0.000000|1.000000|1.000000|1.000000
c6060_9029|10|-44.105999|222.737000|-126.880997|0.000000|-151.108994|0.000000|1.000000|1.000000|1.000000
c6060_9030|10|-52.626999|223.701004|-121.932999|0.000000|102.891998|0.000000|1.000000|1.000000|1.000000
c6060_9031|10|-75.125999|221.945007|-121.171997|0.000000|-34.152000|0.000000|1.000000|1.000000|1.000000
c6060_9032|10|-38.013000|219.992004|-138.634995|0.000000|103.865997|0.000000|1.000000|1.000000|1.000000
c6060_9033|10|-28.565001|220.602997|-136.231995|0.000000|98.053001|0.000000|1.000000|1.000000|1.000000
AEG001_348_7000|13|-6.443851|212.402588|-60.012688|9.368997|85.980217|4.813206|1.500000|1.500000|1.500000
AEG001_348_7001|13|27.319580|211.086182|-102.488884|9.368997|85.980217|4.813206|1.500000|1.500000|1.500000
AEG001_348_7002|13|39.778805|209.258057|-104.118675|9.368997|85.980217|4.813206|1.500000|1.500000|1.500000
AEG001_348_7003|13|38.740723|205.980713|-68.113297|9.368997|85.980217|4.813206|1.500000|1.500000|1.500000
AEG001_348_7004|13|49.551510|203.966293|-65.054306|9.368997|85.980217|4.813206|1.500000|1.500000|1.500000
AEG001_348_7005|13|14.846676|205.663574|-24.989853|9.368997|85.980217|4.813206|1.500000|1.500000|1.500000
AEG001_348_7006|13|59.069519|198.779694|-8.028412|5.417543|86.777481|-8.485556|1.500000|1.500000|1.500000
AEG001_348_7007|13|117.156403|198.775375|-47.457394|0.000000|86.375282|-0.000004|1.500000|1.500000|1.500000
AEG001_348_7008|13|-16.171753|218.299316|-104.430367|9.228487|85.711342|6.447536|1.500000|1.500000|1.500000
AEG001_348_7010|13|-49.508224|224.105698|-110.822655|8.973804|85.988670|4.567730|1.500000|1.500000|1.500000
AEG001_348_7011|13|-55.869381|224.569305|-105.521263|8.182322|86.077553|3.980253|1.500000|1.500000|1.500000
AEG001_348_7012|13|-50.858395|220.612061|-68.671379|11.108183|86.277122|2.808001|1.500000|1.500000|1.500000
AEG001_348_7013|13|-61.993412|222.331802|-65.324104|9.618545|86.159454|3.450502|1.500000|1.500000|1.500000
AEG001_348_7014|13|-64.560699|221.792725|-37.407726|14.784352|87.143768|-1.101899|1.500000|1.500000|1.500000
AEG001_348_7015|13|-93.057617|225.689972|-40.479118|1.258777|87.108795|-0.853688|1.500000|1.500000|1.500000
AEG001_348_7016|13|-126.665260|221.286942|-59.398647|-8.244611|86.885521|-4.507920|1.500000|1.500000|1.500000
AEG001_348_7017|13|-139.915375|219.144287|-75.703690|-8.306382|87.200340|-2.347242|1.500000|1.500000|1.500000
AEG001_348_7018|13|-116.247726|221.946014|-80.803574|-8.888167|87.357040|-1.311425|1.500000|1.500000|1.500000
AEG001_348_7019|13|-124.983452|219.101852|-97.733177|-3.782400|87.225929|-2.491565|1.500000|1.500000|1.500000
AEG001_348_7020|13|-93.962646|223.008026|-104.207153|-8.599344|85.658630|-16.774424|1.500000|1.500000|1.500000
AEG001_348_7021|13|-105.420952|217.922836|-118.399544|-10.357554|86.051918|-14.505927|1.500000|1.500000|1.500000
AEG001_348_7022|13|88.231712|198.781967|-61.229973|0.395687|86.365639|0.304490|1.500000|1.500000|1.500000
AEG001_348_7023|13|96.137177|198.885269|-73.960571|1.164165|86.348801|1.540481|1.500000|1.500000|1.500000
AEG001_348_7024|13|-82.698242|226.179703|-92.239799|4.728049|86.548195|0.074066|1.500000|1.500000|1.500000
AEG001_348_7025|13|-83.917236|225.863937|-80.472656|5.245450|86.265656|3.492331|1.500000|1.500000|1.500000
AEG001_348_7026|13|-85.578491|225.438782|-71.937241|-1.039937|-39.136261|-5.281366|1.500000|1.500000|1.500001
AEG001_348_7027|13|-19.605103|211.726807|-31.020256|9.368997|85.980217|4.813206|1.500000|1.500000|1.500000
AEG003_061_1000|13|-89.568535|225.773911|-75.451309|0.000000|40.000004|0.000000|1.000000|1.000000|1.000000
AEG004_041_1000|13|-68.935158|156.234772|-14.410965|-51.011753|-33.845276|156.416367|1.000000|1.000000|1.000000
AEG004_041_1001|13|-44.922779|147.436890|-15.958382|-19.274893|-9.284613|160.883820|1.000000|1.000000|1.000000
AEG004_042_1000|13|-75.640556|144.217850|-12.267178|107.349289|-20.350309|-0.109236|1.000000|1.000000|1.000000
AEG004_042_1001|13|-63.954212|155.199707|-7.030238|-22.925564|-63.677765|130.873947|1.000000|1.000000|1.000000
AEG004_043_1000|13|34.057281|210.134155|-80.381699|-47.126648|-87.351219|-83.824287|1.000000|1.000000|1.000000
AEG004_043_1001|13|106.655701|199.306107|-120.823624|-145.814560|-62.162086|-32.166252|1.000000|1.000000|1.000000
AEG004_043_1002|13|-71.396133|128.691101|-7.014650|-19.456930|-15.447330|-177.479324|1.000000|1.000000|1.000000
AEG004_048_1008|13|-81.159386|224.935211|-36.429718|0.034069|0.412472|-7.401548|1.000000|1.000000|1.000000
AEG004_048_1009|13|-76.509163|224.240234|-37.018753|2.767019|17.027088|-9.125035|1.000000|1.000000|1.000000
AEG004_048_1010|13|-64.348907|221.590485|-46.896084|-5.062871|-163.542526|12.853243|1.000000|1.000000|1.000000
AEG004_048_1011|13|-53.123192|218.838654|-44.264118|7.624049|120.520645|9.616033|1.000000|1.000000|1.000000
AEG004_048_1012|13|-49.767990|218.038116|-42.630016|-11.837439|-118.407097|1.131351|1.000000|1.000000|1.000000
AEG004_048_1013|13|-40.124683|215.734360|-35.822994|1.412593|139.801117|11.958760|1.000000|1.000000|1.000000
AEG004_048_1014|13|-33.398975|214.598373|-38.502480|11.247737|84.112129|3.174810|1.000000|1.000000|1.000000
AEG004_048_1015|13|-11.698419|210.132858|-28.243494|6.842510|9.743766|-8.013770|1.000000|1.000000|1.000000
AEG004_048_1016|13|-1.687841|208.261490|-24.321152|2.889552|136.251495|8.593251|1.000000|1.000000|1.000000
AEG004_048_1017|13|2.140541|207.595581|-21.851692|2.553644|-12.338865|-10.320413|1.000000|1.000000|1.000000
AEG004_048_1018|13|102.012978|198.644470|-34.718861|0.000000|30.271164|0.000000|1.000000|1.000000|1.000000
AEG004_048_1019|13|98.619423|198.775513|-31.941708|0.000000|-139.683807|0.000000|1.000000|1.000000|1.000000
AEG004_048_1020|13|-123.898079|221.389603|-61.937126|-4.172868|121.008698|-8.059130|1.000000|1.000000|1.000000
AEG004_048_1021|13|-122.332932|221.846512|-57.809795|1.067695|6.687420|8.107325|1.000000|1.000000|1.000000
AEG004_048_1022|13|-138.966278|218.767700|-80.496712|6.875623|-94.022926|3.746496|1.000000|1.000000|1.000000
AEG004_048_1023|13|-133.693832|218.434860|-91.836983|8.082600|-119.272606|0.650699|1.000000|1.000000|1.000000
AEG004_048_1024|13|-112.765251|218.633652|-110.480728|13.309742|-128.334946|5.293506|1.000000|1.000000|1.000000
AEG004_311_1000|13|91.576309|197.993546|-47.323463|41.848911|75.978065|179.775589|1.000000|1.000000|1.000000
AEG004_311_1001|13|72.849716|200.647644|-62.366444|-20.473965|32.246613|-27.488939|1.000000|1.000000|1.000000
AEG004_311_1002|13|44.665886|202.024170|-37.578186|28.566280|27.423838|172.601196|1.000000|1.000000|1.000000
AEG004_311_1003|13|-0.721189|209.845367|-41.446121|49.126057|-27.967810|-171.962357|1.000000|1.000000|1.000000
AEG004_311_1004|13|-38.647728|215.285065|-56.628258|-81.122993|83.625481|56.950966|1.000000|1.000000|1.000000
AEG040_010_1001|13|72.048882|202.431427|-82.576637|15.464966|56.310875|0.106243|1.000000|1.000000|1.000000
AEG040_010_1002|13|31.530661|208.438080|-81.932968|-8.625181|-156.587311|6.790483|1.000000|1.000000|1.000000
AEG040_010_1009|13|37.218712|205.433167|-57.461975|-1.652282|178.200241|8.751103|1.000000|1.000000|1.000000
AEG040_010_1012|13|-32.217834|222.380920|-116.219223|0.425407|173.632797|9.595916|1.000000|1.000000|1.000000
AEG040_020_1002|13|-20.407341|219.672043|-117.301132|74.459335|0.229498|168.379471|1.000000|1.000000|1.000000
AEG040_022_1000|13|48.125996|204.479263|-88.694298|-37.927330|-154.964188|6.071738|1.000000|1.000000|1.000000
AEG040_022_1002|13|90.192230|200.771881|-98.569847|173.765625|-41.410210|21.380838|1.000000|1.000000|1.000000
AEG040_022_1004|13|66.904449|202.219818|-93.381020|70.030823|-55.157101|27.362341|1.000000|1.000000|1.000000
AEG040_022_1005|13|-64.280907|155.256363|-13.986404|-12.867637|33.823353|-140.792770|1.000000|1.000000|1.000000
AEG040_023_1000|13|-14.599388|214.987701|-78.725746|-78.687981|153.196365|-27.306202|1.000000|1.000000|1.000000
AEG040_023_1001|13|-67.313034|151.968964|-10.699414|-47.111168|77.138481|-175.246216|1.000000|1.000000|1.000000
AEG040_061_1011|13|17.217943|217.887909|-121.513252|4.155591|-167.609314|4.091000|1.000000|1.000000|1.000000
AEG040_061_1013|13|71.246902|201.379669|-62.599674|4.901939|166.706894|14.963707|1.000000|1.000000|1.000000
AEG040_061_1014|13|87.347443|202.591141|-114.132301|12.509459|124.575714|-2.926964|1.000000|1.000000|1.000000
AEG040_061_1015|13|71.557190|206.999893|-118.861618|-5.982349|151.186844|6.007497|1.000000|1.000000|1.000000
AEG040_061_1016|13|11.757358|216.408600|-113.727325|26.495476|29.843719|1.968557|1.000000|1.000000|1.000000
AEG040_062_1008|13|10.312770|216.929779|-126.526421|-2.105098|-82.864525|-1.687794|1.000000|1.000000|1.000000
AEG040_062_1010|13|36.724480|207.209641|-78.964676|-6.211693|-162.085175|4.760342|1.000000|0.999999|1.000000
AEG040_062_1011|13|-21.840063|215.235550|-67.329353|0.859019|-24.890373|-8.584614|1.000000|1.000000|1.000000
AEG040_062_1016|13|-29.739799|216.080536|-60.878273|-11.784409|-117.791626|-3.738078|1.000000|1.000000|1.000000
AEG040_062_1018|13|43.455521|203.365967|-51.516407|5.109013|-0.815897|-10.604577|1.000000|1.000000|1.000000
AEG040_063_1006|13|-22.090992|219.144104|-115.256386|-4.583928|-59.601864|-15.800169|1.000000|1.000000|1.000000
AEG040_063_1007|13|-34.674698|220.725174|-114.615875|2.041415|113.701820|6.829971|1.000000|1.000000|1.000000
AEG040_063_1008|13|52.870537|207.533157|-123.712311|-3.343650|-33.865650|-20.370195|1.000000|1.000000|1.000000
AEG040_063_1011|13|73.158539|203.247177|-116.073616|-3.616498|-178.554199|8.326711|1.000000|1.000000|1.000000
AEG040_063_1012|13|73.064873|201.275085|-89.771271|13.633359|60.217659|-6.286895|1.000000|1.000000|1.000000
AEG040_063_1016|13|-28.361084|215.254272|-64.126755|-5.223044|173.431717|8.386132|1.000000|1.000000|1.000000
AEG040_064_1005|13|-26.504168|220.825729|-114.990425|-4.929956|-63.055515|-10.403487|1.000000|1.000000|1.000000
AEG040_064_1009|13|64.897224|206.699707|-123.269234|2.297731|-31.251083|-13.055339|1.000000|1.000000|1.000000
AEG040_064_1015|13|67.051559|204.204391|-98.184647|-7.877213|-122.080727|0.994420|1.000000|1.000000|1.000000
AEG040_064_1016|13|40.273678|207.280182|-86.354805|10.174879|85.278931|3.027850|1.000000|1.000000|1.000000
AEG040_064_1018|13|112.035057|199.018097|-86.598961|1.722492|163.226593|3.369879|1.000000|1.000000|1.000000
AEG040_064_1019|13|106.462914|198.787689|-74.985191|-0.876108|-96.869698|-1.259458|1.000000|1.000000|1.000000
AEG040_064_1020|13|121.178795|198.499252|-80.289261|0.820143|27.395344|1.378414|1.000000|1.000000|1.000000
AEG040_065_1000|13|8.650947|211.202545|-73.448418|10.492869|63.367653|0.805806|1.000000|1.000000|1.000000
AEG040_065_1003|13|-33.178215|221.141937|-108.377411|-1.138396|-42.664856|-11.839591|1.000000|1.000000|1.000000
AEG040_065_1005|13|20.542377|213.640991|-116.260895|12.079333|11.307515|-8.642929|1.000000|1.000000|1.000000
AEG040_065_1006|13|116.407036|198.710556|-91.175194|0.992242|49.788754|-1.064847|1.000000|1.000000|1.000000
AEG040_065_1007|13|69.950569|205.983276|-123.064011|9.438439|100.432190|8.842646|1.000000|1.000000|1.000000
AEG040_065_1009|13|11.262687|209.398544|-59.393578|3.761417|-13.416842|-11.016581|1.000000|1.000000|1.000000
AEG040_065_1011|13|-23.787115|215.340164|-62.927006|4.490894|-9.263870|-9.015104|1.000000|1.000000|1.000000
AEG040_065_1014|13|49.486389|209.234283|-123.109276|6.466096|110.593498|10.625495|1.000000|1.000000|1.000000
AEG040_065_1015|13|65.164841|200.525620|-55.600540|-0.700649|-37.169777|-10.265792|1.000000|1.000000|1.000000
AEG040_065_1016|13|68.273499|202.385681|-81.760170|-8.785527|-105.711494|-1.887982|1.000000|1.000000|1.000000
AEG040_065_1018|13|-27.857269|216.648178|-70.317757|3.655781|130.113739|10.827962|1.000000|1.000000|1.000000
AEG040_065_1021|13|36.768150|203.793015|-42.232162|-9.436518|-147.113968|4.678170|1.000000|1.000000|1.000000
AEG040_065_1025|13|-32.881504|222.121201|-117.742569|-2.756126|162.129837|8.378738|1.000000|1.000000|1.000000
AEG040_065_1027|13|108.793167|198.790390|-91.060394|0.046382|154.518173|0.985523|1.000000|1.000000|1.000000
AEG040_065_1028|13|22.912334|209.243195|-77.595825|-5.090631|174.183212|11.487758|1.000000|1.000000|1.000000
AEG040_065_1030|13|7.278837|216.176285|-116.193916|-9.528832|178.613876|9.915366|1.000000|1.000000|1.000000
AEG040_065_1033|13|-40.171455|222.200684|-108.582832|-10.807728|-117.450073|0.206828|1.000000|1.000000|1.000000
AEG040_065_1034|13|73.252426|202.236084|-86.161743|10.609856|14.766592|-11.086630|1.000000|1.000000|1.000000
AEG040_065_1035|13|68.037865|200.848068|-64.777588|-0.268190|-37.162136|-10.504891|1.000000|1.000000|1.000000
AEG040_065_1038|13|66.092789|203.406143|-87.522545|-8.875156|-146.846222|5.000061|1.000000|1.000000|1.000000
AEG040_065_1039|13|19.708458|215.061356|-124.774529|12.677929|44.256397|-4.718820|1.000000|1.000000|1.000000
AEG040_065_1040|13|31.278509|206.118378|-58.152576|0.567703|142.923981|11.328288|1.000000|1.000000|1.000000
AEG040_065_1041|13|30.053391|205.315460|-47.716743|-7.742766|-163.440521|7.148103|1.000000|1.000000|1.000000
AEG040_065_1042|13|96.871887|199.562256|-98.385666|6.032455|41.349972|-0.736613|1.000000|1.000000|1.000000
AEG040_065_1043|13|49.879150|208.354309|-112.443939|-10.020102|-138.798904|3.262899|1.000000|1.000000|1.000000
AEG040_065_1044|13|75.131897|199.542450|-61.646801|6.155401|10.302443|-4.481579|1.000000|1.000000|1.000000
AEG040_065_1045|13|92.956810|201.872467|-121.223839|8.820538|42.047188|-1.153706|1.000000|1.000000|1.000000
AEG040_065_1046|13|107.210556|198.733368|-83.524002|0.949211|151.799149|1.240916|1.000000|1.000000|1.000000
AEG040_065_1047|13|100.666031|198.789764|-75.770294|-0.806463|-176.406265|1.706176|1.000000|1.000000|1.000000
AEG040_065_1048|13|-38.923172|222.992722|-119.320038|8.097906|73.735252|0.967820|1.000000|1.000000|1.000000
AEG040_065_1049|13|58.181725|208.094223|-124.791023|9.470335|87.669052|4.773192|1.000000|1.000000|1.000000
AEG040_065_1050|13|89.092644|201.383926|-110.117577|3.826715|-3.749448|-7.125137|1.000000|1.000000|1.000000
AEG040_065_1051|13|44.204922|202.698471|-44.697613|4.728244|-12.725955|-6.843266|1.000000|1.000000|1.000000
AEG040_065_1052|13|-56.036026|222.542648|-111.001122|7.385653|78.570007|-4.526508|1.000000|1.000000|1.000000
AEG040_065_1053|13|-17.737907|220.418747|-128.553741|5.942214|114.078140|1.387055|1.000000|1.000000|1.000000
AEG040_065_1054|13|63.281456|204.432526|-94.623390|-10.928216|-133.438293|1.868147|1.000000|1.000000|1.000000
AEG040_065_1055|13|43.459103|206.332642|-81.415314|-4.789870|-59.312168|-10.293360|1.000000|1.000000|1.000000
AEG040_065_1056|13|35.340481|208.418854|-89.356544|2.574031|132.611526|11.050109|1.000000|1.000000|1.000000
AEG040_065_1057|13|-38.672066|217.038483|-54.130417|4.490894|-9.263870|-9.015104|1.000000|1.000000|1.000000
AEG040_065_1058|13|-15.639458|219.803192|-115.771996|-5.897796|-76.681717|-10.337974|1.000000|1.000000|1.000000
AEG040_065_1059|13|-6.458546|219.064697|-125.160393|0.418123|-3.335704|-9.428358|1.000000|1.000000|1.000000
AEG040_065_1060|13|-22.820557|221.162766|-124.569603|3.913949|155.824722|4.702866|1.000000|1.000000|1.000000
AEG040_065_1061|13|-27.579020|221.631042|-120.186996|4.651800|115.331474|5.964268|1.000000|1.000000|1.000000
AEG040_065_1062|13|43.079815|204.381851|-59.585205|10.163819|44.090946|-2.740509|1.000000|1.000000|1.000000
AEG040_065_1063|13|5.208744|209.736053|-52.605541|-6.843341|-71.697487|-8.013278|1.000000|1.000000|1.000000
AEG040_065_1064|13|1.026609|211.900162|-67.201675|-3.496614|168.533295|9.931678|1.000000|1.000000|1.000000
AEG040_065_1065|13|-1.182914|211.414795|-59.190849|-6.688225|-171.354691|8.143178|1.000000|1.000000|1.000000
AEG040_065_1066|13|35.070679|206.828125|-73.006439|-0.734854|-35.001564|-10.498006|1.000000|1.000000|1.000000
AEG040_065_1067|13|26.609215|208.104630|-71.069084|-8.997554|-89.878700|-5.480233|1.000000|1.000000|1.000000
AEG040_065_1068|13|74.471741|202.999695|-99.955978|6.484093|122.263626|9.103448|1.000000|1.000000|1.000000
AEG040_065_1069|13|85.367592|201.348907|-103.543159|3.852233|136.829468|9.999843|1.000000|1.000000|1.000000
AEG040_065_1070|13|87.821678|199.917435|-90.695541|-11.248483|-109.704636|-0.970031|1.000000|1.000000|1.000000
AEG040_065_1071|13|78.895889|201.335754|-88.172691|-8.584518|-78.867928|-6.690652|1.000000|1.000000|1.000000
AEG040_065_1072|13|57.755043|206.713318|-108.386208|-0.520536|-33.724777|-10.522798|1.000000|1.000000|1.000000
AEG040_065_1073|13|71.306923|204.478485|-110.472122|-4.454644|-46.804317|-11.280187|1.000000|1.000000|1.000000
AEG040_065_1074|13|-64.452057|217.914932|-29.689482|0.191469|-52.165161|-17.353510|1.000000|1.000000|1.000000
AEG040_065_1075|13|-69.484291|218.624771|-29.576517|-12.997665|-120.604965|-16.962561|1.000000|1.000000|1.000000
AEG040_065_1076|13|123.730522|198.692825|-84.499954|0.000005|72.509293|-0.000005|1.000000|1.000000|1.000000
AEG040_065_1077|13|111.086388|198.689270|-70.687500|-0.014885|-103.352783|0.003506|1.000000|1.000000|1.000000
AEG040_065_1078|13|118.833221|198.667786|-69.916237|0.000005|-79.085182|-0.000005|1.000000|1.000000|1.000000
AEG040_066_1001|13|-43.405422|223.642792|-117.754211|0.018116|158.138657|7.214683|1.000000|1.000000|1.000000
AEG040_066_1009|13|83.064026|202.462463|-111.793839|-9.143937|-161.376572|7.214546|1.000000|1.000000|1.000000
AEG040_066_1010|13|61.734028|201.441498|-59.652309|-5.859341|-169.988724|5.372198|1.000000|1.000000|1.000000
AEG040_066_1011|13|88.915985|201.934082|-115.448204|11.460133|38.014210|-1.894071|1.000000|1.000000|1.000000
AEG040_066_1012|13|32.878738|204.524094|-43.616348|-10.510538|-123.753479|0.515716|1.000000|1.000000|1.000000
AEG040_066_1013|13|27.825079|206.218903|-53.304077|-5.259622|179.152313|9.127543|1.000000|1.000000|1.000000
AEG040_066_1014|13|11.404607|210.009613|-65.492477|10.454677|52.510605|-1.207392|1.000000|1.000000|1.000000
AEG040_067_1001|13|35.451458|208.854355|-82.158539|-28.250050|6.432341|-42.027306|1.000000|1.000000|1.000000
AEG040_067_1002|13|40.805069|203.372635|-56.885609|4.488503|108.539764|5.948023|1.000000|1.000000|1.000000
AEG040_067_1004|13|-26.686209|214.940140|-63.675964|-15.593264|-101.217033|7.495358|1.000000|1.000000|1.000000
AEG040_067_1008|13|6.291710|210.052094|-70.218552|6.914041|-41.657639|-12.545517|1.000000|1.000000|1.000000
AEG040_067_1010|13|68.241547|202.965805|-92.834000|-9.290597|-48.592937|-0.534576|1.000000|1.000000|1.000000
AEG040_067_1012|13|89.061699|201.326797|-118.290482|1.547644|25.858820|-2.255129|1.000000|1.000000|1.000000
AEG040_067_1013|13|64.722435|200.030365|-60.110554|-7.626066|-128.558762|-1.019371|1.000000|1.000000|1.000000
AEG040_067_1017|13|68.481750|202.075821|-86.351692|-25.055603|-98.412689|-2.781135|1.000000|1.000000|1.000000
AEG040_067_1019|13|-23.643112|215.720825|-67.103355|36.147160|57.513268|-22.509195|1.000000|1.000000|1.000000
AEG040_067_1020|13|-21.914064|219.833862|-118.049522|12.008460|-4.416788|-7.934786|1.000000|1.000000|1.000000
AEG040_067_1022|13|40.097321|202.576508|-45.913757|-13.661537|-113.366699|-4.959053|1.000000|1.000000|1.000000
AEG040_067_1023|13|-37.976768|221.555862|-111.443901|8.665217|-31.107721|-12.547580|1.000000|1.000000|1.000000
AEG040_067_1024|13|50.468311|207.769119|-118.885063|4.395368|-56.819435|-17.916685|1.000000|1.000000|1.000000
AEG040_067_1026|13|85.562737|201.129898|-113.909836|-2.729761|-95.175667|-0.164438|1.000000|1.000000|1.000000
AEG040_067_1029|13|69.991539|199.315216|-61.911285|-1.851891|-8.197901|-10.510942|1.000000|1.000000|1.000000
AEG040_067_1031|13|31.063568|204.806442|-54.286438|-13.291968|-126.342506|-1.849800|1.000000|1.000000|1.000000
AEG040_067_1032|13|10.599468|214.280533|-114.419174|-2.851613|-60.425529|-11.393225|1.000000|1.000000|1.000000
AEG040_067_1036|13|-40.510651|222.116104|-115.787964|-6.476940|-52.757496|-12.354753|1.000000|1.000000|1.000000
AEG040_067_1037|13|9.690133|215.923325|-122.436127|-8.602086|-170.509323|6.385608|1.000000|1.000000|1.000000
AEG040_067_1038|13|-67.763771|217.838165|-31.220152|10.310202|-18.117876|-17.453766|1.000000|1.000000|1.000000
AEG040_067_1039|13|-79.342445|215.486526|-31.227501|13.551154|-10.617522|16.133106|1.000000|1.000000|1.000000
AEG040_068_1017|13|56.256062|204.930725|-114.729218|4.397985|50.291039|-10.069942|1.000001|1.000000|1.000000
AEG040_068_1018|13|15.493531|213.459106|-118.622490|10.290503|87.215393|3.623471|1.000000|1.000000|1.000000
AEG040_068_1022|13|4.681005|208.434189|-63.436291|-12.833522|-118.773247|-2.229257|1.000000|1.000000|1.000001
AEG040_068_1024|13|115.610573|197.173813|-77.026031|9.769990|117.138893|0.014435|1.000001|1.000000|1.000000
AEG040_068_1025|13|30.360537|206.186844|-80.632812|-16.356842|-148.632019|4.475605|1.000000|1.000000|1.000000
AEG040_068_1026|13|91.236664|197.592682|-98.159134|1.541735|140.709213|-3.006999|1.000000|1.000000|1.000001
AEG040_068_1029|13|35.165142|202.375916|-53.473415|-15.767222|-112.816010|-4.465765|1.000000|1.000000|1.000000
AEG040_068_1032|13|66.819313|203.680313|-118.033920|-9.899382|-166.782867|2.346388|1.000000|1.000000|1.000000
AEG040_068_1034|13|-14.376958|218.131226|-124.487129|-20.080351|-170.944626|9.732908|1.000001|1.000000|1.000000
AEG040_068_1038|13|79.518127|199.494019|-97.015274|-18.749567|-172.658722|9.659204|1.000000|1.000001|1.000000
AEG040_068_1039|13|-62.788555|152.294266|-7.669533|57.137623|3.359672|-5.095417|1.000000|1.000001|1.000000
AEG040_071_1003|13|49.939140|209.323273|-124.199753|-3.574716|-178.196548|5.958409|1.000000|1.000000|1.000000
AEG040_071_1004|13|91.688232|201.527252|-116.174896|3.598087|70.392662|2.739915|1.000000|1.000000|1.000000
AEG040_071_1005|13|69.017792|200.199478|-58.292744|8.912454|37.353855|-1.627868|1.000000|1.000000|1.000000
AEG040_071_1006|13|72.196289|200.248260|-65.389374|8.539786|36.934078|-4.413334|1.000000|1.000000|1.000000
AEG040_071_1007|13|-19.429276|215.303543|-69.366211|9.531420|38.122208|-5.757926|1.000000|1.000000|1.000000
AEG040_071_1008|13|-41.992058|223.297073|-113.462021|2.218418|-15.895580|-6.275135|1.000000|1.000000|1.000001
AEG040_071_1009|13|-35.567410|222.633804|-119.549492|1.692796|-16.737608|-8.855493|1.000000|1.000000|1.000000
AEG040_071_1010|13|-10.238684|219.318634|-118.175995|-4.166381|172.302582|9.174503|1.000000|1.000000|1.000000
AEG040_071_1011|13|-9.839208|219.523727|-128.067184|6.895050|63.765221|-4.041034|1.000000|1.000000|1.000000
AEG040_071_1012|13|81.527107|201.969818|-101.392021|9.373970|37.518692|-5.611134|1.000000|1.000000|1.000000
AEG040_071_1013|13|82.774002|200.919159|-90.542587|-10.837552|-110.253716|-0.795656|1.000000|1.000000|1.000000
AEG040_071_1014|13|63.727676|205.855759|-109.975258|-6.923820|-168.318115|8.388758|1.000000|1.000000|1.000000
AEG040_071_1015|13|93.199791|199.348083|-92.464951|4.697367|100.903923|6.262737|1.000000|1.000000|1.000000
AEG040_072_1007|13|8.596476|212.366730|-69.583717|0.000005|176.994812|-0.000005|1.000001|1.000000|1.000000
AEG099_660_9000|13|92.113998|201.235992|-112.542999|-3.897000|-157.182007|7.341000|1.000000|1.000000|1.000000
AEG099_660_9001|13|79.433998|202.328003|-102.227997|-2.021000|-52.827000|-3.338000|1.000000|1.000000|1.000000
AEG099_660_9002|13|97.321999|198.908997|-76.249001|0.000000|-75.180000|0.000000|1.000000|1.000000|1.000000
AEG099_660_9003|13|90.639000|198.835999|-61.306999|0.000000|148.949005|-1.706000|1.000000|1.000000|1.000000
AEG099_660_9004|13|61.226002|204.841995|-94.155998|-5.486000|-87.037003|-2.571000|1.000000|1.000000|1.000000
AEG099_660_9005|13|38.141998|206.373001|-71.632004|-2.789000|-110.856003|-0.863000|1.000000|1.000000|1.000000
AEG099_660_9006|13|30.044001|210.755997|-103.755997|0.000000|172.186996|0.000000|1.000000|1.000000|1.000000
AEG099_660_9007|13|35.778999|210.134995|-107.134003|-5.330000|-137.300003|-0.000000|1.000000|1.000000|1.000000
AEG099_660_9008|13|27.988001|211.399002|-107.042999|-0.000000|-57.254002|-2.540000|1.000000|1.000000|1.000000
AEG099_660_9009|13|63.667999|198.779999|-12.453000|0.000000|-100.114998|0.000000|1.000000|1.000000|1.000000
AEG099_660_9010|13|30.735001|204.785004|-43.123001|-4.798000|-81.099998|-3.352000|1.000000|1.000000|1.000000
AEG099_660_9011|13|2.639000|212.186005|-72.197998|-0.759000|-50.570999|-5.302000|1.000000|1.000000|1.000000
AEG099_660_9012|13|-14.369000|211.261993|-34.645000|-9.976000|-77.597000|-4.423000|1.000000|1.000000|1.000000
AEG099_660_9013|13|-27.650999|217.020004|-72.321999|-3.244000|-90.915001|0.000000|1.000000|1.000000|1.000000
AEG099_660_9014|13|-59.611000|221.949005|-65.788002|-5.883000|-117.897003|0.000000|1.000000|1.000000|1.000000
AEG099_660_9015|13|-50.460999|220.606995|-70.917999|-5.714000|-112.962997|-0.496000|1.000000|1.000000|1.000000
AEG099_660_9016|13|-56.022999|224.403000|-102.261002|-5.680000|-109.606003|0.000000|1.000000|1.000000|1.000000
AEG099_660_9017|13|-13.338000|217.384995|-101.128998|0.000000|113.279999|0.000000|1.000000|1.000000|1.000000
AEG099_660_9018|13|-85.583000|225.438995|-64.158997|0.000000|-74.611000|0.000000|1.000000|1.000000|1.000000
AEG099_660_9019|13|-42.278000|217.162994|-48.254002|5.265000|116.454002|2.556000|1.000000|1.000000|1.000000
AEG099_660_9020|13|-89.751999|225.490997|-41.263000|0.000000|-75.136002|0.000000|1.000000|1.000000|1.000000
AEG099_660_9021|13|-114.664001|222.042999|-84.455002|-0.000000|-47.432999|6.470000|1.000000|1.000000|1.000000
AEG099_660_9022|13|-119.780998|219.962997|-95.899002|-2.512000|124.094002|-6.189000|1.000000|1.000000|1.000000
AEG099_660_9023|13|-104.000000|217.727005|-120.341003|8.273000|-101.825996|-0.000000|1.000000|1.000000|1.000000
AEG099_660_9024|13|56.583000|198.729996|-11.210000|0.000000|-32.418999|0.000000|1.000000|1.000000|1.000000
AEG099_691_9000|13|-106.591003|224.867004|-50.162998|0.000000|-96.371002|0.000000|1.000000|1.000000|1.000000
AEG201_001_1000|13|-86.853302|224.566055|-98.021988|-0.000307|-75.792496|0.001366|1.000000|1.000000|1.000000
AEG201_003_1001|13|-85.671371|226.157532|-87.602234|0.000000|47.499996|0.000000|1.000000|1.000000|1.000000
AEG201_008_1000|13|-85.671371|226.157532|-87.602234|0.000000|47.499996|0.000000|1.000000|1.000000|1.000000
AEG201_009_1000|13|-85.671371|226.157532|-87.602234|0.000000|47.499996|0.000000|1.000000|1.000000|1.000000
AEG201_027_1000|13|-88.036942|225.877029|-78.391548|3.126149|-103.554039|-4.259223|1.000000|1.000000|1.000000
AEG201_043_1000|13|-90.272751|225.809662|-75.578941|0.000000|0.000000|0.000000|1.000000|1.000000|1.000000
AEG700_043_1000|13|-91.297012|225.788483|-73.268135|0.000000|0.000000|0.000000|1.000000|1.000000|1.000000
AEG700_066_1001|13|85.245369|199.668015|-75.719185|-4.015586|-150.009842|4.356266|1.000000|1.000000|1.000000
AEG700_066_1002|13|116.577370|198.785721|-101.766220|-4.997029|-126.136368|-0.428035|1.000000|1.000000|1.000000
AEG700_066_1003|13|20.741920|210.758286|-87.658470|-1.566842|-4.273270|-8.547118|1.000000|1.000000|1.000000
AEG700_066_1004|13|-56.239319|222.826126|-83.191933|-1.604995|166.256180|11.897344|1.000000|1.000000|1.000000
AEG700_066_1005|13|-78.573761|224.844208|-68.030525|-2.433423|-136.085175|2.611263|1.000000|1.000000|1.000000
AEG700_066_1006|13|-68.279495|225.813889|-97.718544|-0.250897|-64.887505|-2.045942|1.000000|1.000000|1.000000
AEG700_067_1001|13|81.337875|200.013779|-73.554161|-3.702008|-154.013138|4.625596|1.000000|1.000001|1.000000
AEG700_067_1002|13|113.872658|198.759079|-98.194214|-5.014675|-130.121216|-0.078847|1.000000|1.000001|1.000000
AEG700_067_1003|13|25.154219|210.094589|-87.250374|-2.163315|-8.315450|-8.416876|1.000000|1.000001|1.000000
AEG700_067_1004|13|-60.478432|223.751846|-84.309242|-0.759073|162.168518|11.979907|1.000000|1.000001|1.000000
AEG700_067_1005|13|116.949821|198.759079|-117.653458|-5.014675|-126.287399|-0.078848|1.000000|1.000001|1.000000
AEG700_067_1006|13|-23.479681|217.877777|-86.706978|-2.640425|-164.257278|7.878353|1.000000|1.000001|1.000000
AEG700_067_1007|13|-85.661682|225.518539|-61.546280|-2.245368|-140.086319|2.774615|1.000000|1.000001|1.000000
AEG700_067_1008|13|-65.460472|224.844330|-90.576248|-0.660451|-70.768898|-7.219234|1.000000|1.000001|1.000000
AEG700_069_1000|13|92.631561|199.271484|-80.278404|-0.428309|34.377434|-3.343144|1.000000|1.000000|1.000000
AEG700_069_1001|13|118.969551|198.830276|-105.296677|3.335536|58.637066|-4.427140|1.000000|1.000000|1.000000
AEG700_069_1002|13|16.528145|211.395401|-87.822426|-0.726711|-179.805832|6.238338|1.000000|1.000000|1.000000
AEG700_069_1003|13|-52.151611|221.951187|-82.347069|0.942457|-9.076740|-16.987253|1.000000|1.000000|1.000000
AEG700_069_1004|13|121.560417|198.830276|-125.080818|3.335536|62.470863|-4.427142|1.000000|1.000000|1.000000
AEG700_069_1005|13|-15.350834|216.713806|-89.706245|2.163010|24.345490|-9.807623|1.000000|1.000000|1.000000
AEG700_069_1006|13|-75.610733|224.656021|-71.092186|1.012151|48.461506|-5.610144|1.000000|1.000000|1.000000
AEG700_069_1007|13|-70.223480|225.966324|-101.511482|-1.531547|119.520103|-1.137397|1.000000|1.000000|1.000000
