m433700_0000|0|0.000000|0.000000|0.000000|0.000000|0.000000|0.000000|1.000000|1.000000|1.000000
m433702_0000|0|0.000000|0.000000|0.000000|0.000000|0.000000|0.000000|1.000000|1.000000|1.000000
c0000_9001|2|116.406998|64.704002|40.193001|0.000000|171.669998|0.000000|1.000000|1.000000|1.000000
c0100_9000|2|93.571999|64.717003|-56.576000|0.000000|-171.033997|0.000000|1.000000|1.000000|1.000000
c0100_9001|2|-17.375000|87.439003|15.750000|0.000000|162.470993|0.000000|1.000000|1.000000|1.000000
c0100_9002|2|-12.284000|92.843002|52.896999|0.000000|128.391006|0.000000|1.000000|1.000000|1.000000
c0100_9003|2|15.113000|87.834999|-78.821999|0.000000|134.434998|0.000000|1.000000|1.000000|1.000000
c1000_9002|2|-80.430000|88.521004|56.235001|0.000000|-53.840000|0.000000|1.000000|1.000000|1.000000
c2270_9000|2|-103.321724|64.368347|-68.081398|0.000000|5.402623|0.000000|1.000000|1.000000|1.000000
c3150_9000|2|66.376999|90.879997|-95.647003|0.000000|-89.772003|0.000000|1.000000|1.000000|1.000000
c3160_9000|2|68.003998|90.875000|-94.536003|-1.151000|-87.915001|0.000000|1.000000|1.000000|1.000000
c3500_9000|2|88.472000|79.647003|-107.434998|0.000000|-138.798004|0.000000|1.000000|1.000000|1.000000
c3500_9001|2|90.815002|81.778000|-107.154999|0.000000|153.802002|0.000000|1.000000|1.000000|1.000000
c3500_9002|2|88.580002|81.137001|-82.439003|0.000000|-127.693001|0.000000|1.000000|1.000000|1.000000
c3500_9003|2|97.054001|77.341003|-82.379997|0.000000|158.397003|0.000000|1.000000|1.000000|1.000000
c3500_9004|2|85.853996|79.060997|-81.047997|0.000000|11.719000|0.000000|1.000000|1.000000|1.000000
c3500_9005|2|88.185997|65.733002|-50.169998|0.000000|-23.952999|0.000000|1.000000|1.000000|1.000000
c3500_9006|2|90.802002|64.698997|-57.772999|0.000000|173.718002|0.000000|1.000000|1.000000|1.000000
c3500_9007|2|93.867996|64.697998|-64.161003|0.000000|176.403000|0.000000|1.000000|1.000000|1.000000
c4050_9000|2|-30.404959|87.409332|22.541248|1.235000|320.478394|-0.032000|1.000000|1.000000|1.000000
c4050_9001|2|51.319817|90.471054|-94.518898|0.000000|-89.307648|0.000000|1.000000|1.000000|1.000000
c4060_9000|2|-29.156195|86.759071|17.935396|1.652000|-48.536469|-0.000000|1.000000|1.000000|1.000000
c4060_9001|2|53.447300|90.597641|-93.975342|0.000000|268.230988|0.000000|1.000000|1.000000|1.000000
c4110_9000|2|15.018000|86.810997|-5.608000|0.453000|-70.830002|-0.000000|1.000000|1.000000|1.000000
c4191_9000|2|53.825001|90.579002|-91.189003|2.554000|-96.815002|-3.334000|1.000000|1.000000|1.000000
c4200_9030|2|-13.586000|88.518997|13.156000|0.000000|142.248001|0.000000|1.000000|1.000000|1.000000
c4200_9031|2|-16.239000|87.989998|11.212000|0.000000|158.332993|0.000000|1.000000|1.000000|1.000000
c4300_9001|2|16.587000|87.827003|-78.649002|0.000000|129.503998|0.000000|1.000000|1.000000|1.000000
c4300_9002|2|18.049999|87.885002|-80.999001|0.000000|135.264008|0.000000|1.000000|1.000000|1.000000
c4300_9003|2|18.528999|87.873001|-83.287003|0.000000|127.198997|0.000000|1.000000|1.000000|1.000000
c4311_9002|2|58.960999|90.115997|-81.568001|0.000000|-18.028000|0.000000|1.000000|1.000000|1.000000
c4371_9002|2|60.761955|90.587845|-86.281883|0.000000|136.152420|0.000000|1.000000|1.000000|1.000000
c4371_9003|2|55.912281|90.293671|-85.070686|0.000000|245.713989|0.000000|1.000000|1.000000|1.000000
c4440_9007|2|-92.481003|64.369003|-57.112000|0.000000|-108.485001|0.000000|1.000000|1.000000|1.000000
c4440_9009|2|-92.213997|64.801003|-72.011002|0.000000|-173.050003|0.000000|1.000000|1.000000|1.000000
c4440_9015|2|-115.760002|64.365997|-105.552002|0.000000|-173.050003|0.000000|1.000000|1.000000|1.000000
c4440_9021|2|-88.399002|64.384003|-97.167999|0.000000|-170.852997|0.000000|1.000000|1.000000|1.000000
c6001_9000|2|82.330002|89.848000|106.948997|0.000000|-57.165001|0.000000|1.000000|1.000000|1.000000
c6001_9001|2|84.169998|90.237000|112.822998|0.000000|-75.306999|0.000000|1.000000|1.000000|1.000000
c6001_9002|2|96.276001|86.189003|43.646000|0.000000|-85.311996|0.000000|1.000000|1.000000|1.000000
c6001_9006|2|94.364998|86.205002|42.713001|0.000000|-94.149002|0.000000|1.000000|1.000000|1.000000
c6001_9007|2|96.495003|86.235001|39.063000|0.000000|-48.092999|0.000000|1.000000|1.000000|1.000000
c6001_9008|2|88.092003|88.680000|-36.298000|0.000000|-83.356003|0.000000|1.000000|1.000000|1.000000
c6001_9009|2|86.528999|87.920998|-40.250999|0.000000|-45.083000|0.000000|1.000000|1.000000|1.000000
c6001_9010|2|43.831001|90.865997|-127.621002|0.000000|2.854000|0.000000|1.000000|1.000000|1.000000
c6001_9011|2|45.634998|91.255997|-128.063995|0.000000|-31.732000|0.000000|1.000000|1.000000|1.000000
c6001_9012|2|-94.720001|91.529999|-36.660000|0.000000|7.900000|0.000000|1.000000|1.000000|1.000000
c6001_9013|2|-95.822998|91.351997|-34.374001|0.000000|13.137000|0.000000|1.000000|1.000000|1.000000
c6001_9015|2|9.469000|101.412003|82.785004|0.000000|-151.085999|0.000000|1.000000|1.000000|1.000000
c6001_9016|2|11.297000|101.313004|83.231003|0.000000|-159.951004|0.000000|1.000000|1.000000|1.000000
c6001_9017|2|18.848000|100.614998|84.081001|0.000000|-175.052994|0.000000|1.000000|1.000000|1.000000
c6001_9018|2|25.163000|95.169998|51.146999|0.000000|29.167999|0.000000|1.000000|1.000000|1.000000
c6001_9019|2|22.343000|95.439003|50.605000|0.000000|-16.726000|0.000000|1.000000|1.000000|1.000000
c6060_9000|2|-60.649216|102.163147|106.679962|0.000000|87.195999|0.000000|1.000000|1.000000|1.000000
c6060_9001|2|-64.430222|102.257797|107.429962|0.000000|78.668999|0.000000|1.000000|1.000000|1.000000
c6060_9002|2|-61.467216|102.499100|108.290962|0.000000|77.899002|0.000000|1.000000|1.000000|1.000000
c6060_9003|2|-62.334213|101.929123|105.708961|10.295000|97.696999|0.000000|1.000000|1.000000|1.000000
c6060_9010|2|12.016781|86.635422|-13.007024|-0.562000|87.195999|0.000000|1.000000|1.000000|1.000000
c6060_9011|2|8.237789|86.584991|-12.258024|-0.605000|78.668999|0.000000|1.000000|1.000000|1.000000
c6060_9012|2|10.331783|86.591377|-13.978025|0.000000|97.696999|0.000000|1.000000|1.000000|1.000000
c6060_9013|2|29.254755|86.610542|-25.111168|13.365000|150.496002|0.000000|1.000000|1.000000|1.000000
c6060_9014|2|32.053749|86.625114|-26.576172|8.449000|134.979996|0.000000|1.000000|1.000000|1.000000
c6060_9015|2|27.895754|86.604187|-26.633171|0.000000|151.447006|0.000000|1.000000|1.000000|1.000000
c6060_9016|2|25.571756|86.592644|-24.820168|0.000000|-111.478996|-0.000000|1.000000|1.000000|1.000000
c6060_9017|2|22.916170|87.050125|-0.880263|0.868000|150.496002|-0.000000|1.000000|1.000000|1.000000
c6060_9018|2|22.691172|86.964447|-3.638263|0.898000|151.447006|0.000000|1.000000|1.000000|1.000000
c6060_9019|2|27.747171|86.954094|-5.177263|1.407000|-111.478996|-0.000000|1.000000|1.000000|1.000000
c6080_9001|2|83.870003|66.141998|-68.412003|0.000000|-121.491997|0.000000|1.000000|1.000000|1.000000
c6080_9002|2|116.085999|65.972000|-10.476000|0.000000|-158.695007|0.000000|1.000000|1.000000|1.000000
c6080_9003|2|-55.885693|65.972000|-125.192871|0.000000|-158.695007|0.000000|1.000000|1.000000|1.000000
c6080_9004|2|-106.768723|65.972000|-117.871033|0.000000|-158.695007|0.000000|1.000000|1.000000|1.000000
c0000_9002|4|-121.699997|64.808708|-65.180000|0.000000|169.613007|0.000000|1.000000|1.000000|1.000000
c0000_9003|4|-80.576904|88.252312|52.072380|0.000000|121.739998|0.000000|1.000000|1.000000|1.000000
c0000_9004|4|25.533646|88.185020|-87.933022|0.000000|-61.122826|0.000000|1.000000|1.000000|1.000000
c0000_9005|4|22.787621|90.660545|27.963852|0.000000|-157.382004|0.000000|1.000000|1.000000|1.000000
c0000_9006|4|15.720000|96.510002|90.239998|0.000000|174.320007|0.000000|1.000000|1.000000|1.000000
h433700|5|0.000000|0.000000|0.000000|0.000000|0.000000|0.000000|1.000000|1.000000|1.000000
h433701|5|0.000000|0.000000|0.000000|0.000000|0.000000|0.000000|1.000000|1.000000|1.000000
h433702|5|0.000000|0.000000|0.000000|0.000000|0.000000|0.000000|1.000000|1.000000|1.000000
h433703|5|0.000000|0.000000|0.000000|0.000000|0.000000|0.000000|1.000000|1.000000|1.000000
h433754|5|0.000000|0.000000|0.000000|0.000000|0.000000|0.000000|1.000000|1.000000|1.000000
AEG099_015_9000|9|88.165001|65.434998|58.862999|0.000000|111.698997|0.000000|1.000000|1.000000|1.000000
AEG099_053_9000|9|62.820000|89.876671|-109.782997|0.000000|95.000000|0.000000|1.000000|1.000000|1.000000
AEG099_053_9003|9|99.044998|66.795998|42.998001|0.000000|-95.000000|5.000000|1.000000|1.000000|1.000000
AEG099_090_9000|9|18.958000|87.369003|8.864000|0.000000|-117.720001|0.000000|1.000000|1.000000|1.000000
AEG099_090_9001|9|28.013000|87.431000|6.570000|0.000000|-73.391998|0.000000|1.000000|1.000000|1.000000
AEG099_090_9002|9|27.917000|87.431000|6.618000|0.000000|-117.720001|0.000000|1.000000|1.000000|1.000000
AEG099_090_9003|9|18.958000|87.369003|8.864000|0.000000|-117.720001|0.000000|1.000000|1.000000|1.000000
AEG099_090_9004|9|27.898001|87.434998|6.630000|0.000000|-73.391998|0.000000|1.000000|1.000000|1.000000
AEG099_723_9000|9|101.546997|64.696999|126.799004|0.000000|154.901993|0.000000|1.000000|1.000000|1.000000
AEG099_723_9001|9|121.857002|64.682999|12.800000|0.000000|-91.496002|0.000000|1.000000|1.000000|1.000000
AEG099_723_9002|9|122.263000|64.692001|21.659000|0.000000|41.334000|0.000000|1.000000|1.000000|1.000000
AEG099_723_9003|9|119.754997|64.713997|14.438000|0.000000|-115.964996|0.000000|1.000000|1.000000|1.000000
c1000_9000|10|103.250000|64.720001|79.580002|0.000000|-173.860001|0.000000|1.000000|1.000000|1.000000
c1000_9003|10|98.990997|67.075996|42.969002|0.000000|-85.000000|0.000000|1.000000|1.000000|1.000000
c1000_9004|10|120.140999|64.958000|124.040001|0.000000|175.000000|0.000000|1.000000|1.000000|1.000000
c4070_9000|10|6.512000|93.815002|61.863998|4.551000|15.462000|-4.996000|1.000000|1.000000|1.000000
c4070_9002|10|-0.090000|93.542999|59.834000|-11.475000|-13.375000|4.975000|1.000000|1.000000|1.000000
c4070_9003|10|-15.082000|92.439003|49.953999|-0.000000|-70.519997|0.000000|1.000000|1.000000|1.000000
c4220_9000|10|113.349686|64.808983|8.445724|0.000000|-2.424000|0.000000|1.000000|1.000000|1.000000
c6060_9004|10|-60.649216|102.163147|106.679962|0.000000|87.195999|0.000000|1.000000|1.000000|1.000000
c6060_9005|10|-64.430222|102.257797|107.429962|0.000000|78.668999|0.000000|1.000000|1.000000|1.000000
c6060_9006|10|-61.467216|102.499100|108.290962|0.000000|77.899002|0.000000|1.000000|1.000000|1.000000
c6060_9007|10|-62.334213|101.929123|105.708961|10.295000|97.696999|0.000000|1.000000|1.000000|1.000000
c6060_9008|10|-60.649216|102.163147|106.679962|0.000000|87.195999|0.000000|1.000000|1.000000|1.000000
c6060_9009|10|-64.430222|102.257797|107.429962|0.000000|78.668999|0.000000|1.000000|1.000000|1.000000
h433701_0000|11|0.000000|0.000000|0.000000|0.000000|0.000000|0.000000|1.000000|1.000000|1.000000
h433702_0000|11|0.000000|0.000000|0.000000|0.000000|0.000000|0.000000|1.000000|1.000000|1.000000
h433703_0000|11|0.000000|0.000000|0.000000|0.000000|0.000000|0.000000|1.000000|1.000000|1.000000
AEG001_290_7006|13|-15.113401|85.793694|-17.245054|-0.935086|159.330276|-1.148630|0.900000|0.900000|0.900000
AEG001_290_7007|13|-28.905634|88.435928|28.132343|5.847953|159.811340|-9.370517|1.100000|1.100000|1.100000
AEG001_290_7008|13|-15.527537|85.768265|-12.478048|-1.609653|130.263657|-1.696642|1.100000|1.100000|1.100000
AEG001_290_7009|13|0.267971|94.468895|66.205948|1.760549|-136.230865|10.189058|1.100000|1.100000|1.100000
AEG001_290_7010|13|-29.781898|93.532501|56.007153|8.480282|-165.068741|-2.918539|0.900000|0.900000|0.900000
AEG001_290_7011|13|-31.260317|95.689377|69.734093|0.232227|111.428772|-10.621523|1.100000|1.100000|1.100000
AEG001_290_7012|13|-95.547966|88.596313|-2.330370|-5.069349|-152.687332|5.956416|0.900000|0.900000|0.900000
AEG001_290_7013|13|-93.648064|88.012589|5.311643|-6.416268|-148.009018|4.984482|0.900000|0.900000|0.900000
AEG001_290_7014|13|-88.866791|87.683197|-1.246527|7.828682|71.633118|-0.079888|1.100000|1.100000|1.100000
AEG001_290_7015|13|-59.419106|81.085373|-71.525711|-0.067264|-56.307808|10.194605|1.100000|1.100000|1.100000
AEG001_290_7016|13|-63.313053|80.318634|-73.573441|10.843034|-121.561386|4.408667|0.900000|0.900000|0.900000
AEG001_290_7017|13|-47.354198|82.190804|-70.819870|3.715431|149.441635|-7.826094|0.900000|0.900000|0.900000
AEG001_290_7019|13|30.361452|88.186768|-81.101746|-1.114544|-173.629044|-3.202953|1.100000|1.100000|1.100000
AEG001_290_7020|13|68.223206|90.244400|-80.543701|-1.621949|96.979317|5.963247|0.900000|0.900000|0.900000
AEG001_290_7021|13|20.968676|87.930077|-89.664047|-0.508293|152.183609|-3.529273|0.900000|0.900000|0.900000
AEG001_290_7022|13|11.187022|87.612587|-82.132576|-1.770061|120.028046|-4.319687|1.100000|1.100000|1.100000
AEG001_290_7023|13|60.699730|89.853485|-115.217300|-0.192314|-158.460510|-0.544780|1.100000|1.100000|1.100000
AEG001_290_7024|13|-17.052242|74.415680|-112.743820|7.794229|87.489998|-10.418559|0.900000|0.900000|0.900000
AEG001_290_7025|13|-8.034887|81.591446|-92.244225|17.089327|161.754364|-14.526257|1.100000|1.100000|1.100000
AEG001_290_7026|13|-8.770851|82.824142|-88.529549|19.863014|-129.175247|9.167345|0.900000|0.900000|0.900000
AEG001_290_7027|13|50.073269|91.936554|89.340836|9.474374|131.683136|2.557195|0.900000|0.900000|0.900000
AEG001_290_7028|13|124.762466|64.655571|21.692448|0.163733|158.128433|0.315773|1.100000|1.100000|1.100000
AEG001_290_7029|13|119.217209|64.987312|69.598099|1.601543|-46.951065|5.515842|0.900000|0.900000|0.900000
AEG001_290_7030|13|88.609467|64.965530|91.672897|2.251804|-27.296404|-5.479321|1.100000|1.100000|1.100000
AEG001_290_7031|13|74.255508|85.570381|55.851597|5.287577|158.958038|10.772028|0.900000|0.900000|0.900000
AEG001_290_7032|13|46.437321|92.718544|91.973434|-0.401591|-150.055603|10.088490|1.100000|1.100000|1.100000
AEG001_290_7034|13|-86.349525|90.223106|64.741272|9.004784|159.600479|-3.655168|1.100000|1.100000|1.100000
AEG001_290_7036|13|-93.128441|89.943588|62.771542|5.128243|-140.178680|6.236645|0.900000|0.900000|0.900000
AEG001_290_7037|13|-111.649818|98.451225|105.644638|11.319262|161.987534|-7.738609|0.900000|0.900000|0.900000
AEG001_290_7038|13|-112.010391|90.854286|62.399460|6.926577|159.009796|1.436689|0.900000|0.900000|0.900000
AEG001_290_7039|13|56.628639|89.708595|-117.517776|-1.703779|118.293655|-3.252209|0.900000|0.900000|0.900000
AEG001_290_7040|13|0.821528|76.992119|-104.964729|15.907895|144.578415|-17.092878|1.100000|1.100000|1.100000
AEG001_290_7041|13|-56.798195|84.845840|-36.124577|1.467808|134.816605|-2.850965|0.900000|0.900000|0.900000
AEG001_290_7042|13|10.631039|87.245232|-87.232094|2.427149|161.976456|-6.058818|0.900000|0.900000|0.900000
AEG001_290_7043|13|29.832102|88.198418|19.909252|3.237783|161.244629|-1.917556|0.900000|0.900000|0.900000
AEG001_290_7044|13|-93.386963|89.082848|-24.536880|-5.682257|159.959137|9.602400|0.900000|0.900000|0.900000
AEG001_290_7045|13|10.670980|74.864288|-112.787796|20.319759|-177.423233|-3.698336|1.100000|1.100000|1.100000
AEG001_290_7046|13|98.197647|64.704453|-121.585930|-0.810170|101.988464|-0.650686|0.900000|0.900000|0.900000
AEG001_290_7049|13|103.585609|64.882591|-125.924377|-0.097942|154.045883|-4.547082|0.900000|0.900000|0.900000
AEG001_290_7050|13|97.810966|65.032913|-75.833687|0.800335|-139.793533|-5.769292|0.900000|0.900000|0.900000
AEG001_290_7051|13|88.625435|65.705887|56.154518|3.051320|-47.397720|-7.818685|1.100000|1.100000|1.100000
AEG001_290_7052|13|100.151909|65.172379|51.516251|0.358831|-38.526684|-6.108366|0.900000|0.900000|0.900000
AEG001_290_7053|13|106.184616|65.094589|44.382015|-2.422450|-164.442780|3.994185|0.900000|0.900000|0.900000
AEG001_290_7054|13|85.131561|65.239166|68.192513|-1.372754|-83.362747|1.005103|0.900000|0.900000|0.900000
AEG001_290_7055|13|102.763023|65.363510|34.558170|10.126657|133.517776|2.572578|0.900000|0.900000|0.900000
AEG001_290_7056|13|126.549553|65.248001|54.163200|-3.496676|134.181442|-5.603367|0.900000|0.900000|0.900000
AEG001_290_7057|13|127.786743|65.143608|42.611820|-6.412408|58.597588|3.934051|0.900000|0.900000|0.900000
AEG001_290_7058|13|115.659325|65.091133|84.484291|2.223199|-28.758959|5.308395|1.200000|1.200000|1.200000
AEG001_290_7059|13|113.439926|64.819969|82.152328|-0.799440|-0.663567|4.079181|0.900000|0.900000|0.900000
AEG001_290_7060|13|117.314552|65.026619|98.488152|0.593571|-0.599733|3.586123|0.900000|0.900000|0.900000
AEG001_290_7062|13|100.907997|64.655327|134.162949|0.000000|131.412323|0.000000|0.900000|0.900000|0.900000
AEG001_290_7063|13|100.625023|64.655327|131.044678|-0.000004|25.438932|-0.000001|1.100000|1.100000|1.100000
AEG001_290_7064|13|93.051567|65.324783|-28.813395|5.962647|133.565491|4.042408|0.900000|0.900000|0.900000
AEG001_290_7065|13|57.591282|70.849854|-130.089264|-0.446509|-89.063744|7.241531|1.100000|1.100000|1.100000
AEG001_290_7067|13|90.016647|65.348427|-38.297997|3.353841|42.213459|-8.978145|0.900000|0.900000|0.900000
AEG001_290_7068|13|122.557266|65.129601|116.167526|-4.329152|115.410324|-0.920272|1.100000|1.100000|1.100000
AEG001_290_7069|13|76.752464|66.726639|-114.358467|10.062917|70.501999|-8.503627|1.200000|1.200000|1.200000
AEG001_290_7071|13|79.526512|65.510872|-122.999245|4.490494|156.888321|6.298309|1.100000|1.100000|1.100000
AEG001_290_7072|13|84.405876|64.951813|-114.600616|-2.204399|-159.391602|6.113020|1.100000|1.100000|1.100000
AEG001_290_7073|13|82.260002|65.394699|-93.364090|10.028576|107.007675|3.965580|1.200000|1.200000|1.200000
AEG001_290_7074|13|100.428154|65.035675|-101.459358|2.687379|-150.422714|-5.270236|0.900000|0.900000|0.900000
AEG001_290_7075|13|101.213997|65.685913|-82.917839|6.226346|-134.008774|-5.943764|1.100000|1.100000|1.100000
AEG001_290_7076|13|80.871071|65.707123|-96.500114|-8.191701|-133.995270|7.108342|0.900000|0.900000|0.900000
AEG001_290_7077|13|12.809090|91.431801|49.080082|7.465969|141.313309|-2.935884|0.900000|0.900000|0.900000
AEG001_290_7078|13|-6.158448|93.081139|55.504757|9.180322|159.267334|-1.715415|0.900000|0.900000|0.900000
AEG001_290_7079|13|-67.704803|77.895844|-95.293549|0.000000|-122.209694|0.000000|0.900000|0.900000|0.900000
AEG001_290_7080|13|-73.700203|83.410988|-47.842167|-2.692527|78.153458|-3.288901|0.900000|0.900000|0.900000
AEG001_290_7081|13|-78.859879|87.189217|-30.176943|-6.003603|-75.686638|-2.616566|1.100000|1.100000|1.100000
AEG001_290_7082|13|-75.079102|81.420410|-62.481010|-1.838139|-75.506752|9.813124|0.900000|0.900000|0.900000
AEG001_290_7084|13|-66.040527|82.376472|-59.145744|11.837266|-165.292648|1.474556|0.900000|0.900000|0.900000
AEG001_290_7085|13|-60.897728|84.103386|-45.584427|-0.636499|-74.690750|4.396430|0.900000|0.900000|0.900000
AEG001_290_7086|13|-64.023338|83.970764|-46.946766|5.245612|155.334518|-2.582523|1.100000|1.100000|1.100000
AEG001_290_7087|13|64.819092|90.026367|-108.668457|-0.962917|-97.835701|4.512706|0.900000|0.900000|0.900000
AEG001_290_7088|13|-17.685291|98.153847|85.854637|8.528749|160.091461|-2.156617|0.900000|0.900000|0.900000
AEG001_290_7089|13|-43.727589|96.428543|75.762329|4.535190|-149.074829|5.192337|0.900000|0.900000|0.900000
AEG001_290_7090|13|-39.609844|98.449539|87.536209|-0.004302|-85.003075|10.516523|0.900000|0.900000|0.900000
AEG001_290_7091|13|-43.250183|98.122520|86.209290|8.954787|-138.467361|6.291096|1.100000|1.100000|1.100000
AEG001_290_7092|13|-40.644344|97.104271|81.159683|-1.611568|-72.824959|6.599002|0.900000|0.900000|0.900000
AEG001_290_7093|13|-34.066246|95.869278|71.770706|-8.940138|-17.404432|6.329045|0.900000|0.900000|0.900000
AEG001_290_7094|13|-22.349817|92.418228|49.278179|7.969273|146.589691|-4.678077|0.900000|0.900000|0.900000
AEG001_290_7095|13|-62.313793|99.464272|93.754097|-1.764805|-72.812485|11.621896|0.900000|0.900000|0.900000
AEG001_290_7096|13|-109.958755|90.494514|60.064240|1.793116|-140.196320|6.544168|0.900000|0.900000|0.900000
AEG001_290_7097|13|-73.555489|85.682755|1.388896|-5.862506|-135.185913|2.376495|0.900000|0.900000|0.900000
AEG001_290_7098|13|-46.998306|85.317039|-31.709051|-0.171161|165.271332|-2.636053|0.900000|0.900000|0.900000
AEG001_290_7099|13|27.015261|88.020012|-80.272072|-2.474827|107.274712|0.674905|0.900000|0.900000|0.900000
AEG001_290_7100|13|86.656433|64.727798|-110.661873|-1.588390|-12.504701|-4.254651|0.900000|0.900000|0.900000
AEG001_290_7101|13|98.962639|64.990707|-105.313637|4.512570|-89.404686|-0.635115|1.200000|1.200000|1.200000
AEG001_290_7102|13|99.933830|64.994720|-114.132935|0.585976|-30.361410|4.287091|0.900000|0.900000|0.900000
AEG001_290_7103|13|-82.621269|88.224098|50.774681|-1.818294|-102.940971|6.463408|0.900000|0.900000|0.900000
AEG001_290_7104|13|-73.612175|89.581253|59.810982|-2.959131|86.123535|-10.533165|0.900000|0.900000|0.900000
AEG001_290_7105|13|-2.244898|94.368690|64.327972|-8.883391|-37.671001|2.958428|0.900000|0.900000|0.900000
AEG001_290_7106|13|11.086611|96.708466|87.531479|0.046090|-136.193680|7.860183|1.100000|1.100000|1.100000
AEG001_290_7107|13|20.808308|95.827393|89.104958|-7.246737|-81.012726|4.057951|0.900000|0.900000|0.900000
AEG001_290_7108|13|24.800993|95.187981|87.480293|6.990808|163.442734|4.988497|1.100000|1.100000|1.100000
AEG001_290_7109|13|91.497879|64.915703|71.637070|-1.313117|-47.459946|-1.950965|1.100000|1.100000|1.100000
AEG001_290_7110|13|89.950333|65.065292|79.611191|-0.724838|-137.369934|3.582817|1.100000|1.100000|1.100000
AEG001_290_7111|13|90.276581|64.699982|111.216560|0.341892|-54.430122|0.245942|1.100000|1.100000|1.100000
AEG001_290_7112|13|88.446655|64.665398|115.168175|0.274464|-25.443367|0.575976|0.900000|0.900000|0.900000
AEG001_290_7113|13|112.404137|64.657196|-19.871174|0.529312|158.136856|0.354214|1.100000|1.100000|1.100000
AEG001_290_7114|13|109.994789|64.698616|-24.084463|-0.290676|-130.223190|0.346318|0.900000|0.900000|0.900000
AEG001_290_7115|13|106.607727|64.693954|-38.082355|-0.338379|-11.225352|-0.204066|0.900000|0.900000|0.900000
AEG001_290_7116|13|105.156883|64.745087|-53.858341|-1.100539|74.149796|1.119359|1.100000|1.100000|1.100000
AEG001_290_7117|13|103.952080|64.765167|-58.208179|0.878745|-18.232168|1.449311|0.900000|0.900000|0.900000
AEG001_290_7118|13|121.776108|64.699341|9.243660|0.113217|158.119431|0.329133|1.100000|1.100000|1.100000
AEG001_290_7119|13|121.621353|64.682526|5.646990|-0.586167|-113.882164|0.358749|0.900000|0.900000|0.900000
AEG001_290_7120|13|122.388771|65.027092|120.063431|-1.126946|-171.546600|-3.023481|0.900000|0.900000|0.900000
AEG001_290_7121|13|-33.080250|84.781555|1.894668|0.254711|165.266754|-4.814384|0.900000|0.900000|0.900000
AEG001_290_7122|13|-39.950996|84.429993|1.774910|-0.389170|48.318737|1.829917|1.100000|1.100000|1.100000
AEG001_290_7123|13|51.006878|90.192421|67.662613|-8.281796|-80.738754|2.909578|0.900000|0.900000|0.900000
AEG001_290_7124|13|55.962765|89.724251|71.395065|6.257683|163.125763|7.710000|1.100000|1.100000|1.100000
AEG001_290_7125|13|31.485428|89.678032|40.446686|-3.273087|-80.589928|4.377304|0.900000|0.900000|0.900000
AEG001_290_7126|13|35.704609|89.740646|44.024418|5.242389|163.720825|1.766205|1.100000|1.100000|1.100000
AEG001_290_7127|13|27.367159|92.659248|66.729614|-5.542323|-80.421974|5.527754|0.900000|0.900000|0.900000
AEG001_290_7128|13|28.692528|91.251648|55.133530|0.497675|59.944309|-7.480375|1.100000|1.100000|1.100000
AEG001_290_7129|13|24.829826|96.961243|107.966454|8.115138|132.008530|0.552672|0.900000|0.900000|0.900000
AEG001_290_7130|13|32.203171|96.375641|110.308296|1.874231|-150.035889|8.220160|1.100000|1.100000|1.100000
AEG001_290_7131|13|45.324917|91.107491|70.072372|-6.471975|-15.172130|-5.305387|0.900000|0.900000|0.900000
AEG001_290_7132|13|64.505264|86.844810|32.168732|-6.776267|-81.195122|-0.515163|0.900000|0.900000|0.900000
AEG001_290_7133|13|67.291962|86.602951|40.986839|3.114088|163.141144|7.570962|1.100000|1.100000|1.100000
AEG001_290_7134|13|75.126007|85.494011|9.757366|-1.878607|-81.483856|-4.327877|0.900000|0.900000|0.900000
AEG001_290_7135|13|80.188881|85.493332|12.912489|-0.326456|-156.158417|-1.202499|0.900000|0.900000|0.900000
AEG001_290_7136|13|69.605202|88.888702|92.761208|-8.066395|-80.570786|3.979705|0.900000|0.900000|0.900000
AEG001_290_7137|13|68.758728|89.551682|98.986916|8.394521|163.162292|7.407833|1.100000|1.100000|1.100000
AEG001_290_7138|13|27.290039|98.177231|123.941994|-2.110502|27.973116|-7.210557|0.900000|0.900000|0.900000
AEG001_290_7139|13|-90.428085|64.700386|-75.502457|0.000000|155.216171|-0.000005|1.100000|1.100000|1.100000
AEG001_290_7140|13|-95.594833|64.700386|-91.074005|0.000000|-121.142776|0.000000|0.900000|0.900000|0.900000
AEG001_290_7141|13|-124.037277|64.700005|-75.990799|0.000000|155.216156|-0.000005|1.100000|1.100000|1.100000
AEG001_290_7142|13|-126.833847|64.699997|-78.956367|0.000000|-156.142746|0.000000|0.900000|0.900000|0.900000
AEG001_290_7143|13|-116.115036|64.700394|-51.734734|0.000000|155.216125|-0.000005|1.100000|1.100000|1.100000
AEG001_290_7144|13|33.376957|86.733849|-15.376984|0.229139|-80.858864|1.204299|0.900000|0.900000|0.900000
AEG001_290_7145|13|40.410679|86.965935|-9.455764|1.523105|163.710052|-0.840362|1.100000|1.100000|1.100000
AEG001_290_7146|13|25.353136|86.753113|-11.541909|-1.139935|-14.773933|0.761785|0.900000|0.900000|0.900000
AEG001_290_7147|13|54.116234|86.987274|-35.089718|-1.202206|131.969727|1.144248|0.900000|0.900000|0.900000
AEG001_290_7148|13|59.699432|86.847137|-30.992443|-1.967896|-150.100952|-0.081716|1.100000|1.100000|1.100000
AEG001_290_7149|13|54.584873|86.770393|-14.451853|0.061280|28.067516|-1.275264|0.900000|0.900000|0.900000
AEG001_290_7150|13|21.888000|87.160881|2.928369|1.829125|163.581635|-1.418472|1.100000|1.100000|1.100000
AEG001_290_7151|13|-13.531405|103.955345|124.274742|-3.665786|27.788816|-11.134832|0.900000|0.900000|0.900000
AEG001_290_7152|13|101.159958|65.267693|-92.586578|8.953094|-77.301613|4.649693|0.900000|0.900000|0.900000
AEG001_290_7153|13|-12.620907|87.187798|-38.006958|5.270449|-7.403597|-4.367770|0.900000|0.900000|0.900000
AEG003_054_1000|13|57.892220|90.497887|-86.793213|1.836638|41.482689|4.670319|1.000000|1.000000|1.000000
AEG003_061_1004|13|61.400520|90.455925|-84.299744|3.076262|-66.293793|-3.484963|1.000000|1.000000|1.000000
AEG003_061_1005|13|84.575409|64.983040|64.873917|-0.002351|-12.297448|0.004754|1.000000|1.000000|1.000000
AEG003_062_1000|13|57.804466|90.239960|-83.240959|3.558556|-72.892937|-3.558130|1.000000|1.000000|1.000000
AEG003_306_1000|13|98.705399|64.385513|118.698364|1.683314|46.166283|0.375934|1.000000|1.000000|1.000000
AEG003_306_1001|13|100.996681|64.355400|119.474403|1.184628|21.935247|-0.933495|1.000000|1.000000|1.000000
AEG003_306_1003|13|90.907295|64.455101|97.727081|2.282650|113.501076|5.200917|1.000000|1.000000|1.000000
AEG003_306_1004|13|101.101608|64.399712|124.597084|1.290332|165.453217|2.018212|1.000000|1.000000|1.000000
AEG003_306_1005|13|97.082809|64.655327|124.500000|-0.000016|-162.522705|0.000027|1.000000|1.000000|1.000000
AEG003_306_1006|13|99.716919|64.461914|120.613998|2.460671|13.801150|-3.769397|1.000000|1.000000|1.000000
AEG003_306_1007|13|100.717941|64.369370|122.216820|3.100934|72.600838|0.726650|1.000000|1.000000|1.000000
AEG003_306_1008|13|89.081268|64.582085|93.563210|6.190284|15.043712|0.515543|1.000000|1.000000|1.000000
AEG003_306_1009|13|91.755219|64.514015|93.970261|3.025391|62.420792|-1.103950|1.000000|1.000000|1.000000
AEG003_306_1010|13|110.688232|64.476379|84.590942|-1.633423|24.546705|3.160985|1.000000|1.000000|1.000000
AEG003_306_1011|13|89.758133|64.433525|96.217720|-0.415931|56.618500|-1.279416|1.000000|1.000000|1.000000
AEG003_306_1012|13|92.936745|64.650177|81.331802|-1.151154|-21.153488|-5.095083|1.000000|1.000000|1.000000
AEG003_306_1013|13|92.661591|64.429214|99.704056|-0.175771|-157.665176|1.782133|1.000000|1.000000|1.000000
AEG003_306_1014|13|90.435455|64.648682|91.869171|-5.032744|-76.170013|-3.652861|1.000000|1.000000|1.000000
AEG003_306_1015|13|93.692841|64.539207|79.566162|4.322199|124.234001|1.197496|1.000000|1.000000|1.000000
AEG003_306_1016|13|113.034721|64.556969|83.966660|-3.007523|24.732594|0.589418|1.000000|1.000000|1.000000
AEG003_306_1017|13|113.020279|64.592690|85.751755|-2.248745|59.584541|-0.285843|1.000000|1.000000|1.000000
AEG003_306_1018|13|112.080002|64.552002|87.353050|-2.289203|104.965111|0.433799|1.000000|1.000000|1.000000
AEG003_306_1019|13|119.714699|64.655823|78.100357|-0.078490|24.711863|-0.134953|1.000000|1.000000|1.000000
AEG003_306_1020|13|102.520462|64.569450|54.158638|1.441170|124.478737|3.626885|1.000000|1.000000|1.000000
AEG003_306_1021|13|99.956596|64.362785|131.989807|-3.703104|106.737762|13.242481|1.000000|1.000000|1.000000
AEG003_306_1022|13|100.560898|64.497993|129.323105|1.923791|124.004448|-0.788122|1.000000|1.000000|1.000000
AEG003_306_1023|13|101.859489|64.384338|131.039230|2.582631|59.486004|0.204742|1.000000|1.000000|1.000000
AEG003_306_1024|13|94.997696|64.446594|75.780380|2.542743|25.590525|-4.173069|1.000000|1.000000|1.000000
AEG003_306_1025|13|101.664093|64.539169|56.081333|5.915846|47.284744|2.841168|1.000000|1.000000|1.000000
AEG003_306_1026|13|103.484795|64.455223|55.433628|2.250984|-25.388096|-4.942048|1.000000|1.000000|1.000000
AEG003_306_1027|13|119.720940|64.419029|20.291754|-0.000027|104.943192|-0.000000|1.000000|1.000000|1.000000
AEG003_306_1028|13|104.316185|64.543930|26.257528|-0.619058|23.373528|-2.620524|1.000000|1.000000|1.000000
AEG003_306_1029|13|102.353058|64.468369|20.546791|0.898935|24.729946|-3.962664|1.000000|1.000000|1.000000
AEG003_306_1030|13|106.135071|64.491417|27.231861|2.259563|59.643208|-4.459756|1.000000|1.000000|1.000000
AEG003_306_1031|13|117.546974|64.422585|19.640057|-0.000177|24.711946|-0.000304|1.000000|1.000000|1.000000
AEG003_306_1032|13|123.323807|64.443832|20.308067|1.701018|23.405140|2.363519|1.000000|1.000000|1.000000
AEG003_306_1033|13|122.455849|64.445198|17.637569|-1.384468|24.691122|-0.636677|1.000000|1.000000|1.000000
AEG003_306_1034|13|116.198250|64.536362|121.248169|-1.336440|104.978577|3.286988|1.000000|1.000000|1.000000
AEG003_306_1035|13|114.739838|64.515129|119.809090|-1.078192|24.605070|3.291878|1.000000|1.000000|1.000000
AEG003_306_1036|13|115.889229|64.570839|118.590988|-2.144534|59.647778|-2.984928|1.000000|1.000000|1.000000
AEG003_316_9000|13|75.041000|62.853001|61.054001|0.000000|-97.232002|0.000000|1.000000|1.000000|1.000000
AEG003_323_1001|13|18.310181|87.882317|-86.644798|-0.002643|34.023388|0.001940|1.000000|1.000000|1.000000
AEG003_323_1003|13|16.279186|87.645752|-73.060501|-0.001953|39.962921|0.000601|1.000000|1.000000|1.000000
AEG003_323_1004|13|-4.155207|87.344009|-49.853039|0.007240|48.938232|-0.000076|1.000000|1.000000|1.000000
AEG003_323_1006|13|-47.943562|84.634766|-6.273190|0.000574|57.020275|0.003579|1.000000|1.000000|1.000000
AEG003_323_1007|13|-83.001160|86.614258|30.209110|0.001284|44.051220|-0.002769|1.000000|1.000000|1.000000
AEG003_323_1008|13|-116.492371|91.147209|63.209286|-0.001006|25.894739|-0.005729|1.000000|1.000000|1.000000
AEG004_478_1000|13|91.233978|62.389999|-94.626953|0.000000|0.000000|0.000000|1.000000|1.000000|1.000000
AEG004_509_1000|13|91.233978|62.389999|-94.626953|0.000000|0.000000|0.000000|1.000000|1.000000|1.000000
AEG004_800_1000|13|75.000000|63.000000|61.000000|0.000000|-90.000000|0.000000|1.000000|1.000000|1.000000
AEG004_904_1000|13|85.215347|65.271042|-72.571869|-173.441177|-42.246986|25.963327|1.000000|1.000000|1.000000
AEG004_904_1001|13|122.383110|65.357025|23.859972|3.488878|40.475883|-163.938873|1.000000|1.000000|1.000000
AEG004_904_1002|13|102.237282|65.235870|127.880798|12.215278|-29.098583|-179.921539|1.000000|1.000000|1.000000
AEG004_904_1003|13|104.451752|64.588303|-141.034851|1.744348|19.386562|-0.963438|1.000000|1.000000|1.000000
AEG004_904_1004|13|93.876053|64.628242|70.861099|3.404992|132.887100|-1.810879|1.000000|1.000000|1.000000
AEG004_904_1005|13|100.885582|64.628242|122.169647|8.253824|20.846226|-0.398806|1.000000|1.000000|1.000000
AEG004_904_1007|13|-29.617249|62.566025|-138.322403|-11.835432|116.562729|-13.847676|1.000000|1.000000|1.000000
AEG004_904_1009|13|-121.216782|64.368652|-71.310692|-0.000097|139.999298|-0.000122|1.000000|1.000000|1.000000
AEG004_904_1011|13|-106.642395|64.446907|-42.693924|-2.941770|-157.108429|-0.000002|1.000000|1.000000|1.000000
AEG004_904_1032|13|-118.710823|64.692627|-99.753693|-0.290638|-3.500017|0.117534|1.000000|1.000000|1.000000
AEG004_904_1033|13|83.046494|64.889870|-132.996857|5.047157|133.514175|22.177816|1.000000|1.000000|1.000000
AEG004_907_1002|13|-126.290802|64.668701|-111.734413|0.000000|0.000000|0.000000|1.000000|1.000000|1.000000
AEG004_907_1006|13|-93.643997|64.668701|-119.274635|0.000000|0.000000|0.000000|1.000000|1.000000|1.000000
AEG004_907_1008|13|-31.697414|64.498306|-122.690018|-0.000203|-30.000305|-0.000144|1.000000|1.000000|1.000000
AEG004_907_1010|13|-118.086899|64.368652|-68.750298|0.000000|0.000000|0.000000|1.000000|1.000000|1.000000
AEG004_907_1012|13|-102.412064|64.515144|-42.294529|-0.000152|62.872028|-0.000000|1.000000|1.000000|1.000000
AEG004_907_1015|13|-96.160271|64.443604|-78.313789|0.000000|75.604416|0.000000|1.000000|1.000000|1.000000
AEG007_078_1000|13|11.969989|91.153023|68.147987|85.000000|83.381004|170.000015|1.000000|1.000000|1.000000
AEG007_094_1000|13|11.969989|91.153023|68.147987|85.000000|83.381004|170.000015|1.000000|1.000000|1.000000
AEG007_395_1000|13|11.969989|91.153023|68.147987|85.000000|83.381004|170.000015|1.000000|1.000000|1.000000
AEG007_401_1000|13|58.555191|90.466133|-85.896332|-0.004885|165.027802|-0.001032|1.000000|1.000000|1.000000
AEG007_721_1000|13|101.679718|75.538795|-84.227615|0.000000|90.000000|0.000000|1.000000|1.000000|1.000000
AEG007_721_1001|13|104.722038|75.538795|-112.340187|0.000000|37.500004|0.000000|0.750000|0.750000|0.750000
AEG007_721_1002|13|80.788269|75.538811|-105.103592|0.000000|-90.000000|0.000000|1.000000|1.000000|1.000000
AEG007_721_1003|13|77.973969|75.538803|-76.998154|0.000000|-141.810715|0.000000|0.750000|0.750000|0.750000
AEG007_721_1004|13|80.810974|71.874306|-84.954117|0.000000|-90.000000|0.000000|1.000000|1.000000|1.000000
AEG007_723_1000|13|101.679718|75.538795|-104.665977|0.000000|90.000000|0.000000|1.000000|1.000000|1.000000
AEG007_723_1001|13|76.300415|71.874313|-113.847885|0.000000|-37.807205|0.000000|1.000000|1.000000|1.000000
AEG007_723_1002|13|80.788269|75.538811|-92.815155|0.000000|-90.000000|0.000000|1.000000|1.000000|1.000000
AEG007_723_1003|13|105.390991|71.874298|-76.098915|0.000000|142.061920|0.000000|0.750000|0.750000|0.750000
AEG007_727_1000|13|101.681366|71.874298|-100.824623|0.000000|90.000000|0.000000|1.000000|1.000000|1.000000
AEG007_727_1001|13|80.722870|71.874306|-97.992516|0.000000|-89.999992|0.000000|1.000000|1.000000|1.000000
AEG092_104_1000|13|80.000000|64.000000|62.000000|0.000000|-100.000008|0.000000|1.000000|1.000000|1.000000
AEG099_015_9001|13|-0.551000|65.600998|-147.479996|8.000000|165.750000|3.000000|1.000000|1.000000|1.000000
AEG099_090_9005|13|-0.381000|85.954002|-22.247000|0.000000|-89.500000|0.000000|1.000000|1.000000|1.000000
AEG099_130_9000|13|-26.676001|86.117996|-22.607000|0.000000|157.000000|0.000000|1.000000|1.000000|1.000000
AEG099_232_9000|13|75.260002|62.821999|61.105000|0.000000|91.429001|0.000000|1.000000|1.000000|1.000000
AEG099_372_1000|13|-32.663528|95.315445|72.937668|-0.013457|68.270226|0.005464|1.000000|1.000000|1.000000
AEG099_372_1001|13|-47.483398|96.840508|85.050011|0.013715|-71.222488|0.004781|1.000000|1.000000|1.000000
AEG099_372_1002|13|-43.227528|96.110306|76.296638|-0.011154|50.590290|0.009316|1.000000|1.000000|1.000000
AEG099_372_1003|13|-41.130062|96.339111|75.316269|0.013387|-67.711800|0.005601|1.000000|1.000000|1.000000
AEG099_372_1004|13|-33.471733|96.357079|74.602455|0.012404|-59.002373|0.007595|1.000000|1.000000|1.000000
AEG099_372_1005|13|-38.736897|98.353661|86.768524|-0.013382|67.518303|0.005628|1.000000|1.000000|1.000000
AEG099_372_1007|13|-47.451126|95.876999|85.788261|-0.009254|39.963074|0.011202|1.000000|1.000000|1.000000
AEG099_372_1008|13|-38.932709|97.340080|88.564392|0.005956|-155.484634|-0.013241|1.000000|1.000000|1.000000
AEG099_372_1013|13|-48.211388|95.114853|76.765953|0.009726|-42.368687|0.010819|1.000000|1.000000|1.000000
AEG099_376_1000|13|-40.419716|98.110832|80.946030|-0.011244|65.129013|0.009207|1.000000|1.000000|1.000000
AEG099_502_9000|13|27.379999|88.260002|-94.791000|0.019000|144.009003|0.019000|1.000000|1.000000|1.000000
AEG099_503_9000|13|15.586000|96.572998|92.087997|0.000000|1.701000|0.000000|1.000000|1.000000|1.000000
AEG099_620_9000|13|82.726997|91.760002|-108.396004|8.000000|0.704000|0.000000|1.000000|1.000000|1.000000
AEG099_620_9001|13|95.794998|64.737000|-91.282997|-4.300000|33.539001|2.000000|1.000000|1.000000|1.000000
AEG099_680_9000|13|-109.834999|90.535004|59.285999|-14.987000|23.631001|-6.045000|1.000000|1.000000|1.000000
AEG099_680_9001|13|-97.132004|88.337997|6.681000|-5.256000|-106.717003|3.502000|1.000000|1.000000|1.000000
AEG099_680_9002|13|-94.675003|89.121002|-22.735001|-0.465000|84.351997|8.440000|1.000000|1.000000|1.000000
AEG099_680_9003|13|65.267998|90.644997|104.766998|0.000000|-163.949005|0.000000|1.000000|1.000000|1.000000
AEG099_680_9005|13|50.277000|86.882004|-32.868999|0.000000|-96.174004|0.000000|1.000000|1.000000|1.000000
AEG099_680_9006|13|-22.955000|77.346001|-102.842003|0.000000|-139.091995|0.000000|1.000000|1.000000|1.000000
AEG099_680_9007|13|29.052999|88.125999|-83.695999|0.000000|-151.024002|0.000000|1.000000|1.000000|1.000000
AEG099_680_9008|13|73.549004|87.139000|-46.161999|0.713000|-67.667999|-4.830000|1.000000|1.000000|1.000000
AEG099_680_9009|13|-42.705002|97.433998|83.580002|0.000000|-16.569000|0.000000|1.000000|1.000000|1.000000
AEG099_680_9010|13|-39.299000|96.509003|77.545998|2.958000|150.639999|1.181000|1.000000|1.000000|1.000000
AEG099_680_9011|13|-39.715000|97.531998|83.850998|-6.519000|-53.813999|6.873000|1.000000|1.000000|1.000000
AEG099_680_9012|13|-37.193001|104.111000|116.435997|0.000000|-124.566002|0.000000|1.000000|1.000000|1.000000
AEG099_680_9013|13|-61.891998|80.806999|-69.225998|0.000000|117.723000|0.000000|1.000000|1.000000|1.000000
AEG099_680_9014|13|27.917000|93.484001|75.564003|0.000000|-45.884998|0.000000|1.000000|1.000000|1.000000
AEG099_680_9015|13|24.077000|97.867996|116.705002|0.000000|-84.884003|0.000000|1.000000|1.000000|1.000000
AEG099_680_9016|13|92.114998|65.139000|57.243000|0.000000|142.246994|0.000000|1.000000|1.000000|1.000000
AEG099_685_9000|13|-39.007000|83.175003|-67.457001|0.000000|-0.051000|0.000000|1.000000|1.000000|1.000000
AEG099_690_9000|13|-75.445000|83.318001|-51.306000|0.000000|92.581001|0.000000|1.000000|1.000000|1.000000
AEG099_690_9002|13|57.867001|89.473000|68.755997|0.000000|92.581001|0.000000|1.000000|1.000000|1.000000
AEG099_690_9003|13|101.661003|65.370003|32.860001|0.000000|92.581001|0.000000|1.000000|1.000000|1.000000
AEG099_720_9000|13|32.122002|86.614998|-13.360000|-0.457000|17.172001|2.382000|1.000000|1.000000|1.000000
AEG099_720_9001|13|19.920000|86.892998|0.407000|0.000000|100.127998|0.000000|1.000000|1.000000|1.000000
AEG099_720_9003|13|-93.761002|89.524002|60.882000|0.000000|-171.511002|0.000000|1.000000|1.000000|1.000000
AEG099_720_9004|13|-107.343002|98.559998|104.709999|4.672000|-174.235992|-3.688000|1.000000|1.000000|1.000000
AEG099_720_9005|13|-114.314003|98.348000|105.394997|-7.786000|15.857000|-1.653000|1.000000|1.000000|1.000000
AEG099_720_9006|13|47.229000|90.623001|68.289001|-0.648000|-153.259995|2.947000|1.000000|1.000000|1.000000
AEG099_720_9007|13|-58.205002|91.180000|64.458000|-8.669000|16.671000|-0.326000|1.000000|1.000000|1.000000
AEG099_720_9008|13|63.766998|87.164001|41.701000|0.000000|-105.675003|0.000000|1.000000|1.000000|1.000000
AEG099_720_9009|13|63.383999|86.911003|34.453999|2.441000|56.964001|-3.066000|1.000000|1.000000|1.000000
AEG099_720_9010|13|-72.510002|82.028000|-60.049999|0.000000|63.970001|0.000000|1.000000|1.000000|1.000000
AEG099_720_9011|13|-59.508999|100.416000|98.735001|0.000000|-106.429001|3.233000|1.000000|1.000000|1.000000
AEG099_720_9012|13|-44.299000|85.385002|-29.806000|0.000000|30.924999|0.000000|1.000000|1.000000|1.000000
AEG099_720_9013|13|-59.861000|105.314003|120.106003|3.780000|-75.321999|4.485000|1.000000|1.000000|1.000000
AEG099_720_9014|13|-13.897000|85.748001|-13.310000|0.000000|21.868999|0.000000|1.000000|1.000000|1.000000
AEG099_720_9015|13|-17.660000|85.566002|-17.136999|0.000000|143.356995|0.000000|1.000000|1.000000|1.000000
AEG099_720_9016|13|55.833000|89.790001|-116.406998|0.000000|-159.990997|0.000000|1.000000|1.000000|1.000000
AEG099_720_9017|13|57.507999|89.958000|-116.945999|0.000000|67.682999|0.000000|1.000000|1.000000|1.000000
AEG099_720_9018|13|57.275002|89.773003|-115.572998|0.000000|-61.657001|0.000000|1.000000|1.000000|1.000000
AEG099_720_9019|13|-14.428000|104.357002|126.038002|-0.356000|58.841000|-3.572000|1.000000|1.000000|1.000000
AEG099_720_9020|13|66.392998|89.685997|-77.674004|1.397000|-58.506001|-3.262000|1.000000|1.000000|1.000000
AEG099_720_9021|13|22.562000|87.078003|6.093000|0.778000|-63.116001|-2.090000|1.000000|1.000000|1.000000
AEG099_720_9022|13|31.135000|88.078003|18.774000|1.849000|77.050003|0.616000|1.000000|1.000000|1.000000
AEG099_720_9023|13|26.407000|94.846001|85.726997|-1.799000|21.811001|-8.640000|1.000000|1.000000|1.000000
AEG099_720_9025|13|-16.229000|97.905998|85.117996|-3.034000|25.002001|-0.990000|1.000000|1.000000|1.000000
AEG099_720_9026|13|25.827999|96.586998|106.061996|-0.651000|19.570000|-2.974000|1.000000|1.000000|1.000000
AEG099_720_9027|13|-48.452000|85.144997|-23.535999|0.000000|-165.535004|0.000000|1.000000|1.000000|1.000000
AEG099_720_9028|13|27.056000|87.250999|-54.719002|0.000000|-136.029999|0.000000|1.000000|1.000000|1.000000
AEG099_720_9029|13|91.865997|65.018997|-36.842999|0.000000|173.345993|0.000000|1.000000|1.000000|1.000000
AEG099_720_9032|13|10.948000|74.100998|-114.501999|-8.700000|-30.863001|8.319000|1.000000|1.000000|1.000000
AEG099_720_9033|13|1.050000|75.656998|-107.389999|7.288000|158.201996|-11.184000|1.000000|1.000000|1.000000
AEG099_720_9034|13|46.924999|92.269997|88.802002|-4.784000|-10.602000|-7.528000|1.000000|1.000000|1.000000
AEG099_720_9038|13|-71.804001|85.347000|2.053000|0.000000|19.101999|0.000000|1.000000|1.000000|1.000000
AEG099_720_9039|13|-74.624001|85.526001|2.512000|-2.165000|-99.781998|4.782000|1.000000|1.000000|1.000000
AEG099_720_9040|13|-5.480000|92.824997|54.570000|0.000000|-97.274002|0.000000|1.000000|1.000000|1.000000
AEG099_720_9041|13|-84.921997|89.876999|63.891998|-5.900000|39.643002|-0.298000|1.000000|1.000000|1.000000
AEG099_760_9000|13|99.994003|65.057999|-94.128998|6.548000|-114.792000|-0.950000|1.000000|1.000000|1.000000
AEG099_760_9001|13|84.005997|65.028999|-89.749001|6.449000|68.055000|-3.620000|1.000000|1.000000|1.000000
AEG099_760_9002|13|81.189003|65.557999|-82.059998|-8.406000|-24.325001|-7.921000|1.000000|1.000000|1.000000
AEG099_760_9004|13|-69.806999|77.596001|-97.140999|-12.215000|121.067001|-5.285000|1.000000|1.000000|1.000000
AEG099_760_9005|13|30.856001|91.666000|60.622002|6.622000|91.057999|-6.257000|1.000000|1.000000|1.000000
AEG099_760_9006|13|51.584000|86.857002|-15.193000|0.000000|13.234000|0.000000|1.000000|1.000000|1.000000
AEG099_760_9007|13|14.346000|71.233002|-125.459000|-14.180000|28.172001|-3.636000|1.000000|1.000000|1.000000
AEG099_796_9000|13|22.103001|92.665001|61.952000|0.000000|138.666000|0.000000|1.000000|1.000000|1.000000
AEG099_796_9001|13|15.563000|94.095001|65.843002|0.000000|-77.708000|0.000000|1.000000|1.000000|1.000000
AEG099_796_9002|13|14.733000|94.513000|67.512001|0.000000|-40.990002|0.000000|1.000000|1.000000|1.000000
AEG099_796_9003|13|16.445999|94.171997|66.987999|0.000000|-64.711998|0.000000|1.000000|1.000000|1.000000
AEG099_796_9004|13|19.582001|93.707001|70.286003|0.000000|-157.184006|0.000000|1.000000|1.000000|1.000000
AEG099_802_9000|13|126.209000|89.242996|-80.862999|0.000000|-177.608002|0.000000|1.000000|1.000000|1.000000
AEG201_027_1001|13|61.081348|90.378494|-83.338669|4.711137|-34.190369|-1.261524|1.000000|1.000000|1.000000
AEG201_027_1002|13|83.758736|64.915138|64.249466|2.501680|-143.293533|-1.784954|1.000000|1.000000|1.000000
AEG201_043_1002|13|58.855438|90.463486|-85.658508|-3.289314|104.837006|3.752096|1.000000|1.000000|1.000000
AEG201_043_1003|13|84.330460|64.946663|64.286919|-0.001276|104.615799|-0.001048|1.000000|1.000000|1.000000
AEG801_006_7015|13|-58.554157|99.896568|95.557358|0.657336|-87.999809|11.495564|1.100000|1.100000|1.100000
AEG801_006_7016|13|17.379789|71.821320|-124.601982|-13.949246|51.511848|-6.807707|1.100000|1.100000|1.100000
AEG801_006_7017|13|14.074759|72.887833|-119.314026|15.806509|-159.856125|2.546459|0.900000|0.900000|0.900000
AEG801_006_7018|13|12.999395|71.631256|-123.527184|-10.699240|66.293716|-11.820973|1.100000|1.100000|1.100000
AEG801_006_7019|13|-59.247402|91.971642|67.757675|12.513644|171.685486|-5.120012|1.100000|1.100000|1.100000
AEG801_006_7022|13|26.291433|87.122040|-51.060139|2.163558|-53.059467|-0.758951|1.100000|1.100000|1.100000
AEG801_006_7025|13|64.712173|86.931129|38.823235|-6.797017|-111.021523|3.753817|1.100000|1.100000|1.100000
AEG801_006_7026|13|-16.064577|85.823128|-7.827394|2.969794|-91.191536|1.193835|1.100000|1.100000|1.100000
AEG801_006_7027|13|-20.102354|85.587646|-11.171709|1.167935|-24.924164|2.338493|1.200000|1.200000|1.200000
AEG801_006_7028|13|3.787442|97.337166|87.171043|-7.809451|-25.551443|-1.671098|1.100000|1.100000|1.100000
AEG801_006_7029|13|-18.560215|97.749283|83.071358|-0.651065|-91.209740|8.658004|1.100000|1.100000|1.100000
AEG801_006_7030|13|-91.857231|88.030273|-0.299751|-6.403824|-71.835693|-4.546262|1.100000|1.100000|1.100000
AEG801_006_7031|13|-48.370102|85.119308|-19.953131|0.816563|-91.297646|-1.376967|0.900000|0.900000|0.900000
AEG801_006_7032|13|-77.598694|81.092384|-64.436958|-11.117011|-26.779680|-4.201058|1.100000|1.100000|1.100000
AEG801_006_7033|13|-91.321571|90.298462|65.221062|-0.257748|-90.400101|9.546938|0.900000|0.900000|0.900000
AEG801_006_7035|13|67.528572|89.438957|-73.322403|4.504473|-90.874557|-5.917845|0.900000|0.900000|0.900000
AEG801_006_7036|13|45.109863|89.428711|-109.311768|4.133986|-86.935020|2.559955|0.900000|0.900000|0.900000
AEG801_006_7037|13|12.936146|87.317268|-89.069336|5.083465|-91.462013|3.901404|0.900000|0.900000|0.900000
AEG801_006_7038|13|-24.260155|78.714233|-97.569588|-12.521194|-24.304691|6.271071|1.100000|1.100000|1.100000
AEG801_006_7039|13|-24.977772|79.766197|-93.097321|2.391658|-91.207481|13.389193|0.900000|0.900000|0.900000
AEG801_006_7040|13|70.462250|90.000908|106.347504|-8.209094|-24.791433|-6.129064|1.100000|1.100000|1.100000
AEG801_006_7041|13|54.753963|89.348541|63.141827|-8.043284|-90.420647|3.862854|0.900000|0.900000|0.900000
AEG801_006_7042|13|74.035561|86.902557|-41.516350|1.589057|-25.675476|-3.795583|1.100000|1.100000|1.100000
AEG801_006_7043|13|23.396738|87.165283|-54.904671|1.395599|-92.205849|-1.790555|1.200000|1.200000|1.200000
AEG801_006_7044|13|-89.739738|89.778786|61.724075|-0.560675|-91.378639|8.088421|1.100000|1.100000|1.100000
AEG801_006_7045|13|-109.523087|98.444725|103.686310|-9.851521|-24.007383|8.299993|0.900000|0.900000|0.900000
AEG801_006_7046|13|-105.296150|99.263214|106.121155|-9.894020|-22.222195|8.620246|0.900000|0.900000|0.900000
AEG801_006_7047|13|-113.550354|99.315155|108.857224|2.984384|-89.634148|12.304887|0.900000|0.900000|0.900000
AEG801_006_7048|13|45.352230|89.625443|-105.362297|-0.063384|-24.801380|5.180999|1.100000|1.100000|1.100000
AEG801_006_7049|13|-4.075441|76.971230|-104.307510|15.918111|143.642456|-16.052666|1.100000|1.100000|1.100000
AEG801_006_7050|13|4.276279|76.533081|-106.753563|0.147506|103.974594|-22.585577|1.100000|1.100000|1.100000
AEG801_006_7051|13|-43.467285|88.639496|44.851383|8.146530|172.223312|-8.126717|1.100000|1.100000|1.100000
AEG801_006_7052|13|-45.063744|85.227730|-20.472477|-1.849926|171.359543|-2.458274|1.200000|1.200000|1.200000
AEG801_006_7053|13|-30.377037|86.222046|-42.870525|-0.281629|-22.421413|6.498844|1.100000|1.100000|1.100000
AEG801_006_7055|13|-51.518112|102.091400|105.752609|-11.085422|-22.879475|5.244793|1.100000|1.100000|1.100000
AEG801_006_7056|13|28.841446|88.474815|24.257305|0.522838|-89.328590|4.088196|1.200000|1.200000|1.200000
AEG801_006_7057|13|33.226425|88.397926|22.547438|2.828573|144.902145|-1.925647|1.100000|1.100000|1.100000
AEG801_006_7058|13|-2.908653|96.133759|75.563965|-4.786501|-75.856003|7.837587|1.100000|1.100000|1.100000
AEG801_006_7060|13|81.418808|65.607513|-103.850861|-2.077095|-165.111725|10.062181|0.900000|0.900000|0.900000
AEG801_006_7061|13|78.977814|65.864357|-117.725815|9.994534|67.656548|-7.367692|1.200000|1.200000|1.200000
AEG801_006_7062|13|84.624519|64.936104|-110.901810|-1.549351|-3.843817|-6.761276|0.900000|0.900000|0.900000
AEG801_006_7063|13|112.249504|66.078674|-127.114403|-11.799973|53.537457|6.804235|0.900000|0.900000|0.900000
AEG801_006_7064|13|93.248184|65.190292|-32.329445|5.173234|67.033936|-4.404892|1.100000|1.100000|1.100000
AEG801_006_7065|13|100.863411|65.275581|-75.447235|5.384019|-81.232277|-3.249336|1.100000|1.100000|1.100000
AEG801_006_7066|13|102.494537|65.685112|-78.886993|7.074682|-37.592777|2.361333|1.100000|1.100000|1.100000
AEG801_006_7067|13|105.510147|65.464745|-73.176636|6.491467|-49.301117|-0.661922|1.100000|1.100000|1.100000
AEG801_006_7068|13|80.039589|65.240952|-70.363045|9.672314|56.613281|-5.080127|0.900000|0.900000|0.900000
AEG801_006_7069|13|79.209053|65.538727|-74.397507|-5.835559|-121.979530|0.846643|1.100000|1.100000|1.100000
AEG801_006_7070|13|92.717743|64.832253|74.545387|-2.793406|-73.106697|-0.920253|1.100000|1.100000|1.100000
AEG801_006_7071|13|89.247269|65.025490|70.275528|0.846397|-0.127448|-2.419758|1.100000|1.100000|1.100000
AEG801_006_7073|13|101.112961|65.957779|37.581898|-10.559611|-70.976601|4.911562|1.200000|1.200000|1.200000
AEG801_006_7075|13|116.589951|65.123352|89.264175|6.725141|-70.603058|0.266733|1.100000|1.100000|1.100000
AEG801_006_7076|13|91.905106|66.482224|127.574921|-11.598385|-71.522644|2.043702|1.100000|1.100000|1.100000
AEG801_006_7077|13|76.411346|65.748344|-126.723534|4.993140|74.791962|-4.997985|1.200000|1.200000|1.200000
AEG801_006_7080|13|120.145729|65.081734|106.100990|3.703684|-63.609913|0.557234|1.100000|1.100000|1.100000
AEG801_006_7081|13|119.241425|65.187317|95.044060|-2.124032|42.445362|3.243001|1.100000|1.100000|1.100000
AEG801_006_7082|13|110.554428|66.368835|-123.350906|-8.153674|10.115809|8.660706|1.200000|1.200000|1.200000
AEG801_006_7083|13|82.760208|65.115128|-117.569412|5.400577|50.273617|-4.300330|0.900000|0.900000|0.900000
AEG801_006_7084|13|99.812157|65.087883|-109.599709|-3.790801|50.980343|2.299752|1.200000|1.200000|1.200000
AEG801_006_7085|13|99.773087|65.160599|-90.146378|3.963504|-42.443771|8.294827|1.200000|1.200000|1.200000
AEG801_006_7086|13|29.848394|92.097771|63.751152|-5.256058|-88.302513|6.256344|1.200000|1.200000|1.200000
AEG801_006_7087|13|-3.512816|95.541206|71.459602|-9.141805|-23.540253|1.043489|1.100000|1.100000|1.100000
AEG801_006_7088|13|-67.866928|77.688728|-98.275894|-0.906758|-24.868372|5.709001|1.100000|1.100000|1.100000
AEG801_006_7089|13|-68.467331|78.557091|-86.709671|1.522176|126.752182|-4.388959|1.100000|1.100000|1.100000
AEG801_006_7091|13|-91.520584|89.335960|58.311253|6.258230|-178.004669|2.040342|0.900000|0.900000|0.900000
AEG801_006_7092|13|-74.139122|83.278427|-55.440216|3.107655|40.422031|0.822901|1.100000|1.100000|1.100000
AEG801_006_7093|13|-78.263435|87.031990|-26.889650|-1.502938|178.861282|6.285496|0.900000|0.900000|0.900000
AEG801_006_7094|13|-61.898335|83.374390|-53.388763|1.471496|114.525597|-6.252680|0.900000|0.900000|0.900000
AEG801_006_7095|13|-78.910751|83.289124|-52.222519|-1.190885|179.310654|1.068788|0.900000|0.900000|0.900000
AEG801_006_7096|13|-32.756474|86.089516|-40.571705|-5.650223|81.293137|-1.426021|1.100000|1.100000|1.100000
AEG801_006_7097|13|-74.985115|80.660629|-66.776825|4.735208|-115.829338|9.770011|1.100000|1.100000|1.100000
AEG801_006_7098|13|64.613182|90.155457|-80.058998|2.012583|61.440525|5.651518|1.100000|1.100000|1.100000
AEG801_006_7099|13|-58.305511|99.019890|91.165482|10.786973|-179.121811|-0.067865|0.900000|0.900000|0.900000
AEG801_006_7100|13|-68.250191|95.476967|80.126602|19.066582|-123.588478|8.854958|0.900000|0.900000|0.900000
AEG801_006_7101|13|-29.778179|98.253387|85.831406|0.365005|-91.207764|9.478171|0.900000|0.900000|0.900000
AEG801_006_7102|13|23.695547|86.957245|-47.828953|1.121954|-92.204140|-1.870569|0.900000|0.900000|0.900000
AEG801_006_7103|13|-97.661163|88.920273|-3.722816|-1.589301|-178.237930|7.600551|0.900000|0.900000|0.900000
AEG801_006_7104|13|-44.767288|85.116348|-16.059391|-0.529562|-159.347351|-3.474115|0.900000|0.900000|0.900000
AEG801_006_7105|13|18.037031|71.130547|-127.580788|13.434818|-119.140602|10.004179|0.900000|0.900000|0.900000
AEG801_006_7106|13|-60.087147|92.976891|71.490776|-4.230639|-70.001724|18.935419|0.900000|0.900000|0.900000
AEG801_006_7107|13|-41.063408|89.554146|48.814465|3.283600|-70.076736|10.720365|0.900000|0.900000|0.900000
AEG801_006_7108|13|-36.349846|88.896584|38.719349|-8.048132|-2.615833|11.646482|0.900000|0.900000|0.900000
AEG801_006_7109|13|-16.420414|85.744637|-14.830690|1.694406|-46.136650|0.795744|0.900000|0.900000|0.900000
AEG801_006_7110|13|67.663467|86.489708|34.693588|-3.456585|-25.238403|-6.504301|1.100000|1.100000|1.100000
AEG801_006_7111|13|70.855309|86.086433|39.052746|-8.050850|-91.226608|0.466721|0.900000|0.900000|0.900000
AEG801_006_7113|13|-80.916763|87.856483|48.075764|0.961363|-125.643013|6.472042|1.100000|1.100000|1.100000
AEG801_006_7114|13|-76.727051|87.714195|48.417713|6.627880|173.039230|1.107665|0.900000|0.900000|0.900000
AEG801_006_7115|13|-72.072426|89.231270|57.545525|8.198413|-125.724533|7.436082|1.100000|1.100000|1.100000
AEG801_006_7116|13|-79.384880|87.239342|42.522320|0.916611|-125.623283|6.179464|0.900000|0.900000|0.900000
AEG801_006_7117|13|19.384434|90.951523|47.706478|-7.202670|-23.621504|0.479124|1.100000|1.100000|1.100000
AEG801_006_7118|13|24.162855|90.842621|48.841244|-3.542787|36.122261|-6.213717|1.100000|1.100000|1.100000
AEG801_006_7119|13|28.481855|91.551826|57.823780|7.217735|124.399681|-2.761182|1.100000|1.100000|1.100000
AEG801_006_7120|13|25.839931|94.420517|80.894157|-8.340306|-65.494095|2.673117|1.100000|1.100000|1.100000
AEG801_006_7121|13|26.931044|93.747124|75.638069|8.491074|124.287598|-1.946108|1.100000|1.100000|1.100000
AEG801_006_7122|13|14.344578|96.537506|89.114166|-7.855742|-48.706581|-0.039178|1.100000|1.100000|1.100000
AEG801_006_7123|13|-0.255189|97.393921|84.862480|-8.192001|-23.795156|-0.615197|1.100000|1.100000|1.100000
AEG801_006_7124|13|26.468122|88.108871|19.446928|-3.053322|-26.237524|2.378299|0.900000|0.900000|0.900000
AEG801_006_7125|13|97.138191|65.577271|50.536945|6.287600|0.172421|-7.214636|1.100000|1.100000|1.100000
AEG801_006_7126|13|93.138184|65.757721|52.983448|8.548008|57.428642|3.803159|0.900000|0.900000|0.900000
AEG801_006_7127|13|90.717499|65.050301|86.706093|4.989562|61.931183|-1.416830|1.100000|1.100000|1.100000
AEG801_006_7128|13|126.948524|65.067642|45.766075|3.223851|-158.544891|-5.985679|1.100000|1.100000|1.100000
AEG801_006_7129|13|49.567833|91.387726|80.901672|5.479123|62.852604|-7.634540|1.100000|1.100000|1.100000
AEG801_006_7130|13|51.936699|90.302467|70.800278|6.206374|66.057686|-7.196970|1.200000|1.200000|1.200000
AEG801_006_7131|13|74.747726|85.646255|17.682131|-3.998531|-125.666672|3.710760|1.100000|1.100000|1.100000
AEG801_006_7132|13|80.414490|85.466614|16.063913|2.899279|173.613617|-2.322250|0.900000|0.900000|0.900000
AEG801_006_7133|13|76.850616|85.479088|12.931224|-0.569474|-125.787209|-0.046362|1.200000|1.200000|1.200000
AEG801_006_7134|13|33.706791|91.573334|62.125008|7.570582|124.291046|-1.921115|1.100000|1.100000|1.100000
AEG801_006_7135|13|17.642662|96.278816|90.294403|3.236171|62.700783|-7.334925|1.100000|1.100000|1.100000
AEG801_006_7136|13|26.502586|97.102921|111.537415|-8.008110|-41.856159|-1.031277|1.200000|1.200000|1.200000
AEG801_006_7137|13|29.916733|96.386795|107.839363|-7.598278|-26.049938|-3.157224|1.100000|1.100000|1.100000
AEG801_006_7138|13|27.817448|96.243805|103.718063|-6.581682|-89.101112|4.955904|0.900000|0.900000|0.900000
AEG801_006_7140|13|21.860003|97.648972|111.907372|8.046975|124.104713|-0.686778|1.100000|1.100000|1.100000
AEG801_006_7141|13|-5.991384|103.028046|127.314247|5.971307|63.648869|-11.322286|1.100000|1.100000|1.100000
AEG801_006_7142|13|-18.398378|105.008324|126.804001|-11.358915|-42.353981|1.556327|1.100000|1.100000|1.100000
AEG801_006_7143|13|-10.637946|103.825615|126.680084|12.455726|137.537491|1.770330|1.200000|1.200000|1.200000
AEG801_006_7144|13|-12.141683|103.309364|121.371582|-2.277087|-125.491638|11.567472|0.900000|0.900000|0.900000
AEG801_006_7146|13|-48.232944|106.901070|126.690948|-12.912403|-21.920349|4.055357|1.100000|1.100000|1.100000
AEG801_006_7147|13|-64.134850|107.004387|127.322449|-5.049986|-63.010620|13.939763|1.100000|1.100000|1.100000
AEG801_006_7149|13|-45.384243|105.539291|121.091240|-12.326125|-22.426008|3.240270|1.200000|1.200000|1.200000
AEG801_006_7150|13|-58.576862|104.623955|117.303040|7.178692|-117.504837|11.406033|1.200000|1.200000|1.200000
AEG801_006_7151|13|-63.245384|105.166206|120.056137|-12.229886|-20.316628|6.536463|1.100000|1.100000|1.100000
AEG801_006_7152|13|-89.549889|103.914917|121.280670|11.252791|-125.222870|8.725785|1.100000|1.100000|1.100000
AEG801_006_7153|13|-85.525002|103.974220|120.277588|7.500587|139.940842|-11.856755|1.200000|1.200000|1.200000
AEG801_006_7154|13|-82.064301|105.537262|125.597435|5.704984|126.763039|-13.878151|1.100000|1.100000|1.100000
AEG801_006_7155|13|-91.412704|104.871628|125.576515|-11.903389|-22.764183|9.485931|0.900000|0.900000|0.900000
AEG801_006_7156|13|-79.017517|104.577606|120.926620|-10.986828|-22.237324|8.596829|0.900000|0.900000|0.900000
AEG801_006_7157|13|-67.592995|93.905891|75.290947|-9.273684|79.764763|-18.000065|1.200000|1.200000|1.200000
AEG801_006_7158|13|71.151779|89.041016|96.770294|-3.478855|-109.909355|6.842703|1.100000|1.100000|1.100000
AEG801_006_7159|13|65.095398|90.187241|99.047607|-11.166069|-65.797592|1.077367|1.100000|1.100000|1.100000
AEG801_006_7160|13|66.108200|89.652779|95.234711|11.746531|123.774193|1.223997|1.200000|1.200000|1.200000
AEG801_006_7161|13|28.835159|97.890175|122.291618|-3.192801|-110.084717|6.882754|1.100000|1.100000|1.100000
AEG801_006_7162|13|59.171768|88.701752|63.247314|6.918600|66.636909|-6.785320|1.100000|1.100000|1.100000
AEG801_006_7163|13|78.317741|86.047638|-32.540058|-7.148164|-110.645370|-2.364420|1.100000|1.100000|1.100000
AEG801_006_7164|13|33.179668|89.890938|44.112415|-4.811459|-65.532349|3.218303|1.100000|1.100000|1.100000
AEG801_006_7165|13|35.193077|89.476746|40.354233|4.665020|124.197456|-2.025612|1.200000|1.200000|1.200000
AEG801_006_7166|13|-91.218933|87.617676|6.660862|7.658226|86.220932|2.456327|1.100000|1.100000|1.100000
AEG801_006_7167|13|-88.111023|87.167740|7.299126|5.485160|24.854528|-5.448822|0.900000|0.900000|0.900000
AEG801_006_7168|13|-92.810127|88.326431|-5.157841|-1.094153|-20.428694|-7.290644|0.900000|0.900000|0.900000
AEG801_006_7169|13|-45.450890|85.359093|-26.128780|2.334121|-39.618462|0.946145|1.100000|1.100000|1.100000
AEG801_006_7170|13|-22.869469|97.403366|80.466972|-6.042756|41.470360|-5.816834|1.200000|1.200000|1.200000
AEG801_006_7171|13|-17.690361|97.102913|78.890976|-7.471868|-33.018162|3.785237|0.900000|0.900000|0.900000
AEG801_006_7172|13|59.127563|93.537163|119.035995|-12.330470|-26.222881|-7.601647|1.100000|1.100000|1.100000
AEG801_006_7173|13|62.358162|93.586861|123.977081|-13.348909|-88.771072|9.881264|0.900000|0.900000|0.900000
AEG801_006_7174|13|63.394173|92.813942|120.737564|15.084203|123.963921|-0.029422|1.100000|1.100000|1.100000
AEG801_006_7175|13|42.515820|91.429741|70.025078|-6.457861|-89.681458|5.104228|1.100000|1.100000|1.100000
AEG801_006_7176|13|-32.131409|104.302544|117.340294|-10.658722|-33.049091|4.478855|1.100000|1.100000|1.100000
AEG801_006_7177|13|-34.396866|103.487000|113.056198|8.165110|126.783737|-8.679223|1.100000|1.100000|1.100000
AEG801_006_7178|13|-42.497307|84.380554|6.858362|2.468212|-91.408676|1.866964|0.900000|0.900000|0.900000
AEG801_006_7179|13|-36.604324|84.633560|5.061420|2.106075|171.379211|-4.297336|1.200000|1.200000|1.200000
AEG801_006_7180|13|-36.489868|84.597679|-1.636132|2.631153|-39.569401|-0.128735|1.100000|1.100000|1.100000
AEG801_006_7181|13|-56.316219|100.549500|98.611069|-4.239006|71.494804|-10.961913|0.900000|0.900000|0.900000
AEG801_006_7182|13|-41.957371|99.168961|91.442032|-8.906846|-32.671513|6.658369|1.100000|1.100000|1.100000
AEG801_006_7183|13|-54.900639|91.451508|63.894119|-0.666094|-70.283226|12.595497|0.900000|0.900000|0.900000
AEG801_006_7184|13|-30.599623|84.934158|-1.446573|1.666430|-159.341888|-3.993650|0.900000|0.900000|0.900000
AEG801_006_7185|13|23.733315|87.345474|-60.740505|-1.486886|-171.250900|-1.746807|0.900000|0.900000|0.900000
AEG801_006_7186|13|13.547501|87.585884|-85.419769|-0.893252|-27.288658|4.954947|1.200000|1.200000|1.200000
AEG801_006_7187|13|-31.729774|79.174164|-95.540733|-11.492301|1.920068|-0.395614|1.100000|1.100000|1.100000
AEG801_006_7188|13|-63.370888|82.959068|-56.302864|9.049700|179.460144|-1.148973|1.100000|1.100000|1.100000
AEG801_006_7189|13|59.090954|89.790482|-118.203888|-3.048656|52.124596|1.579632|1.200000|1.200000|1.200000
AEG801_006_7190|13|62.865650|89.896217|-117.187065|-0.001595|144.148392|0.002705|1.100000|1.100000|1.100000
AEG801_006_7191|13|51.347687|89.833519|-108.968132|3.328570|-106.929955|2.045260|0.900000|0.900000|0.900000
AEG801_006_7192|13|67.829430|89.913879|-77.766098|-6.018572|151.744476|3.035910|1.200000|1.200000|1.200000
AEG801_006_7193|13|37.840973|86.682854|-20.709450|0.433608|-90.642609|0.527427|0.900000|0.900000|0.900000
AEG801_006_7194|13|33.483002|87.279610|1.402103|-1.909825|-24.314928|1.713722|1.200000|1.200000|1.200000
AEG801_006_7195|13|33.944077|86.889702|-9.473025|-1.197635|65.793167|-1.332068|1.200000|1.200000|1.200000
AEG801_006_7196|13|43.216766|86.736969|-19.791267|-0.596412|66.282013|-0.368332|1.100000|1.100000|1.100000
AEG801_006_7197|13|23.012867|86.701584|-13.568665|0.402899|-89.890350|1.159411|1.100000|1.100000|1.100000
AEG801_006_7198|13|54.309525|86.823868|-28.372644|0.607368|-41.833530|-0.858244|1.200000|1.200000|1.200000
AEG801_006_7199|13|59.575859|86.975807|-34.791367|1.519198|-25.963278|-1.344403|1.100000|1.100000|1.100000
AEG801_006_7200|13|57.883644|87.229401|-41.428749|0.142751|-89.524208|-2.569572|0.900000|0.900000|0.900000
AEG801_006_7201|13|45.777512|86.835556|-32.438759|-1.373033|124.296074|0.673867|1.100000|1.100000|1.100000
AEG801_006_7202|13|57.490768|86.688354|-16.021072|-1.512814|-110.338089|0.745064|1.100000|1.100000|1.100000
AEG801_006_7203|13|24.064014|86.586380|-27.750244|0.000464|-33.423256|0.000301|1.100000|1.100000|1.100000
AEG801_006_7204|13|18.939962|86.568176|-33.602993|-1.061436|126.231323|-0.195644|1.100000|1.100000|1.100000
AEG801_006_7205|13|24.889683|86.936287|-4.978078|1.223451|-111.120316|1.409642|1.100000|1.100000|1.100000
AEG801_006_7206|13|26.569767|87.324715|5.181347|-2.087592|57.703114|-1.536483|1.100000|1.100000|1.100000
AEG801_006_7207|13|-7.146790|86.615555|3.171632|-0.281135|-53.115143|3.502166|1.100000|1.100000|1.100000
AEG801_006_7208|13|-8.836267|86.389481|-0.645016|2.498702|-92.322220|2.266476|1.200000|1.200000|1.200000
AEG801_006_7209|13|-12.954605|86.753334|9.063046|2.853244|-92.370163|4.000196|0.900000|0.900000|0.900000
AEG801_006_7210|13|33.230789|87.652618|9.549150|0.792056|-89.313766|2.856413|1.200000|1.200000|1.200000
AEG801_006_7211|13|37.641914|87.601120|7.682104|1.982831|144.895279|-1.761189|1.100000|1.100000|1.100000
AEG801_006_7212|13|17.241940|87.111412|3.712898|1.583401|-110.383247|1.735469|1.100000|1.100000|1.100000
AEG801_006_7213|13|38.731354|87.124626|-45.422928|-0.001907|124.132156|0.001284|1.100000|1.100000|1.100000
AEG801_006_7214|13|37.388367|87.278008|-49.783035|-2.298687|125.014603|1.299512|1.100000|1.100000|1.100000
AEG801_006_7215|13|65.647018|86.314293|-20.025570|2.523591|125.010620|3.318679|1.100000|1.100000|1.100000
AEG801_006_7216|13|62.481594|88.461533|69.328476|10.227717|123.456558|3.409794|1.100000|1.100000|1.100000
AEG801_006_7217|13|-42.308056|103.818146|113.736313|-11.812850|-22.314428|3.761085|1.200000|1.200000|1.200000
AEG801_006_7218|13|48.082020|86.794464|-27.517508|-0.197029|-139.189957|-0.685778|1.200000|1.200000|1.200000
AEG801_006_7219|13|82.473206|65.333321|-88.602058|6.295631|35.089661|-8.519925|1.200000|1.200000|1.200000
AEG801_006_7220|13|101.650993|64.823471|-123.245148|-3.941199|50.900867|1.124359|1.200000|1.200000|1.200000
AEG801_006_7221|13|99.247543|64.784698|-119.229813|-2.907520|52.000359|0.528411|0.900000|0.900000|0.900000
AEG801_006_7222|13|98.378693|66.771675|41.094738|6.992093|-170.117508|10.896393|1.100000|1.100000|1.100000
AEG801_006_7223|13|36.787220|86.833649|-12.581951|-1.093102|66.270020|-1.181507|1.100000|1.100000|1.100000
AEG801_006_7224|13|52.401058|86.866768|-11.053736|0.517537|65.792938|-1.367093|1.200000|1.200000|1.200000
AEG801_006_7225|13|48.557869|86.856361|-13.812098|-0.943468|12.665036|-0.321729|1.100000|1.100000|1.100000
AEG801_006_7226|13|15.838593|86.952271|-0.605554|1.008546|144.891296|-1.673500|1.100000|1.100000|1.100000
AEG801_006_7227|13|-55.619473|85.203682|-22.954983|-0.779680|-39.592506|-0.964587|1.100000|1.100000|1.100000
AEG801_006_7228|13|10.584639|70.345726|-127.367165|-1.390383|104.032349|-16.339314|0.900000|0.900000|0.900000
AEG801_006_7229|13|63.746319|86.902382|-34.976936|0.795498|-41.809521|-2.816976|0.900000|0.900000|0.900000
AEG801_006_7230|13|51.859360|87.101128|-1.807115|-1.060370|12.634000|-2.096929|1.100000|1.100000|1.100000
AEG801_010_7001|13|-112.010391|90.854286|62.399460|-0.006879|-0.188347|-0.003133|1.000000|1.000000|1.000000
AEG801_010_7004|13|-91.836922|89.321541|58.099167|-0.006281|-0.115430|-0.002104|1.000000|1.000000|1.000000
AEG801_010_7005|13|-43.214737|85.224968|-16.209864|0.001830|-0.240907|0.003278|1.000000|1.000000|1.000000
AEG801_010_7006|13|-30.072670|84.975807|-1.632683|-0.000156|-0.235052|0.004344|1.000000|1.000000|1.000000
AEG801_011_7017|13|-18.560215|97.749283|83.071358|-0.006162|41.670677|-0.006672|1.000000|1.000000|1.000000
AEG801_011_7018|13|-91.170914|87.646103|5.970680|0.007295|43.220264|-0.003471|1.000000|1.000000|1.000000
AEG801_011_7019|13|-60.116821|80.662033|-73.879089|-0.000000|43.862167|-0.000000|1.000000|1.000000|1.000000
AEG801_011_7021|13|12.537694|87.409927|-87.172684|-0.005923|43.326977|0.000847|1.000000|1.000000|1.000000
AEG801_011_7022|13|-25.763880|78.938171|-96.603622|-0.009940|41.795811|-0.008380|1.000000|1.000000|1.000000
AEG801_011_7023|13|47.460876|92.488800|91.122208|0.000000|44.297962|-0.000000|1.000000|1.000000|1.000000
AEG801_011_7024|13|73.871384|86.880402|-40.897194|-0.000000|42.536728|0.000000|1.000000|1.000000|1.000000
AEG801_011_7025|13|-91.148766|89.855354|62.435745|-0.000000|43.043556|-0.000000|1.000000|1.000000|1.000000
AEG801_011_7026|13|-112.673462|98.879288|107.710831|-0.000000|44.519230|-0.000000|1.000000|1.000000|1.000000
AEG801_011_7027|13|-4.192501|76.657272|-104.968292|-0.000000|41.562992|-0.000000|1.000000|1.000000|1.000000
AEG801_011_7029|13|82.271202|65.372421|-88.827278|0.008770|53.058250|-0.006224|1.000000|1.000000|1.000000
AEG801_011_7030|13|110.554428|66.368835|-123.350899|-0.009691|43.662178|-0.001865|1.000000|1.000000|1.000000
AEG801_011_7031|13|-68.329697|77.624458|-98.134453|0.000000|43.670536|0.000000|1.000000|1.000000|1.000000
AEG801_011_7032|13|-62.069965|83.342606|-53.649170|0.006256|174.151978|-0.001877|1.000000|1.000000|1.000000
AEG801_011_7033|13|-30.377037|86.222046|-42.870525|0.000000|-139.075912|0.000000|1.000000|1.000000|1.000000
AEG801_011_7037|13|-71.548111|83.277138|-54.704945|0.000000|13.721648|0.000000|1.000000|1.000000|1.000000
AEG801_011_7038|13|-56.370106|100.443077|98.103058|-0.009378|39.469780|-0.007069|1.000000|1.000000|1.000000
AEG801_011_7039|13|-58.316406|91.755798|66.430428|-0.012015|-110.266365|-0.005594|1.000000|1.000000|1.000000
AEG801_011_7040|13|-41.717007|89.109901|46.523880|-0.011229|40.455891|-0.000000|1.000000|1.000000|1.000000
AEG801_011_7041|13|24.959700|87.172081|-53.578522|0.000382|41.667736|0.002322|1.000000|1.000000|1.000000
AEG801_011_7042|13|-45.992023|85.321533|-25.421032|0.000301|-139.051712|-0.002430|1.000000|1.000000|1.000000
AEG801_011_7043|13|14.452915|71.766029|-123.542603|-0.014654|40.007339|-0.005359|1.000000|1.000000|1.000000
AEG801_011_7044|13|71.460915|86.744720|38.518089|-0.025993|46.810314|0.009863|1.000000|1.000000|1.000000
AEG801_011_7045|13|27.584454|93.839455|77.086281|-0.000359|41.613369|-0.008740|1.000000|1.000000|1.000000
AEG801_011_7046|13|93.125099|64.814911|76.633369|0.001994|44.612499|-0.002473|1.000000|1.000000|1.000000
AEG801_011_7047|13|53.762615|89.515701|63.599407|0.003005|46.022228|-0.008262|1.000000|1.000000|1.000000
AEG801_011_7048|13|27.958145|96.185394|103.242752|0.000574|41.638470|-0.008218|1.000000|1.000000|1.000000
AEG801_011_7049|13|-63.886517|106.931168|127.013031|-0.011998|42.112270|-0.008700|1.000000|1.000000|1.000000
AEG801_011_7050|13|-80.967651|105.201424|123.971382|-0.013457|37.801113|-0.005847|1.000000|1.000000|1.000000
AEG801_011_7052|13|66.477043|89.681183|96.242096|2.656287|41.709209|-11.376224|1.000000|1.000000|1.000000
AEG801_011_7053|13|35.760445|89.543411|41.695374|-1.326224|41.592499|-5.043382|1.000000|1.000000|1.000000
AEG801_011_7054|13|65.044449|92.471855|120.942749|0.001994|41.752270|-0.014963|1.000000|1.000000|1.000000
AEG801_011_7055|13|-34.396866|103.487000|113.056206|-0.008359|38.377522|-0.008493|1.000000|1.000000|1.000000
AEG801_011_7056|13|-35.875034|84.634399|4.204910|0.004508|-139.010895|-0.001649|1.000000|1.000000|1.000000
AEG801_011_7057|13|-9.031219|103.461380|126.113815|0.000792|-154.621613|-0.012717|1.000000|1.000000|1.000000
AEG801_011_7058|13|2.301956|97.491898|87.450912|-0.001684|41.498917|-0.007784|1.000000|1.000000|1.000000
AEG801_011_7059|13|66.966415|90.054901|-78.927673|0.004344|42.354141|0.004836|1.000000|1.000000|1.000000
AEG801_011_7060|13|36.643784|86.678841|-20.265179|-0.737032|46.021297|-0.154471|1.000000|1.000000|1.000000
AEG801_011_7061|13|58.100201|87.255981|-42.061699|1.883138|41.608067|1.841091|1.000000|1.000000|1.000000
AEG801_011_7062|13|18.939960|86.568176|-33.602997|-0.000000|38.378288|0.000000|1.000000|1.000000|1.000000
AEG801_011_7063|13|-7.853776|86.485504|0.793640|-0.003315|41.684238|-0.000072|1.000000|1.000000|1.000000
AEG801_011_7064|13|34.212818|87.613190|8.354739|-0.002555|44.365799|-0.001397|1.000000|1.000000|1.000000
AEG801_011_7065|13|37.252674|86.883522|-10.970230|-0.001562|44.355305|-0.000771|1.000000|1.000000|1.000000
AEG801_011_7066|13|49.879478|86.888176|-12.065238|-0.000473|44.350857|-0.001084|1.000000|1.000000|1.000000
AEG801_011_7067|13|14.639935|86.946228|-0.149601|-0.001861|44.022587|-0.000671|1.000000|1.000000|1.000000
AEG801_011_7068|13|-56.067692|85.209717|-22.327364|-0.001045|91.956543|0.000902|1.000000|1.000000|1.000000
AEG801_011_7069|13|63.746319|86.902382|-34.976936|0.002732|-49.347301|0.000464|1.000000|1.000000|1.000000
AEG801_015_7002|13|17.216036|71.433319|-126.052765|0.008749|-97.985962|0.013618|1.000002|1.000002|1.000002
AEG801_015_7003|13|14.369200|72.900284|-119.323792|-0.014355|34.518520|-0.006472|1.000002|1.000002|1.000001
AEG801_015_7005|13|79.293579|65.902893|-115.397888|-0.000002|35.070648|-0.000009|1.000002|1.000002|1.000002
AEG801_015_7006|13|99.484993|65.060310|-109.174561|0.004324|-95.490616|0.000010|1.000002|1.000002|1.000002
AEG801_015_7007|13|115.881104|65.060593|88.843994|0.000007|-95.128952|0.000011|1.000002|1.000002|1.000002
AEG801_015_7008|13|93.743813|64.779228|73.518974|-0.002661|-1.103992|-0.000002|1.000003|1.000002|1.000002
AEG801_015_7009|13|54.632793|89.272552|61.796707|-0.004138|-2.883247|-0.007670|1.000002|1.000002|1.000002
AEG801_015_7010|13|29.730165|96.569611|109.550140|-0.005335|0.945491|-0.006163|1.000002|1.000002|1.000002
AEG801_015_7012|13|-57.901218|104.471603|116.618416|-0.013354|1.631678|0.000709|1.000002|1.000002|1.000002
AEG801_015_7013|13|63.458557|93.404808|124.387482|-0.011550|-7.744530|-0.012046|1.000002|1.000002|1.000002
AEG801_015_7014|13|-59.071121|100.060013|96.425133|0.000168|-56.027184|0.011695|1.000002|1.000002|1.000002
AEG801_015_7015|13|37.663078|86.668495|-22.483913|-0.256105|-2.882185|0.459124|1.000002|1.000002|1.000002
AEG801_015_7016|13|53.230320|86.824471|-28.062914|0.000956|0.934099|-0.000102|1.000002|1.000002|1.000002
AEG801_015_7017|13|45.811340|86.832893|-32.291145|0.001314|125.915901|0.000771|1.000002|1.000002|1.000002
AEG801_015_7018|13|24.550440|86.956924|-4.256148|-0.001750|-2.861342|0.000761|1.000002|1.000002|1.000002
AEG801_015_7019|13|-43.269627|104.042587|114.679947|-0.012464|1.397784|-0.001253|1.000002|1.000002|1.000002
AEG801_015_7020|13|79.720390|65.338173|-71.140305|-0.014209|-126.143799|0.002776|1.000002|1.000002|1.000001
AEG801_016_7003|13|12.619214|71.774590|-122.884445|0.008797|140.498184|-0.013672|1.000000|1.000000|1.000000
AEG801_016_7006|13|59.724110|89.832214|-117.228828|-0.002510|123.139870|-0.001290|1.000000|1.000000|1.000000
AEG801_016_7007|13|0.821528|76.992119|-104.964729|-0.000000|53.195763|-0.000000|1.000000|1.000000|1.000000
AEG801_016_7009|13|-44.083626|85.253761|-19.698910|-0.003279|124.190437|-0.000719|1.000000|1.000000|1.000000
AEG801_016_7012|13|94.369431|65.106537|-31.290407|0.004972|137.133850|0.002814|1.000000|1.000000|1.000000
AEG801_016_7014|13|102.314102|65.815826|38.150509|-0.010175|-58.349670|0.006338|1.000000|1.000000|1.000000
AEG801_016_7015|13|118.822739|65.396812|95.040184|0.016994|-58.647736|-0.001783|1.000000|1.000000|1.000000
AEG801_016_7016|13|92.847542|66.350632|127.224487|0.000000|-58.422127|0.000000|1.000000|1.000000|1.000000
AEG801_016_7017|13|-68.212944|77.823746|-94.339333|0.000000|-42.159660|0.000000|1.000000|1.000000|1.000000
AEG801_016_7019|13|-73.658096|83.008133|-55.402927|0.000000|87.555115|0.000000|1.000000|1.000000|1.000000
AEG801_016_7020|13|-74.537422|80.404053|-68.082031|0.000000|-21.307632|0.000000|1.000000|1.000000|1.000000
AEG801_016_7021|13|34.577785|91.510307|62.295010|-0.007453|-58.633781|0.002213|1.000000|1.000000|1.000000
AEG801_016_7022|13|68.663239|86.350876|34.287617|-0.006414|-59.116783|-0.003604|1.000000|1.000000|1.000000
AEG801_016_7023|13|-51.841946|102.482330|107.535622|-0.008790|-42.464451|0.008743|1.000000|1.000000|1.000000
AEG801_016_7024|13|26.413544|86.595543|-26.051476|0.000382|-59.117085|0.000082|1.000000|1.000000|1.000000
AEG801_016_7025|13|39.215004|87.090225|-44.237511|0.001803|-58.589901|-0.001341|0.900000|0.900000|0.900000
AEG801_016_7026|13|63.229065|88.336784|69.548843|-0.010609|-58.935867|-0.003248|1.000000|1.000000|1.000000
AEG801_016_7027|13|-42.687378|103.401978|111.787102|-0.009754|-157.815506|0.007595|1.000000|1.000000|1.000000
AEG801_016_7028|13|58.270496|86.661713|-16.228476|-0.001628|-58.603371|-0.000926|1.000000|1.000000|1.000000
AEG801_016_7029|13|34.794785|86.916222|-8.997219|-0.000437|-59.110382|0.001749|1.000000|1.000000|1.000000
AEG801_016_7030|13|25.457306|87.317703|5.446629|-0.000406|-59.101437|0.002514|1.000000|1.000000|1.000000
AEG801_016_7031|13|48.188812|86.808472|-29.123306|0.000765|-57.723419|-0.000501|1.000000|1.000000|1.000000
AEG801_250_7063|13|-52.405968|102.082535|105.746170|0.010682|-148.166946|0.006065|0.700000|0.700000|0.700000
AEG801_250_7064|13|-58.754547|99.754478|94.855309|-0.000008|-36.423183|0.000000|0.900000|0.900000|0.900000
AEG801_250_7065|13|-57.723839|99.029526|91.240311|-0.007768|-44.950649|0.007923|0.550000|0.550000|0.550000
AEG801_250_7066|13|13.729516|72.626701|-120.589104|-0.000000|52.592106|-0.000000|1.000000|1.000000|1.000000
AEG801_250_7071|13|64.842857|86.897217|38.263577|-0.000000|-62.806973|-0.000000|0.700000|0.700000|0.700000
AEG801_250_7072|13|58.704720|88.790733|63.555595|-0.002417|-144.202469|0.009344|0.900000|0.900000|0.900000
AEG801_250_7074|13|57.609928|89.729118|-118.506752|-0.000003|74.490150|-0.000002|0.700000|0.700000|0.700000
AEG801_250_7075|13|2.621870|76.717896|-105.930855|-0.023102|11.971847|-0.000001|0.700000|0.700000|0.700000
AEG801_250_7076|13|-78.255783|81.196312|-64.685211|0.000000|-39.473988|0.000000|0.900000|0.900000|0.900000
AEG801_250_7077|13|-75.864037|80.621696|-67.186493|0.000000|-47.721718|0.000000|0.550000|0.550000|0.550000
AEG801_250_7078|13|-75.336815|82.989731|-55.461082|0.000000|125.690140|0.000000|0.600000|0.600000|0.600000
AEG801_250_7079|13|-45.601097|85.214272|-20.842667|-0.000000|73.135864|0.000000|0.700000|0.700000|0.700000
AEG801_250_7080|13|10.856966|74.601532|-112.820747|-0.000000|-45.334358|0.000000|0.550000|0.550000|0.550000
AEG801_250_7082|13|75.940323|66.267624|-125.147751|0.000000|54.521633|0.000000|1.000000|1.000000|1.000000
AEG801_250_7083|13|101.250969|64.775513|-122.106453|0.000000|137.050049|0.000000|1.000000|1.000000|1.000000
AEG801_250_7084|13|81.280212|65.194336|-117.540276|0.000000|-86.412277|0.000000|0.750000|0.750000|0.750000
AEG801_250_7085|13|93.519485|65.177582|-31.998627|0.000000|-85.425171|0.000000|0.700000|0.700000|0.700000
AEG801_250_7086|13|104.348648|65.375656|-73.323273|0.000000|21.459473|0.000000|0.800000|0.800000|0.800000
AEG801_250_7087|13|90.127251|64.987175|70.337151|0.002268|75.060928|0.000137|0.800000|0.800000|0.800000
AEG801_250_7088|13|96.916344|65.612656|50.504387|-0.006755|-178.125992|0.007513|0.700000|0.700000|0.700000
AEG801_250_7089|13|100.388329|66.022713|37.041340|-0.000000|-144.110397|0.011748|0.700000|0.700000|0.700000
AEG801_250_7090|13|117.893044|65.090904|96.073112|-0.002397|151.992065|-0.003106|0.700000|0.700000|0.700000
AEG801_250_7091|13|120.200546|65.112564|105.295929|-0.003307|75.292953|0.002104|1.000000|1.000000|1.000000
AEG801_250_7092|13|99.705856|64.789566|-119.824005|-0.001964|7.253851|0.002951|0.600000|0.600000|0.600000
AEG801_250_7094|13|109.427345|66.206917|-123.212357|-0.009850|55.935371|0.000382|0.600000|0.600000|0.600000
AEG801_250_7095|13|101.258926|64.655327|134.903320|0.000000|75.232216|0.000000|1.000000|1.000000|1.000000
AEG801_250_7096|13|98.639885|64.655334|133.785294|0.000000|152.057068|0.000000|0.700000|0.700000|0.700000
AEG801_250_7097|13|114.326279|65.041306|82.083664|0.000000|59.851315|0.000000|0.650000|0.650000|0.650000
AEG801_250_7098|13|79.844696|65.476654|-74.445656|0.003142|8.322120|-0.005235|1.000000|1.000000|1.000000
AEG801_250_7099|13|-3.512816|95.541206|71.459602|-0.000008|-44.817593|-0.000000|0.550000|0.550000|0.550000
AEG801_250_7100|13|29.510017|91.967468|62.336376|-0.003961|22.892796|-0.007027|0.900000|0.900000|0.900000
AEG801_250_7101|13|33.589779|91.575638|62.043247|0.003360|-156.960739|0.007049|0.600000|0.600000|0.600000
AEG801_250_7102|13|-67.947563|77.712234|-96.812126|0.000000|143.190292|0.000000|0.900000|0.900000|0.900000
AEG801_250_7103|13|-67.626434|77.824883|-95.156242|0.000000|125.256996|0.000000|0.600000|0.600000|0.600000
AEG801_250_7104|13|-69.013626|78.690926|-86.273491|0.000000|-17.348902|0.000000|0.700000|0.700000|0.700000
AEG801_250_7105|13|91.505386|64.990845|85.678520|-0.001039|109.982925|0.004836|0.700000|0.700000|0.700000
AEG801_250_7106|13|50.631428|91.207985|80.602463|0.009453|110.254303|-0.001011|0.700000|0.700000|0.700000
AEG801_250_7107|13|26.860418|96.934502|110.168427|-0.007933|-62.249538|0.001830|0.900000|0.900000|0.900000
AEG801_250_7108|13|29.613581|96.420578|107.871513|-0.002528|-120.865829|0.007814|0.700000|0.700000|0.700000
AEG801_250_7109|13|-47.956860|106.801262|126.296654|-0.010831|-41.204723|0.008114|0.900000|0.900000|0.900000
AEG801_250_7110|13|-59.516586|104.595795|117.250847|-0.005876|-58.484962|0.012103|0.800000|0.800000|0.800000
AEG801_250_7111|13|-63.326122|105.040009|119.543938|0.013032|-153.918243|0.004481|0.600000|0.600000|0.600000
AEG801_250_7113|13|59.245735|93.708870|120.461395|-0.014948|-61.996616|0.001639|0.900000|0.900000|0.900000
AEG801_250_7114|13|27.789230|97.831314|120.666740|-0.002895|21.866467|-0.007026|0.600000|0.600000|0.600000
AEG801_250_7115|13|-33.349770|104.424362|117.730209|-0.007914|-56.802998|0.008497|0.700000|0.700000|0.700000
AEG801_250_7116|13|42.658646|86.734978|-19.469257|0.745911|-144.202744|0.049396|0.900000|0.900000|0.900000
AEG801_250_7117|13|33.306171|87.294708|1.825577|0.107316|110.256927|-2.587014|0.700000|0.700000|0.700000
AEG801_250_7118|13|54.877132|86.850647|-29.866083|0.000492|-62.233112|-0.001063|0.900000|0.900000|0.900000
AEG801_250_7119|13|59.718250|86.995415|-35.486824|-1.477870|-120.884804|-1.459994|0.700000|0.700000|0.700000
AEG801_250_7120|13|56.322681|86.705757|-17.969009|0.471037|21.871250|-1.177412|0.600000|0.600000|0.600000
AEG801_250_7121|13|22.301392|86.577888|-27.352280|0.000519|-56.803650|0.000164|0.600000|0.600000|0.600000
AEG801_250_7122|13|26.896103|87.262642|3.511307|-0.000262|-62.801270|0.002486|0.800000|0.800000|0.800000
AEG801_250_7123|13|25.236134|86.910332|-5.869984|0.001776|-144.210220|0.000519|1.000000|1.000000|1.000000
AEG801_250_7125|13|38.629547|87.124199|-45.454491|-0.001634|-156.983963|-0.001624|0.500000|0.500000|0.500000
AEG801_250_7126|13|62.377235|88.476921|69.238838|-0.001441|-156.827118|0.010628|0.600000|0.600000|0.600000
AEG801_250_7127|13|98.817741|65.058105|-89.756310|-0.002422|0.836070|0.007541|1.000000|1.000000|1.000000
AEG801_250_7128|13|82.902100|65.255264|-87.766937|-0.010086|-86.596466|-0.000769|0.600000|0.600000|0.600000
AEG801_250_7129|13|-79.249695|87.161789|-27.453388|0.004726|-40.518520|0.005054|0.547071|0.547071|0.547071
AEG801_253_7001|13|76.453407|65.682831|-127.717018|0.003169|32.680626|-0.021524|1.000000|1.000000|1.000000
AEG801_253_7002|13|101.744759|65.439056|-76.682541|-0.004028|-179.307632|-0.005306|0.900000|0.900000|0.900000
AEG801_253_7003|13|88.781120|65.055534|69.287445|0.000984|-0.106064|-0.002373|1.000000|1.000000|1.000000
AEG801_253_7004|13|96.575592|65.520508|51.624107|0.008251|165.179810|0.005410|1.000000|1.000000|1.000000
AEG801_253_7005|13|127.249794|65.105309|46.330940|0.000000|127.852348|0.000000|1.000000|1.000000|1.000000
AEG801_253_7006|13|121.442215|65.191612|106.287132|-0.000121|-166.100754|-0.004137|1.000000|1.000000|1.000000
AEG801_253_7007|13|90.562172|64.699966|110.273758|-0.000136|18.179644|0.000410|0.700000|0.700000|0.700000
AEG801_253_7008|13|90.016647|65.348427|-38.297997|0.000000|-65.397125|0.000000|1.000000|1.000000|1.000000
AEG801_253_7010|13|102.033028|64.840317|-123.642059|0.002841|-168.312454|-0.003908|1.000000|1.000000|1.000000
AEG801_253_7011|13|98.422905|64.761360|-118.417046|-0.000315|138.907196|-0.002171|0.700000|0.700000|0.700000
AEG801_253_7012|13|101.570969|64.655571|130.409668|0.000000|-12.624072|0.000000|1.000000|1.000000|1.000000
AEG801_253_7013|13|97.979446|64.655571|138.950195|0.000000|-123.068504|0.000000|0.700000|0.700000|0.700000
AEG801_253_7014|13|83.793823|65.095703|-110.002678|-0.007908|-86.218330|0.000874|0.700000|0.700000|0.700000
AEG801_253_7015|13|18.134613|90.724747|47.518856|-0.003510|-34.078217|0.002377|0.700000|0.700000|0.700000
AEG801_253_7016|13|-2.717464|95.374680|70.618279|-0.000009|-34.038940|0.000000|0.700000|0.700000|0.700000
AEG801_253_7017|13|-68.628815|78.960075|-85.468788|0.000000|-148.070129|0.000000|0.648592|0.648593|0.648592
AEG801_253_7018|13|-64.612915|83.155273|-54.873531|-0.000007|32.445518|-0.000005|0.800000|0.800000|0.800000
AEG801_253_7020|13|-79.367058|83.289963|-51.152901|-0.000066|104.960152|-0.001393|1.000000|1.000000|1.000000
AEG801_253_7021|13|-78.133484|87.038818|-27.619865|0.000000|-57.320957|0.000000|0.600000|0.600000|0.600000
AEG801_253_7022|13|3.194481|76.285652|-107.101570|-0.021632|100.769402|-0.007060|0.800000|0.800000|0.800000
AEG801_253_7023|13|-41.719597|88.771912|44.187241|0.002377|-57.777950|0.011502|0.900000|0.900000|0.900000
AEG801_253_7024|13|63.877300|87.059135|39.578934|0.007650|103.835762|0.000710|1.100000|1.100000|1.100000
AEG801_253_7025|13|-80.593201|87.914330|48.817371|-0.003435|32.112064|-0.005576|0.800000|0.800000|0.800000
AEG801_253_7026|13|28.946518|92.210381|64.035011|0.005246|161.955612|-0.006181|1.100000|1.100000|1.100000
AEG801_253_7027|13|91.295792|64.995689|86.899132|0.000000|165.167282|0.005218|1.000000|1.000000|1.000000
AEG801_253_7028|13|48.528915|91.570557|81.347488|0.001639|37.548603|-0.009190|1.000000|1.000000|1.000000
AEG801_253_7029|13|77.151825|85.474213|14.167521|0.000902|32.115051|0.000355|0.800000|0.800000|0.800000
AEG801_253_7030|13|18.238213|96.275002|91.042397|0.006530|164.255417|0.004781|1.000000|1.000000|1.000000
AEG801_253_7031|13|26.742043|97.158905|112.398338|0.001803|128.332153|-0.007819|1.100000|1.100000|1.100000
AEG801_253_7032|13|-10.835815|103.961792|127.381836|0.010437|163.685745|0.007049|1.000000|1.000000|1.000000
AEG801_253_7033|13|-49.657040|107.169464|127.675606|0.010518|136.716537|-0.008735|1.100000|1.100000|1.100000
AEG801_253_7035|13|-64.434669|105.211716|120.384895|-0.011197|44.208290|-0.008320|0.900000|0.900000|0.900000
AEG801_253_7036|13|-86.120850|104.003578|120.576988|0.011775|164.485962|-0.007732|1.000000|1.000000|1.000000
AEG801_253_7037|13|28.811157|97.884369|122.211121|0.001229|54.357330|-0.007485|0.900000|0.900000|0.900000
AEG801_253_7038|13|60.160301|88.529625|63.021481|0.005355|166.256866|0.008169|1.000000|1.000000|1.000000
AEG801_253_7039|13|-92.608261|88.132202|-0.412960|0.005929|171.711227|-0.005121|0.800000|0.800000|0.800000
AEG801_253_7040|13|-47.123432|85.183403|-21.579247|0.000956|81.467087|-0.001752|1.100000|1.100000|1.100000
AEG801_253_7041|13|57.964554|93.822060|119.210159|0.005847|56.890209|-0.013338|1.000000|1.000000|1.000000
AEG801_253_7042|13|42.515820|91.429741|70.025078|-0.001864|25.219490|-0.007880|1.100000|1.100000|1.100000
AEG801_253_7043|13|-32.325329|104.172081|116.643501|-0.005718|50.490314|-0.010091|1.000000|1.000000|1.000000
AEG801_253_7044|13|-42.075478|99.072792|90.963890|-0.007678|-134.046585|-0.007992|1.000000|1.000000|1.000000
AEG801_253_7045|13|-57.952347|92.339729|68.947510|0.012677|-34.930706|0.007950|1.000000|1.000000|1.000000
AEG801_253_7046|13|44.888954|89.520432|-106.707718|-0.003946|100.547020|-0.003167|0.800000|0.800000|0.800000
AEG801_253_7047|13|22.947300|87.150208|-54.803364|-0.001192|-155.493286|0.001912|0.900000|0.900000|0.900000
AEG801_253_7049|13|44.412582|86.748543|-19.900276|0.436886|166.258865|-0.509286|1.000000|1.000000|1.000000
AEG801_253_7050|13|23.012863|86.701576|-13.568642|-1.220662|25.218208|-0.127096|1.100000|1.100000|1.100000
AEG801_253_7051|13|58.275669|86.984802|-35.166588|0.001448|-31.641340|-0.001095|1.100000|1.100000|1.100000
AEG801_253_7052|13|65.622360|86.295418|-18.915913|0.001393|54.367867|-0.001073|0.800000|0.800000|0.800000
AEG801_253_7053|13|24.025318|86.586700|-28.837585|-0.000237|50.491547|0.000574|1.000000|1.000000|1.000000
AEG801_253_7054|13|77.717491|86.123589|-32.781563|-0.006506|-155.347061|0.002568|0.900000|0.900000|0.900000
AEG801_253_7055|13|34.710899|87.356895|2.812489|-0.000109|55.824436|-0.002603|1.100000|1.100000|1.100000
AEG801_253_7056|13|17.461603|87.081390|2.774961|-0.001918|54.314018|-0.001191|1.100000|1.100000|1.100000
AEG801_253_7057|13|37.194389|87.244095|-49.026154|-0.002522|104.258865|-0.000509|0.800000|0.800000|0.800000
AEG801_253_7059|13|100.619812|65.289421|-90.501945|-0.009614|92.585510|-0.003426|1.000000|1.000000|1.000000
AEG801_253_7060|13|81.101006|65.345078|-74.325829|0.004890|109.636978|0.004235|1.100000|1.100000|1.100000
AEG801_253_7061|13|52.447273|86.843277|-12.449623|0.001093|90.242935|0.000683|1.000000|1.000000|1.000000
AEG801_253_7062|13|51.294197|87.113533|-2.074671|-0.000686|25.184298|-0.002165|0.900000|0.900000|0.900000
AEG801_255_7046|13|51.936691|90.302467|70.800278|-0.000003|110.017136|-0.000009|1.000000|1.000000|1.000000
AEG801_255_7047|13|-45.384243|105.539291|121.091240|-0.012886|5.617148|-0.002411|1.000000|1.000000|1.000000
AEG801_255_7048|13|34.599968|86.849091|-11.060425|0.037921|110.017715|-1.703000|1.000000|1.000000|1.000000
AEG801_257_7002|13|17.153992|71.842606|-123.935249|-0.000000|102.557404|-0.000000|1.000000|1.000000|1.000000
AEG801_257_7003|13|78.977814|65.864357|-117.725815|0.000000|41.745785|0.000000|1.000000|1.000000|1.000000
AEG801_257_7004|13|91.946472|64.872696|74.115463|0.001667|41.627899|-0.001609|1.000000|1.000000|1.000000
AEG801_257_7005|13|61.752083|93.658325|123.600243|0.001803|43.554176|-0.016354|0.900000|0.900000|0.900000
AEG801_480_9000|13|15.018000|86.810997|-5.608000|0.000000|-70.830002|0.000000|1.000000|1.000000|1.000000
