m483900_0000|0|0.000000|0.000000|0.000000|0.000000|0.000000|0.000000|1.000000|1.000000|1.000000
m483902_0000|0|0.000000|0.000000|0.000000|0.000000|0.000000|0.000000|1.000000|1.000000|1.000000
m483903_0000|0|0.000000|0.000000|0.000000|0.000000|0.000000|0.000000|1.000000|1.000000|1.000000
c0100_9000|2|-101.050003|115.777000|-84.036003|0.000000|11.445000|0.000000|1.000000|1.000000|1.000000
c1000_9000|2|127.685997|78.598999|-34.605999|0.000000|0.000000|0.000000|1.000000|1.000000|1.000000
c1000_9001|2|-87.890999|130.442001|0.888000|0.000000|-36.018002|0.000000|1.000000|1.000000|1.000000
c2160_9000|2|-112.028000|130.643005|3.987000|0.000000|157.130005|0.000000|1.000000|1.000000|1.000000
c3661_9000|2|77.669998|125.702003|-44.631001|0.000000|-57.400002|0.000000|1.000000|1.000000|1.000000
c3661_9003|2|-103.221001|151.050003|118.282997|0.000000|-142.138000|0.000000|1.000000|1.000000|1.000000
c3661_9004|2|-102.662003|150.815994|123.114998|0.000000|-20.757000|0.000000|1.000000|1.000000|1.000000
c3661_9005|2|-99.689003|150.858994|120.905998|0.000000|82.277000|0.000000|1.000000|1.000000|1.000000
c3662_9002|2|-103.990997|150.936005|119.351997|0.000000|162.514999|0.000000|1.000000|1.000000|1.000000
c3662_9003|2|-104.421997|150.882004|119.838997|0.000000|-128.626999|0.000000|1.000000|1.000000|1.000000
c3662_9004|2|-103.542999|150.737000|122.504997|0.000000|-156.610001|0.000000|1.000000|1.000000|1.000000
c3662_9005|2|-101.467003|150.615005|122.669998|0.000000|35.723000|0.000000|1.000000|1.000000|1.000000
c3662_9006|2|-100.470001|150.860992|121.992996|0.000000|44.279999|0.000000|1.000000|1.000000|1.000000
c3662_9007|2|-100.711998|151.054993|119.273003|0.000000|107.268997|0.000000|1.000000|1.000000|1.000000
c3730_9000|2|107.180000|91.603996|89.339996|0.000000|-45.330002|0.000000|1.000000|1.000000|1.000000
c3810_9000|2|-100.929001|116.959000|-77.261002|0.000000|15.426000|0.000000|1.000000|1.000000|1.000000
c3810_9001|2|-98.239998|116.804001|-77.742996|0.000000|14.852000|0.000000|1.000000|1.000000|1.000000
c4167_9000|2|-100.287003|116.272003|-81.224998|-9.683000|12.498000|-2.692000|1.000000|1.000000|1.000000
c4385_9000|2|9.349000|65.509003|-109.345001|0.000000|-86.203003|0.000000|1.000000|1.000000|1.000000
c4385_9001|2|21.834999|64.014000|-114.171997|0.000000|114.002998|0.000000|1.000000|1.000000|1.000000
c4385_9002|2|35.710999|65.480003|-112.094002|0.000000|97.764999|0.000000|1.000000|1.000000|1.000000
c4385_9003|2|11.445000|64.047997|-101.983002|0.000000|112.866997|0.000000|1.000000|1.000000|1.000000
c4385_9004|2|27.162001|64.154999|-121.660004|0.000000|-107.392998|0.000000|1.000000|1.000000|1.000000
c4385_9005|2|29.152000|63.999001|-118.106003|0.000000|115.954002|0.000000|1.000000|1.000000|1.000000
c4385_9007|2|15.441000|63.998001|-117.689003|0.000000|59.931999|0.000000|1.000000|1.000000|1.000000
c4385_9008|2|53.008999|63.998001|-90.623001|0.000000|-153.328003|0.000000|1.000000|1.000000|1.000000
c4385_9009|2|68.720001|63.998001|-119.225998|0.000000|38.773998|0.000000|1.000000|1.000000|1.000000
c4430_9000|2|115.559998|91.867996|46.859001|0.000000|15.298000|0.000000|1.000000|1.000000|1.000000
c4430_9001|2|110.204002|94.306999|45.181999|0.000000|-19.719999|0.000000|1.000000|1.000000|1.000000
c4430_9002|2|109.065002|94.737000|32.026001|0.000000|-83.474998|0.000000|1.000000|1.000000|1.000000
c4430_9003|2|114.078003|91.821999|39.744999|-1.297000|-19.801001|-0.000000|1.000000|1.000000|1.000000
c4430_9004|2|107.703003|94.170998|40.530998|0.000000|-50.416000|0.000000|1.000000|1.000000|1.000000
c4430_9005|2|113.098999|93.529999|47.222000|-9.182000|-1.615000|-0.000000|1.000000|1.000000|1.000000
c4430_9006|2|113.339996|91.545998|32.638000|0.000000|-137.942001|0.000000|1.000000|1.000000|1.000000
c4430_9014|2|109.875000|81.620003|-41.609001|0.000000|-97.785004|0.000000|1.000000|1.000000|1.000000
c4430_9015|2|109.445000|81.919998|-46.786999|-0.708000|39.757000|0.000000|1.000000|1.000000|1.000000
c4430_9016|2|117.855003|82.177002|-34.578999|0.000000|-42.835999|0.000000|1.000000|1.000000|1.000000
c4430_9017|2|125.170998|84.389000|-13.252000|-0.000000|-77.459000|0.000000|1.000000|1.000000|1.000000
c4430_9019|2|119.974998|89.412003|7.229000|-8.352000|-37.882000|0.000000|1.000000|1.000000|1.000000
c4430_9020|2|123.023003|90.295998|13.950000|-7.408000|-16.882999|-0.000000|1.000000|1.000000|1.000000
c4430_9021|2|130.516998|88.510002|1.487000|-15.935000|5.190000|-0.000000|1.000000|1.000000|1.000000
c4460_9002|2|-119.970001|150.494003|133.363998|1.390000|-147.990997|0.000000|1.000000|1.000000|1.000000
c4470_9000|2|80.773003|130.011002|-18.738001|0.000000|-89.488998|0.000000|1.000000|1.000000|1.000000
c4482_9001|2|-3.399000|63.813999|-53.854000|0.000000|-21.521000|0.000000|1.000000|1.000000|1.000000
c4482_9002|2|13.852000|63.771000|-61.518002|0.000000|0.938000|0.000000|1.000000|1.000000|1.000000
c4483_9001|2|-2.953000|63.764000|-65.297997|0.000000|-71.803001|0.000000|1.000000|1.000000|1.000000
c4483_9002|2|6.669000|63.766998|-56.875999|0.000000|13.342000|0.000000|1.000000|1.000000|1.000000
c4483_9003|2|-11.785000|63.764000|-53.606998|0.000000|-42.889000|0.000000|1.000000|1.000000|1.000000
c4483_9004|2|24.375000|63.768002|-51.285000|0.000000|110.404999|0.000000|1.000000|1.000000|1.000000
c4483_9005|2|18.716000|63.796001|-69.272003|0.000000|-15.849000|0.000000|1.000000|1.000000|1.000000
c4483_9006|2|92.656998|64.015999|-110.242996|0.000000|114.364998|0.000000|1.000000|1.000000|1.000000
c4483_9007|2|87.246002|64.014999|-119.989998|0.000000|164.852005|0.000000|1.000000|1.000000|1.000000
c4483_9008|2|78.300003|64.014999|-109.336998|0.000000|-77.689003|0.000000|1.000000|1.000000|1.000000
c4483_9009|2|85.279999|64.014999|-101.971001|0.000000|-2.703000|0.000000|1.000000|1.000000|1.000000
c4483_9010|2|84.908997|64.014999|-111.554001|0.000000|60.942001|0.000000|1.000000|1.000000|1.000000
c4483_9011|2|92.875000|64.014000|-118.449997|0.000000|117.778000|0.000000|1.000000|1.000000|1.000000
c4483_9012|2|80.877998|64.014000|-118.371002|0.000000|-172.311005|0.000000|1.000000|1.000000|1.000000
c4483_9013|2|-49.314999|104.587997|-85.362000|0.000000|139.610992|0.000000|1.000000|1.000000|1.000000
c4483_9014|2|-50.862000|106.448997|-80.007004|-0.869000|75.761002|-23.964001|1.000000|1.000000|1.000000
c4483_9015|2|-56.424999|107.176003|-81.894997|0.000000|164.110001|0.000000|1.000000|1.000000|1.000000
c4483_9016|2|-53.507999|108.039001|-75.434998|-0.430000|-159.283997|0.468000|1.000000|1.000000|1.000000
c4483_9017|2|-62.103001|108.545998|-81.867996|0.000000|-54.986000|0.000000|1.000000|1.000000|1.000000
c4483_9018|2|-59.813999|106.503998|-88.166000|0.000000|29.882999|0.000000|1.000000|1.000000|1.000000
c4483_9019|2|-60.358002|105.289001|-95.845001|0.000000|36.751999|0.000000|1.000000|1.000000|1.000000
c4483_9020|2|-55.668999|103.067001|-100.415001|0.000000|102.732002|0.000000|1.000000|1.000000|1.000000
c4483_9021|2|-44.216999|101.137001|-95.508003|0.000000|-2.573000|0.000000|1.000000|1.000000|1.000000
c4483_9024|2|-40.463001|107.181999|-65.709999|0.000000|77.310997|0.000000|1.000000|1.000000|1.000000
c4483_9027|2|-21.392000|100.195000|-83.061996|0.000000|-64.021004|0.000000|1.000000|1.000000|1.000000
c4483_9028|2|-19.782000|97.605003|-95.704002|-2.566000|-77.257004|1.409000|1.000000|1.000000|1.000000
c4483_9029|2|-18.985001|94.476997|-105.989998|0.000000|-89.309998|0.000000|1.000000|1.000000|1.000000
c4483_9030|2|-30.488001|100.685997|-82.700996|0.000000|-9.197000|0.000000|1.000000|1.000000|1.000000
c4483_9031|2|-41.005001|98.398003|-103.281998|0.000000|125.967003|0.000000|1.000000|1.000000|1.000000
c4550_9001|2|33.772999|128.604004|-13.583000|0.000000|151.867996|0.000000|1.000000|1.000000|1.000000
c4550_9005|2|25.379999|140.035995|28.554001|0.000000|77.230003|0.000000|1.000000|1.000000|1.000000
c4630_9000|2|120.628998|114.000000|138.796005|-0.000000|-145.914001|0.000000|1.000000|1.000000|1.000000
c6080_9009|2|-39.505001|112.424004|-52.167000|0.000000|2.112000|0.000000|1.000000|1.000000|1.000000
c6080_9010|2|-40.804001|109.512001|-58.825001|0.000000|-69.523003|0.000000|1.000000|1.000000|1.000000
c6081_9000|2|-11.999000|76.584000|-78.948997|0.000000|-91.836998|0.000000|1.000000|1.000000|1.000000
c0100_9001|4|-88.180000|131.169998|2.010000|0.000000|-15.650000|0.000000|1.000000|1.000000|1.000000
h483900|5|0.000000|0.000000|0.000000|0.000000|0.000000|0.000000|1.000000|1.000000|1.000000
h483901|5|0.000000|0.000000|0.000000|0.000000|0.000000|0.000000|1.000000|1.000000|1.000000
h483902|5|0.000000|0.000000|0.000000|0.000000|0.000000|0.000000|1.000000|1.000000|1.000000
h483903|5|0.000000|0.000000|0.000000|0.000000|0.000000|0.000000|1.000000|1.000000|1.000000
h483950|5|0.000000|0.000000|0.000000|0.000000|0.000000|0.000000|1.000000|1.000000|1.000000
h483951|5|0.000000|0.000000|0.000000|0.000000|0.000000|0.000000|1.000000|1.000000|1.000000
h483952|5|0.000000|0.000000|0.000000|0.000000|0.000000|0.000000|1.000000|1.000000|1.000000
h483953|5|0.000000|0.000000|0.000000|0.000000|0.000000|0.000000|1.000000|1.000000|1.000000
AEG099_075_9000|9|-4.314000|64.433998|-40.117001|0.000000|-22.832001|0.000000|1.000000|1.000000|1.000000
AEG099_610_9001|9|113.498001|81.476997|-52.242001|11.872000|-168.546997|12.340000|1.000000|1.000000|1.000000
AEG099_610_9002|9|-47.063999|103.591003|-87.119003|18.628000|137.199997|-2.449000|1.000000|1.000000|1.000000
AEG099_800_9000|9|-45.819000|103.255997|-87.318001|0.000000|36.285999|0.000000|1.000000|1.000000|1.000000
AEG099_800_9001|9|-48.645000|102.987000|-91.962997|0.000000|-125.689003|0.000000|1.000000|1.000000|1.000000
AEG099_800_9002|9|-44.444000|102.597000|-91.088997|0.000000|125.705002|0.000000|1.000000|1.000000|1.000000
AEG099_810_9000|9|-119.030998|146.352997|97.961998|0.000000|-145.776993|0.000000|1.000000|1.000000|1.000000
c3150_9000|10|-113.452003|135.938995|30.565001|-1.307000|-19.936001|-0.006000|1.000000|1.000000|1.000000
c3160_9000|10|-113.250999|133.335007|29.990999|-6.332000|-19.757000|0.000000|1.000000|1.000000|1.000000
c3660_9000|10|7.859000|125.436996|-25.587999|0.000000|30.010000|0.000000|1.000000|1.000000|1.000000
c4000_9000|10|102.239998|91.953003|88.502998|-0.000000|-46.070000|0.000000|1.000000|1.000000|1.000000
c4000_9001|10|130.212997|78.819000|-36.021999|3.282000|-29.834000|0.000000|1.000000|1.000000|1.000000
c4000_9002|10|115.024002|91.960999|44.876999|-0.000000|10.992000|0.000000|1.000000|1.000000|1.000000
c4000_9003|10|113.230003|91.869003|40.804001|-0.000000|-40.270000|0.000000|1.000000|1.000000|1.000000
c4000_9004|10|122.500000|90.889999|20.007999|-0.000000|104.484001|0.000000|1.000000|1.000000|1.000000
c4000_9005|10|122.660004|87.091003|-4.608000|-0.000000|-62.721001|0.000000|1.000000|1.000000|1.000000
c4000_9006|10|123.807999|84.865997|-20.729000|-13.729000|-38.960999|0.000000|1.000000|1.000000|1.000000
c4000_9007|10|125.136002|84.386002|-12.869000|-16.479000|-49.525002|0.000000|1.000000|1.000000|1.000000
c4000_9008|10|111.148003|81.582001|-40.817001|2.025000|-108.592003|0.000000|1.000000|1.000000|1.000000
c4000_9009|10|117.197998|81.793999|-35.259998|15.725000|-77.021004|0.000000|1.000000|1.000000|1.000000
c4000_9010|10|114.610001|81.912003|-42.938000|-0.354000|-133.257004|0.000000|1.000000|1.000000|1.000000
c4000_9011|10|106.920998|81.504997|-42.583000|1.257000|44.972000|0.000000|1.000000|1.000000|1.000000
c4000_9012|10|138.742996|76.847000|-33.053001|-16.627001|4.759000|-0.000000|1.000000|1.000000|1.000000
c4000_9013|10|131.436996|81.496002|-20.033001|-15.170000|-45.441002|-0.000000|1.000000|1.000000|1.000000
c4000_9014|10|129.134003|87.586998|-1.263000|-16.090000|2.774000|-0.000000|1.000000|1.000000|1.000000
c4000_9015|10|117.236000|92.013000|99.752998|-3.243000|0.561000|0.000000|1.000000|1.000000|1.000000
c4020_9000|10|110.686996|91.568001|89.706001|-1.250000|-9.088000|0.349000|1.000000|1.000000|1.000000
c4385_9006|10|29.028000|63.998001|-114.470001|0.000000|-12.616000|0.000000|1.000000|1.000000|1.000000
c4430_9007|10|104.730003|92.032997|79.178001|-1.065000|-176.750000|0.000000|1.000000|1.000000|1.000000
c4430_9008|10|110.819000|91.587997|80.441002|0.000000|157.753998|0.000000|1.000000|1.000000|1.000000
c4430_9009|10|114.022003|91.537003|84.552002|-0.451000|147.408005|0.000000|1.000000|1.000000|1.000000
c4430_9010|10|116.938004|91.731003|89.233002|-0.492000|129.285995|0.000000|1.000000|1.000000|1.000000
c4430_9011|10|103.055000|91.987000|84.778999|-4.102000|-165.798004|0.000000|1.000000|1.000000|1.000000
c4430_9012|10|108.255997|91.686996|92.000000|-1.430000|-31.013000|0.000000|1.000000|1.000000|1.000000
c4442_9004|10|85.589996|64.014999|-117.629997|0.000000|-3.316000|0.000000|1.000000|1.000000|1.000000
c4442_9005|10|89.236000|64.024002|-102.832001|0.000000|-150.772995|0.000000|1.000000|1.000000|1.000000
c4442_9006|10|78.513000|64.014999|-101.569000|0.000000|-38.585999|0.000000|1.000000|1.000000|1.000000
c4442_9008|10|33.783001|64.014000|-88.740997|0.000000|9.982000|0.000000|1.000000|1.000000|1.000000
c4460_9000|10|-114.300003|137.975998|70.060997|6.873000|116.320000|-6.541000|1.000000|1.000000|1.000000
c4470_9001|10|88.389000|144.459000|25.488001|0.000000|84.612999|0.000000|1.000000|1.000000|1.000000
c4483_9022|10|-58.984001|110.412003|-72.287003|0.000000|164.542999|0.000000|1.000000|1.000000|1.000000
c4483_9023|10|-63.966999|112.655998|-67.502998|0.000000|120.543999|0.000000|1.000000|1.000000|1.000000
c4483_9025|10|-32.754002|106.197998|-61.945999|0.000000|-118.294998|0.000000|1.000000|1.000000|1.000000
c4483_9026|10|-33.987999|104.667999|-68.721001|0.000000|98.121002|0.000000|1.000000|1.000000|1.000000
c4550_9000|10|-125.710999|141.188004|87.313004|0.000000|-133.720993|0.000000|1.000000|1.000000|1.000000
c4550_9002|10|-121.544998|141.057007|85.681000|0.000000|178.531998|0.000000|1.000000|1.000000|1.000000
c4550_9003|10|25.205000|153.425003|87.081001|0.000000|-150.960999|0.000000|1.000000|1.000000|1.000000
c4550_9004|10|-120.244003|141.429993|89.627998|0.000000|9.591000|0.000000|1.000000|1.000000|1.000000
c4550_9006|10|56.166000|153.078995|115.266998|0.000000|-129.975998|0.000000|1.000000|1.000000|1.000000
c4550_9007|10|60.051998|153.705994|116.925003|0.000000|35.771999|0.000000|1.000000|1.000000|1.000000
c4550_9008|10|61.778999|153.645996|114.512001|0.000000|162.169006|0.000000|1.000000|1.000000|1.000000
c4550_9009|10|92.211998|130.330994|-15.883000|0.000000|19.403000|0.000000|1.000000|1.000000|1.000000
c4550_9010|10|89.977997|126.676003|-32.980000|0.000000|29.731001|0.000000|1.000000|1.000000|1.000000
c4550_9011|10|70.607002|129.453995|-19.827000|0.000000|-158.104996|0.000000|1.000000|1.000000|1.000000
c4550_9012|10|59.928001|126.550003|-29.285999|0.000000|32.980000|0.000000|1.000000|1.000000|1.000000
c6060_9000|10|-109.588997|146.876999|121.336998|-10.608000|25.610001|-0.000000|1.000000|1.000000|1.000000
c6060_9001|10|-110.097000|147.386002|124.021004|-10.918000|19.243000|0.000000|1.000000|1.000000|1.000000
c6060_9002|10|-108.841003|147.753998|125.698997|-9.330000|-23.809000|-0.000000|1.000000|1.000000|1.000000
c6060_9003|10|20.311001|146.656998|121.255997|3.003000|25.610001|0.000000|1.000000|1.000000|1.000000
c6060_9004|10|19.802999|146.393005|123.940002|0.001000|19.243000|-0.000000|1.000000|1.000000|1.000000
c6060_9005|10|21.059999|146.322006|125.617996|5.912000|-23.809000|0.000000|1.000000|1.000000|1.000000
c6060_9006|10|22.502001|146.669998|122.871002|2.535000|27.915001|0.000000|1.000000|1.000000|1.000000
c6060_9007|10|58.590000|138.464005|13.313000|-0.000000|25.610001|0.000000|1.000000|1.000000|1.000000
c6060_9008|10|58.084000|139.098999|15.999000|0.000000|19.243000|0.000000|1.000000|1.000000|1.000000
c6060_9009|10|-60.191002|140.548996|60.500000|-5.539000|25.610001|-0.000000|1.000000|1.000000|1.000000
c6060_9010|10|-60.698002|140.552994|63.185001|-3.747000|19.243000|0.000000|1.000000|1.000000|1.000000
c6060_9011|10|-59.442001|140.785004|64.862999|2.071000|-23.809000|0.000000|1.000000|1.000000|1.000000
c6080_9000|10|125.734001|64.364998|-123.523003|0.000000|-108.426003|0.000000|1.000000|1.000000|1.000000
c6080_9001|10|123.081001|64.352997|-125.693001|0.000000|-94.363998|0.000000|1.000000|1.000000|1.000000
c6080_9002|10|119.477997|69.639000|-57.543999|0.000000|-108.426003|0.000000|1.000000|1.000000|1.000000
c6080_9003|10|118.863998|69.718002|-61.021999|0.000000|29.059999|0.000000|1.000000|1.000000|1.000000
c6080_9004|10|119.814003|69.827003|-59.400002|0.000000|142.906006|0.000000|1.000000|1.000000|1.000000
c6080_9005|10|57.990002|64.124001|-111.824997|0.000000|125.019997|0.000000|1.000000|1.000000|1.000000
c6080_9006|10|-10.894000|90.848999|-104.990997|0.000000|-108.426003|0.000000|1.000000|1.000000|1.000000
c6080_9007|10|-13.564000|91.033997|-107.144997|0.000000|-94.363998|0.000000|1.000000|1.000000|1.000000
c6080_9008|10|-7.385000|89.297997|-107.611000|0.000000|-112.474998|0.000000|1.000000|1.000000|1.000000
c6080_9011|10|28.160999|94.693001|-58.681999|0.000000|-108.426003|0.000000|1.000000|1.000000|1.000000
h483901_0000|11|0.000000|0.000000|0.000000|0.000000|0.000000|0.000000|1.000000|1.000000|1.000000
h483903_0000|11|0.000000|0.000000|0.000000|0.000000|0.000000|0.000000|1.000000|1.000000|1.000000
AEG001_095_1000|13|-21.975786|72.248886|-89.771988|-89.057037|-109.956245|8.997138|1.000000|1.000000|1.000000
AEG001_095_1002|13|-21.805367|84.452217|-75.318878|-83.161781|-106.282303|5.218204|1.000000|1.000000|1.000000
AEG001_095_1005|13|-20.775032|70.501572|-73.442474|0.417161|-110.044884|-4.351903|1.000000|1.000000|1.000000
AEG001_095_1009|13|-20.483276|78.534897|-101.803635|-18.038685|-94.171349|3.636640|1.000000|1.000000|1.000000
AEG001_096_1000|13|-21.992367|79.722237|-76.626793|-0.000005|-90.635895|-0.000001|1.000000|1.000000|1.000000
AEG001_096_1001|13|-20.603886|71.275269|-82.449928|-0.000005|-96.635902|-0.000001|1.000000|1.000000|1.000000
AEG001_107_1000|13|-21.734814|75.589806|-79.223747|-86.199020|-93.636383|12.072549|1.000000|1.000000|1.000000
AEG001_107_1004|13|-21.136473|79.490135|-96.848839|-85.514023|-98.544090|-10.373568|1.000000|1.000000|1.000000
AEG001_107_1005|13|-22.705322|74.060448|-72.143097|-9.909447|-101.191231|4.821105|1.000000|1.000000|1.000000
AEG001_107_1006|13|-21.502501|70.647179|-91.577026|-9.854059|-102.117706|6.486493|1.000000|1.000000|1.000000
AEG003_064_2000|13|-124.550804|147.616913|128.611038|124.937454|-55.963913|-80.973915|1.000000|1.000000|1.000000
AEG003_069_2000|13|-125.424721|142.618576|98.445839|-17.703739|-87.404808|6.975265|1.000000|1.000000|1.000000
AEG003_080_2000|13|-120.098671|136.947800|64.670021|10.522290|-163.831131|1.725443|1.000000|1.000000|1.000000
AEG003_081_2000|13|-119.519508|138.118774|70.392792|1.664463|95.134621|-9.170008|1.000000|1.000001|1.000000
AEG003_081_2001|13|-125.508652|143.431137|104.096138|-4.810708|43.634144|-4.417561|1.000000|1.000001|1.000000
AEG003_082_2000|13|-125.549095|144.333771|113.106483|-5.828749|38.639256|-2.753826|1.000000|1.000000|1.000000
AEG003_082_2001|13|-117.268219|146.047089|102.981033|0.059450|-1.333492|-1.171891|1.000000|1.000000|1.000000
AEG003_083_2000|13|-121.868942|144.815674|115.362579|7.594434|-127.347908|3.255679|1.000000|1.000001|1.000001
AEG003_083_2001|13|-126.539474|146.316971|127.614525|-8.932685|9.721763|-4.646720|1.000000|1.000001|1.000001
AEG003_083_2002|13|-115.028587|146.114227|109.120773|-0.660862|135.706177|0.000000|1.000000|1.000001|1.000001
AEG003_084_2000|13|-124.828613|144.552948|115.285416|-5.957006|-22.174606|1.090289|1.000000|1.000000|1.000000
AEG003_084_2001|13|-127.982986|146.778275|129.885193|-1.757094|62.345406|-9.907213|1.000000|1.000000|1.000000
AEG003_084_2002|13|-123.368919|146.337875|110.599083|0.000000|117.674301|0.000000|1.000000|1.000000|1.000000
AEG003_085_2000|13|-125.274773|145.226410|119.931381|-7.044185|66.060905|-7.784451|1.000000|1.000000|1.000000
AEG003_086_2000|13|-125.577721|145.542175|122.298759|3.601751|142.441513|-9.300574|1.000000|1.000000|1.000000
AEG004_042_1003|13|107.562912|99.248177|-8.165277|151.300735|-68.716049|19.441370|1.000000|1.000000|1.000000
AEG004_042_1004|13|-14.933029|79.275497|-22.144161|112.498756|42.129814|29.667568|1.000000|1.000000|1.000000
AEG004_042_1006|13|57.839359|63.077316|-49.074509|-143.645569|33.825726|-0.140054|1.000000|1.000000|1.000000
AEG004_043_1001|13|68.044228|64.530678|-47.795780|-169.324768|77.106461|18.169067|1.000000|1.000000|1.000000
AEG004_043_1002|13|-44.269527|104.531021|-77.240059|40.985203|-26.135002|150.358276|1.000000|1.000000|1.000000
AEG004_043_1003|13|-80.801468|105.302330|-111.126007|46.857307|-39.348972|148.078049|1.000000|1.000000|1.000000
AEG004_043_1004|13|-69.620262|110.386780|-77.325729|75.954727|1.118316|-131.957886|1.000000|1.000000|1.000000
AEG004_043_1005|13|-39.943027|92.329468|-122.490875|62.001137|-42.352203|157.034180|1.000000|1.000000|1.000000
AEG004_043_1011|13|-24.463545|153.222763|95.227440|-86.827759|54.239399|158.361557|1.000000|1.000000|1.000000
AEG004_043_1012|13|-32.252293|159.860519|119.779312|140.616104|-11.115002|-53.855808|1.000000|1.000000|1.000000
AEG004_043_1013|13|56.026226|60.205021|-86.312843|-91.490005|-72.682312|70.469879|1.000000|1.000000|1.000000
AEG004_043_1014|13|-14.823713|66.204117|-30.685120|-98.202835|40.383469|-0.219369|1.000000|1.000000|1.000000
AEG004_043_1015|13|-17.899225|66.302315|-48.425472|-142.643051|27.190359|-20.385283|1.000000|1.000000|1.000000
AEG004_043_1016|13|-3.858365|65.153160|-30.854561|-157.142471|-38.437347|11.967741|1.000000|1.000000|1.000000
AEG004_043_1017|13|-16.552094|65.671608|-32.504459|-70.236320|77.237335|-73.302971|1.000000|1.000000|1.000000
AEG004_043_1018|13|15.661697|63.508446|-38.303699|-68.817978|-166.188065|75.231430|1.000000|1.000000|1.000000
AEG004_043_1019|13|-24.145166|74.274971|-76.135262|168.730850|-64.740982|-13.410869|1.000000|1.000000|1.000000
AEG004_043_1020|13|105.750336|109.133484|106.894043|82.784882|66.136177|51.995075|1.000000|1.000000|1.000000
AEG004_048_1000|13|108.273392|126.350868|-38.759182|8.063339|147.189835|-8.239712|1.000000|1.000000|1.000000
AEG004_048_1001|13|94.740326|146.948288|41.520313|3.779253|36.854465|2.837588|1.000000|1.000000|1.000000
AEG004_048_1002|13|85.361862|157.049576|64.765335|-7.159064|106.310112|1.934938|1.000000|1.000000|1.000000
AEG004_048_1003|13|88.570152|157.094406|68.734581|6.728420|-53.156246|1.734076|1.000000|1.000000|1.000000
AEG004_048_1004|13|90.113899|157.006195|72.248825|4.344655|-115.483101|-10.831465|1.000000|1.000000|1.000000
AEG004_048_1005|13|40.056126|125.341743|-30.928370|7.661479|-134.425095|6.152550|1.000000|1.000000|1.000000
AEG004_048_1006|13|-32.826309|113.001938|-42.026150|-6.101691|-108.862373|22.047876|1.000000|1.000000|1.000000
AEG004_048_1007|13|-33.183971|113.972115|-39.376068|11.368847|90.086617|-20.115448|1.000000|1.000000|1.000000
AEG004_048_1008|13|-30.505713|99.569542|-86.852715|-8.346601|-105.065567|14.596356|1.000000|1.000000|1.000000
AEG004_048_1009|13|-29.460752|97.976715|-92.967873|1.360219|49.840546|-16.523291|1.000000|1.000000|1.000000
AEG004_048_1010|13|-27.715103|95.758148|-101.795868|13.149812|98.195030|-11.238391|1.000000|1.000000|1.000000
AEG004_048_1011|13|115.568771|113.890793|105.880722|0.000000|35.320194|0.000000|1.000000|1.000000|1.000000
AEG004_048_1012|13|119.176315|113.890793|105.833450|0.000000|167.320206|0.000000|1.000000|1.000000|1.000000
AEG004_048_1013|13|104.698624|113.929871|109.620575|0.000000|18.746986|0.000000|1.000000|1.000000|1.000000
AEG004_048_1014|13|108.024597|113.929871|109.208237|0.000000|143.746994|0.000000|1.000000|1.000000|1.000000
AEG004_048_1015|13|52.743526|152.196472|58.654552|-8.559278|23.091312|4.613164|1.000000|1.000000|1.000000
AEG004_048_1016|13|45.146271|150.830017|56.294373|5.119773|156.691437|-11.720163|1.000000|1.000000|1.000000
AEG004_048_1017|13|42.771378|151.007278|58.534012|-11.603119|36.596893|-0.109358|1.000000|1.000000|1.000000
AEG004_048_1018|13|38.826500|149.853119|55.382187|-8.274196|86.531036|-6.752432|1.000000|1.000000|1.000000
AEG004_048_1019|13|69.959572|145.842743|39.591038|-2.996805|-63.444912|12.379227|1.000000|1.000000|1.000000
AEG004_048_1020|13|91.450958|145.341934|30.943090|-4.090123|-11.038581|8.591038|1.000000|1.000000|1.000000
AEG004_048_1022|13|105.474297|130.647644|-10.519699|12.936850|96.420799|-12.137471|1.000000|1.000000|1.000000
AEG004_048_1023|13|47.415787|124.903992|-32.851303|-4.292661|-58.705956|9.936560|1.000000|1.000000|1.000000
AEG004_048_1024|13|-33.087704|111.750793|-45.574818|19.492025|124.176476|-7.047037|1.000000|1.000000|1.000000
AEG004_174_1003|13|95.789604|90.535439|89.416298|5.072918|122.790520|-2.190390|1.000000|1.000000|1.000000
AEG004_174_1005|13|111.157394|90.759613|96.358482|18.710342|162.561539|0.758588|1.000000|1.000000|1.000000
AEG004_174_1006|13|105.664772|91.525009|96.800209|-20.414894|24.735332|-3.725812|1.000000|1.000000|1.000000
AEG004_174_1007|13|110.663887|91.403046|101.354309|-12.622154|-30.326078|-12.177372|1.000000|1.000000|1.000000
AEG004_174_1015|13|102.375580|90.265762|91.647423|-11.205506|71.878693|-12.827710|1.000000|1.000000|1.000000
AEG004_174_1016|13|102.875023|90.546104|98.522171|-1.457123|163.674438|-10.533283|1.000000|1.000000|1.000000
AEG004_174_1017|13|118.974823|90.535439|103.057320|5.072918|-162.209488|-2.190390|1.000000|1.000000|1.000000
AEG004_175_1010|13|106.390434|90.875427|97.612526|3.877225|-49.166229|4.667614|1.000000|1.000000|1.000000
AEG004_176_1002|13|103.299088|90.471802|95.319206|7.104735|141.933105|6.546600|1.000000|1.000000|1.000000
AEG004_176_1003|13|108.849556|91.562424|101.934395|2.798329|53.562012|-4.326167|1.000000|1.000000|1.000000
AEG004_176_1005|13|105.611221|91.099953|96.522667|-9.422958|76.139130|-17.393372|1.000000|1.000000|1.000000
AEG004_176_1008|13|107.591652|91.638641|99.151497|-7.833279|-16.876263|-3.565020|1.000000|1.000000|1.000000
AEG004_176_1011|13|110.914604|92.015625|99.279160|4.807743|-165.279907|7.141154|1.000000|1.000000|1.000000
AEG004_176_1012|13|105.238953|91.121933|102.174149|3.572872|-23.472231|1.621296|1.000000|1.000000|1.000000
AEG004_176_1014|13|103.725250|90.987778|99.261353|6.650692|-43.384247|12.802040|1.000000|1.000000|1.000000
AEG004_177_1001|13|101.068245|91.904984|102.003922|-8.148011|-22.570755|-2.766214|1.000000|1.000000|1.000000
AEG004_177_1004|13|109.265785|91.741356|95.302979|-6.125103|-76.971375|15.864344|1.000000|1.000000|1.000000
AEG004_177_1006|13|101.581985|91.737900|91.518806|11.062748|161.764832|-1.031058|1.000000|1.000000|1.000000
AEG004_177_1009|13|103.397026|91.986137|105.364189|6.487504|151.134354|-0.659605|1.000000|1.000000|1.000000
AEG004_177_1013|13|109.917175|92.105316|104.825287|-7.993396|-19.594282|-3.187799|1.000000|1.000000|1.000000
AEG004_177_1014|13|97.269836|91.863243|90.499542|-6.125102|-166.971375|15.864346|1.000000|1.000000|1.000000
AEG004_177_1015|13|96.662292|91.934784|98.534195|-0.044159|108.273689|-0.000000|1.000001|1.000000|1.000000
AEG004_177_1016|13|112.760109|91.667221|94.192360|1.174984|-128.024734|-0.321233|1.000001|1.000000|1.000000
AEG004_177_1017|13|114.840256|91.902390|97.699905|1.174984|-154.024597|-0.321233|1.000000|1.000000|1.000000
AEG004_177_1018|13|107.888504|91.762970|93.673454|-5.046640|29.290909|-1.921497|1.000001|1.000000|1.000000
AEG004_177_1019|13|103.629593|91.707275|90.636154|-3.667865|-66.108040|-2.882588|1.000000|1.000000|1.000000
AEG004_177_1020|13|116.895325|92.316093|103.223251|-0.211845|52.394001|-3.598862|1.000000|1.000000|1.000000
AEG004_177_1021|13|118.192307|92.169594|101.496765|1.047887|107.057259|-4.279718|1.000001|1.000000|1.000000
AEG004_177_1022|13|118.191132|91.667221|90.821693|1.174984|-27.024717|-0.321234|1.000001|1.000000|1.000000
AEG004_178_1017|13|107.047310|91.331520|100.202339|10.321344|-147.851074|2.777673|1.000000|1.000000|1.000000
AEG004_305_1000|13|-95.305466|135.573746|46.107906|5.914480|-173.717072|-3.128612|1.000000|1.000000|1.000000
AEG004_305_1001|13|-4.364312|135.349701|13.828842|20.211378|-174.158554|-0.621929|1.000000|1.000000|1.000000
AEG004_305_1002|13|82.432121|156.843369|64.019760|-2.984543|-173.246704|-8.169611|1.000000|1.000000|1.000000
AEG004_306_1000|13|-118.000008|140.496689|84.000000|1.763281|-134.934082|5.604416|1.000000|1.000000|1.000000
AEG004_306_1001|13|-71.522934|130.271484|-0.616468|-13.108362|-46.024593|9.936698|1.000000|1.000000|1.000000
AEG004_306_1002|13|104.908859|126.477264|-36.929375|-4.757896|-46.288555|8.441267|1.000000|1.000000|1.000000
AEG004_307_1000|13|-18.371166|148.563965|62.402573|-13.976315|104.768044|2.215085|1.000000|1.000000|1.000000
AEG004_307_1001|13|-15.051147|142.720230|36.496952|15.284297|-131.327148|14.256926|1.000000|1.000000|1.000000
AEG004_307_1002|13|86.559570|143.157928|14.935066|-5.866405|102.722084|-7.432972|1.000000|1.000000|1.000000
AEG004_308_1000|13|94.266815|158.519119|120.759537|9.504809|-129.682053|-1.622088|1.000000|1.000000|1.000000
AEG004_308_1001|13|-18.485537|126.237839|-20.926647|-5.502347|-129.071152|1.261617|1.000000|1.000000|1.000000
AEG004_308_1002|13|60.198650|147.223160|48.066456|-0.153297|101.588646|-10.478784|1.000000|1.000000|1.000000
AEG004_308_1003|13|109.280624|91.909912|65.211189|-1.681437|-129.787506|0.814404|1.000000|1.000000|1.000000
AEG004_311_1000|13|110.584023|105.179565|102.360664|-147.756821|-32.009575|-84.275978|1.000000|1.000000|1.000000
AEG004_970_2000|13|0.602837|51.769669|-110.271362|0.000000|32.000027|0.000000|1.000000|1.000000|1.000000
AEG004_979_2000|13|-2.383541|51.726456|-115.050568|0.000000|-57.999905|0.000000|1.000000|1.000000|1.000000
AEG004_985_2004|13|-6.140640|51.611465|-116.483963|0.000000|-133.999924|0.000000|1.000000|1.000000|1.000000
AEG004_986_2011|13|-2.498281|51.753311|-108.859177|0.000000|179.468857|0.000000|1.000000|1.000000|1.000000
AEG004_986_2027|13|-1.519150|51.753311|-120.342712|0.000000|-0.531289|0.000000|1.000000|1.000000|1.000000
AEG004_986_2038|13|-4.916260|52.028320|-119.444946|89.999931|31.999908|165.000366|1.000000|1.000000|1.000000
AEG004_996_2000|13|19.061468|63.769653|-106.482758|0.000000|30.000011|0.000000|1.000000|1.000000|1.000000
AEG007_434_1000|13|-102.666496|150.288589|120.513145|0.000000|0.000000|0.000000|1.000000|1.000000|1.000000
AEG007_445_1002|13|81.484680|127.356102|-29.909725|-13.410395|-3.641356|1.656156|1.000000|1.000000|1.000000
AEG007_446_1001|13|77.490921|129.116852|-26.438690|-6.314929|178.375336|-7.487794|1.000000|1.000000|1.000000
AEG007_446_1004|13|100.977776|126.321121|-38.188900|-4.871974|84.143120|-11.929774|1.000000|1.000000|1.000000
AEG007_446_1008|13|79.164803|128.772552|-29.092417|-16.205811|-90.496384|25.965160|1.000000|1.000000|1.000000
AEG007_447_1000|13|72.815628|127.577354|-28.952034|14.349765|-165.326248|-0.832327|1.000000|1.000000|1.000000
AEG007_447_1002|13|81.430885|128.343903|-25.898232|-7.309451|-54.685806|10.642091|1.000000|1.000000|1.000000
AEG007_447_1004|13|105.561424|131.528137|-7.637302|11.664078|-176.222244|5.798283|1.000000|1.000000|1.000000
AEG007_448_1000|13|83.790771|138.452972|-25.859041|0.000000|134.000015|0.000000|1.000000|1.000000|1.000000
AEG007_448_1001|13|106.463600|134.367126|-10.259498|0.000000|-68.999992|15.000002|1.000000|1.000000|1.000000
AEG007_470_2000|13|-102.595329|150.167358|120.565422|0.000000|-0.000010|0.000000|1.000000|1.000000|1.000000
AEG040_010_1001|13|100.111374|92.307060|79.349388|4.542522|78.657013|0.669295|1.000000|1.000000|1.000000
AEG040_010_1002|13|118.824394|91.862114|68.533829|4.250066|-39.607391|3.467351|1.000000|1.000000|1.000000
AEG040_010_1003|13|108.425568|91.415260|39.636135|-5.771392|89.722130|0.866195|1.000000|1.000000|1.000000
AEG040_010_1004|13|123.088745|91.329811|28.201578|4.125826|-109.615257|1.721363|1.000000|1.000000|1.000000
AEG040_010_1005|13|116.274063|89.604523|8.016103|4.682336|114.458916|-7.068736|1.000000|1.000000|1.000000
AEG040_010_1006|13|120.888359|86.629250|-7.853563|10.552993|103.391823|-11.425631|1.000000|1.000000|1.000000
AEG040_010_1007|13|134.431763|85.335464|-9.562016|-4.287578|-76.801003|18.229193|1.000000|1.000000|1.000000
AEG040_010_1008|13|126.245239|81.620972|-21.314695|-7.599546|48.084187|-16.364622|1.000000|1.000000|1.000000
AEG040_010_1010|13|-116.079315|136.065933|58.437996|3.163410|-132.007629|7.114917|1.000000|1.000000|1.000000
AEG040_010_1011|13|-127.473999|136.092056|54.113747|6.982908|135.899384|-3.446100|1.000000|1.000000|1.000000
AEG040_010_1012|13|-112.095657|134.819733|46.774296|-1.654127|-89.220024|5.445155|1.000000|1.000000|1.000000
AEG040_010_1013|13|-121.785477|134.222275|38.553101|-4.721004|36.146133|-3.365298|1.000000|1.000000|1.000000
AEG040_010_1014|13|-127.210670|134.985764|44.366226|1.010918|67.631004|-6.799599|1.000000|1.000000|1.000000
AEG040_010_1015|13|-119.471947|134.255859|38.201241|0.782380|94.794998|-5.291398|1.000000|1.000000|1.000000
AEG040_010_1016|13|-106.760666|132.933929|27.327703|8.449240|-154.730576|0.114247|1.000000|1.000000|1.000000
AEG040_010_1017|13|-116.899902|131.419922|13.531734|1.983919|92.252579|-6.356524|1.000000|1.000000|1.000000
AEG040_010_1018|13|-90.122063|122.662369|-45.472420|-5.609817|17.816956|-8.922153|0.711061|0.711061|0.711061
AEG040_010_1019|13|-75.201942|125.740387|-19.341232|-12.178834|-42.315487|5.905429|0.687415|0.687415|0.687415
AEG040_010_1020|13|-99.127174|124.634331|-34.223919|-8.439401|44.961987|-4.527071|0.562428|0.562428|0.562428
AEG040_010_1021|13|-114.290657|125.089859|-34.672119|-9.253036|49.834450|-8.953948|0.780899|0.780899|0.780899
AEG040_010_1022|13|-101.185432|120.371941|-59.675049|6.165452|105.092201|-9.142274|0.599905|0.599905|0.599905
AEG040_010_1023|13|-92.600952|118.994621|-65.428719|15.000155|125.569176|-4.971443|1.000000|1.000000|1.000000
AEG040_010_1024|13|-109.628754|111.909683|-108.620483|7.903128|-165.455429|-0.010939|0.611648|0.611648|0.611648
AEG040_010_1025|13|-100.645500|110.911758|-116.240959|3.180322|-130.150452|11.519596|0.720980|0.720981|0.720981
AEG040_010_1026|13|98.796150|150.197021|58.623772|7.596587|108.875412|-15.045783|1.000000|1.000000|1.000000
AEG040_010_1027|13|84.261322|147.112564|43.155785|-5.980860|48.550732|-4.284845|1.000000|1.000000|1.000000
AEG040_010_1028|13|71.606812|147.423416|46.051445|10.104208|146.220261|-9.293246|1.000000|1.000000|1.000000
AEG040_010_1029|13|63.652287|140.744492|18.007235|-13.410479|34.702877|-1.537825|1.000000|1.000000|1.000000
AEG040_010_1030|13|19.377928|129.564438|-8.427001|-9.115685|63.610912|-10.770451|1.000000|1.000000|1.000000
AEG040_010_1037|13|104.978630|114.000000|124.547241|-0.000005|131.267441|0.000005|1.000000|1.000000|1.000000
AEG040_010_1038|13|103.327629|114.000000|116.563721|-0.000005|76.267479|0.000005|1.000000|1.000000|1.000000
AEG040_010_1039|13|120.891258|114.000000|115.751648|-0.000005|-48.732521|0.000005|1.000000|1.000000|1.000000
AEG040_010_1040|13|124.355461|114.308640|126.784180|0.170750|-123.874481|-5.195379|1.000000|1.000000|1.000000
AEG040_010_1044|13|-49.014229|145.432236|105.730705|5.842430|176.838974|-2.913945|1.000000|1.000000|1.000000
AEG040_010_1045|13|-48.990822|145.392487|105.343552|-0.049496|-66.306938|8.526348|1.000000|1.000000|1.000000
AEG040_020_1103|13|11.711121|126.523453|-13.624771|-3.292040|58.265652|159.429611|1.000000|1.000000|1.000000
AEG040_020_1104|13|106.679886|125.842300|-32.166412|-143.791901|-8.214877|24.541389|1.000000|1.000000|1.000000
AEG040_020_1105|13|102.292877|128.758316|-16.063480|150.763885|-61.935467|37.079758|1.000000|1.000000|1.000000
AEG040_020_1108|13|62.282818|139.268631|17.779541|47.837959|22.063845|40.060947|1.000000|1.000000|1.000000
AEG040_020_1110|13|-47.334900|127.058853|3.819199|-47.433903|-23.285383|48.155735|1.000000|1.000000|1.000000
AEG040_020_1111|13|-45.094543|129.423965|5.449387|-28.746922|-54.729000|167.653107|1.000000|1.000000|1.000000
AEG040_020_1112|13|-41.034672|105.326134|-58.256889|125.266464|-67.116119|61.038811|1.000000|1.000000|1.000000
AEG040_020_1113|13|-59.361679|99.752716|-125.606232|-13.386899|60.898590|153.437469|1.000000|1.000000|1.000000
AEG040_020_1116|13|-70.411972|119.539032|-39.388309|74.766663|-91.548653|24.860876|1.000000|1.000000|1.000000
AEG040_020_1117|13|-71.710915|122.488373|-28.992289|154.260620|-84.694702|31.970343|1.000000|1.000000|1.000000
AEG040_020_1119|13|-45.404976|101.096886|-85.909157|11.867884|-32.533253|53.989288|1.000000|1.000000|1.000000
AEG040_020_1120|13|-44.273521|101.814743|-83.597771|-51.124054|-86.796555|46.005646|1.000000|1.000000|1.000000
AEG040_020_1121|13|-47.978722|101.335419|-94.989685|3.858093|-137.153809|22.395121|1.000000|1.000000|1.000000
AEG040_020_1123|13|-115.868271|124.530609|-37.518105|64.084412|-90.549507|21.597010|1.000000|1.000000|1.000000
AEG040_020_1125|13|-64.562492|102.193619|-124.012383|3.138901|-164.560226|40.593975|1.000000|1.000000|1.000000
AEG040_020_1127|13|99.668068|132.148773|112.004951|167.311081|69.666084|-81.850449|1.000000|1.000000|1.000000
AEG040_020_1128|13|94.303024|116.550598|40.989227|-152.856049|-27.471935|-51.328346|1.000000|1.000000|1.000000
AEG040_020_1129|13|94.499557|139.961838|41.150684|-171.681595|-16.907688|-67.409859|1.000000|1.000000|1.000000
AEG040_020_1132|13|99.594482|128.028976|101.700264|-36.165623|113.352280|-76.441765|1.000000|1.000000|1.000000
AEG040_020_1133|13|103.659653|103.298416|-12.122837|162.891586|4.203146|-23.118174|1.000000|1.000000|1.000000
AEG040_020_1136|13|107.311401|72.235878|-40.413063|-29.204721|-59.807781|-170.825165|1.000000|1.000000|1.000000
AEG040_020_1137|13|109.570297|99.185730|-36.660545|158.867188|-0.011138|-61.082703|1.000000|1.000000|1.000000
AEG040_020_1138|13|3.037129|78.706413|-26.798252|161.545822|28.245794|28.407928|1.000000|1.000000|1.000000
AEG040_020_1139|13|-17.195681|72.087784|-23.935947|-16.168467|74.944885|17.937254|1.000000|1.000000|1.000000
AEG040_020_1140|13|-14.166972|77.436943|-25.660683|-18.696051|-1.842174|34.627670|1.000000|1.000000|1.000000
AEG040_020_1141|13|105.792221|109.863388|109.064056|-56.493744|115.883423|-24.775717|1.000000|1.000000|1.000000
AEG040_021_1106|13|-76.562927|102.155678|-115.585342|-4.149662|-120.043694|-34.373196|1.000000|1.000000|1.000000
AEG040_021_1110|13|14.140739|124.372711|-16.696606|43.141716|12.383069|56.593941|1.000000|1.000000|1.000000
AEG040_021_1111|13|112.464981|130.345245|13.447279|87.350639|-15.532542|-1.407903|1.000000|1.000000|1.000000
AEG040_021_1115|13|16.917355|146.815109|58.059814|46.191425|115.049263|63.816669|1.000000|1.000000|1.000000
AEG040_021_1116|13|18.121328|133.537582|14.151672|-0.008311|166.253540|66.859642|1.000000|1.000000|1.000000
AEG040_021_1117|13|-40.787193|110.513107|-50.769276|23.615049|51.764400|66.986832|1.000000|1.000000|1.000000
AEG040_021_1118|13|-40.284832|108.331085|-57.654831|40.415867|25.045528|26.138100|1.000000|1.000000|1.000000
AEG040_021_1119|13|-58.640518|106.323799|-65.844780|-32.500328|-159.680405|3.565248|1.000000|1.000000|1.000000
AEG040_021_1120|13|-87.059952|119.420876|-56.424652|83.404121|-9.986568|74.486992|1.000000|1.000000|1.000000
AEG040_021_1121|13|-62.583759|114.801682|-52.590626|-12.343959|48.814030|77.881645|1.000000|1.000000|1.000000
AEG040_021_1122|13|-67.492043|121.826942|-30.307007|72.121109|-46.605831|74.725914|1.000000|1.000000|1.000000
AEG040_021_1124|13|-46.507534|97.461029|-84.931808|-36.888844|-123.260422|6.099363|1.000000|1.000000|1.000000
AEG040_021_1125|13|-36.708595|97.393051|-95.867844|-22.148647|149.515717|9.743748|1.000000|1.000000|1.000000
AEG040_021_1126|13|-44.925930|96.089905|-98.376419|-24.264870|71.346336|50.467094|1.000000|1.000000|1.000000
AEG040_021_1128|13|-50.207573|100.327660|-93.026207|-0.557504|-138.837250|-40.186291|1.000000|1.000000|1.000000
AEG040_021_1129|13|-76.562927|102.155678|-115.585342|45.496151|4.764848|43.340099|1.000000|1.000000|1.000000
AEG040_021_1130|13|-58.445679|113.053024|-61.985039|-82.882950|148.726761|84.874474|1.000000|1.000000|1.000000
AEG040_021_1131|13|26.650709|151.309906|104.134033|-94.792656|-42.577698|25.480646|1.000000|1.000000|1.000000
AEG040_021_1134|13|100.018906|132.335205|102.847900|-176.530563|19.292797|-9.493171|1.000000|1.000000|1.000000
AEG040_021_1135|13|97.395691|104.048477|69.010994|11.399064|67.381859|-111.829865|1.000000|1.000000|1.000000
AEG040_021_1136|13|93.837959|112.959175|52.061142|-134.526260|-79.517990|-40.217037|1.000000|1.000000|1.000000
AEG040_021_1139|13|97.573532|119.925209|42.912193|-15.682780|-81.841415|179.680603|1.000000|1.000000|1.000000
AEG040_021_1141|13|99.325485|125.028938|101.337242|2.960807|-74.279633|151.429550|1.000000|1.000000|1.000000
AEG040_021_1142|13|100.732430|106.099167|-12.652119|67.299728|56.215302|-135.542343|1.000000|1.000000|1.000000
AEG040_021_1144|13|104.011345|72.915359|-33.802944|-44.869572|-44.554943|110.001335|1.000000|1.000000|1.000000
AEG040_021_1145|13|109.855011|106.186852|-36.499565|-172.551743|19.120953|0.355170|1.000000|1.000000|1.000000
AEG040_021_1146|13|106.874786|106.522888|-37.703587|163.127014|61.982948|14.180207|1.000000|1.000000|1.000000
AEG040_022_1001|13|-26.953823|144.657166|85.573021|16.660053|166.090347|8.541752|1.000000|1.000000|1.000000
AEG040_022_1102|13|-30.048328|143.552200|61.342579|0.000020|3.027560|0.000000|1.000000|1.000000|1.000000
AEG040_022_1103|13|-37.471504|94.747467|-96.514343|8.756973|26.212870|107.100655|1.000000|1.000000|1.000000
AEG040_022_1104|13|102.177551|131.779694|1.551910|70.509193|-39.977043|-6.604948|1.000000|1.000000|1.000000
AEG040_022_1105|13|73.315536|124.352692|-30.706635|133.629303|-14.379189|62.712769|1.000000|1.000000|1.000000
AEG040_022_1111|13|-20.615828|137.263565|30.953255|-87.447807|-160.166382|42.479221|1.000000|1.000000|1.000000
AEG040_022_1112|13|26.171329|130.935745|5.113199|-70.640297|-128.998734|34.674126|1.000000|1.000000|1.000000
AEG040_022_1113|13|103.599709|124.199860|-38.076355|4.786891|62.046333|13.518314|1.000000|1.000000|1.000000
AEG040_022_1115|13|-37.241169|142.126236|52.376850|80.442940|3.203633|-177.154739|1.000000|1.000000|1.000000
AEG040_023_1000|13|-53.437195|148.060425|124.471939|84.769218|-69.698898|-163.634277|1.000000|1.000000|1.000000
AEG040_023_1102|13|30.989265|150.324890|122.014336|-96.694145|-89.785149|41.375019|1.000000|1.000000|1.000000
AEG040_024_1100|13|-48.610016|116.384392|-81.421089|-34.481728|129.668655|-0.439236|1.000000|1.000000|1.000000
AEG040_024_1110|13|-47.103470|115.106094|-78.750076|-39.421288|-179.690140|10.530403|1.000000|1.000000|1.000000
AEG040_024_1131|13|132.049789|129.308044|-34.544609|-117.847115|-74.611877|3.046458|1.000000|1.000000|1.000000
AEG040_024_1132|13|129.269974|129.119308|-34.186459|10.541723|82.673843|154.262894|1.000000|1.000000|1.000000
AEG040_024_1133|13|120.229813|130.628540|15.695899|-73.000000|-139.326141|0.000000|1.000000|1.000000|1.000000
AEG040_024_1134|13|120.117325|133.320267|24.602190|-75.099190|-110.910454|8.277670|1.000000|1.000000|1.000000
AEG040_024_1135|13|118.074799|127.649826|29.426292|19.415752|59.297653|125.893677|1.000000|1.000000|1.000000
AEG040_024_1140|13|-47.085979|156.209717|66.883247|-83.731033|39.746719|38.558460|1.000000|1.000000|1.000000
AEG040_061_1008|13|-38.111576|155.059982|122.595955|2.776716|-23.219856|10.125775|1.000000|1.000000|1.000000
AEG040_061_1011|13|-52.719650|149.551498|125.550621|6.794117|54.433762|-0.695637|1.000000|1.000000|1.000000
AEG040_061_1012|13|-45.423374|145.379547|83.998497|14.976582|-14.141500|-5.302382|1.000000|1.000000|1.000000
AEG040_061_1013|13|-30.323986|147.561996|87.059570|19.595562|-0.894154|8.521498|1.000000|1.000000|1.000000
AEG040_061_1014|13|-57.969536|149.072250|119.881592|14.593302|-61.995934|4.597639|1.000000|1.000000|1.000000
AEG040_061_1015|13|-15.358072|65.651375|-108.241539|6.794121|157.433746|-0.695636|1.000000|1.000000|1.000000
AEG040_062_1007|13|-41.234268|131.938904|10.367398|17.017088|-156.647064|9.024592|1.000000|1.000000|1.000000
AEG040_062_1009|13|59.713619|139.404541|16.192871|15.874044|-153.947006|-0.152566|1.000000|1.000000|1.000000
AEG040_062_1011|13|-62.774776|102.020348|-117.842194|7.561364|-175.858902|11.602443|1.000000|1.000000|1.000000
AEG040_062_1012|13|-68.850342|103.112556|-121.082718|-6.527147|6.459047|-11.371784|1.000000|1.000000|1.000000
AEG040_062_1013|13|-88.660591|106.632080|-126.370453|-8.258327|6.309329|-12.500917|1.000000|1.000000|1.000000
AEG040_062_1017|13|-116.382339|122.119606|-52.301517|-6.727909|54.995022|-6.657673|1.000000|1.000000|1.000000
AEG040_062_1018|13|-123.908089|119.481941|-68.855103|10.027155|-179.924225|0.513903|1.000000|1.000000|1.000000
AEG040_062_1019|13|-111.992760|121.323914|-58.988823|9.479920|-170.645248|2.946817|1.000000|1.000000|1.000000
AEG040_062_1020|13|-122.569962|114.346008|-90.917786|17.162050|-179.638367|-2.113147|1.000000|1.000000|1.000000
AEG040_062_1021|13|-46.373108|146.705872|118.066971|8.783707|-106.667130|3.039351|1.000000|1.000000|1.000000
AEG040_062_1026|13|-55.117611|147.313446|128.067886|-1.283447|49.543419|-5.187994|1.000000|1.000000|1.000000
AEG040_062_1027|13|-50.403454|145.369675|105.440201|-2.894597|50.148750|-4.875522|1.000000|1.000000|1.000000
AEG040_062_1029|13|35.271198|151.283707|125.965668|5.339407|-93.470337|6.825354|1.000000|1.000000|1.000000
AEG040_063_1003|13|-65.544525|101.302505|-120.191002|13.105795|110.535332|-1.587704|1.000000|1.000000|1.000000
AEG040_063_1004|13|-113.000435|120.826653|-55.478760|9.951833|-170.327271|-1.735032|1.000000|1.000000|1.000000
AEG040_063_1007|13|-29.850092|143.839020|79.803665|1.502341|-23.674633|0.964505|1.000000|1.000000|1.000000
AEG040_063_1008|13|-7.497881|63.456051|-30.946150|0.000002|-134.806488|-0.000000|1.000000|1.000000|1.000000
AEG040_063_1009|13|-12.303625|62.720016|-102.271362|0.000002|26.193506|-0.000000|1.000000|1.000000|1.000000
AEG040_063_1010|13|79.138535|62.720016|-59.641747|0.000002|-167.806488|-0.000000|1.000000|1.000000|1.000000
AEG040_063_1011|13|70.001091|62.720016|-51.149651|0.000002|144.193512|-0.000000|1.000000|1.000000|1.000000
AEG040_063_1015|13|-56.654415|103.363617|-92.812050|5.559747|-153.245316|17.330923|1.000000|1.000000|1.000000
AEG040_063_1016|13|-67.654388|122.289192|-26.725567|7.825183|-146.500687|12.061322|1.000000|1.000000|1.000000
AEG040_063_1017|13|-72.098083|112.476860|-69.338257|-17.066298|-25.350296|-6.345299|1.000000|1.000000|1.000000
AEG040_063_1018|13|-45.046387|95.178932|-121.028793|20.069885|110.966248|-1.756175|1.000000|1.000000|1.000000
AEG040_063_1019|13|-36.222290|97.172935|-97.856636|18.019463|142.220276|2.411356|1.000000|1.000000|1.000000
AEG040_063_1020|13|-49.257740|97.691223|-113.270691|19.681601|129.125458|4.428558|1.000000|1.000000|1.000000
AEG040_063_1021|13|-86.417282|110.761765|-94.786102|16.024473|134.134033|2.643611|1.000000|1.000000|1.000000
AEG040_063_1025|13|-34.402527|144.876633|102.197487|-5.302622|-20.809408|4.935440|1.000000|1.000000|1.000000
AEG040_063_1027|13|39.880089|62.903767|-114.487823|0.000000|138.022858|0.000000|1.000000|1.000000|1.000000
AEG040_063_1029|13|70.955330|62.783062|-113.530296|0.000000|175.337204|0.000000|1.000000|1.000000|1.000000
AEG040_063_1030|13|45.827759|62.812859|-85.709984|0.000000|-25.814608|0.000000|1.000000|1.000000|1.000000
AEG040_063_1031|13|7.772462|62.742565|-109.044350|0.000000|70.296082|0.000000|1.000000|1.000000|1.000000
AEG040_063_1032|13|17.530426|62.899170|-121.730469|0.000000|-87.977173|0.000000|1.000000|1.000000|1.000000
AEG040_063_1033|13|66.022247|62.745422|-104.538872|0.000000|-65.977158|0.000000|1.000000|1.000000|1.000000
AEG040_063_1034|13|96.981171|62.783062|-105.786240|0.000000|-92.662781|0.000000|1.000000|1.000000|1.000000
AEG040_063_1035|13|-106.266296|143.585892|109.683685|8.583990|-158.713196|1.307108|1.000000|1.000000|1.000000
AEG040_063_1036|13|-110.941826|146.574112|126.378250|-10.650739|21.658411|-2.510105|1.000000|1.000000|1.000000
AEG040_063_1037|13|-12.928174|146.321030|82.218994|7.185224|-114.714355|-6.168701|1.000000|1.000000|1.000000
AEG040_063_1038|13|22.472588|149.695969|99.519287|-4.007566|101.669258|8.034050|1.000000|1.000000|1.000000
AEG040_064_1009|13|-33.667786|145.127350|84.146767|-4.406199|119.375755|-9.799911|1.000000|1.000000|1.000000
AEG040_064_1010|13|-65.932297|145.692612|114.963089|3.350700|126.278229|-7.976763|1.000000|1.000000|1.000000
AEG040_064_1012|13|-47.913090|142.136169|54.958847|-6.406199|119.375740|-9.799911|1.000000|1.000000|1.000000
AEG040_064_1013|13|-63.233379|140.202667|60.351936|12.173064|-128.312546|-0.199682|1.000000|1.000000|1.000000
AEG040_064_1014|13|-8.409515|64.282295|-31.398798|0.000000|107.181885|-0.000001|1.000000|1.000000|1.000000
AEG040_064_1015|13|-12.981997|63.777428|-102.723419|0.000000|108.181900|-0.000001|1.000000|1.000000|1.000000
AEG040_064_1016|13|78.245804|63.752262|-60.714554|0.000000|-85.818123|-0.000001|1.000000|1.000000|1.000000
AEG040_064_1017|13|67.186691|64.110077|-52.810936|-0.000000|-96.818115|-0.000001|1.000000|1.000000|1.000000
AEG040_064_1020|13|-13.547233|64.506691|-37.019547|0.000000|-179.815613|0.000000|1.000000|1.000000|1.000000
AEG040_064_1021|13|-56.831802|104.581749|-93.268524|11.612472|85.041489|-14.078547|1.000000|1.000000|1.000000
AEG040_064_1022|13|-39.703209|100.792328|-91.131439|11.612472|85.041489|-14.078547|1.000000|1.000000|1.000000
AEG040_064_1023|13|-67.571556|123.112549|-26.919165|-13.294474|-1.307162|-5.439789|1.000000|1.000000|1.000000
AEG040_064_1024|13|-70.188774|112.892303|-70.213028|-17.066298|-25.350296|-6.345299|1.000000|1.000000|1.000000
AEG040_064_1025|13|-46.380222|96.634987|-121.954811|20.069885|110.966248|-1.756175|1.000000|1.000000|1.000000
AEG040_064_1026|13|-34.736103|97.723587|-99.125015|11.612472|85.041489|-14.078547|1.000000|1.000000|1.000000
AEG040_064_1027|13|-48.257355|98.422157|-114.150719|17.280190|86.499344|-10.535083|1.000000|1.000000|1.000000
AEG040_064_1028|13|-85.545830|111.574097|-95.729591|13.360508|90.606178|-9.344456|1.000000|1.000000|1.000000
AEG040_064_1029|13|-77.464554|107.281670|-105.672905|15.360506|90.606178|-9.344452|1.000000|1.000000|1.000000
AEG040_064_1033|13|-36.752678|145.910858|104.409004|1.355711|142.353027|-6.742350|1.000000|1.000000|1.000000
AEG040_064_1034|13|41.264164|63.651707|-113.656265|0.000000|107.383614|0.000000|1.000000|1.000000|1.000000
AEG040_064_1037|13|70.493004|63.730110|-113.510361|0.000000|89.999992|0.000000|1.000000|1.000000|1.000000
AEG040_064_1038|13|46.274082|63.868748|-89.855240|0.000000|31.820227|0.000000|1.000000|1.000000|1.000000
AEG040_064_1039|13|8.390511|63.842411|-109.189583|0.000000|-20.296389|0.000000|1.000000|1.000000|1.000000
AEG040_064_1040|13|17.393198|63.757896|-122.686417|0.000000|-118.616371|0.000000|1.000000|1.000000|1.000000
AEG040_064_1041|13|66.582054|63.780415|-104.829567|0.000000|9.383625|0.000000|1.000000|1.000000|1.000000
AEG040_064_1042|13|96.966537|63.730110|-103.409454|0.000000|-178.000015|0.000000|1.000000|1.000000|1.000000
AEG040_064_1043|13|-105.019859|144.600464|109.314278|-9.303266|23.220810|-2.995022|1.000000|1.000000|1.000000
AEG040_064_1044|13|-110.685837|147.397858|126.219513|-6.178653|-19.209908|2.836058|1.000000|1.000000|1.000000
AEG040_064_1045|13|-13.487191|147.109741|81.426140|-10.779013|95.925568|5.159823|1.000000|1.000000|1.000000
AEG040_064_1046|13|20.110266|150.830093|96.484413|-0.331760|-148.882797|-11.638496|1.000000|1.000000|1.000000
AEG040_065_1003|13|-35.432137|132.626221|12.177438|-7.814950|-66.250443|17.845648|1.000000|1.000000|1.000000
AEG040_065_1008|13|-33.224934|130.516724|6.166928|-8.952713|53.466755|-15.070136|1.000000|1.000000|1.000000
AEG040_065_1020|13|-17.927731|140.874939|32.742142|-11.545656|64.183975|-18.217014|1.000000|1.000000|1.000000
AEG040_065_1021|13|-25.140148|139.308182|29.040997|11.051955|126.769707|-18.020132|1.000000|1.000000|1.000000
AEG040_065_1022|13|32.067905|149.897278|58.690525|-9.962234|64.912926|-13.217157|1.000000|1.000000|1.000000
AEG040_065_1023|13|25.122475|149.420242|58.284721|13.583306|147.855881|-9.264087|1.000000|1.000000|1.000000
AEG040_065_1024|13|32.332870|151.635498|65.210938|-5.391115|-60.426678|13.367036|1.000000|1.000000|1.000000
AEG040_065_1025|13|19.548470|149.821304|59.668934|5.486092|-113.230927|14.469646|1.000000|1.000000|1.000000
AEG040_065_1026|13|48.234070|138.611084|16.236454|11.604519|154.349014|-10.543922|1.000000|1.000000|1.000000
AEG040_065_1027|13|23.959290|135.826874|14.397337|6.020593|137.267319|-13.025366|1.000000|1.000000|1.000000
AEG040_065_1028|13|31.098446|138.189453|21.280518|-4.633934|-60.121964|16.686888|1.000000|1.000000|1.000000
AEG040_065_1029|13|18.504335|135.795181|15.910648|7.978262|-112.803986|12.505882|1.000000|1.000000|1.000000
AEG040_065_1030|13|30.992863|136.384293|13.806396|-9.880349|65.871750|-8.233615|1.000000|1.000000|1.000000
AEG040_065_1032|13|68.494019|141.001450|16.462286|-5.798271|-31.528660|12.620386|1.000000|1.000000|1.000000
AEG040_065_1033|13|61.681038|138.676544|10.898669|-4.268169|108.726044|-16.720198|1.000000|1.000000|1.000000
AEG040_065_1034|13|64.137566|138.201675|7.155761|15.531657|-168.062332|-8.934094|1.000000|1.000000|1.000000
AEG040_065_1035|13|-40.684441|130.093857|4.322083|13.000911|131.998398|-12.452200|1.000000|1.000000|1.000000
AEG040_065_1036|13|-73.601395|121.554871|-35.529270|11.243628|-173.969345|8.328323|1.000000|1.000000|1.000000
AEG040_065_1037|13|-70.690308|120.029480|-41.738277|-12.617814|-14.770175|-4.769510|1.000000|1.000000|1.000000
AEG040_065_1038|13|-76.682625|123.514008|-28.464159|13.563172|158.074371|0.239411|1.000000|1.000000|1.000000
AEG040_065_1039|13|-59.011528|114.844772|-53.391212|-19.981527|-20.471991|-6.493766|1.000000|1.000000|1.000000
AEG040_065_1040|13|-40.009533|116.586021|-35.419701|-20.082800|-20.391081|0.761784|1.000000|1.000000|1.000000
AEG040_065_1041|13|-45.024101|116.120125|-40.247383|17.403999|141.003494|-1.608618|1.000000|1.000000|1.000000
AEG040_065_1042|13|-62.709213|122.943794|-25.296854|-14.108764|-6.700719|-6.080481|1.000000|1.000000|1.000000
AEG040_065_1043|13|-65.997185|121.395988|-32.879875|-2.147421|53.757500|-16.809351|1.000000|1.000000|1.000000
AEG040_065_1044|13|-67.903938|124.562546|-20.894436|-13.294474|-1.307159|-5.439789|1.000000|1.000000|1.000000
AEG040_065_1045|13|-74.860817|125.507858|-19.237976|5.621655|-130.152466|13.652349|1.000000|1.000000|1.000000
AEG040_065_1046|13|-46.882187|104.812660|-81.371658|12.156310|-175.985138|12.457007|1.000000|1.000000|1.000000
AEG040_065_1047|13|-51.321201|108.227867|-72.188980|22.674967|124.940239|-3.645568|1.000000|1.000000|1.000000
AEG040_065_1048|13|-58.246082|112.181786|-63.516087|12.130844|87.803825|-12.555990|1.000000|1.000000|1.000000
AEG040_065_1049|13|-84.337158|120.403290|-51.764099|2.839310|54.736168|-15.994047|1.000000|1.000000|1.000000
AEG040_065_1050|13|-76.913582|120.980194|-41.590736|0.322002|-132.639877|14.290559|1.000000|1.000000|1.000000
AEG040_065_1051|13|-72.996376|118.989601|-47.938107|9.257528|94.154381|-13.368251|1.000000|1.000000|1.000000
AEG040_065_1052|13|-87.209137|121.663666|-47.878979|-0.786182|-129.479584|13.639532|1.000000|1.000000|1.000000
AEG040_065_1053|13|-62.679344|114.073395|-59.119122|-14.502290|-79.841049|8.567351|1.000000|1.000000|1.000000
AEG040_065_1054|13|-57.060543|106.522049|-84.888924|-17.140011|-64.551048|5.925025|1.000000|1.000000|1.000000
AEG040_065_1055|13|-63.316158|113.340416|-63.066174|17.424513|133.645355|-2.275313|1.000000|1.000000|1.000000
AEG040_065_1056|13|-38.346424|101.669975|-85.515511|-15.644958|-58.136234|2.511214|1.000000|1.000000|1.000000
AEG040_065_1059|13|-42.223740|96.697311|-114.064919|-17.369160|-69.818848|3.456623|1.000000|1.000000|1.000000
AEG040_065_1062|13|-38.758392|103.118050|-79.239906|-13.975813|-6.967602|-10.710300|1.000000|1.000000|1.000000
AEG040_065_1063|13|-48.999004|102.122070|-96.177002|13.452848|82.682617|-14.379066|1.000000|1.000000|1.000000
AEG040_065_1064|13|-85.994514|109.082947|-108.108978|13.573090|124.529633|1.128020|1.000000|1.000000|1.000000
AEG040_065_1065|13|-33.446358|99.184212|-91.973190|-12.963519|-6.976171|-10.722606|1.000000|1.000000|1.000000
AEG040_065_1066|13|-42.133366|99.897964|-97.303680|16.462200|160.096512|8.171421|1.000000|1.000000|1.000000
AEG040_065_1067|13|-69.217285|102.268562|-127.108017|11.270634|160.439957|4.859899|1.000000|1.000000|1.000000
AEG040_065_1068|13|-58.454487|100.730721|-121.928894|-16.006723|-67.100296|-2.113007|1.000000|1.000000|1.000000
AEG040_065_1069|13|-69.192101|103.706238|-116.510239|-12.569058|-90.831017|7.748851|1.000000|1.000000|1.000000
AEG040_065_1070|13|-93.350662|107.801903|-124.970581|-2.336397|-134.037277|17.102463|1.000000|1.000000|1.000000
AEG040_065_1071|13|-87.189987|107.011330|-121.906464|-15.058865|-67.273155|6.292051|1.000000|1.000000|1.000000
AEG040_065_1072|13|-84.369186|105.315079|-127.618820|-2.772652|23.997953|-16.596308|1.000000|1.000000|1.000000
AEG040_065_1073|13|-65.488922|117.224510|-49.702744|15.446053|179.174149|11.529470|1.000000|1.000000|1.000000
AEG040_065_1074|13|-16.345131|120.825172|-24.370579|84.038818|143.323868|0.378583|1.000000|1.000000|1.000000
AEG040_065_1078|13|103.111961|126.485352|-36.938728|5.656682|-110.996216|8.280565|1.000000|1.000000|1.000000
AEG040_065_1080|13|76.106918|128.412659|-24.468874|7.497724|-120.482376|11.256453|1.000000|1.000000|1.000000
AEG040_065_1081|13|77.706490|126.450233|-32.878433|-11.011713|44.621632|-8.724447|1.000000|1.000000|1.000000
AEG040_065_1083|13|-50.875942|104.248650|-88.272873|-18.245584|-43.892120|-2.207052|1.000000|1.000000|1.000000
AEG040_065_1094|13|-112.927277|120.401527|-64.308395|-9.328790|26.040970|-2.527595|1.000000|1.000000|1.000000
AEG040_065_1095|13|-110.593544|122.193481|-53.170353|-7.518115|-32.238102|6.873602|1.000000|1.000000|1.000000
AEG040_065_1096|13|-122.411255|121.619843|-55.857151|1.688341|-120.832962|9.535764|1.000000|1.000000|1.000000
AEG040_065_1097|13|-115.888206|119.021988|-71.729820|-5.927086|60.734158|-9.949123|1.000000|1.000000|1.000000
AEG040_065_1098|13|-117.065376|122.938850|-47.697392|0.064505|-84.060692|10.248206|1.000000|1.000000|1.000000
AEG040_065_1099|13|-114.038895|124.396339|-38.229778|-5.355053|68.426918|-7.668149|1.000000|1.000000|1.000000
AEG040_065_1100|13|-110.060852|123.709099|-43.609879|4.083798|132.285660|-4.760036|1.000000|1.000000|1.000000
AEG040_065_1101|13|-106.185333|124.440155|-37.689938|-6.627146|-28.147703|1.171405|1.000000|1.000000|1.000000
AEG040_065_1102|13|-123.279305|115.316147|-87.159866|7.403378|-110.500160|13.810259|1.000000|1.000000|1.000000
AEG040_065_1103|13|-123.485779|118.558884|-73.288727|1.567884|101.496964|-11.702179|1.000000|1.000000|1.000000
AEG040_065_1104|13|-122.150452|112.986252|-95.300278|-8.022019|80.499969|-15.521280|1.000000|1.000000|1.000000
AEG040_065_1105|13|-123.766357|110.322250|-106.760490|-15.615530|26.724123|7.377122|1.000000|1.000000|1.000000
AEG040_065_1106|13|-89.592957|111.217400|-99.956146|11.970288|-173.193649|12.493371|1.000000|1.000000|1.000000
AEG040_065_1107|13|-117.034737|115.110809|-89.269661|-13.952986|5.996498|2.761937|1.000000|1.000000|1.000000
AEG040_065_1108|13|-41.863300|146.829163|116.781784|3.517083|-174.732574|-2.094086|1.000000|1.000000|1.000000
AEG040_065_1109|13|-50.049732|147.267075|125.053558|-4.301348|0.056177|0.746684|1.000000|1.000000|1.000000
AEG040_065_1110|13|-74.001968|147.525040|128.004593|-2.162702|-90.937752|5.326058|1.000000|1.000000|1.000000
AEG040_065_1111|13|-41.263447|144.128693|88.582748|6.151390|-86.190598|3.911383|1.000000|1.000000|1.000000
AEG040_065_1112|13|-30.721569|145.759399|92.333107|5.682095|-174.126328|-7.183154|1.000000|1.000000|1.000000
AEG040_065_1113|13|-3.496022|150.224640|74.124420|-16.546562|111.140572|7.110595|1.000000|1.000000|1.000000
AEG040_065_1114|13|-29.263947|145.037186|77.519272|-8.741921|99.955940|-2.805042|1.000000|1.000000|1.000000
AEG040_065_1115|13|-42.177658|143.321716|75.257248|-6.591559|100.565132|-3.689865|1.000000|1.000000|1.000000
AEG040_065_1116|13|-18.289297|146.685471|80.018913|-8.081499|98.771751|-0.845993|1.000000|1.000000|1.000000
AEG040_065_1117|13|-81.882469|147.204147|124.839058|8.374584|135.644150|-6.103924|1.000000|1.000000|1.000000
AEG040_065_1121|13|39.668251|151.584244|120.624451|-3.202005|83.946442|-0.691904|1.000000|1.000000|1.000000
AEG040_065_1122|13|41.716545|152.071167|125.793198|4.869128|-99.040558|4.109848|1.000000|1.000000|1.000000
AEG040_065_1123|13|29.094011|150.911743|106.447975|4.533311|-9.085672|3.494799|1.000000|1.000000|1.000000
AEG040_065_1124|13|27.583881|151.312256|100.045143|-0.222429|54.362560|6.768887|1.000000|1.000000|1.000000
AEG040_065_1125|13|50.552109|153.036743|124.892746|-7.202008|83.946442|-0.691904|1.000000|1.000000|1.000000
AEG040_065_1127|13|37.251766|152.988586|95.352425|-11.793707|122.886604|6.200840|1.000000|1.000000|1.000000
AEG040_065_1128|13|-65.061874|140.450211|65.095047|3.633836|-72.580452|6.186549|1.000000|1.000000|1.000000
AEG040_065_1132|13|-1.749393|64.350937|-36.401096|1.979662|110.176956|0.284573|1.000000|1.000000|1.000000
AEG040_065_1133|13|-11.359653|64.000000|-111.284897|-0.000001|52.181877|-0.000000|1.000000|1.000000|1.000000
AEG040_065_1134|13|-16.538572|64.141037|-116.936188|3.332340|81.618767|-2.251696|1.000000|1.000000|1.000000
AEG040_065_1135|13|87.498535|63.947762|-60.035538|-0.000001|68.181870|-0.000000|1.000000|1.000000|1.000000
AEG040_065_1136|13|62.942703|64.000000|-57.661274|-0.000001|127.181877|0.000000|1.000000|1.000000|1.000000
AEG040_065_1141|13|-66.658623|111.399414|-74.256119|-7.211832|26.277786|-16.062082|1.000000|1.000000|1.000000
AEG040_065_1142|13|-51.985992|98.859863|-119.971718|10.788355|159.958008|15.600616|1.000000|1.000000|1.000000
AEG040_065_1143|13|-34.788200|96.706581|-104.219086|15.987722|105.558495|-9.081500|1.000000|1.000000|1.000000
AEG040_065_1144|13|-75.519722|109.186646|-95.737762|-18.162607|-33.453362|-2.693205|1.000000|1.000000|1.000000
AEG040_065_1150|13|-58.395123|145.890961|114.293961|-0.460500|89.046928|-5.274389|1.000000|1.000000|1.000000
AEG040_065_1151|13|-52.147694|145.979630|113.161613|-0.460500|89.046928|-5.274389|1.000000|1.000000|1.000000
AEG040_065_1152|13|-35.521690|144.222824|75.462425|-7.584043|100.725296|-1.696252|1.000000|1.000000|1.000000
AEG040_065_1153|13|-49.527897|142.768799|79.658661|1.859566|152.743134|-5.463650|1.000000|1.000000|1.000000
AEG040_065_1154|13|-41.300640|145.328888|100.720169|7.522989|-174.601562|-3.085485|1.000000|1.000000|1.000000
AEG040_065_1155|13|-41.077686|146.040649|107.739174|6.223914|-155.689346|-1.123323|1.000000|1.000000|1.000000
AEG040_065_1156|13|-35.643467|144.974503|89.851158|7.263673|-100.176865|2.670203|1.000000|1.000000|1.000000
AEG040_065_1157|13|-52.125248|144.835068|102.180733|0.068023|111.515457|-7.306883|1.000000|1.000000|1.000000
AEG040_065_1158|13|-50.783802|145.797867|109.729240|1.958910|-84.609436|7.041113|1.000000|1.000000|1.000000
AEG040_065_1159|13|-58.417088|140.567932|55.689430|-0.573114|157.759125|-9.750113|1.000000|1.000000|1.000000
AEG040_065_1160|13|-42.805161|143.465271|49.007072|-11.152678|104.423103|-5.396375|1.000000|1.000000|1.000000
AEG040_065_1161|13|-39.607731|144.081757|56.611008|11.607808|-62.102703|3.799423|1.000000|1.000000|1.000000
AEG040_065_1162|13|-64.535057|146.687805|122.512527|7.035952|-158.003799|1.636103|1.000000|1.000000|1.000000
AEG040_065_1163|13|-75.156097|146.830536|123.090591|-0.227555|80.963005|-6.872394|1.000000|1.000000|1.000000
AEG040_065_1174|13|-51.571671|97.661461|-129.294189|-6.715087|-5.687974|-18.234877|1.000000|1.000000|1.000000
AEG040_065_1175|13|-56.812035|100.628311|-116.146492|10.535404|161.267197|12.696691|1.000000|1.000000|1.000000
AEG040_065_1176|13|-54.237896|100.585495|-110.753654|-17.018017|-74.594505|4.411507|1.000000|1.000000|1.000000
AEG040_065_1177|13|90.560829|63.918423|-52.984573|-0.031007|3.834448|-0.000000|1.000000|1.000000|1.000000
AEG040_065_1178|13|64.757889|63.998310|-118.105072|0.000000|21.156097|0.000000|1.000000|1.000000|1.000000
AEG040_065_1179|13|49.276749|63.868237|-82.480263|0.000000|-34.397617|0.000000|1.000000|1.000000|1.000000
AEG040_065_1180|13|39.958569|63.998306|-82.444923|0.000000|-172.532684|0.000000|1.000000|1.000000|1.000000
AEG040_065_1181|13|54.222107|63.998306|-97.607651|0.000000|25.453867|0.000000|1.000000|1.000000|1.000000
AEG040_065_1182|13|72.503494|63.998310|-120.721619|0.000000|-96.688110|0.000000|1.000000|1.000000|1.000000
AEG040_065_1183|13|77.633408|63.998310|-125.835579|0.000000|39.352154|0.000000|1.000000|1.000000|1.000000
AEG040_065_1184|13|69.770782|63.999420|-127.184097|-0.048412|136.659348|0.000000|1.000000|1.000000|1.000000
AEG040_065_1185|13|3.708474|63.998306|-113.963844|0.000000|122.626785|0.000000|1.000000|1.000000|1.000000
AEG040_065_1186|13|1.023110|63.998314|-108.038864|0.000000|-146.490082|0.000000|1.000000|1.000000|1.000000
AEG040_065_1187|13|23.736525|63.998878|-126.026306|-0.048412|74.362083|0.000000|1.000000|1.000000|1.000000
AEG040_065_1188|13|41.684795|63.998306|-106.970947|0.000000|-29.987307|0.000000|1.000000|1.000000|1.000000
AEG040_065_1189|13|34.816330|63.998306|-105.680687|0.000000|-119.250977|0.000000|1.000000|1.000000|1.000000
AEG040_065_1190|13|17.938011|63.998314|-96.367889|0.000000|-9.557555|0.000000|1.000000|1.000000|1.000000
AEG040_065_1191|13|11.191929|63.998310|-94.207291|0.000000|-116.650810|0.000000|1.000000|1.000000|1.000000
AEG040_065_1192|13|72.802666|63.998310|-104.043114|0.000000|28.489161|0.000000|1.000000|1.000000|1.000000
AEG040_065_1193|13|58.414139|63.998314|-91.545593|0.000000|-35.634632|0.000000|1.000000|1.000000|1.000000
AEG040_065_1194|13|102.236221|64.000000|-108.372429|0.000000|68.298386|0.000000|1.000000|1.000000|1.000000
AEG040_065_1195|13|102.178986|64.000000|-101.084053|0.000000|-34.499981|0.000000|1.000000|1.000000|1.000000
AEG040_065_1196|13|82.365211|64.000000|-97.986565|0.000000|104.500023|0.000000|1.000000|1.000000|1.000000
AEG040_065_1197|13|78.273987|64.000000|-88.945114|0.000000|-76.701591|0.000000|1.000000|1.000000|1.000000
AEG040_065_1198|13|75.857765|64.000000|-94.648827|0.000000|160.500015|0.000000|1.000000|1.000000|1.000000
AEG040_065_1199|13|84.857834|64.000000|-91.807022|0.000000|-27.499975|0.000000|1.000000|1.000000|1.000000
AEG040_065_1200|13|34.521637|63.998310|-124.567322|0.000000|44.620487|0.000000|1.000000|1.000000|1.000000
AEG040_065_1201|13|-8.117143|64.452751|-39.305428|0.333668|52.774254|-0.605783|1.000000|1.000000|1.000000
AEG040_065_1202|13|-12.263783|64.229782|-44.993797|-2.835994|26.601952|-3.647724|1.000000|1.000000|1.000000
AEG040_065_1203|13|5.502300|64.177109|-38.413609|1.087038|96.429871|0.398473|1.000000|1.000000|1.000000
AEG040_065_1204|13|16.018230|63.998306|-101.429916|0.000000|122.626785|0.000000|1.000000|1.000000|1.000000
AEG040_065_1205|13|27.638393|63.931492|-108.223694|0.000000|122.626785|0.000000|1.000000|1.000000|1.000000
AEG040_065_1206|13|-37.308353|94.496933|-119.510117|-10.667006|-2.459487|-13.163334|1.000000|1.000000|1.000000
AEG040_065_1207|13|-50.014721|106.475418|-77.432884|18.774033|147.850189|4.722967|1.000000|1.000000|1.000000
AEG040_065_1208|13|-106.753868|143.291138|101.102753|-9.347578|-27.945862|4.279960|1.000000|1.000000|1.000000
AEG040_065_1209|13|-112.868385|141.951675|93.655647|12.624812|169.358856|-0.462240|1.000000|1.000000|1.000000
AEG040_065_1210|13|-106.613007|141.886536|93.834297|-7.528556|46.319885|-8.434363|1.000000|1.000000|1.000000
AEG040_065_1211|13|-102.571899|143.935501|104.502380|-0.993127|84.276527|-10.139486|1.000000|1.000000|1.000000
AEG040_065_1212|13|-99.186607|144.869095|109.633667|-8.054007|41.260967|-6.740855|1.000000|1.000000|1.000000
AEG040_065_1213|13|-93.186684|144.729599|108.704506|7.747785|135.570770|-7.262076|1.000000|1.000000|1.000000
AEG040_065_1214|13|-90.000610|145.583038|113.364838|-9.123253|-32.048725|5.059066|1.000000|1.000000|1.000000
AEG040_065_1215|13|-83.370598|143.262894|100.671158|9.078687|-143.226105|3.941703|1.000001|1.000000|1.000000
AEG040_065_1216|13|-110.103134|146.857056|121.999718|11.486575|-176.575256|-2.201507|1.000000|1.000000|1.000000
AEG040_065_1217|13|-115.034828|147.603424|127.224266|1.790273|113.150139|-12.173858|1.000001|1.000000|1.000000
AEG040_065_1218|13|-115.409607|146.498825|122.151123|9.302635|154.919449|-8.118279|1.000001|1.000000|1.000000
AEG040_065_1219|13|-12.698949|148.002197|75.640076|-13.385016|108.258003|3.484035|1.000000|1.000000|1.000000
AEG040_065_1220|13|9.334368|151.809540|80.565239|0.415790|44.521770|17.026495|1.000000|1.000000|1.000000
AEG040_065_1221|13|17.488249|151.330643|91.115829|2.629344|34.688072|12.270416|1.000000|1.000000|1.000000
AEG040_065_1222|13|13.606394|151.655716|85.331657|-0.765682|48.867161|15.243326|1.000000|1.000000|1.000000
AEG040_065_1223|13|28.946777|150.689529|111.972198|-1.726312|46.409412|2.889233|1.000000|1.000000|1.000000
AEG040_065_1224|13|34.269672|151.042923|116.151077|-4.631615|77.703918|-0.102745|1.000000|1.000000|1.000000
AEG040_066_1012|13|-23.902401|142.793457|37.794559|12.288687|-119.380753|17.146395|1.000000|1.000000|1.000000
AEG040_066_1013|13|21.692976|149.122711|57.051731|1.331067|90.103127|-16.255045|1.000000|1.000000|1.000000
AEG040_066_1014|13|26.326538|150.967072|63.217522|-15.253395|-2.561210|1.593429|1.000000|1.000000|1.000000
AEG040_066_1015|13|51.451351|139.341797|17.931273|-10.118524|-31.959028|12.478127|1.000000|1.000000|1.000000
AEG040_066_1016|13|25.175783|137.203857|19.379890|-15.285091|-1.528440|5.079693|1.000000|1.000000|1.000000
AEG040_066_1017|13|19.964838|135.001938|12.497558|-10.742990|58.857544|-9.919765|1.000000|1.000000|1.000000
AEG040_066_1019|13|-58.609367|113.123657|-59.359329|-13.765463|-7.067884|-10.748697|1.000000|1.000000|1.000000
AEG040_066_1020|13|-63.438248|115.029007|-56.357155|-12.634507|-88.496460|13.289472|1.000000|1.000000|1.000000
AEG040_066_1021|13|-62.257645|106.325699|-91.550201|1.977093|-148.561005|16.845818|1.000000|1.000000|1.000000
AEG040_066_1022|13|-81.067017|107.602699|-111.158264|15.844152|134.911179|4.948145|1.000000|1.000000|1.000000
AEG040_066_1024|13|-54.559166|99.376221|-124.319641|-14.007632|-36.316032|-11.772221|1.000000|1.000000|1.000000
AEG040_066_1025|13|-67.380112|118.358124|-47.264889|8.098561|-144.292557|12.277868|1.000000|1.000000|1.000000
AEG040_066_1028|13|-125.359535|120.520950|-62.976704|10.699299|176.698975|2.579598|1.000000|1.000000|1.000000
AEG040_066_1029|13|-108.253578|121.384407|-58.135464|-10.196767|4.930363|-5.348240|1.000000|1.000000|1.000000
AEG040_066_1030|13|-109.869110|120.863068|-62.223522|-1.716378|57.488262|-9.195267|1.000000|1.000000|1.000000
AEG040_066_1031|13|-91.414146|112.267365|-97.503120|2.829065|-142.945175|16.891140|1.000000|1.000000|1.000000
AEG040_067_1006|13|-37.052925|130.558060|9.568551|-18.283127|14.822713|-6.542204|1.000000|1.000000|1.000000
AEG040_067_1016|13|-21.464575|141.020401|36.425308|-14.093211|-40.399418|15.772657|1.000000|1.000000|1.000000
AEG040_067_1017|13|28.722637|149.889725|61.478302|-10.501603|-41.455177|11.625829|1.000000|1.000000|1.000000
AEG040_067_1018|13|-32.494923|154.507782|45.243511|13.458314|-155.200363|26.384666|1.000000|1.000000|1.000000
AEG040_067_1019|13|27.517830|136.868179|17.432375|-7.735392|-41.209217|12.745216|1.000000|1.000000|1.000000
AEG040_067_1020|13|21.694525|148.171829|23.075996|34.651543|-124.606201|29.524284|1.000000|1.000000|1.000000
AEG040_067_1021|13|63.962021|140.063263|15.082628|-14.845078|17.827450|3.572135|1.000000|1.000000|1.000000
AEG040_067_1022|13|-71.289116|123.967873|-20.837343|4.305068|85.741531|-21.683819|1.000000|1.000000|1.000000
AEG040_067_1023|13|-74.320541|123.511597|-24.060301|2.403215|40.636070|-13.673696|1.000000|1.000000|1.000000
AEG040_067_1024|13|-41.378548|115.908791|-37.062832|-5.689880|69.603729|-20.559555|1.000000|1.000000|1.000000
AEG040_067_1025|13|-46.387760|105.250610|-75.641022|4.278432|-149.627701|16.778364|1.000000|1.000000|1.000000
AEG040_067_1026|13|-74.433968|119.600388|-43.450836|-14.394233|-46.160400|2.644431|1.000000|1.000000|1.000000
AEG040_067_1027|13|-53.059299|103.534355|-90.799644|-1.846310|34.517097|-18.591846|1.000000|1.000000|1.000000
AEG040_067_1030|13|-39.844818|99.234238|-94.092651|0.077727|-28.361439|-17.339586|1.000000|1.000000|1.000000
AEG040_067_1031|13|-56.047367|98.014252|-127.061691|9.012351|42.960220|-17.311609|1.000000|1.000000|1.000000
AEG040_067_1032|13|-62.255669|99.437057|-131.695007|-0.111927|14.566306|-19.452801|1.000000|1.000000|1.000000
AEG040_067_1033|13|-12.468727|122.935493|-22.923540|-67.213745|60.678829|-34.777691|1.000000|1.000000|1.000000
AEG040_067_1034|13|117.537003|138.434204|-57.537880|-2.978482|-124.264648|-7.595253|1.000000|1.000000|1.000000
AEG040_067_1035|13|108.251831|125.373535|-50.148483|-8.457847|-135.901871|-9.481773|1.000000|1.000000|1.000000
AEG040_067_1036|13|103.238754|124.112091|-39.827663|4.673844|-69.642204|-11.987153|1.000000|1.000000|1.000000
AEG040_067_1037|13|77.523430|126.581627|-28.126043|-4.084836|-69.848892|12.816521|1.000000|1.000000|1.000000
AEG040_067_1040|13|-116.907036|118.521385|-67.879395|24.652342|129.293045|-16.727571|1.000000|1.000000|1.000000
AEG040_067_1041|13|-115.598305|123.875557|-34.925789|-8.179650|65.649757|-14.729321|1.000000|1.000000|1.000000
AEG040_067_1042|13|-109.387505|123.615646|-38.952129|-14.773496|44.771454|-9.039187|1.000000|1.000000|1.000000
AEG040_067_1043|13|-43.175255|147.082916|121.507202|-20.999994|-0.000003|-0.000003|1.000000|1.000000|1.000000
AEG040_067_1044|13|-32.736473|150.968704|113.097290|-60.445221|45.536297|6.718145|1.000000|1.000000|1.000000
AEG040_067_1045|13|-60.945091|145.211319|119.686356|0.000007|27.999996|-0.000002|1.000000|1.000000|1.000000
AEG040_067_1046|13|-7.246528|147.807312|79.656418|-6.752591|15.410605|8.643287|1.000000|1.000000|1.000000
AEG040_067_1047|13|-44.001793|152.132263|76.236191|16.287876|120.022530|29.916170|1.000000|1.000000|1.000000
AEG040_067_1048|13|-48.804180|156.551651|72.717827|-173.071869|64.252174|0.197119|1.000000|1.000000|1.000000
AEG040_067_1049|13|-26.399843|145.410049|93.462921|-18.558945|70.282097|4.260616|1.000000|1.000000|1.000000
AEG040_067_1050|13|-78.727303|146.768280|127.546936|-18.578390|-2.776237|-6.539061|1.000000|1.000000|1.000000
AEG040_067_1052|13|33.979462|150.355026|119.145691|-0.000031|147.173187|-0.000000|1.000000|1.000000|1.000000
AEG040_067_1053|13|25.632366|150.358932|104.789558|-0.000041|101.173187|-0.000004|1.000000|1.000000|1.000000
AEG040_067_1054|13|-40.321255|143.134735|52.388485|-11.828780|146.137833|-14.802791|1.000000|1.000000|1.000000
AEG040_067_1055|13|-54.762798|140.315201|55.741165|12.927023|-130.742462|-13.859356|1.000000|1.000000|1.000000
AEG040_067_1057|13|-10.773344|65.484673|-27.503355|78.080101|-177.264908|-3.983229|1.000000|1.000000|1.000000
AEG040_067_1060|13|-18.238417|63.857006|-112.821991|-41.535027|-35.499332|7.392534|1.000000|1.000000|1.000000
AEG040_067_1061|13|86.331276|63.282600|-53.929726|-41.535019|-111.499329|7.392530|1.000000|1.000000|1.000000
AEG040_067_1062|13|74.431374|63.282600|-51.683022|-41.535027|59.500683|7.392531|1.000000|1.000000|1.000000
AEG040_067_1065|13|-15.248868|69.748474|-27.673069|-86.117996|-66.148056|-77.702873|1.000000|1.000000|1.000000
AEG040_067_1066|13|-71.197540|111.303612|-72.836235|4.278432|-149.627701|16.778364|1.000000|1.000000|1.000000
AEG040_067_1067|13|-48.202530|96.346603|-119.268494|-13.438948|-15.936891|-16.192865|1.000000|1.000000|1.000000
AEG040_067_1068|13|-53.435699|98.089188|-115.271042|-2.413833|-148.573517|20.794073|1.000000|1.000000|1.000000
AEG040_067_1069|13|-78.290276|108.856194|-99.744484|-18.188828|-146.000259|12.651450|1.000000|1.000000|1.000000
AEG040_067_1073|13|-51.750031|145.419693|116.660736|8.019296|152.557571|-3.961010|1.000000|1.000000|1.000000
AEG040_067_1074|13|-17.109863|146.046326|85.316910|-18.558945|70.282097|4.260616|1.000000|1.000000|1.000000
AEG040_067_1075|13|-33.650711|143.931152|80.177940|-1.626854|128.730194|-18.167749|1.000000|1.000000|1.000000
AEG040_067_1076|13|-46.544327|142.603806|85.444435|-15.637783|136.497849|-6.139210|1.000000|1.000000|1.000000
AEG040_067_1079|13|61.135349|63.109165|-118.169342|0.000000|-110.646523|0.000000|1.000000|1.000000|1.000000
AEG040_067_1080|13|38.391449|63.254608|-110.348053|-13.000001|-147.771561|0.000000|1.000000|1.000000|1.000000
AEG040_067_1085|13|-15.887768|63.732182|-44.167976|23.482136|77.665733|-15.908807|1.000000|1.000000|1.000000
AEG040_067_1086|13|68.491028|63.577927|-109.802773|-20.391682|-33.761620|6.196101|1.000000|1.000000|1.000000
AEG040_067_1087|13|51.544830|63.247635|-59.938934|-14.525314|57.341816|-7.053498|1.000000|1.000000|1.000000
AEG040_067_1088|13|45.082489|63.064613|-81.489838|0.000000|140.023270|0.000000|1.000000|1.000000|1.000000
AEG040_067_1089|13|51.576653|62.672638|-96.815109|0.000000|107.973061|0.000000|1.000000|1.000000|1.000000
AEG040_067_1090|13|72.900650|62.758785|-124.528488|-0.048412|-17.783119|0.000000|1.000000|1.000000|1.000000
AEG040_067_1091|13|36.392590|62.505238|-111.332619|0.000000|26.964857|0.000000|1.000000|1.000000|1.000000
AEG040_067_1092|13|4.973588|62.964088|-111.146286|0.000000|-119.850243|0.000000|1.000000|1.000000|1.000000
AEG040_067_1093|13|21.759056|62.946644|-122.136261|-13.000000|28.228443|-0.000000|1.000000|1.000000|1.000000
AEG040_067_1094|13|12.733536|62.788399|-96.852394|0.000000|-0.532034|0.000000|1.000000|1.000000|1.000000
AEG040_067_1095|13|68.747383|66.327370|-101.685524|38.218067|59.007221|-74.125320|1.000000|1.000000|1.000000
AEG040_067_1096|13|68.947662|66.764542|-106.459404|80.835472|-59.417244|70.715439|1.000000|1.000000|1.000000
AEG040_067_1097|13|100.792435|63.065041|-103.453529|-20.391680|58.238373|6.196101|1.000000|1.000000|1.000000
AEG040_067_1098|13|80.845032|63.065041|-94.369469|-20.391680|-162.761627|6.196101|1.000000|1.000000|1.000000
AEG040_067_1099|13|-15.546576|65.308876|-32.045044|-39.086845|-110.286285|40.692272|1.000000|1.000000|1.000000
AEG040_067_1100|13|-18.728769|64.645821|-48.935749|11.492369|52.467987|-52.371597|1.000000|1.000000|1.000000
AEG040_067_1101|13|6.354604|66.291893|-33.703766|53.124878|-129.661224|36.583229|1.000000|1.000000|1.000000
AEG040_067_1102|13|-42.662628|102.606468|-80.535645|-1.863413|-128.488739|19.028904|1.000000|1.000000|1.000000
AEG040_067_1103|13|-108.570892|141.812408|97.422005|2.194266|98.065010|-11.351624|1.000000|1.000000|1.000000
AEG040_067_1104|13|18.599621|149.956039|95.931946|-6.692309|-67.386818|1.442782|1.000000|1.000000|1.000000
AEG040_067_1105|13|28.756617|149.815430|116.066864|13.982240|97.366287|-21.407928|1.000000|1.000000|1.000000
AEG040_068_1003|13|-62.449036|99.593018|-125.586159|-2.735800|16.255989|-13.123599|1.000000|1.000000|1.000000
AEG040_068_1004|13|-11.225549|118.127731|-20.339527|-13.660032|76.954887|-101.883675|1.000000|1.000000|1.000000
AEG040_068_1006|13|-117.691689|118.954010|-60.937485|-9.426399|94.257256|-14.238734|1.000000|1.000000|1.000000
AEG040_068_1007|13|1.989437|172.894058|103.999969|2.435893|-132.081390|7.910181|1.000000|1.000000|1.000000
AEG040_068_1013|13|-27.234467|163.731598|109.104126|7.050921|-33.623974|60.698082|1.000001|1.000000|1.000000
AEG040_068_1025|13|-30.933390|157.421768|121.059052|38.079014|-70.049927|48.046978|1.000000|1.000000|1.000000
AEG040_068_1031|13|-1.158232|148.235123|81.805923|-0.000063|-5.000044|-0.000036|1.000000|1.000000|1.000000
AEG040_068_1040|13|-34.567116|148.475830|120.149254|75.602890|-100.573807|27.708939|1.000000|1.000000|1.000000
AEG040_068_1056|13|-19.596996|153.686401|95.561966|-58.993076|69.313080|-50.916737|1.000000|1.000000|1.000000
AEG040_068_1062|13|-55.231789|145.437363|122.669006|-8.113797|-18.553102|5.133024|1.000000|1.000000|1.000000
AEG040_068_1063|13|-42.978203|141.243408|83.186684|-3.436195|-9.595430|-6.169168|1.000000|1.000000|1.000000
AEG040_068_1064|13|-25.816620|143.885681|86.598930|-3.436195|-9.595430|-6.169168|1.000000|1.000000|1.000000
AEG040_068_1065|13|20.946880|158.182373|116.394493|16.175653|140.638763|56.101620|1.000000|1.000000|1.000000
AEG040_068_1066|13|24.531334|151.234436|124.356377|-10.673978|-8.139650|-27.036922|1.000000|1.000000|1.000000
AEG040_068_1067|13|1.338566|62.884911|-31.183784|30.472504|-155.813904|-0.125566|1.000000|1.000000|1.000000
AEG040_068_1069|13|-19.572050|61.212738|-109.089333|-0.000000|-68.806496|-0.000002|1.000000|1.000000|1.000000
AEG040_068_1070|13|81.556824|61.212738|-55.334267|0.000000|-167.806473|-0.000002|1.000000|1.000000|1.000000
AEG040_068_1073|13|-82.680153|107.177017|-102.823975|-0.816590|-148.333511|13.376376|1.000000|1.000000|1.000000
AEG040_068_1075|13|-34.083370|145.437363|113.416138|-28.595957|45.852001|5.936119|1.000000|1.000000|1.000000
AEG040_068_1076|13|-26.292965|146.295609|100.726318|44.011497|-148.572174|-53.865688|1.000000|1.000000|1.000000
AEG040_068_1077|13|-21.748119|66.183891|-45.704155|78.381477|134.151749|76.983627|1.000000|1.000000|1.000000
AEG040_068_1078|13|55.567585|61.026566|-59.883972|-0.395126|-115.790161|-10.576017|1.000000|1.000000|1.000000
AEG040_068_1079|13|3.220480|71.091888|-27.421696|39.324738|-108.817528|55.246582|1.000000|1.000000|1.000000
AEG040_068_1080|13|-16.098866|77.308784|-24.743502|7.843233|-148.367432|79.966225|1.000000|1.000000|1.000000
AEG040_071_1007|13|-28.720058|140.358917|31.920891|-3.444880|86.213753|-20.190840|1.000000|1.000000|1.000000
AEG040_071_1008|13|-18.147083|143.650360|39.378765|-1.290270|92.768311|-20.206272|1.200000|1.200000|1.200000
AEG040_071_1009|13|-74.581375|122.597717|-31.539272|-13.077297|-28.559778|-2.943813|1.200000|1.200000|1.200000
AEG040_071_1010|13|-105.926514|123.856743|-42.506443|-7.251995|-12.905444|-1.387150|1.200000|1.200000|1.200000
AEG040_071_1013|13|27.084133|150.931061|109.806862|-4.005471|86.004295|-2.992687|1.000000|1.000000|1.000000
AEG040_072_1002|13|-68.183578|102.032967|-127.687935|-0.005228|21.004936|-0.010809|1.000000|1.000000|1.000000
AEG040_072_1003|13|118.229836|140.900970|-60.183762|-2.166794|-31.968506|1.314894|1.000000|1.000000|1.000000
AEG040_072_1005|13|-123.045639|121.673836|-56.394157|2.041244|99.544327|-9.351852|1.000000|1.000000|1.000000
AEG040_072_1006|13|-49.227745|145.971909|105.383537|0.000000|21.004932|-0.000000|1.000000|1.000000|1.000000
AEG040_072_7001|13|-81.471115|143.097229|99.614624|0.000001|1.584529|-0.000000|1.000000|1.000002|1.000001
AEG040_072_7012|13|-71.934631|141.464264|76.613510|0.000000|-55.000011|-0.000000|1.000000|1.000000|1.000000
AEG040_072_7013|13|-91.727821|145.220673|110.963226|0.000001|129.328476|0.000000|1.000000|1.000002|1.000001
AEG040_073_1001|13|63.741302|141.096527|16.752991|41.061111|132.889633|-41.968674|1.000000|1.000000|1.000000
AEG040_073_1002|13|13.148190|128.471893|-10.421568|-16.972794|95.854439|0.946279|1.000000|1.000000|1.000000
AEG040_073_1003|13|-122.272415|119.776619|-70.495972|-5.006450|25.193754|8.533721|1.000000|1.000000|1.000000
AEG040_073_1004|13|-67.416214|103.187462|-121.520073|-14.701900|-108.922928|9.483117|1.000000|1.000000|1.000000
AEG040_073_1005|13|-59.180504|113.245407|-61.540295|-13.757329|88.656425|10.558955|1.000000|1.000000|1.000000
AEG040_073_1007|13|-39.511570|99.654556|-97.335159|-2.172574|36.773849|-16.497866|1.000000|1.000000|1.000000
AEG040_073_1008|13|3.301785|66.923599|-33.547180|-2.230576|149.322220|-35.600384|1.000000|1.000000|1.000000
AEG040_073_1009|13|-16.658373|65.124146|-46.188072|-5.984233|26.604544|-33.108410|1.000000|1.000000|1.000000
AEG040_073_1010|13|2.199096|73.417603|-29.472542|-30.944626|-38.256512|13.525113|1.000000|1.000000|1.000000
AEG040_073_1011|13|-19.087193|66.881310|-45.120617|-41.725357|-124.723587|4.445934|1.000000|1.000000|1.000000
AEG040_073_1012|13|-13.524261|72.816849|-26.095642|-37.887726|-39.743702|3.115578|1.000000|1.000000|1.000000
AEG040_074_1001|13|-120.108124|122.028862|-55.811447|-11.736668|71.146400|-25.127804|1.000000|1.000000|1.000000
AEG040_074_1002|13|22.805962|147.741516|20.207764|8.436378|-9.278486|53.098217|1.000000|1.000000|1.000000
AEG040_074_1003|13|17.056229|151.963684|27.371264|3.389030|-94.578194|6.820708|1.000000|1.000000|1.000000
AEG040_074_1004|13|-124.046089|128.401443|-71.404373|-26.663301|141.713531|12.950449|1.000000|1.000000|1.000000
AEG040_074_1005|13|-60.713318|117.927139|-60.120743|2.492118|-9.511176|-5.791381|1.000000|1.000000|1.000000
AEG040_074_1009|13|2.288980|73.410271|-26.803654|-2.429280|7.967454|-0.720764|1.000000|1.000000|1.000000
AEG040_086_1001|13|-103.307617|128.955307|-12.293809|-0.011530|-27.436071|-0.004336|1.000000|1.000000|1.000000
AEG040_086_1002|13|-97.873978|123.166870|-42.413960|-0.010197|4.349345|-0.002470|1.000000|1.000000|1.000000
AEG040_086_1003|13|-102.975105|116.535156|-80.466675|-9.163660|14.380799|-8.195714|1.000000|1.000000|1.000000
AEG040_086_1004|13|-99.870117|111.419914|-112.001595|-7.056125|14.280176|-8.959070|1.000000|1.000000|1.000000
AEG040_086_1005|13|-124.354988|135.493088|49.701469|-6.483057|-10.460682|1.440487|1.000000|1.000000|1.000000
AEG040_086_1006|13|-105.922859|132.653778|25.294573|-6.981861|-22.161728|2.940068|1.000000|1.000000|1.000000
AEG099_053_9000|13|127.685997|78.598999|-34.605999|0.000000|0.000000|0.000000|1.000000|1.000000|1.000000
AEG099_090_9000|13|-87.890999|130.942001|0.888000|0.000000|-0.950000|0.000000|1.000000|1.000000|1.000000
AEG099_130_9000|13|-105.189003|131.712997|17.743000|0.000000|143.735992|0.000000|1.000000|1.000000|1.000000
AEG099_610_9000|13|-4.769000|70.629997|-30.357000|24.879999|-175.009003|11.379000|1.000000|1.000000|1.000000
AEG099_610_9003|13|-106.691002|150.714996|113.450996|0.000000|-91.018997|0.000000|1.000000|1.000000|1.000000
AEG099_610_9004|13|105.936996|113.099998|105.515999|0.000000|23.955000|0.000000|1.000000|1.000000|1.000000
AEG099_620_9000|13|109.783997|91.764999|93.439003|2.069000|150.804001|-0.000000|1.000000|1.000000|1.000000
AEG099_630_9000|13|-5.293000|51.785000|-114.681999|0.000000|-60.196999|0.000000|1.000000|1.000000|1.000000
AEG099_660_9000|13|41.803001|151.737000|113.163002|-4.907000|13.099000|6.497000|1.000000|1.000000|1.000000
AEG099_660_9001|13|-67.679001|146.606995|121.119003|0.000000|42.407001|0.000000|1.000000|1.000000|1.000000
AEG099_660_9002|13|-62.860001|143.192001|91.575996|-1.692000|12.359000|4.132000|1.000000|1.001000|1.000000
AEG099_660_9003|13|-58.388000|143.699997|94.389999|-0.000000|90.973999|-0.000000|1.000000|1.000000|1.000000
AEG099_660_9004|13|-103.477997|143.404999|101.480003|1.072000|-122.289001|-0.068000|1.000000|1.000000|1.000000
AEG099_660_9005|13|-46.337002|142.772995|63.300999|-5.781000|87.660004|-0.000000|1.000000|1.000000|1.000000
AEG099_660_9006|13|-87.962997|125.502998|-26.024000|-0.000000|-150.802994|7.413000|1.000000|1.000000|1.000000
AEG099_660_9007|13|-11.418000|148.531006|74.574997|2.799000|3.695000|4.602000|1.000000|1.000000|1.000000
AEG099_660_9008|13|-68.193001|140.429001|67.653000|-2.313000|111.137001|-0.000000|1.000000|1.000000|1.000000
AEG099_660_9009|13|-82.378998|136.302994|43.658001|2.212000|-112.974998|1.353000|1.000000|1.000000|1.000000
AEG099_660_9010|13|-93.328003|137.246002|61.472000|0.000000|99.766998|-1.901000|1.000000|1.000000|1.000000
AEG099_660_9011|13|68.259003|155.067001|104.667999|0.000000|31.084999|0.000000|1.000000|1.000000|1.000000
AEG099_660_9012|13|74.746002|155.302994|109.005997|-0.000000|-179.669006|-3.096000|1.000000|1.000000|1.000000
AEG099_660_9013|13|-24.523001|133.772003|15.143000|-12.690000|11.162000|-0.610000|1.000000|1.000000|1.000000
AEG099_660_9014|13|26.187000|152.026993|67.389000|-9.311000|66.125000|-10.127000|1.000000|1.000000|1.000000
AEG099_660_9015|13|-44.717999|121.324997|-24.823000|15.119000|138.496994|-17.375000|1.000000|1.000000|1.000000
AEG099_660_9016|13|13.168000|136.567993|19.761999|11.239000|168.154007|-1.477000|1.000000|1.000000|1.000000
AEG099_660_9017|13|4.272000|132.259995|5.449000|-3.582000|-49.400002|12.217000|1.000000|1.000000|1.000000
AEG099_660_9018|13|49.955002|139.705994|19.805000|-7.111000|70.987999|-2.728000|1.000000|1.000000|1.000000
AEG099_660_9019|13|76.903999|140.283005|3.514000|-3.368000|142.151993|-9.138000|1.000000|1.000000|1.000000
AEG099_660_9020|13|38.984001|131.177002|-5.549000|-12.569000|38.969002|-1.594000|1.000000|1.000000|1.000000
AEG099_660_9021|13|83.836998|130.593994|-15.600000|0.609000|-49.229000|12.499000|1.000000|1.000000|1.000000
AEG099_660_9022|13|98.900002|127.733002|-29.839001|-5.951000|-17.128000|6.665000|1.000000|1.000000|1.000000
AEG099_660_9023|13|-19.643000|132.761993|12.061000|-0.000000|-75.785004|6.042000|1.000000|1.000000|1.000000
AEG099_660_9024|13|82.711998|141.354996|0.763000|-3.003000|33.761002|8.087000|1.000000|1.000000|1.000000
AEG099_660_9025|13|-34.490002|127.061996|-8.670000|-4.182000|70.318001|0.000000|1.000000|1.000000|1.000000
AEG099_660_9026|13|-66.461998|116.286003|-54.206001|-8.800000|-4.202000|-8.123000|1.000000|1.000000|1.000000
AEG099_660_9027|13|-51.339001|113.554001|-53.115002|-18.153000|-13.182000|-3.401000|1.000000|1.000000|1.000000
AEG099_660_9028|13|-90.185997|115.725998|-80.195000|-0.000000|171.612000|4.930000|1.000000|1.000000|1.000000
AEG099_660_9029|13|-62.713001|107.190002|-87.902000|4.275000|51.421001|-10.572000|1.000000|1.000000|1.000000
AEG099_660_9030|13|-120.769997|125.843002|-31.264000|-7.512000|23.618999|-4.185000|1.000000|1.000000|1.000000
AEG099_660_9031|13|-108.157997|116.030998|-86.266998|-2.270000|53.685001|-4.910000|1.000000|1.000000|1.000000
AEG099_660_9032|13|109.352997|66.445999|-69.533997|-6.518000|11.154000|4.481000|1.000000|1.000000|1.000000
AEG099_660_9033|13|121.151001|71.127998|-52.382999|3.808000|-103.167000|7.720000|1.000000|1.000000|1.000000
AEG099_660_9034|13|121.069000|89.165001|6.232000|1.352000|-121.726997|4.962000|1.000000|1.000000|1.000000
AEG099_660_9035|13|128.311005|82.225998|-18.794001|-1.210000|-104.424004|4.671000|1.000000|1.000000|1.000000
AEG099_660_9036|13|9.604000|146.091995|42.470001|4.883000|-161.429993|7.253000|1.000000|1.000000|1.000000
AEG099_660_9037|13|10.338000|146.936005|46.368999|8.720000|125.697998|-3.806000|1.000000|1.000000|1.000000
AEG099_660_9038|13|-73.238998|130.375000|-0.524000|-7.619000|61.987999|-11.076000|1.000000|1.000000|1.000000
AEG099_660_9039|13|101.584000|128.264999|-27.510000|-3.825000|51.882999|0.000000|1.000000|1.000000|1.000000
AEG099_660_9040|13|-35.932999|95.512001|-112.392998|-5.080000|-6.220000|-8.305000|1.000000|1.000000|1.000000
AEG099_660_9041|13|-109.286003|119.987999|-67.880997|0.000000|-165.156998|4.146000|1.000000|1.000000|1.000000
AEG099_691_9000|13|-92.171997|135.927994|47.533001|0.000000|151.126999|0.000000|1.000000|1.000000|1.000000
AEG099_691_9001|13|81.903000|156.962997|62.622002|0.000000|136.128998|0.000000|1.000000|1.000000|1.000000
AEG099_770_9000|13|71.362000|64.419998|-105.664001|-2.652000|-114.098999|9.623000|1.000000|1.000000|1.000000
AEG099_770_9001|13|-42.939999|147.046005|115.970001|-12.055000|62.492001|-1.069000|1.000000|1.000000|1.000000
AEG099_770_9002|13|83.456001|157.126999|62.051998|2.396000|-15.262000|8.043000|1.000000|1.000000|1.000000
AEG099_770_9003|13|17.377001|64.370003|-98.763000|7.589000|75.544998|-4.788000|1.000000|1.000000|1.000000
AEG099_801_9000|13|85.559998|64.014999|-107.099998|0.000000|65.339996|0.000000|1.000000|1.000000|1.000000
AEG099_801_9001|13|-44.296001|102.708000|-90.469002|0.000000|131.574005|0.000000|1.000000|1.000000|1.000000
AEG099_812_9000|13|96.667000|92.445999|88.804001|0.000000|-49.528999|0.000000|1.000000|1.000000|1.000000
AEG099_812_9001|13|104.919998|93.446999|99.407997|9.958000|164.259003|0.000000|1.000000|1.000000|1.000000
AEG099_812_9002|13|109.896004|94.334000|100.290001|0.000000|-169.584000|0.000000|1.000000|1.000000|1.000000
AEG099_812_9003|13|109.263000|93.319000|103.859001|0.000000|-179.738007|0.000000|1.000000|1.000000|1.000000
AEG099_812_9004|13|112.933998|93.767998|100.271004|0.000000|-95.623001|0.000000|1.000000|1.000000|1.000000
AEG099_812_9005|13|110.482002|93.963997|96.755997|0.000000|-12.804000|0.000000|1.000000|1.000000|1.000000
AEG099_812_9006|13|106.816002|92.867996|94.695999|0.000000|2.705000|0.000000|1.000000|1.000000|1.000000
AEG099_812_9007|13|103.426003|92.976997|95.304001|37.956001|-112.311996|-0.000000|1.000000|1.000000|1.000000
AEG099_812_9008|13|101.157997|92.121002|100.115997|0.000000|135.352005|0.000000|1.000000|1.000000|1.000000
AEG700_320_2001|13|-119.965210|145.847244|96.920494|0.000000|0.105093|0.000000|1.000000|1.000000|1.000000
AEG700_321_2004|13|61.021255|64.290985|-118.187721|0.000000|-60.175270|0.000000|1.000000|1.000000|1.000000
AEG700_322_2002|13|68.213867|64.290985|-105.648315|0.000000|29.824736|0.000000|1.000000|1.000000|1.000000
AEG700_322_2003|13|44.948883|63.998306|-82.112656|0.000000|32.741566|0.000000|1.000000|1.000000|1.000000
AEG700_322_2004|13|100.585129|63.998306|-104.977592|0.000000|122.741562|0.000000|1.000000|1.000000|1.000000
AEG700_323_2000|13|51.479691|64.290985|-96.011246|0.000000|-60.175270|0.000000|1.000000|1.000000|1.000000
AEG700_323_2001|13|82.130692|64.290985|-94.021606|0.000000|29.824736|0.000000|1.000000|1.000000|1.000000
AEG700_324_2000|13|73.638939|64.290985|-125.414192|0.000000|119.824715|0.000000|1.000000|1.000000|1.000000
AEG700_325_2000|13|-127.570862|145.871979|96.805397|0.000000|0.105108|0.000000|1.000000|1.000000|1.000000
AEG700_329_2000|13|19.061468|63.769653|-106.482758|0.000000|30.000011|0.000000|1.000000|1.000000|1.000000
AEG700_330_2005|13|34.533344|64.054459|-119.138878|0.000000|120.103867|0.000000|1.000000|1.000000|1.000000
AEG700_331_2001|13|17.990322|64.054459|-101.480263|0.000000|-149.894852|0.000000|1.000000|1.000000|1.000000
AEG700_331_2003|13|22.117836|64.054459|-120.302155|0.000000|30.105145|0.000000|1.000000|1.000000|1.000000
AEG700_331_2005|13|31.832031|64.054459|-109.505684|0.000000|-149.894867|0.000000|1.000000|1.000000|1.000000
AEG700_331_2006|13|-93.792595|150.460754|125.156708|0.000000|-89.999985|0.000000|1.000000|1.000000|1.000000
AEG700_331_2007|13|-107.722038|150.424011|119.981461|0.000000|89.999969|0.000000|1.000000|1.000000|1.000000
AEG700_332_2004|13|4.745399|64.054459|-110.368156|0.000000|-59.894844|0.000000|1.000000|1.000000|1.000000
AEG700_332_2006|13|-93.710258|150.460754|112.931259|0.000000|-179.999969|0.000000|1.000000|1.000000|1.000000
AEG700_333_2002|13|68.889183|64.290985|-108.444099|0.000000|29.824738|0.000000|1.000000|1.000000|1.000000
AEG700_334_2001|13|26.463100|64.054459|-116.771973|0.000000|-149.894836|0.000000|1.000000|1.000000|1.000000
AEG700_335_2003|13|71.132408|60.054466|-115.613113|0.000000|-59.893986|0.000000|1.000000|1.000000|1.000000
AEG700_335_2007|13|-100.710495|146.708298|120.141602|0.000000|-0.000010|0.000000|1.000000|1.000000|1.000000
AEG700_335_2015|13|-100.710495|143.095993|120.141594|0.000000|90.000000|0.000000|1.000000|1.000000|1.000000
AEG700_335_2017|13|-116.710503|142.345978|104.141586|0.000000|-0.000010|0.000000|1.000000|1.000000|1.000000
AEG700_336_2000|13|-116.710503|142.345978|120.141586|0.000000|-90.000023|0.000000|1.000000|1.000000|1.000000
AEG700_337_2002|13|-120.710503|142.345978|116.141586|0.000000|89.999969|0.000000|1.000000|1.000000|1.000000
