m60465600_0000|0|-128.000000|0.000000|-128.000000|0.000000|0.000000|0.000000|1.000000|1.000000|1.000000
m60465601_0000|0|-128.000000|0.000000|-128.000000|0.000000|0.000000|0.000000|1.000000|1.000000|1.000000
m60465602_0000|0|-128.000000|0.000000|-128.000000|0.000000|0.000000|0.000000|1.000000|1.000000|1.000000
m61465700_0000|0|-128.000000|0.000000|128.000000|0.000000|0.000000|0.000000|1.000000|1.000000|1.000000
m61465701_0000|0|-128.000000|0.000000|128.000000|0.000000|0.000000|0.000000|1.000000|1.000000|1.000000
m70475600_0000|0|128.000000|0.000000|-128.000000|0.000000|0.000000|0.000000|1.000000|1.000000|1.000000
m70475601_0000|0|128.000000|0.000000|-128.000000|0.000000|0.000000|0.000000|1.000000|1.000000|1.000000
m70475602_0000|0|128.000000|0.000000|-128.000000|0.000000|0.000000|0.000000|1.000000|1.000000|1.000000
m71475700_0000|0|128.000000|0.000000|128.000000|0.000000|0.000000|0.000000|1.000000|1.000000|1.000000
m71475701_0000|0|128.000000|0.000000|128.000000|0.000000|0.000000|0.000000|1.000000|1.000000|1.000000
m71475702_0000|0|128.000000|0.000000|128.000000|0.000000|0.000000|0.000000|1.000000|1.000000|1.000000
m60_46_57_00-AEG007_037_1001|13|-20.852585|1282.921753|66.203186|-167.411346|16.119587|82.127800|1.000000|1.000001|1.000000
m60_46_57_00-AEG007_037_1004|13|1.335403|1278.006104|8.960266|-93.209381|-6.340985|83.366966|1.000000|1.000001|1.000000
m60_46_57_00-AEG007_037_1005|13|-45.748459|1273.995483|111.659973|-65.439537|-59.425247|86.739136|1.000000|1.000000|1.000000
m60_46_57_00-AEG007_037_1006|13|-37.654953|1272.251831|117.649719|-65.439537|-59.425247|86.739136|1.000000|1.000000|1.000000
m60_46_57_00-AEG007_037_1007|13|-19.158493|1269.909668|123.999329|-65.439537|-59.425247|86.739136|1.000000|1.000000|1.000000
m60_46_57_00-AEG007_037_1008|13|-56.729538|1273.121338|94.448448|74.738686|105.288818|76.899765|1.000000|1.000001|1.000000
m60_46_57_00-AEG007_037_1009|13|-58.236374|1271.794434|83.483604|-79.302307|82.667519|84.687172|1.000000|1.000001|1.000000
m60_46_57_00-AEG007_042_1373|13|-22.522873|1276.539551|65.680092|8.555511|15.367347|77.309235|1.000000|1.000000|1.000000
m60_46_57_00-AEG007_042_1374|13|-11.038971|1280.172607|77.424294|83.882042|24.781851|78.002472|1.000000|1.000000|1.000000
m60_46_57_00-AEG007_042_1375|13|-56.898849|1277.490845|97.674141|-99.917755|77.439560|83.049828|1.000000|1.000000|1.000000
m60_46_57_00-AEG007_042_1376|13|-51.600540|1277.762573|107.474678|47.335911|52.567013|80.447655|1.000000|1.000000|1.000000
m60_46_57_00-AEG007_042_1377|13|-9.251312|1281.465454|76.664528|-96.565422|30.062986|79.983521|1.000000|1.000000|1.000000
m60_46_57_00-AEG007_042_1378|13|-17.542953|1276.637573|81.308388|-144.892517|16.119614|82.127769|1.000000|1.000000|1.000000
m60_46_57_00-AEG007_193_1001|13|-44.157509|1280.985352|27.169052|176.122498|-40.883041|-0.132259|1.000000|1.000000|1.000000
m60_46_57_00-AEG007_193_1002|13|-17.738625|1279.101318|7.844833|-1.633650|36.159134|178.096848|1.000000|1.000000|1.000000
m60_46_57_00-AEG007_193_1003|13|-38.056297|1292.170532|39.942513|5.296156|121.864212|5.365442|1.000000|1.000000|1.000000
m60_46_57_00-AEG007_193_1004|13|-34.064766|1289.504150|49.644920|0.000000|158.984482|0.000000|1.000000|1.000000|1.000000
m60_46_57_00-AEG007_193_1005|13|-40.019432|1283.522339|41.212318|-4.056660|71.245796|179.313904|1.000000|1.000000|1.000000
m60_46_57_00-AEG007_193_1006|13|-20.604561|1276.832153|78.464012|10.635042|148.154907|5.987124|1.000000|1.000000|1.000000
m60_46_57_00-AEG007_193_1008|13|-40.216347|1280.402466|24.369247|2.420000|48.250092|177.679108|1.000000|1.000000|1.000000
m60_46_57_00-AEG007_193_1009|13|-29.852631|1275.158691|13.188583|-1.111618|23.576937|175.890121|1.000000|1.000000|1.000000
m60_46_57_00-AEG007_194_1001|13|-37.755775|1285.446533|22.997665|0.000000|36.339771|0.000000|1.000000|1.000000|1.000000
m60_46_57_00-AEG007_194_1002|13|-39.704208|1283.283203|44.075455|-11.271648|-102.966652|11.244158|1.000000|1.000000|1.000000
m60_46_57_00-AEG007_194_1003|13|-37.418373|1289.232300|41.773636|-1.809664|80.338051|178.063187|1.000000|1.000000|1.000000
m60_46_57_00-AEG007_194_1004|13|-14.540306|1278.056396|7.030258|2.759588|54.314098|-4.598801|1.000000|1.000000|1.000000
m60_46_57_00-AEG007_194_1005|13|-31.339180|1280.612671|15.653183|6.221592|8.963390|-6.383013|1.000000|1.000000|1.000000
m60_46_57_00-AEG007_194_1006|13|-19.509682|1278.465698|11.085556|2.145909|39.072651|-0.784755|1.000000|1.000000|1.000000
m60_46_57_00-AEG007_194_1007|13|-6.414268|1276.181763|7.452377|0.785745|-22.703880|-2.398317|1.000000|1.000000|1.000000
m60_46_57_00-AEG007_194_1008|13|-37.672577|1263.000366|9.457001|0.000000|55.503532|0.000000|1.000000|1.000000|1.000000
m60_46_57_00-AEG007_194_1009|13|-17.918465|1277.462891|78.655579|-0.519723|-146.692825|15.861229|1.000000|1.000000|1.000000
m60_46_57_00-AEG007_194_1010|13|-55.786484|1271.363647|103.767822|0.000000|94.238731|0.000000|1.000000|1.000000|1.000000
m60_46_57_00-AEG007_194_1011|13|-37.824081|1284.465576|38.062881|11.224597|80.308311|-3.546534|1.000000|1.000000|1.000000
m60_46_57_00-AEG040_054_1002|13|-17.245239|1288.539307|13.956436|-7.227455|-6.018696|-7.326683|1.000000|1.000000|1.000000
m60_46_57_00-AEG040_054_1003|13|-37.595062|1278.265991|20.811737|-3.208059|54.936165|-1.552555|1.000000|1.000000|1.000000
m60_46_57_00-AEG040_054_1004|13|-41.741295|1280.402466|30.400192|-0.416399|139.970078|-6.031784|1.000000|1.000000|1.000000
m60_46_57_00-AEG040_054_1005|13|-28.853485|1275.275513|9.876137|2.442667|100.923180|-11.448015|1.000000|1.000000|1.000000
m60_47_56_00-AEG001_382_7014|13|99.520081|1275.246094|-178.217438|0.000000|-26.235611|0.000000|1.000000|1.000000|1.000000
m60_47_56_00-AEG001_382_7015|13|94.852448|1272.372437|-29.004517|0.000000|-29.637362|0.000000|1.000000|1.000000|1.000000
m60_47_56_00-AEG001_383_7018|13|148.561768|1265.330078|-39.786316|0.000000|-5.316035|0.000000|1.000001|1.000001|1.000000
m60_47_56_00-AEG001_383_7019|13|126.957626|1268.025879|-239.414001|0.000000|-52.188320|0.000000|1.000001|1.000001|1.000000
m60_47_56_00-AEG001_383_7020|13|151.896103|1272.677490|-162.643066|0.000000|-34.949028|0.000000|1.000001|1.000001|1.000000
m60_47_56_00-AEG001_383_7021|13|156.678772|1264.183350|18.028793|0.000000|-52.127228|0.000000|1.000001|1.000001|1.000000
m60_47_56_00-AEG001_383_7023|13|33.919159|1280.573730|15.348633|0.000000|5.085004|0.000000|1.000001|1.000001|1.000000
m60_47_56_00-AEG001_383_7024|13|85.748001|1271.301270|11.828445|0.000000|23.736858|0.000000|1.000001|1.000001|1.000000
m60_47_56_00-AEG001_383_7025|13|125.972397|1276.104248|-195.842377|0.000000|-136.778839|0.000000|1.000001|1.000001|1.000000
m60_47_56_00-AEG001_383_7027|13|169.259277|1265.964844|-105.508385|0.000000|128.663651|0.000000|1.000001|1.000001|1.000000
m60_47_56_00-AEG001_383_7028|13|72.388229|1275.804565|-26.625671|0.000000|82.557167|0.000000|1.000001|1.000001|1.000000
m60_47_56_00-AEG001_383_7030|13|68.316589|1278.877808|-50.114563|0.000000|-103.702522|0.000000|1.000001|1.000001|1.000000
m60_47_56_00-AEG001_383_7032|13|36.925110|1279.368652|-29.753929|0.000000|-58.654858|0.000000|1.000001|1.000001|1.000000
m60_47_56_00-AEG001_383_7034|13|75.758423|1281.441406|-227.762970|0.000000|-94.032883|0.000000|1.000001|1.000001|1.000000
m60_47_56_00-AEG001_383_7039|13|70.143646|1273.184814|-102.053497|0.000000|153.347839|0.000000|1.000001|1.000001|1.000000
m60_47_56_00-AEG001_383_7063|13|88.968994|1272.738770|-157.776245|0.000000|3.522530|0.000000|1.000001|1.000001|1.000000
m60_47_56_00-AEG001_383_7096|13|59.356308|1280.093994|-193.550262|0.000000|128.142853|0.000000|1.000001|1.000001|1.000000
m60_47_56_00-AEG001_385_7000|13|98.298615|1277.570312|-227.294205|0.000000|179.579895|0.000000|1.000000|1.000000|1.000000
m60_47_56_00-AEG001_385_7002|13|60.345825|1274.494629|5.395950|0.000000|155.577637|0.000000|1.000000|1.000000|1.000000
m60_47_56_00-AEG001_385_7003|13|134.452972|1267.776611|-92.384430|0.000000|-90.192368|0.000000|1.000000|1.000000|1.000000
m60_47_56_00-AEG001_385_7014|13|143.610092|1264.275879|-27.466064|0.000000|-149.209106|0.000000|1.000000|1.000000|1.000000
m60_47_56_00-AEG001_385_7015|13|76.960693|1276.188721|-178.369766|0.000000|90.372963|0.000000|1.000000|1.000000|1.000000
m60_47_56_00-AEG001_385_7016|13|74.557953|1272.791504|-91.520462|0.000000|21.279673|0.000000|1.000000|1.000000|1.000000
m60_47_56_00-AEG001_387_7010|13|40.068100|1278.859131|-38.368263|0.000000|-63.997631|0.000000|1.000000|1.000000|1.000000
m60_47_56_00-AEG001_387_7012|13|145.283081|1268.765869|-116.892242|0.000000|-83.592789|0.000000|1.000000|1.000000|1.000000
m60_47_56_00-AEG001_387_7013|13|115.902710|1275.983154|-178.368164|0.000000|-168.962036|0.000000|1.000000|1.000000|1.000000
m60_47_56_00-AEG001_387_7014|13|48.571991|1281.076538|-190.037476|0.000000|159.184906|0.000000|1.000000|1.000000|1.000000
m60_47_56_00-AEG001_387_7020|13|74.902954|1272.908936|10.320435|0.000000|79.316231|0.000000|1.000000|1.000000|1.000000
m60_47_56_00-AEG001_387_7022|13|114.056335|1275.456787|-227.114929|0.000000|-85.941353|0.000000|1.000000|1.000000|1.000000
m60_47_56_00-AEG001_389_7000|13|71.345474|1273.881836|16.711426|0.000000|-90.319572|0.000000|1.000000|1.000000|1.000000
m60_47_56_00-AEG001_389_7002|13|86.604980|1271.386963|15.608749|0.000000|-88.769104|0.000000|1.000000|1.000000|1.000000
m60_47_56_00-AEG001_389_7005|13|127.346191|1269.370605|-76.336960|0.000000|-90.120399|0.000000|1.000000|1.000000|1.000000
m60_47_56_00-AEG001_389_7007|13|34.697937|1279.950073|21.465103|0.000000|-142.444382|0.000000|1.000000|1.000000|1.000000
m60_47_56_00-AEG001_389_7009|13|96.918945|1272.124023|-23.162964|0.000000|-13.771911|0.000000|1.000000|1.000000|1.000000
m60_47_56_00-AEG001_389_7011|13|67.554489|1276.601318|-27.585571|0.000000|133.729782|0.000000|1.000000|1.000000|1.000000
m60_47_56_00-AEG001_389_7012|13|105.638306|1271.300293|-138.460526|0.000000|-10.812205|0.000000|1.000000|1.000000|1.000000
m60_47_56_00-AEG001_389_7014|13|58.761353|1281.156250|-197.141998|0.000000|-117.915062|0.000000|1.000000|1.000000|1.000000
m60_47_56_00-AEG001_389_7018|13|80.369507|1281.645142|-208.302444|0.000000|-147.843430|0.000000|1.000000|1.000000|1.000000
m60_47_56_00-AEG001_389_7020|13|159.098648|1262.608643|-21.621872|0.000000|0.036637|0.000000|1.000000|1.000000|1.000000
m60_47_56_00-AEG001_389_7021|13|77.573227|1278.504150|-45.383911|0.000000|-20.188162|0.000000|1.000000|1.000000|1.000000
m60_47_56_00-AEG001_389_7024|13|67.271355|1273.600830|-102.199997|0.000000|178.128204|0.000000|1.000000|1.000000|1.000000
m60_47_56_00-AEG001_389_7033|13|83.538940|1274.533447|-88.836166|0.000000|-0.679344|0.000000|1.000000|1.000000|1.000000
m60_47_56_00-AEG001_389_7036|13|86.694336|1272.552246|-155.332855|0.000000|-104.138504|0.000000|1.000000|1.000000|1.000000
m60_47_56_00-AEG001_389_7037|13|126.500259|1266.895630|-244.427261|0.000000|-2.761783|0.000000|1.000000|1.000000|1.000000
m60_47_56_00-AEG001_389_7038|13|130.463135|1275.365967|-200.119141|0.000000|-78.852058|0.000000|1.000000|1.000000|1.000000
m60_47_56_00-AEG001_389_7039|13|98.591187|1274.942017|-169.598450|0.000000|-169.719315|0.000000|1.000000|1.000000|1.000000
m60_47_56_00-AEG001_389_7040|13|144.479996|1269.900635|-124.911453|0.000000|-78.924309|0.000000|1.000000|1.000000|1.000000
m60_47_56_00-AEG001_389_7041|13|114.361824|1277.042969|-183.280853|0.000000|40.358402|0.000000|1.000000|1.000000|1.000000
m60_47_56_00-AEG001_389_7042|13|114.301025|1275.304199|-171.517181|0.000000|-168.948685|0.000000|1.000000|1.000000|1.000000
m60_47_56_00-AEG001_389_7043|13|110.781738|1274.232300|-234.130005|0.000000|-39.538502|0.000000|1.000000|1.000000|1.000000
m60_47_56_00-AEG001_389_7044|13|138.657959|1267.347168|-89.921432|0.000000|-78.987007|0.000000|1.000000|1.000000|1.000000
m60_47_56_00-AEG001_389_7045|13|150.955444|1272.517334|-156.330566|0.000000|-168.518127|0.000000|1.000000|1.000000|1.000000
m60_47_56_00-AEG001_389_7046|13|167.103760|1270.774170|-164.414246|0.000000|-168.683868|0.000000|1.000000|1.000000|1.000000
m60_47_56_00-AEG001_389_7047|13|164.012451|1266.010254|-101.482338|0.000000|-78.964294|0.000000|1.000000|1.000000|1.000000
m60_47_56_00-AEG001_389_7048|13|74.444824|1281.242920|-232.278564|0.000000|101.439796|0.000000|1.000000|1.000000|1.000000
m60_47_56_00-AEG001_389_7049|13|131.321548|1268.206787|-97.835136|0.000000|-130.855560|0.000000|1.000000|1.000000|1.000000
m60_47_56_00-AEG001_389_7050|13|171.031250|1266.182861|-110.676689|0.000000|100.979149|0.000000|1.000000|1.000000|1.000000
m60_47_56_00-AEG003_161_7001|13|94.264626|1341.441040|-60.928085|0.000000|-43.499996|0.000000|1.000000|1.000000|1.000000
m60_47_56_00-AEG003_161_7002|13|96.175095|1308.562378|-67.441742|0.000000|-133.500015|0.000000|1.000000|1.000000|1.000000
m60_47_56_00-AEG003_161_7003|13|90.483704|1291.373657|-64.994804|0.000000|73.999992|0.000000|1.000000|1.000000|1.000000
m60_47_56_00-AEG003_161_7004|13|99.913490|1281.267456|-68.949112|0.000000|-43.500015|0.000000|1.000000|1.000000|1.000000
m60_47_56_00-AEG003_161_7005|13|199.115936|1268.763306|-127.412643|69.408592|75.219582|-135.390640|1.000000|1.000000|1.000000
m60_47_56_00-AEG003_163_7001|13|96.329109|1271.122803|-201.919281|-0.000460|-73.033180|-0.008256|1.000000|1.000000|1.000000
m60_47_56_00-AEG003_164_7000|13|88.351776|1304.536255|-70.307236|-0.000000|28.500019|-0.000010|1.000000|1.000000|1.000000
m60_47_56_00-AEG003_164_7001|13|86.163803|1324.352905|-61.012543|-0.000000|-76.999985|-0.000010|1.000000|1.000000|1.000000
m60_47_56_00-AEG003_164_7002|13|94.694191|1312.170776|-57.009369|0.000000|-44.000000|180.000000|1.000000|1.000000|1.000000
m60_47_56_00-AEG003_164_7003|13|99.230934|1335.316284|-66.602783|-0.000000|-43.500031|180.000000|1.000000|1.000000|1.000000
m60_47_56_00-AEG003_164_7004|13|38.952408|1277.244995|-115.004501|-82.499985|28.500017|-0.000007|1.000000|1.000000|1.000000
m60_47_56_00-AEG003_165_7000|13|226.176697|1262.683350|-89.619370|-73.045059|-41.109726|-170.740143|1.000000|1.000000|1.000000
m60_47_56_00-AEG003_165_7001|13|104.532417|1270.215820|-122.523537|-7.720821|48.870144|-111.398102|1.000000|1.000000|1.000000
m60_47_56_00-AEG003_165_7002|13|77.537483|1268.885010|-123.781540|-79.257622|-26.431410|18.878002|1.000000|1.000000|1.000000
m60_47_56_00-AEG003_165_7003|13|140.865051|1273.581299|-180.686874|-91.156952|21.610085|-24.276564|1.000000|1.000000|1.000000
m60_47_56_00-AEG003_165_7004|13|143.228210|1270.726685|-148.297333|-75.528748|19.612324|5.211380|1.000000|1.000000|1.000000
m60_47_56_00-AEG003_165_7005|13|153.426575|1265.551514|-82.200500|-81.149284|-47.225689|-166.368820|1.000000|1.000000|1.000000
m60_47_56_00-AEG003_165_7006|13|186.993408|1259.059570|-28.082382|82.973892|14.338034|144.759277|1.000000|1.000000|1.000000
m60_47_56_00-AEG003_165_7007|13|193.652405|1265.894043|-172.369736|-83.114105|17.301182|-165.766098|1.000000|1.000000|1.000000
m60_47_56_00-AEG003_165_7008|13|132.947861|1273.472168|-216.764374|122.382401|83.672012|56.390484|1.000000|1.000000|1.000000
m60_47_56_00-AEG003_165_7009|13|152.447037|1267.955566|-229.626709|-89.091820|-69.320099|-168.864716|1.000000|1.000000|1.000000
m60_47_56_00-AEG003_165_7010|13|161.944153|1269.835083|-189.990860|-72.516060|-44.235889|-149.593826|1.000000|1.000000|1.000000
m60_47_56_00-AEG003_165_7011|13|107.959541|1269.284912|-10.545197|109.768974|28.751402|-36.013062|1.000000|1.000000|1.000000
m60_47_56_00-AEG003_165_7012|13|52.718330|1278.303223|-26.527298|111.064278|0.277234|-66.527672|1.000000|1.000000|1.000000
m60_47_56_00-AEG003_165_7013|13|205.801666|1273.892700|-127.512375|-104.502144|-89.749619|0.968138|1.000000|1.000000|1.000000
m60_47_56_00-AEG003_165_7014|13|238.169540|1262.423218|-123.673271|-72.674782|80.414169|32.777588|1.000000|1.000000|1.000000
m60_47_56_00-AEG003_165_7015|13|216.793732|1268.320435|-131.864700|67.214447|-72.230827|49.721451|1.000000|1.000000|1.000000
m60_47_56_00-AEG003_165_7016|13|201.520355|1267.655884|-134.489655|178.067383|1.996194|75.491562|1.000000|1.000000|1.000000
m60_47_56_00-AEG003_165_7017|13|246.278870|1261.539551|-131.728088|-107.623322|-79.874069|34.208546|1.000000|1.000000|1.000000
m60_47_56_00-AEG003_165_7018|13|227.768219|1264.711426|-133.535461|52.233307|-54.737854|65.869354|1.000000|1.000000|1.000000
m60_47_56_00-AEG003_165_7019|13|205.619644|1270.729614|-131.500854|-71.084877|-77.720993|-140.568039|1.000000|1.000000|1.000000
m60_47_56_00-AEG003_165_7020|13|207.089569|1269.397339|-120.887207|114.269943|70.323975|52.472424|1.000000|1.000000|1.000000
m60_47_56_00-AEG003_165_7021|13|221.002563|1265.336426|-120.453529|104.864731|86.691689|12.578979|1.000000|1.000000|1.000000
m60_47_56_00-AEG003_165_7022|13|204.285950|1265.649780|-120.904549|75.135292|-93.308319|-12.578973|1.000000|1.000000|1.000000
m60_47_56_00-AEG003_165_7023|13|226.588745|1267.749512|-126.298538|114.269943|70.323975|52.472424|1.000000|1.000000|1.000000
m60_47_56_00-AEG003_165_7024|13|198.526260|1265.911743|-132.124298|108.169289|78.931633|36.587608|1.000000|1.000000|1.000000
m60_47_56_00-AEG003_165_7025|13|201.182770|1268.217285|-129.860718|-55.949261|-58.848404|-116.561867|1.000000|1.000000|1.000000
m60_47_56_00-AEG003_165_7026|13|148.051697|1267.985107|-125.661758|105.180679|30.858622|-17.105675|1.000000|1.000000|1.000000
m60_47_56_00-AEG003_165_7027|13|245.858932|1262.450073|-127.530060|106.789223|81.444389|29.909676|1.000000|1.000000|1.000000
m60_47_56_00-AEG003_165_7028|13|252.634949|1259.698364|-108.991562|127.251572|85.791893|-37.522202|1.000000|1.000000|1.000000
m60_47_56_00-AEG003_165_7029|13|229.406067|1264.307861|-165.763412|-73.045059|-41.109726|-170.740143|1.000000|1.000000|1.000000
m60_47_56_00-AEG003_165_7030|13|218.252289|1264.578857|-223.775650|87.540871|123.912064|-33.954678|1.000000|1.000000|1.000000
m60_47_56_00-AEG003_165_7031|13|206.009659|1269.224243|-125.234909|-104.502144|-89.749619|0.968138|1.000000|1.000000|1.000000
m60_47_56_00-AEG003_165_7032|13|200.940643|1265.158813|-125.143997|-104.502144|-89.749619|0.968138|1.000000|1.000000|1.000000
m60_47_56_00-AEG003_165_7033|13|189.646301|1276.287354|-210.646622|-113.614563|-16.379023|3.682236|1.000000|1.000000|1.000000
m60_47_56_00-AEG003_165_7034|13|203.429565|1267.437988|-240.172867|-63.037888|148.515442|28.154474|1.000000|1.000000|1.000000
m60_47_56_00-AEG003_165_7035|13|189.346375|1267.930786|-223.346863|52.740360|11.751312|48.678391|1.000000|1.000000|1.000000
m60_47_56_00-AEG003_165_7036|13|181.892456|1269.535156|-209.732574|171.991623|80.754936|66.190842|1.000000|1.000000|1.000000
m60_47_56_00-AEG003_165_7037|13|198.969528|1266.407959|-245.805191|-119.135208|-0.337251|34.808350|1.000000|1.000000|1.000000
m60_47_56_00-AEG003_165_7038|13|190.957245|1262.558350|-233.583984|33.046455|35.505653|61.516640|1.000000|1.000000|1.000000
m60_47_56_00-AEG003_165_7039|13|186.427338|1272.088135|-213.100281|-58.765110|3.133053|-140.435806|1.000000|1.000000|1.000000
m60_47_56_00-AEG003_165_7040|13|195.549194|1270.585693|-210.788742|-39.781254|-63.715733|121.344337|1.000000|1.000000|1.000000
m60_47_56_00-AEG003_165_7041|13|201.247635|1265.215576|-222.788666|-66.115234|-22.012045|170.857544|1.000000|1.000000|1.000000
m60_47_56_00-AEG003_165_7042|13|196.242676|1267.697998|-208.170090|66.115257|-22.012041|-9.142473|1.000000|1.000000|1.000000
m60_47_56_00-AEG003_165_7043|13|197.533112|1266.090210|-230.886108|-54.698025|-45.069679|133.769089|1.000000|1.000000|1.000000
m60_47_56_00-AEG003_165_7044|13|183.757233|1268.425903|-205.794464|-61.974308|-33.615097|148.296692|1.000000|1.000000|1.000000
m60_47_56_00-AEG003_165_7045|13|185.652405|1270.798828|-208.555130|-37.406578|30.504721|-120.215225|1.000000|1.000000|1.000000
m60_47_56_00-AEG003_165_7046|13|201.989441|1266.770630|-248.541992|-63.717396|-29.978458|154.527451|1.000000|1.000000|1.000000
m60_47_56_00-AEG003_165_7047|13|191.988754|1271.210815|-211.757782|-113.614563|-16.379023|3.682236|1.000000|1.000000|1.000000
m60_47_56_00-AEG003_165_7048|13|191.138412|1267.638916|-205.934555|-113.614563|-16.379023|3.682236|1.000000|1.000000|1.000000
m60_47_56_00-AEG003_165_7049|13|190.955826|1264.684204|-204.638992|-113.614563|-16.379023|3.682236|1.000000|1.000000|1.000000
m60_47_56_00-AEG003_165_7050|13|222.978638|1265.508301|-246.769257|-63.814369|173.776779|-25.055922|1.000000|1.000000|1.000000
m60_47_56_00-AEG003_165_7051|13|201.084854|1264.751221|-244.802277|-60.864765|179.662750|-34.808350|1.000000|1.000000|1.000000
m60_47_56_00-AEG003_165_7052|13|223.842773|1263.618530|-246.543823|-116.185715|-6.223242|25.055906|1.000000|1.000000|1.000000
m60_47_56_00-AEG003_165_7053|13|228.899872|1264.009399|-196.137024|-83.387810|-157.268829|30.085686|1.000000|1.000000|1.000000
m60_47_56_00-AEG003_165_7054|13|177.245392|1267.655884|-134.989655|-93.956024|-86.295135|14.028510|1.000000|1.000000|1.000000
m60_47_56_00-AEG003_165_7055|13|53.685555|1278.878906|-87.869431|-82.499985|28.500017|-0.000009|1.000000|1.000000|1.000000
m60_47_56_00-AEG003_165_7056|13|53.519218|1278.397827|-97.908234|-80.814079|33.819126|-35.151146|1.000000|1.000000|1.000000
m60_47_56_00-AEG003_165_7057|13|43.992149|1284.450317|-200.958954|-85.012184|-66.432564|-150.484085|1.000000|1.000000|1.000000
m60_47_56_00-AEG003_165_7058|13|18.853676|1272.472046|-192.573090|59.388824|86.395149|-17.625109|1.000000|1.000000|1.000000
m60_47_56_00-AEG003_165_7059|13|49.502663|1272.472046|-155.455658|16.888813|86.395134|-17.625109|1.000000|1.000000|1.000000
m60_47_56_00-AEG003_165_7060|13|68.424507|1280.927246|-197.664703|95.491943|72.235695|37.763081|1.000000|1.000000|1.000000
m60_47_56_00-AEG003_165_7061|13|9.675415|1276.359497|-211.925522|19.321842|150.326172|12.532473|1.000000|1.000000|1.000000
m60_47_56_00-AEG003_165_7062|13|14.044456|1288.738647|-215.602875|-22.667707|-69.362885|3.337943|1.000000|1.000000|1.000000
m60_47_56_00-AEG003_165_7063|13|14.641792|1279.113647|-212.793991|175.554596|17.083750|-22.486523|1.000000|1.000000|1.000000
m60_47_56_00-AEG003_165_7064|13|35.693565|1288.738647|-231.917297|-126.299049|-46.344116|-22.227787|1.000000|1.000000|1.000000
m60_47_56_00-AEG003_165_7065|13|46.555252|1286.599243|-218.013031|-86.073235|21.128914|-28.329109|1.000000|1.000000|1.000000
m60_47_56_00-AEG003_165_7066|13|7.655106|1292.308716|-244.782074|-45.612991|34.537941|21.619461|1.000000|1.000000|1.000000
m60_47_56_00-AEG003_165_7067|13|115.957016|1269.951782|-252.723236|54.754131|87.807571|-179.335938|1.000000|1.000000|1.000000
m60_47_56_00-AEG003_165_7068|13|114.477600|1267.610229|-258.065186|-31.644913|138.305893|-47.325714|1.000000|1.000000|1.000000
m60_47_56_00-AEG003_165_7069|13|149.084320|1268.212524|-256.704742|-35.010883|-17.472076|-124.307327|1.000000|1.000000|1.000000
m60_47_56_00-AEG003_165_7070|13|62.810669|1273.927124|-107.048965|-98.760727|0.758332|-21.306402|1.000000|1.000000|1.000000
m60_47_56_00-AEG003_165_7071|13|42.404419|1286.641357|-69.335251|-44.419575|26.822636|171.766327|1.000000|1.000000|1.000000
m60_47_56_00-AEG003_165_7072|13|44.025085|1278.701050|-54.498230|-69.106209|70.347084|-143.178421|1.000000|1.000000|1.000000
m60_47_56_00-AEG003_165_7073|13|20.023865|1278.421387|-34.902206|-83.476250|-23.377584|-147.328003|1.000000|1.000000|1.000000
m60_47_56_00-AEG003_165_7074|13|19.378235|1282.740234|-15.119186|-95.843803|-28.920954|-20.062239|1.000000|1.000000|1.000000
m60_47_56_00-AEG003_165_7075|13|149.336807|1264.686768|-2.123039|91.358627|17.073135|-42.110531|1.000000|1.000000|1.000000
m60_47_56_00-AEG003_165_7076|13|176.644196|1262.661621|-58.987480|102.545868|-5.472054|-51.630836|1.000000|1.000000|1.000000
m60_47_56_00-AEG003_165_7077|13|194.486328|1273.412842|-212.167908|-114.808525|-25.981277|-17.686249|1.000000|1.000000|1.000000
m60_47_56_00-AEG003_165_7078|13|199.495911|1266.338013|-227.597351|-65.191536|-25.981255|162.313736|1.000000|1.000000|1.000000
m60_47_56_00-AEG003_165_7079|13|194.019470|1270.788086|-221.877167|-66.203285|158.584991|7.806087|1.000000|1.000000|1.000000
m60_47_56_00-AEG003_165_7080|13|196.359146|1265.065186|-206.667267|-152.746536|42.040314|63.277256|1.000000|1.000000|1.000000
m60_47_56_00-AEG003_165_7081|13|189.441971|1269.268188|-208.557465|65.435669|-10.837823|15.928012|1.000000|1.000000|1.000000
m60_47_56_00-AEG003_165_7082|13|228.652847|1256.548096|-17.411774|-66.288536|144.978302|23.075113|1.000000|1.000000|1.000000
m60_47_56_00-AEG003_165_7083|13|219.815613|1259.423828|-22.317993|55.521397|-49.522842|-27.835831|1.000000|1.000000|1.000000
m60_47_56_00-AEG003_165_7084|13|214.014069|1262.733887|-19.269562|-123.071716|-17.212635|23.455820|1.000000|1.000000|1.000000
m60_47_56_00-AEG003_165_7085|13|216.868744|1261.226685|-18.691330|-147.640533|-83.553490|-53.656548|1.000000|1.000000|1.000000
m60_47_56_00-AEG003_165_7086|13|216.176743|1257.286499|-20.691864|-123.443634|-47.186272|-24.724504|1.000000|1.000000|1.000000
m60_47_56_00-AEG003_166_7000|13|210.150574|1263.200195|-84.734253|-97.341148|-13.141432|-5.847062|1.000000|1.000000|1.000000
m60_47_56_00-AEG003_166_7001|13|98.283722|1270.244507|-117.638458|-96.806534|-25.215427|-16.624170|1.000000|1.000000|1.000000
m60_47_56_00-AEG003_166_7002|13|82.363113|1269.911377|-123.837334|-79.258278|-70.403114|147.056915|1.000000|1.000000|1.000000
m60_47_56_00-AEG003_166_7003|13|130.975327|1273.824219|-163.186279|-89.492050|25.396166|150.741257|1.000000|1.000000|1.000000
m60_47_56_00-AEG003_166_7004|13|142.783752|1266.702393|-79.871994|-78.574013|-10.565027|-9.785377|1.000000|1.000000|1.000000
m60_47_56_00-AEG003_166_7005|13|155.249329|1263.200195|-30.446182|-83.010612|-89.721100|35.569649|1.000000|1.000000|1.000000
m60_47_56_00-AEG003_166_7006|13|166.682068|1261.975098|-30.446182|-97.793053|-85.183121|3.216328|1.000000|1.000000|1.000000
m60_47_56_00-AEG003_166_7007|13|184.335190|1267.125000|-154.234894|78.212677|149.867844|23.339947|1.000000|1.000000|1.000000
m60_47_56_00-AEG003_166_7008|13|162.400101|1268.628784|-130.238770|-104.514427|-20.288120|49.339733|1.000000|1.000000|1.000000
m60_47_56_00-AEG003_166_7009|13|136.384201|1274.075562|-215.507095|139.075790|64.280403|43.748165|1.000000|1.000000|1.000000
m60_47_56_00-AEG003_166_7010|13|165.457626|1270.441406|-187.398529|-81.581375|-77.420509|155.312454|1.000000|1.000000|1.000000
m60_47_56_00-AEG003_166_7011|13|104.831360|1270.585815|-26.083344|-81.814049|-175.434769|61.797897|1.000000|1.000000|1.000000
m60_47_56_00-AEG003_166_7012|13|50.715210|1278.484497|-35.530914|-81.814049|142.065231|61.797897|1.000000|1.000000|1.000000
m60_47_56_00-AEG003_166_7013|13|230.401245|1267.013916|-130.791412|-71.593674|-78.538460|-142.462921|1.000000|1.000000|1.000000
m60_47_56_00-AEG003_166_7014|13|212.538483|1266.070679|-134.563171|-44.072769|-45.927158|-110.395416|1.000000|1.000000|1.000000
m60_47_56_00-AEG003_166_7015|13|201.314743|1274.775024|-125.045830|-44.072769|-45.927158|-110.395416|1.000000|1.000000|1.000000
m60_47_56_00-AEG003_166_7016|13|196.577545|1269.321899|-123.549278|-71.593674|-78.538460|-142.462921|1.000000|1.000000|1.000000
m60_47_56_00-AEG003_166_7017|13|250.269745|1259.588501|-114.004074|145.915527|15.574898|59.230179|1.000000|1.000000|1.000000
m60_47_56_00-AEG003_166_7018|13|208.473846|1264.809082|-111.518478|-73.976753|-75.274826|-177.982056|1.000000|1.000000|1.000000
m60_47_56_00-AEG003_166_7019|13|239.232788|1263.721924|-169.025177|-71.507019|-53.584373|-150.821213|1.000000|1.000000|1.000000
m60_47_56_00-AEG003_166_7020|13|221.031296|1265.118774|-219.295166|-79.425598|-78.328270|154.892334|1.000000|1.000000|1.000000
m60_47_56_00-AEG003_166_7021|13|197.995239|1265.966064|-119.063965|108.054909|79.124649|36.112373|1.000000|1.000000|1.000000
m60_47_56_00-AEG003_166_7022|13|192.185883|1267.099976|-128.488937|143.579880|37.823685|71.871292|1.000000|1.000000|1.000000
m60_47_56_00-AEG003_166_7023|13|229.211792|1262.729126|-118.248703|157.992264|22.771646|74.332222|1.000000|1.000000|1.000000
m60_47_56_00-AEG003_166_7024|13|194.351227|1264.546143|-235.656158|-59.586361|1.819869|-142.153320|1.000000|1.000000|1.000000
m60_47_56_00-AEG003_166_7025|13|185.521698|1266.253174|-219.740158|-24.534229|45.075829|-116.067482|1.000000|1.000000|1.000000
m60_47_56_00-AEG003_166_7026|13|191.341675|1277.069092|-207.846252|-24.534229|45.075829|-116.067482|1.000000|1.000000|1.000000
m60_47_56_00-AEG003_166_7027|13|191.109589|1272.354614|-202.065399|-66.246452|-21.080832|172.946121|1.000000|1.000000|1.000000
m60_47_56_00-AEG003_166_7028|13|196.091629|1269.193481|-201.536469|-62.117851|-33.340240|148.738388|1.000000|1.000000|1.000000
m60_47_56_00-AEG003_166_7029|13|185.379990|1270.773926|-198.962097|-29.048111|-76.001541|117.211388|1.000000|1.000000|1.000000
m60_47_56_00-AEG003_166_7030|13|199.247192|1271.909912|-235.445160|-66.112984|166.051941|-9.174932|1.000000|1.000000|1.000000
m60_47_56_00-AEG003_166_7031|13|159.401642|1267.673828|-261.291321|-114.561966|13.953905|24.423117|1.000000|1.000000|1.000000
m60_47_56_00-AEG003_166_7032|13|220.540085|1266.356079|-247.949722|-124.146240|-43.446854|-44.586960|1.000000|1.000000|1.000000
m60_47_56_00-AEG003_166_7033|13|224.815186|1266.868530|-241.193817|-146.899033|-71.418137|-61.497345|1.000000|1.000000|1.000000
m60_47_56_00-AEG003_166_7034|13|68.222031|1270.998291|-150.366516|76.741722|109.596886|32.943089|1.000000|1.000000|1.000000
m60_47_56_00-AEG003_166_7035|13|76.611862|1272.881592|-150.555573|-5.859466|-161.733246|78.844231|1.000000|1.000000|1.000000
m60_47_56_00-AEG003_166_7036|13|77.026978|1272.551147|-155.862564|87.106186|103.445671|26.139399|1.000000|1.000000|1.000000
m60_47_56_00-AEG003_166_7037|13|65.208107|1277.561157|-156.318237|95.989502|76.671661|-2.270404|1.000000|1.000000|1.000000
m60_47_56_00-AEG003_166_7038|13|65.589943|1277.146606|-169.760574|67.804138|-125.281258|-19.227945|1.000000|1.000000|1.000000
m60_47_56_00-AEG003_166_7039|13|59.105461|1279.271362|-167.712509|96.091553|30.071087|-10.723380|1.000000|1.000000|1.000000
m60_47_56_00-AEG003_166_7040|13|68.324524|1280.421265|-194.610596|99.298378|67.373642|62.078396|1.000000|1.000000|1.000000
m60_47_56_00-AEG003_166_7041|13|74.806808|1275.837646|-158.417542|-85.763107|145.874924|4.806315|1.000000|1.000000|1.000000
m60_47_56_00-AEG003_166_7042|13|70.252937|1269.546265|-137.258545|51.600670|138.096542|7.080412|1.000000|1.000000|1.000000
m60_47_56_00-AEG003_166_7043|13|40.843910|1285.893921|-240.357437|-111.799057|-46.344116|-22.227787|1.000000|1.000000|1.000000
m60_47_56_00-AEG003_166_7044|13|144.673401|1264.943115|-257.113342|-55.505863|-89.654144|67.088745|1.000000|1.000000|1.000000
m60_47_56_00-AEG003_166_7045|13|54.740059|1270.561157|-116.530457|-63.367615|-80.044708|-152.823898|1.000000|1.000000|1.000000
m60_47_56_00-AEG003_166_7046|13|62.291748|1280.369507|-59.334900|-70.377991|126.796768|55.045601|1.000000|1.000000|1.000000
m60_47_56_00-AEG003_166_7047|13|210.725647|1260.927612|-18.495026|-148.577667|-84.713760|-54.082314|1.000000|1.000000|1.000000
m60_47_56_00-AEG003_166_7048|13|216.187363|1260.437012|-14.360046|-8.068403|-131.074448|-59.628918|1.000000|1.000000|1.000000
m60_47_56_00-AEG003_167_7000|13|93.937210|1285.097290|-81.113762|10.858252|2.634422|-1.642336|1.000000|1.000000|1.000000
m60_47_56_00-AEG003_167_7001|13|106.551010|1300.714233|-62.614067|3.888290|-100.739227|-1.353744|1.000000|1.000000|1.000000
m60_47_56_00-AEG003_167_7002|13|102.253723|1283.623413|-54.829590|-0.641739|-135.365601|-1.642335|1.000000|1.000000|1.000000
m60_47_56_00-AEG003_167_7003|13|94.625351|1278.264282|-49.637039|9.498607|177.513687|-0.165038|1.000000|1.000000|1.000000
m60_47_56_00-AEG003_167_7004|13|83.503632|1281.998413|-51.294495|10.858252|152.134415|-1.642335|1.000000|1.000000|1.000000
m60_47_56_00-AEG003_167_7005|13|77.128021|1278.265259|-58.302078|9.498610|105.013702|-0.165036|1.000000|1.000000|1.000000
m60_47_56_00-AEG003_167_7006|13|102.680374|1281.110474|-78.255005|9.498609|-44.486298|-0.165038|1.000000|1.000000|1.000000
m60_47_56_00-AEG003_168_7001|13|107.818573|1279.575562|-73.676529|9.928172|-81.671288|-5.531995|1.000000|1.000000|1.000000
m60_47_56_00-AEG003_168_7002|13|77.316071|1285.733521|-64.550690|7.667596|42.962780|-5.804557|1.000000|1.000000|1.000000
m60_47_56_00-AEG003_168_7003|13|110.754829|1273.360229|-56.846031|13.888944|-161.405304|-11.735753|1.000000|1.000000|1.000000
m60_47_56_00-AEG003_168_7004|13|89.078911|1286.993530|-48.007317|12.468948|173.373337|4.569314|1.000000|1.000000|1.000000
m60_47_56_00-AEG003_168_7005|13|86.113663|1281.462524|-79.628967|8.977794|57.521832|4.920524|1.000000|1.000000|1.000000
m60_47_56_00-AEG003_168_7006|13|79.681641|1278.927124|-71.745941|9.047433|48.504414|-1.696630|1.000000|1.000000|1.000000
m60_47_56_00-AEG003_168_7007|13|92.889328|1288.889404|-192.068726|9.864128|161.461624|0.457054|1.000000|1.000000|1.000000
m60_47_56_00-AEG003_168_7008|13|89.784172|1289.307983|-205.275467|6.763094|46.371399|-4.047755|1.000000|1.000000|1.000000
m60_47_56_00-AEG003_168_7009|13|104.684952|1289.080566|-205.431824|9.177253|-63.640163|0.104178|1.000000|1.000000|1.000000
m60_47_56_00-AEG003_169_7000|13|103.320572|1278.050171|-82.889931|23.382935|-16.606930|8.114511|1.000000|1.000000|1.000000
m60_47_56_00-AEG003_169_7001|13|77.196709|1283.786743|-52.061584|18.423805|125.402756|-0.158980|1.000000|1.000000|1.000000
m60_47_56_00-AEG003_169_7002|13|99.907440|1273.751343|-48.503830|8.480527|-121.146385|11.675664|1.000000|1.000000|1.000000
m60_47_56_00-AEG003_169_7003|13|109.053574|1274.956909|-70.276489|18.113605|-82.487076|-2.388447|1.000000|1.000000|1.000000
m60_47_56_00-AEG003_169_7004|13|118.263306|1274.035034|-66.223206|27.069921|-52.522274|14.872847|1.000000|1.000000|1.000000
m60_47_56_00-AEG003_169_7005|13|106.905365|1277.174683|-79.497177|18.159924|-61.691780|-2.246117|1.000000|1.000000|1.000000
m60_47_56_00-AEG003_169_7006|13|113.973259|1275.311646|-68.258011|15.425546|-17.326834|21.558020|1.000000|1.000000|1.000000
m60_47_56_00-AEG003_169_7007|13|114.474770|1275.855835|-60.510582|18.766027|-100.299454|-1.981861|1.000000|1.000000|1.000000
m60_47_56_00-AEG003_169_7008|13|115.979378|1275.687866|-63.161850|7.217160|-158.731018|-24.856054|1.000000|1.000000|1.000000
m60_47_56_00-AEG003_169_7009|13|104.186806|1272.912476|-51.095001|11.644627|-146.081512|0.254494|1.000000|1.000000|1.000000
m60_47_56_00-AEG003_169_7010|13|93.201370|1277.691040|-86.295692|17.678963|-16.806837|-12.230395|1.000000|1.000000|1.000000
m60_47_56_00-AEG003_169_7011|13|89.039703|1276.468140|-85.736076|16.007912|51.644886|11.174303|1.000000|1.000000|1.000000
m60_47_56_00-AEG003_169_7012|13|82.817184|1275.325073|-77.590881|11.390052|88.023781|7.008704|1.000000|1.000000|1.000000
m60_47_56_00-AEG003_169_7013|13|99.612206|1278.700073|-83.837799|16.323877|8.621680|11.380705|1.000000|1.000000|1.000000
m60_47_56_00-AEG003_169_7014|13|75.258759|1283.212036|-68.465714|18.259472|39.486107|-5.762100|1.000000|1.000000|1.000000
m60_47_56_00-AEG003_169_7015|13|101.148148|1286.264038|-191.427826|12.421686|-155.790298|-0.600920|1.000000|1.000000|1.000000
m60_47_56_00-AEG003_169_7016|13|107.707870|1282.982300|-199.859375|11.276840|-95.852776|-1.182250|1.000000|1.000000|1.000000
m60_47_56_00-AEG003_169_7017|13|105.240273|1282.201782|-194.231415|16.383804|-155.174332|-9.284124|1.000000|1.000000|1.000000
m60_47_56_00-AEG003_169_7018|13|88.986588|1286.284546|-197.533020|10.034601|92.901657|-7.493557|1.000000|1.000000|1.000000
m60_47_56_00-AEG003_169_7019|13|94.677963|1289.975952|-208.877289|4.964989|-5.583539|-4.679596|1.000000|1.000000|1.000000
m60_47_56_00-AEG003_169_7020|13|100.419235|1287.044800|-208.058746|7.747494|31.477730|7.593325|1.000000|1.000000|1.000000
m60_47_56_00-AEG003_169_7021|13|86.460442|1287.665527|-201.614594|9.637191|89.212929|2.210022|1.000000|1.000000|1.000000
m60_47_56_00-AEG003_169_7022|13|128.542221|1271.079102|-69.363998|33.838997|-100.938118|-22.737476|1.000000|1.000000|1.000000
m60_47_56_00-AEG003_169_7023|13|74.629181|1286.295776|-59.930725|15.539403|90.776627|-1.030431|1.000000|1.000000|1.000000
m60_47_56_00-AEG003_169_7024|13|102.677185|1281.117920|-188.158722|21.921684|-155.790298|-0.600920|1.000000|1.000000|1.000000
m60_47_56_00-AEG003_169_7025|13|83.586647|1283.745605|-199.031052|21.796614|122.030220|15.604064|1.000000|1.000000|1.000000
m60_47_56_00-AEG003_169_7026|13|91.359520|1279.357666|-88.229507|23.178967|-16.806841|-12.230393|1.000000|1.000000|1.000000
m60_47_56_00-AEG003_169_7027|13|109.216751|1272.173218|-96.437576|54.382935|-16.606928|8.114511|1.000000|1.000000|1.000000
m60_47_56_00-AEG003_169_7028|13|114.433701|1270.346313|-97.827904|59.132690|-47.807892|-35.199574|1.000000|1.000000|1.000000
m60_47_56_00-AEG003_169_7029|13|110.050735|1275.075195|-42.391846|18.644625|-146.081497|0.254493|1.000000|1.000000|1.000000
m60_47_56_00-AEG003_169_7030|13|111.790451|1271.365112|-44.083839|10.469452|-91.470070|15.516877|1.000000|1.000000|1.000000
m60_47_56_00-AEG003_169_7031|13|96.216690|1280.092529|-41.693993|15.549098|-155.972488|11.615501|1.000000|1.000000|1.000000
m60_47_56_00-AEG007_037_1051|13|93.887573|1269.043945|-254.879639|-36.685677|-50.924393|84.939331|1.000000|1.000001|1.000000
m60_47_56_00-AEG007_037_1072|13|-17.689697|1267.219727|-13.958740|12.931874|-66.774063|80.814384|1.000000|1.000001|1.000000
m60_47_56_00-AEG007_037_1073|13|10.516479|1271.525024|-33.270020|46.116737|-96.471054|83.943916|1.000000|1.000001|1.000000
m60_47_56_00-AEG007_037_1074|13|-1.542480|1268.432617|-23.332397|171.971878|-47.899738|85.702538|1.000000|1.000001|1.000000
m60_47_56_00-AEG007_037_1075|13|-1.368286|1274.093872|-3.287140|108.106194|19.809544|84.627716|1.000000|1.000001|1.000000
m60_47_56_00-AEG007_037_1076|13|16.682457|1275.716919|-15.934235|62.125900|162.060226|84.529831|1.000000|1.000001|1.000000
m60_47_56_00-AEG007_037_1078|13|51.688904|1277.362671|-71.682739|-100.530991|31.130960|79.459862|1.000000|1.000001|1.000000
m60_47_56_00-AEG007_037_1080|13|0.922058|1287.876343|-236.888519|62.520279|88.902596|80.923355|1.000000|1.000001|1.000000
m60_47_56_00-AEG007_037_1081|13|55.041412|1272.884888|-169.879410|73.461052|-39.709621|76.684006|1.000000|1.000000|1.000000
m60_47_56_00-AEG007_037_1082|13|60.763794|1271.384888|-159.983612|-139.430710|-14.044918|82.345238|1.000000|1.000001|1.000000
m60_47_56_00-AEG007_037_1083|13|51.989105|1280.751465|-255.211426|128.579590|-42.193810|80.686584|1.000000|1.000000|1.000000
m60_47_56_00-AEG007_042_1111|13|90.671936|1273.314453|-254.181519|-111.055992|13.746434|83.799355|1.000000|1.000000|1.000000
m60_47_56_00-AEG007_042_1112|13|62.752808|1278.522827|-256.438721|90.154182|2.981703|-85.838821|1.000000|1.000000|1.000000
m60_47_56_00-AEG007_042_1117|13|44.368530|1282.163574|-255.817871|82.552628|156.308029|-1.370036|1.000000|1.000000|1.000000
m60_47_56_00-AEG007_042_1459|13|-10.943268|1276.675049|3.589111|92.456940|30.917961|85.888672|1.000000|1.000000|1.000000
m60_47_56_00-AEG007_042_1460|13|-14.667053|1274.309448|4.885498|-118.932022|60.192024|88.417366|1.000000|1.000000|1.000000
m60_47_56_00-AEG007_042_1461|13|19.660362|1278.900024|-11.763489|-178.105713|50.862209|86.546967|1.000000|1.000000|1.000000
m60_47_56_00-AEG007_042_1462|13|9.478119|1274.420044|-20.395996|11.403525|38.186020|83.102547|1.000000|1.000000|1.000000
m60_47_56_00-AEG007_042_1463|13|47.772263|1281.360718|-70.931396|-105.781242|28.938580|81.633980|1.000000|1.000000|1.000000
m60_47_56_00-AEG007_042_1464|13|54.838882|1277.944824|-75.048096|141.864731|-22.834330|77.434471|1.000000|1.000000|1.000000
m60_47_56_00-AEG007_042_1465|13|20.875580|1272.479858|-49.898926|-136.751343|80.233543|85.564117|1.000000|1.000000|1.000000
m60_47_56_00-AEG007_042_1466|13|36.392181|1273.997559|-61.804932|-55.597221|-2.454503|96.341278|1.000000|1.000000|1.000000
m60_47_56_00-AEG007_042_1467|13|40.363701|1285.542603|-213.412292|83.518723|83.515083|86.208626|1.000000|1.000000|1.000000
m60_47_56_00-AEG007_042_1468|13|38.311607|1283.778809|-207.392456|156.829910|-89.788567|83.731361|1.000000|1.000000|1.000000
m60_47_56_00-AEG007_042_1469|13|49.644554|1263.455200|-144.035980|29.562624|169.846344|83.657951|1.000000|1.000000|1.000000
m60_47_56_00-AEG007_042_1470|13|52.325829|1263.436401|-136.237915|102.602875|-84.358536|88.173935|1.000000|1.000000|1.000000
m60_47_56_00-AEG007_042_1471|13|68.278099|1273.266113|-152.780945|-104.861191|43.943943|88.075417|1.000000|1.000000|1.000000
m60_47_56_00-AEG007_042_1472|13|39.385643|1279.053589|-185.865662|48.099655|4.772578|75.885414|1.000000|1.000000|1.000000
m60_47_56_00-AEG007_042_1473|13|27.037025|1269.281250|-187.847122|29.782494|21.701277|80.073578|1.000000|1.000000|1.000000
m60_47_56_00-AEG007_042_1474|13|44.885063|1262.462280|-148.781113|82.405701|169.846359|83.657951|1.000000|1.000000|1.000000
m60_47_56_00-AEG007_042_1475|13|33.229332|1268.829834|-179.910400|-168.431702|15.108124|79.696777|1.000000|1.000000|1.000000
m60_47_56_00-AEG007_193_1001|13|41.423950|1276.078125|-60.983643|3.494025|147.812210|5.474397|1.000000|1.000000|1.000000
m60_47_56_00-AEG007_193_1002|13|38.386597|1274.094604|-67.624084|5.886613|124.557991|0.945462|1.000000|1.000000|1.000000
m60_47_56_00-AEG007_193_1003|13|31.287964|1267.818481|-69.427795|0.000000|53.012074|0.000000|1.000000|1.000000|1.000000
m60_47_56_00-AEG007_193_1004|13|25.085815|1270.493774|-57.428528|0.000000|-120.889992|0.000000|1.000000|1.000000|1.000000
m60_47_56_00-AEG007_193_1005|13|25.658569|1268.085327|-59.880615|0.000000|86.035576|0.000000|1.000000|1.000000|1.000000
m60_47_56_00-AEG007_193_1006|13|18.029785|1270.741821|-47.249756|0.000000|21.768375|0.000000|1.000000|1.000000|1.000000
m60_47_56_00-AEG007_193_1007|13|6.525085|1260.635254|-188.248352|0.000000|119.150299|0.000000|1.000000|1.000000|1.000000
m60_47_56_00-AEG007_193_1008|13|26.466187|1279.878052|-210.626846|0.000000|179.911728|0.000000|1.000000|1.000000|1.000000
m60_47_56_00-AEG007_193_1009|13|21.988037|1286.923828|-214.077896|0.000000|133.342896|0.000000|1.000000|1.000000|1.000000
m60_47_56_00-AEG007_193_1010|13|-0.955902|1283.754272|-229.992508|0.000000|172.620712|0.000000|1.000000|1.000000|1.000000
m60_47_56_00-AEG007_193_1011|13|27.533325|1283.246704|-210.979263|0.000000|-177.433960|0.000000|1.000000|1.000000|1.000000
m60_47_56_00-AEG007_193_1013|13|36.358566|1284.027954|-209.268570|0.000000|-164.110123|0.000000|1.000000|1.000000|1.000000
m60_47_56_00-AEG007_193_1014|13|35.403503|1274.646851|-201.469131|180.000000|-65.538994|-0.000000|1.000000|1.000000|1.000000
m60_47_56_00-AEG007_193_1015|13|35.918091|1278.286499|-191.853470|0.000000|-114.427422|0.000000|1.000000|1.000000|1.000000
m60_47_56_00-AEG007_193_1016|13|24.442856|1273.045654|-211.288467|-177.693466|-82.366623|1.063433|1.000000|1.000000|1.000000
m60_47_56_00-AEG007_193_1017|13|1.367493|1272.749390|-227.326126|0.000000|107.897964|0.000000|1.000000|1.000000|1.000000
m60_47_56_00-AEG007_193_1018|13|2.329956|1277.089966|-228.523819|0.000000|-168.190979|0.000000|1.000000|1.000000|1.000000
m60_47_56_00-AEG007_193_1019|13|52.961121|1261.148438|-129.505859|-3.140800|61.321171|-0.281280|1.000000|1.000000|1.000000
m60_47_56_00-AEG007_193_1020|13|23.148071|1269.868530|-53.905579|0.000000|85.158974|0.000000|1.000000|1.000000|1.000000
m60_47_56_00-AEG007_193_1021|13|47.217407|1260.005493|-147.414352|0.000000|124.094254|0.000000|1.000000|1.000000|1.000000
m60_47_56_00-AEG007_193_1022|13|47.522125|1264.164551|-122.971596|0.000000|34.795383|0.000000|1.000000|1.000000|1.000000
m60_47_56_00-AEG007_193_1023|13|14.854065|1285.548584|-219.820694|0.000000|-71.042831|0.000000|1.000000|1.000000|1.000000
m60_47_56_00-AEG007_193_1024|13|14.412903|1280.531006|-217.644135|0.000000|50.727287|0.000000|1.000000|1.000000|1.000000
m60_47_56_00-AEG007_193_1025|13|14.668915|1283.268311|-222.013748|-178.128494|-40.333893|1.368743|1.000000|1.000000|1.000000
m60_47_56_00-AEG007_193_1026|13|64.214874|1272.066040|-151.284073|0.000000|-74.816620|0.000000|1.000000|1.000000|1.000000
m60_47_56_00-AEG007_193_1027|13|66.027374|1271.889038|-151.979324|0.000000|-139.178955|0.000000|1.000000|1.000000|1.000000
m60_47_56_00-AEG007_193_1028|13|30.520035|1265.130737|-157.793900|0.000000|34.094242|0.000000|1.000000|1.000000|1.000000
m60_47_56_00-AEG007_193_1029|13|46.768997|1274.592529|-179.056732|0.000000|119.796928|0.000000|1.000000|1.000000|1.000000
m60_47_56_00-AEG007_193_1030|13|47.700394|1273.548462|-177.057953|-174.290115|-58.092720|1.658206|1.000000|1.000000|1.000000
m60_47_56_00-AEG007_193_1031|13|35.508667|1278.904663|-190.704163|0.000000|115.689346|0.000000|1.000000|1.000000|1.000000
m60_47_56_00-AEG007_193_1032|13|27.907333|1272.541504|-210.589554|0.000000|147.847382|0.000000|1.000000|1.000000|1.000000
m60_47_56_00-AEG007_193_1033|13|-11.517426|1288.883667|-235.943436|0.000000|126.648987|0.000000|1.000000|1.000000|1.000000
m60_47_56_00-AEG007_193_1034|13|-8.233246|1288.485107|-231.695389|0.000000|159.116547|0.000000|1.000000|1.000000|1.000000
m60_47_56_00-AEG007_193_1035|13|-5.833893|1288.113525|-230.899979|-0.000010|-8.375774|0.000000|1.000000|1.000000|1.000000
m60_47_56_00-AEG007_193_1036|13|37.284546|1273.374756|-83.879051|0.000000|170.513687|0.000000|1.000000|1.000000|1.000000
m60_47_56_00-AEG007_193_1037|13|36.929443|1272.940552|-92.854530|0.000000|56.566196|0.000000|1.000000|1.000000|1.000000
m60_47_56_00-AEG007_194_1001|13|-7.434143|1262.735962|-20.656006|0.000000|-139.816956|0.000000|1.000000|1.000000|1.000000
m60_47_56_00-AEG007_194_1002|13|-10.925293|1262.834961|-19.089355|0.000000|35.499928|0.000000|1.000000|1.000000|1.000000
m60_47_56_00-AEG007_194_1005|13|-23.580322|1262.800049|-10.042725|-4.503204|-121.129524|-2.650199|1.000000|1.000000|1.000000
m60_47_56_00-AEG007_194_1006|13|43.751404|1274.325928|-66.765991|0.000000|39.260582|0.000000|1.000000|1.000000|1.000000
m60_47_56_00-AEG007_194_1007|13|45.243347|1273.458618|-59.253876|7.596099|140.774200|0.608078|1.000000|1.000000|1.000000
m60_47_56_00-AEG007_194_1008|13|41.424011|1274.794189|-64.668945|7.826692|131.742661|2.847943|1.000000|1.000000|1.000000
m60_47_56_00-AEG007_194_1009|13|34.307312|1268.683228|-71.814209|0.000000|146.750488|0.000000|1.000000|1.000000|1.000000
m60_47_56_00-AEG007_194_1010|13|4.282425|1255.032959|-191.953781|0.000000|130.626114|0.000000|1.000000|1.000000|1.000000
m60_47_56_00-AEG007_194_1011|13|1.270111|1278.967529|-231.186829|0.000000|168.611038|0.000000|1.000000|1.000000|1.000000
m60_47_56_00-AEG007_194_1012|13|25.454590|1280.937988|-212.538391|0.000000|-168.616745|0.000000|1.000000|1.000000|1.000000
m60_47_56_00-AEG007_194_1013|13|17.163498|1276.288574|-216.548035|-179.138062|20.294275|-0.136620|1.000000|1.000000|1.000000
m60_47_56_00-AEG007_194_1014|13|32.760986|1280.781006|-210.475403|0.000000|-7.383235|0.000000|1.000000|1.000000|1.000000
m60_47_56_00-AEG007_194_1015|13|37.672607|1272.753418|-199.351624|0.000000|129.522018|0.000000|1.000000|1.000000|1.000000
m60_47_56_00-AEG007_194_1016|13|37.074219|1272.388306|-189.567200|0.000000|142.232254|0.000000|1.000000|1.000000|1.000000
m60_47_56_00-AEG007_194_1017|13|6.032990|1268.677124|-215.164230|0.000000|-164.900909|0.000000|1.000000|1.000000|1.000000
m60_47_56_00-AEG007_194_1018|13|54.355408|1257.536377|-134.807510|0.000000|106.198837|0.000000|1.000000|1.000000|1.000000
m60_47_56_00-AEG007_194_1019|13|51.305847|1256.310059|-143.990265|0.000000|103.245804|0.000000|1.000000|1.000000|1.000000
m60_47_56_00-AEG007_194_1020|13|45.833130|1262.104614|-119.458168|0.000000|53.136467|0.000000|1.000000|1.000000|1.000000
m60_47_56_00-AEG007_194_1021|13|28.114685|1260.023560|-158.477936|0.000000|-11.575808|0.000000|1.000000|1.000000|1.000000
m60_47_56_00-AEG007_194_1022|13|33.612488|1254.111694|-152.818146|0.000000|168.256516|0.000000|1.000000|1.000000|1.000000
m60_47_56_00-AEG007_194_1023|13|11.830170|1281.218262|-226.164124|0.000000|143.137482|0.000000|1.000000|1.000000|1.000000
m60_47_56_00-AEG007_194_1024|13|50.045898|1270.214600|-175.919067|0.000000|143.596771|0.000000|1.000000|1.000000|1.000000
m60_47_56_00-AEG007_194_1025|13|63.055939|1267.807983|-154.411972|0.000000|128.950912|0.000000|1.000000|1.000000|1.000000
m60_47_56_00-AEG007_194_1026|13|4.872658|1243.047485|-192.648331|1.555480|53.287609|-2.624641|1.000000|1.000000|1.000000
m60_47_56_00-AEG007_194_1027|13|17.489937|1256.839600|-173.413940|0.000000|147.522034|0.000000|1.000000|1.000000|1.000000
m60_47_56_00-AEG007_194_1028|13|13.618896|1248.929077|-177.705322|0.000000|124.096558|0.000000|1.000000|1.000000|1.000000
m60_47_56_00-AEG007_194_1029|13|-9.599411|1284.233276|-235.455612|0.000000|126.145821|0.000000|1.000000|1.000000|1.000000
m60_47_56_00-AEG007_194_1030|13|38.681091|1266.995483|-84.283264|0.000000|88.256416|0.000000|1.000000|1.000000|1.000000
m60_47_56_00-AEG007_194_1031|13|37.630798|1268.919312|-90.269287|0.000000|106.200592|0.000000|1.000000|1.000000|1.000000
m60_47_56_00-AEG040_054_1001|13|37.481964|1275.624512|-65.309082|-3.254017|6.545643|13.409136|1.000000|1.000000|1.000000
m60_47_56_00-AEG040_054_1002|13|41.315338|1285.416382|-206.216949|2.780188|-28.139534|-4.132540|1.000000|1.000000|1.000000
m60_47_56_00-AEG040_054_1003|13|36.795593|1273.922241|-196.127670|0.000000|-68.838837|0.000000|1.000000|1.000000|1.000000
m60_47_56_00-AEG040_054_1005|13|18.788155|1269.440063|-193.086670|-8.485987|-155.575668|-15.564261|1.000000|1.000000|1.000000
m60_47_56_00-AEG040_054_1006|13|9.998596|1280.106079|-223.760437|-1.451620|143.067780|-8.258477|1.000000|1.000000|1.000000
m60_47_57_00-AEG001_383_7000|13|209.459961|1259.293457|47.384766|0.000000|61.984833|0.000000|1.000001|1.000001|1.000000
m60_47_57_00-AEG001_383_7001|13|230.402344|1255.526489|35.349884|0.000000|-142.410934|0.000000|1.000001|1.000000|1.000000
m60_47_57_00-AEG001_383_7002|13|181.306686|1260.756836|32.415771|0.000000|-68.094490|0.000000|1.000001|1.000001|1.000000
m60_47_57_00-AEG001_383_7003|13|231.941467|1256.364502|11.243271|0.000000|138.025482|0.000000|1.000001|1.000001|1.000000
m60_47_57_00-AEG001_383_7004|13|181.230042|1261.253906|49.478241|0.000000|79.667938|0.000000|1.000001|1.000001|1.000000
m60_47_57_00-AEG001_383_7005|13|206.390198|1259.243774|67.010818|0.000000|-100.142227|0.000000|1.000001|1.000000|1.000000
m60_47_57_00-AEG001_385_7000|13|189.076004|1261.499023|54.961243|0.000000|121.834076|0.000000|1.000000|1.000000|1.000000
m60_47_57_00-AEG001_387_7000|13|187.379288|1260.490723|27.825241|0.000000|-78.265457|0.000000|1.000000|1.000000|1.000000
m60_47_57_00-AEG001_387_7001|13|225.125992|1257.798584|17.511780|0.000000|68.531616|0.000000|1.000000|1.000000|1.000000
m60_47_57_00-AEG001_387_7002|13|203.627930|1259.875488|60.983521|0.000000|-73.874245|0.000000|1.000000|1.000000|1.000000
m60_47_57_00-AEG001_389_7000|13|233.628174|1256.073975|7.486816|0.000000|95.007515|0.000000|1.000000|1.000000|1.000000
m60_47_57_00-AEG001_389_7001|13|189.102020|1260.439453|24.032547|0.000000|96.955879|0.000000|1.000000|1.000000|1.000000
m60_47_57_00-AEG001_389_7002|13|195.479202|1260.997803|57.921631|0.000000|10.949469|0.000000|1.000000|1.000000|1.000000
m60_47_57_00-AEG001_389_7003|13|192.938461|1260.703125|37.705292|0.000000|79.710686|0.000000|1.000000|1.000000|1.000000
m60_47_57_00-AEG001_389_7004|13|185.381226|1261.792236|58.612473|0.000000|-54.408562|0.000000|1.000000|1.000000|1.000000
m60_47_57_00-AEG001_389_7005|13|198.501587|1260.569946|45.953247|0.000000|-10.354331|0.000000|1.000000|1.000000|1.000000
m60_47_57_00-AEG001_389_7006|13|177.572739|1261.114014|31.513916|0.000000|-10.428451|0.000000|1.000000|1.000000|1.000000
m60_47_57_00-AEG001_389_7007|13|178.570465|1261.284790|49.377319|0.000000|-144.887634|0.000000|1.000000|1.000000|1.000000
m60_47_57_00-AEG001_389_7008|13|212.980438|1259.007568|15.631912|0.000000|148.227753|0.000000|1.000000|1.000000|1.000000
m60_47_57_00-AEG003_161_7000|13|114.370079|1276.189697|41.807655|63.313339|-10.223042|-146.772369|1.000000|1.000000|1.000000
m60_47_57_00-AEG003_161_7001|13|201.724945|1272.606201|163.452957|-132.152771|-21.897358|-49.371960|1.000000|1.000000|1.000000
m60_47_57_00-AEG003_163_7000|13|207.376648|1250.699951|31.380402|0.000000|10.674439|0.000000|1.000000|1.000000|1.000000
m60_47_57_00-AEG003_165_7000|13|101.698692|1266.054810|15.430603|-153.734131|-47.037331|-52.969379|1.000000|1.000000|1.000000
m60_47_57_00-AEG003_165_7001|13|99.860374|1268.543701|15.549095|55.974388|21.259670|15.170564|1.000000|1.000000|1.000000
m60_47_57_00-AEG003_165_7002|13|142.984604|1272.216553|121.133553|179.939209|-28.077717|-63.283665|1.000000|1.000000|1.000000
m60_47_57_00-AEG003_165_7003|13|205.627533|1258.977051|111.114677|-63.695045|42.287144|-52.557087|1.000000|1.000000|1.000000
m60_47_57_00-AEG003_165_7004|13|167.402161|1272.823975|138.570679|82.857780|-173.240112|48.829067|1.000000|1.000000|1.000000
m60_47_57_00-AEG003_165_7005|13|186.575912|1271.079102|151.264832|-71.368027|-15.422818|154.988342|1.000000|1.000000|1.000000
m60_47_57_00-AEG003_165_7006|13|141.223480|1268.327881|117.896393|44.500954|23.682301|-50.926411|1.000000|1.000000|1.000000
m60_47_57_00-AEG003_165_7007|13|196.826080|1270.787842|165.289597|-53.456017|-14.129251|137.213837|1.000000|1.000000|1.000000
m60_47_57_00-AEG003_165_7008|13|163.450989|1274.738525|150.108109|-82.857834|6.759920|-48.829189|1.000000|1.000000|1.000000
m60_47_57_00-AEG003_165_7009|13|164.848038|1274.075439|138.108215|102.991127|-10.755288|68.648529|1.000000|1.000000|1.000000
m60_47_57_00-AEG003_165_7010|13|116.107941|1281.140015|46.804573|67.543671|9.451073|169.581635|1.000000|1.000000|1.000000
m60_47_57_00-AEG003_165_7011|13|88.317688|1271.035400|97.684525|-61.288803|-29.214132|8.481459|1.000000|1.000000|1.000000
m60_47_57_00-AEG003_165_7012|13|120.988571|1272.629517|58.422157|48.954304|-139.292053|55.102573|1.000000|1.000000|1.000000
m60_47_57_00-AEG003_165_7013|13|121.868805|1273.532471|42.869240|155.287186|-58.008183|65.571518|1.000000|1.000000|1.000000
m60_47_57_00-AEG003_165_7014|13|92.104546|1268.701172|99.459496|42.926846|14.688701|130.459030|1.000000|1.000000|1.000000
m60_47_57_00-AEG003_165_7015|13|123.422668|1267.342163|68.540268|21.625273|-108.255615|66.163620|1.000000|1.000000|1.000000
m60_47_57_00-AEG003_165_7016|13|119.581177|1276.556030|47.773262|122.930077|30.262054|-46.284374|1.000000|1.000000|1.000000
m60_47_57_00-AEG003_165_7017|13|108.977051|1277.579224|49.580910|119.716904|-15.248172|40.724277|1.000000|1.000000|1.000000
m60_47_57_00-AEG003_165_7018|13|113.897453|1278.083862|54.324211|-48.951893|40.710838|-55.104511|1.000000|1.000000|1.000000
m60_47_57_00-AEG003_165_7019|13|108.910919|1273.174683|45.781166|25.076292|-112.037956|65.494774|1.000000|1.000000|1.000000
m60_47_57_00-AEG003_165_7020|13|116.772202|1271.663818|68.840408|119.716904|-15.248172|40.724277|1.000000|1.000000|1.000000
m60_47_57_00-AEG003_165_7021|13|118.358612|1272.706543|40.183540|114.610031|-6.003135|25.561291|1.000000|1.000000|1.000000
m60_47_57_00-AEG003_165_7022|13|116.930885|1274.972656|43.396393|152.376099|65.155769|-64.911751|1.000000|1.000000|1.000000
m60_47_57_00-AEG003_165_7023|13|89.363831|1269.309814|102.435997|118.530708|-27.765936|5.848060|1.000000|1.000000|1.000000
m60_47_57_00-AEG003_165_7024|13|113.024124|1277.102905|46.416801|67.543671|9.451073|169.581635|1.000000|1.000000|1.000000
m60_47_57_00-AEG003_165_7025|13|112.147102|1273.504883|43.808060|67.136589|-0.962716|-165.220978|1.000000|1.000000|1.000000
m60_47_57_00-AEG003_165_7026|13|117.787781|1269.293335|41.582779|25.703878|-56.918743|-114.641449|1.000000|1.000000|1.000000
m60_47_57_00-AEG003_165_7027|13|87.705566|1273.850342|48.916016|-61.660183|3.749357|-24.899376|1.000000|1.000000|1.000000
m60_47_57_00-AEG003_165_7028|13|139.610291|1265.837769|34.655914|66.815376|-94.048836|36.875595|1.000000|1.000000|1.000000
m60_47_57_00-AEG003_165_7029|13|86.399429|1271.062378|49.419548|50.372044|22.376644|132.461990|1.000000|1.000000|1.000000
m60_47_57_00-AEG003_165_7030|13|141.443649|1273.089111|164.413651|107.928970|-26.803806|-29.660978|1.000000|1.000000|1.000000
m60_47_57_00-AEG003_165_7031|13|219.918152|1261.481934|162.071472|-61.343739|163.342300|33.624058|1.000000|1.000000|1.000000
m60_47_57_00-AEG003_165_7032|13|206.782532|1267.438721|158.305450|61.987839|1.562215|-21.496317|1.000000|1.000000|1.000000
m60_47_57_00-AEG003_165_7033|13|206.855621|1270.482422|154.750793|-39.889900|-31.927801|124.717659|1.000000|1.000000|1.000000
m60_47_57_00-AEG003_165_7034|13|204.396179|1263.681763|142.182907|-61.987812|1.562216|158.503662|1.000000|1.000000|1.000000
m60_47_57_00-AEG003_165_7035|13|202.767365|1271.282715|156.407379|-116.261322|8.168406|-9.023149|1.000000|1.000000|1.000000
m60_47_57_00-AEG003_165_7036|13|198.097458|1265.886475|137.019806|-39.889900|-31.927801|124.717659|1.000000|1.000000|1.000000
m60_47_57_00-AEG003_165_7037|13|198.915054|1272.083984|161.905457|-48.675888|45.985165|-131.436279|1.000000|1.000000|1.000000
m60_47_57_00-AEG003_165_7038|13|196.926010|1273.892334|157.272812|-60.718197|26.730356|-153.309738|1.000000|1.000000|1.000000
m60_47_57_00-AEG003_165_7039|13|190.413055|1263.965820|137.525284|46.287060|49.117916|50.775505|1.000000|1.000000|1.000000
m60_47_57_00-AEG003_165_7040|13|194.274048|1272.358032|162.385086|-159.365250|79.526695|62.163723|1.000000|1.000000|1.000000
m60_47_57_00-AEG003_165_7041|13|194.374481|1269.374756|147.080734|57.245655|33.365559|36.129326|1.000000|1.000000|1.000000
m60_47_57_00-AEG003_165_7042|13|201.230286|1276.217896|155.854950|-116.261322|8.168406|-9.023149|1.000000|1.000000|1.000000
m60_47_57_00-AEG003_165_7043|13|203.132721|1268.371582|162.205933|-116.261322|8.168406|-9.023149|1.000000|1.000000|1.000000
m60_47_57_00-AEG003_165_7044|13|136.892166|1269.920898|188.727386|87.590927|-51.525162|56.927059|1.000000|1.000000|1.000000
m60_47_57_00-AEG003_165_7045|13|221.624512|1261.257568|166.044113|-118.656258|-16.657749|-33.624077|1.000000|1.000000|1.000000
m60_47_57_00-AEG003_165_7046|13|138.503830|1268.464844|120.722282|-127.280617|89.019577|42.079529|1.000000|1.000000|1.000000
m60_47_57_00-AEG003_165_7047|13|197.988953|1257.959351|126.698669|-55.488827|168.957855|39.529732|1.000000|1.000000|1.000000
m60_47_57_00-AEG003_165_7048|13|188.653152|1256.856689|120.137482|-118.090096|23.835035|21.864275|1.000000|1.000000|1.000000
m60_47_57_00-AEG003_165_7049|13|192.947906|1257.096191|119.781677|-56.808044|-8.913384|142.961853|1.000000|1.000000|1.000000
m60_47_57_00-AEG003_165_7050|13|166.963623|1262.412476|91.319397|-125.758659|31.041807|54.096760|1.000000|1.000000|1.000000
m60_47_57_00-AEG003_165_7051|13|41.153320|1277.556641|30.357971|93.010391|-34.316357|-46.675770|1.000000|1.000000|1.000000
m60_47_57_00-AEG003_165_7052|13|109.911072|1265.425537|95.536469|-100.140137|-42.102028|7.842478|1.000000|1.000000|1.000000
m60_47_57_00-AEG003_165_7053|13|110.717865|1270.090210|43.261978|67.543678|9.451079|169.581604|1.000000|1.000000|1.000000
m60_47_57_00-AEG003_166_7000|13|147.219376|1269.101074|121.279678|34.276325|-67.096756|122.960289|1.000000|1.000000|1.000000
m60_47_57_00-AEG003_166_7001|13|131.552689|1266.100098|134.153107|79.991043|-62.828392|172.551834|1.000000|1.000000|1.000000
m60_47_57_00-AEG003_166_7002|13|133.440399|1267.235352|113.399452|46.194511|98.093987|49.498219|1.000000|1.000000|1.000000
m60_47_57_00-AEG003_166_7003|13|204.508026|1277.550293|159.659698|-41.588348|55.034840|-125.750999|1.000000|1.000000|1.000000
m60_47_57_00-AEG003_166_7004|13|205.996582|1272.992065|165.265503|-61.188019|25.651707|-155.058228|1.000000|1.000000|1.000000
m60_47_57_00-AEG003_166_7005|13|150.080078|1275.063721|122.771324|179.939316|-28.077702|-63.283733|1.000000|1.000000|1.000000
m60_47_57_00-AEG003_166_7006|13|209.670563|1268.697632|164.061813|-53.728767|-13.726158|137.616272|1.000000|1.000000|1.000000
m60_47_57_00-AEG003_166_7007|13|201.595947|1272.588013|170.659485|0.085485|-77.501945|115.912041|1.000000|1.000000|1.000000
m60_47_57_00-AEG003_166_7008|13|172.284500|1274.516846|191.061218|66.740097|-0.812189|35.657658|1.000000|1.000000|1.000000
m60_47_57_00-AEG003_166_7009|13|121.523270|1269.687866|71.804390|121.842148|28.735384|-44.595352|1.000000|1.000000|1.000000
m60_47_57_00-AEG003_166_7010|13|122.636337|1270.562500|53.578308|169.645142|83.993134|-67.548500|1.000000|1.000000|1.000000
m60_47_57_00-AEG003_166_7011|13|113.458733|1282.155762|44.994179|169.645142|83.993134|-67.548500|1.000000|1.000000|1.000000
m60_47_57_00-AEG003_166_7012|13|110.398338|1277.589233|40.289314|121.842148|28.735384|-44.595352|1.000000|1.000000|1.000000
m60_47_57_00-AEG003_166_7013|13|102.188049|1273.255127|40.419815|88.883804|6.695096|-175.841400|1.000000|1.000000|1.000000
m60_47_57_00-AEG003_166_7014|13|114.226532|1275.150269|35.084236|138.197876|-38.831230|59.737328|1.000000|1.000000|1.000000
m60_47_57_00-AEG003_166_7015|13|92.864105|1275.137939|93.878571|-57.694511|-8.451545|-27.244364|1.000000|1.000000|1.000000
m60_47_57_00-AEG003_166_7016|13|89.691803|1275.238403|49.354652|116.166016|-15.098318|12.466322|1.000000|1.000000|1.000000
m60_47_57_00-AEG003_166_7017|13|84.804245|1274.753662|45.058144|31.218466|-63.996105|-120.230698|1.000000|1.000000|1.000000
m60_47_57_00-AEG003_166_7018|13|128.061432|1265.689087|124.141815|75.279030|66.884727|-19.801462|1.000000|1.000000|1.000000
m60_47_57_00-AEG003_166_7019|13|192.134918|1268.530151|152.052826|-41.588348|55.034840|-125.750999|1.000000|1.000000|1.000000
m60_47_57_00-AEG003_166_7020|13|147.816345|1274.889771|160.919373|65.328094|-63.656300|-125.028389|1.000000|1.000000|1.000000
m60_47_57_00-AEG003_166_7021|13|192.974533|1265.181030|134.100906|-61.188019|25.651707|-155.058228|1.000000|1.000000|1.000000
m60_47_57_00-AEG003_166_7022|13|205.507492|1258.553467|134.416000|-170.451355|87.465149|61.861305|1.000000|1.000000|1.000000
m60_47_57_00-AEG003_166_7023|13|168.924347|1262.925781|95.262299|-1.373952|89.323914|-110.046600|1.000000|1.000000|1.000000
m60_47_57_00-AEG003_166_7024|13|101.036232|1269.194214|22.272018|-153.734207|-47.037361|-52.969379|1.000000|1.000000|1.000000
m60_47_57_00-AEG003_166_7025|13|193.608734|1260.949463|153.046326|-0.519813|97.528023|67.128174|1.000000|1.000000|1.000000
m60_47_57_00-AEG003_166_7026|13|137.574127|1273.789917|167.050400|-40.673706|-86.919327|69.302383|1.000000|1.000000|1.000000
m60_47_57_00-AEG003_166_7027|13|44.206985|1277.162109|39.547874|84.244629|-59.519081|-124.076439|1.000000|1.000000|1.000000
m60_47_57_00-AEG003_166_7028|13|77.029938|1274.334229|52.664719|81.166855|-39.359905|-146.233444|1.000000|1.000000|1.000000
m60_47_57_00-AEG003_166_7029|13|132.805786|1268.327271|157.597610|-10.666454|57.745869|-78.492027|1.000000|1.000000|1.000000
m60_47_57_00-AEG003_166_7030|13|196.886078|1259.474121|91.022873|-153.412231|-50.738560|-71.904221|1.000000|1.000000|1.000000
m60_47_57_00-AEG003_166_7031|13|177.875702|1262.247559|84.513626|88.709335|-19.702456|-157.380936|1.000000|1.000000|1.000000
m60_47_57_00-AEG003_166_7032|13|144.118042|1272.908203|124.522484|63.255299|63.268608|2.537869|1.000000|1.000000|1.000000
m60_47_57_00-AEG003_166_7033|13|114.850769|1265.628906|89.694977|79.859772|-42.102184|7.842442|1.000000|1.000000|1.000000
m60_47_57_00-AEG003_166_7035|13|9.019485|1284.276123|27.937752|73.341080|-18.443031|-10.492381|1.000000|1.000000|1.000000
m60_47_57_00-AEG003_166_7036|13|9.437332|1283.427002|29.579353|171.574783|83.460144|73.443787|1.000000|1.000000|1.000000
m60_47_57_00-AEG003_168_7000|13|216.790848|1268.466553|35.879105|9.864133|-114.830750|0.457049|1.000000|1.000000|1.000000
m60_47_57_00-AEG003_168_7001|13|203.323334|1268.885132|37.518066|6.763088|130.078934|-4.047755|1.000000|1.000000|1.000000
m60_47_57_00-AEG003_168_7002|13|204.801086|1268.657715|22.689911|9.177261|20.067459|0.104174|1.000000|1.000000|1.000000
m60_47_57_00-AEG003_169_7000|13|210.671280|1262.559448|20.295967|11.276832|-12.145180|-1.182251|1.000000|1.000000|1.000000
m60_47_57_00-AEG003_169_7001|13|210.931732|1265.861694|39.159424|10.034616|176.609268|-7.493557|1.000000|1.000000|1.000000
m60_47_57_00-AEG003_169_7002|13|215.994888|1261.778931|23.365532|16.383795|-71.466743|-9.284127|1.000000|1.000000|1.000000
m60_47_57_00-AEG003_169_7003|13|218.333069|1265.841187|27.740280|12.421684|-72.082718|-0.600921|1.000000|1.000000|1.000000
m60_47_57_00-AEG003_169_7004|13|206.597870|1267.242676|41.223007|9.637207|172.920532|2.210031|1.000000|1.000000|1.000000
m60_47_57_00-AEG003_169_7005|13|200.279587|1269.553101|32.258987|4.965001|78.124077|-4.679598|1.000000|1.000000|1.000000
m60_47_57_00-AEG003_169_7006|13|201.722473|1266.621948|26.642021|7.747485|115.185333|7.593314|1.000000|1.000000|1.000000
m60_47_57_00-AEG003_169_7007|13|221.750076|1260.695068|26.578751|21.921684|-72.082680|-0.600917|1.000000|1.000000|1.000000
m60_47_57_00-AEG003_169_7008|13|208.850876|1263.322754|44.362656|21.796612|-154.262207|15.604059|1.000000|1.000000|1.000000
m60_47_57_00-AEG007_037_1002|13|14.934921|1273.225586|93.733948|85.978348|17.965420|74.838417|1.000000|1.000001|1.000000
m60_47_57_00-AEG007_037_1010|13|5.963120|1275.451294|87.321716|-13.445603|17.965418|74.838432|1.000000|1.000001|1.000000
m60_47_57_00-AEG007_037_1061|13|198.639801|1260.264893|148.158890|72.755562|94.211006|77.123039|1.000000|1.000000|1.000000
m60_47_57_00-AEG007_037_1064|13|231.428589|1272.183960|230.852203|32.377636|108.606537|81.694496|1.000000|1.000000|1.000000
m60_47_57_00-AEG007_037_1066|13|199.361450|1266.062622|168.491776|-80.873192|-16.373686|92.787621|1.000000|1.000001|1.000000
m60_47_57_00-AEG007_037_1259|13|248.909927|1253.880493|179.051483|43.831558|173.946274|80.491699|1.000000|1.000000|1.000000
m60_47_57_00-AEG007_037_1260|13|251.819763|1254.782227|201.557587|58.067230|132.540604|79.723679|1.000000|1.000001|1.000000
m60_47_57_00-AEG007_037_1261|13|252.774353|1255.680054|211.128601|128.039139|55.673904|82.942947|1.000000|1.000000|1.000000
m60_47_57_00-AEG007_037_1263|13|248.000916|1257.440796|220.189392|111.365318|-7.714452|83.847824|1.000000|1.000000|1.000000
m60_47_57_00-AEG007_037_1264|13|203.071991|1262.368774|167.218704|28.828320|-143.070175|82.599861|1.000000|1.000000|1.000000
m60_47_57_00-AEG007_037_1266|13|31.669563|1258.418213|150.496338|78.352791|61.028786|87.265335|1.000000|1.000000|1.000000
m60_47_57_00-AEG007_037_1267|13|214.661835|1266.802124|191.012466|63.421516|82.103394|-102.196747|1.000000|1.000001|1.000000
m60_47_57_00-AEG007_037_1268|13|141.796127|1271.198975|150.838120|5.278809|-22.168438|69.710075|1.000000|1.000001|1.000000
m60_47_57_00-AEG007_037_1269|13|155.698700|1269.561279|125.899002|-59.347897|-11.673561|84.845772|1.000000|1.000000|1.000000
m60_47_57_00-AEG007_037_1270|13|144.174179|1267.591919|138.982971|96.894501|68.594048|86.575150|1.000000|1.000001|1.000000
m60_47_57_00-AEG007_037_1271|13|60.308029|1263.366699|164.547943|-19.631872|40.556282|77.343758|1.000000|1.000001|1.000000
m60_47_57_00-AEG007_037_1272|13|63.048065|1265.299683|186.556366|126.138420|23.184538|80.980225|1.000000|1.000000|1.000000
m60_47_57_00-AEG007_037_1273|13|57.825272|1258.175903|163.940338|165.934158|40.556305|77.343781|1.000000|1.000001|1.000000
m60_47_57_00-AEG007_037_1274|13|106.088455|1270.818359|77.335854|163.241776|-42.490097|87.798424|1.000000|1.000001|1.000000
m60_47_57_00-AEG007_037_1275|13|93.972961|1268.426880|89.157471|-55.071732|12.666339|98.369194|1.000000|1.000001|1.000000
m60_47_57_00-AEG007_037_1277|13|108.112984|1270.303467|67.477509|19.898130|20.225164|103.136673|1.000000|1.000001|1.000000
m60_47_57_00-AEG007_042_1144|13|54.453835|1262.577271|155.218048|143.141235|68.523293|78.928024|1.000000|1.000000|1.000000
m60_47_57_00-AEG007_042_1148|13|209.036255|1268.576172|182.955994|56.041264|-56.213337|101.986572|1.000000|1.000000|1.000000
m60_47_57_00-AEG007_042_1219|13|64.007599|1265.648193|173.431412|50.728138|148.207047|84.570930|1.000000|1.000000|1.000000
m60_47_57_00-AEG007_042_1376|13|106.599915|1271.754639|73.854691|92.300552|-80.540703|-14.947185|1.000000|1.000000|1.000000
m60_47_57_00-AEG007_042_1379|13|87.964478|1267.102905|97.066475|50.888897|86.377075|92.841385|1.000000|1.000000|1.000000
m60_47_57_00-AEG007_042_1387|13|98.230057|1269.119141|81.916397|96.890762|53.297901|-86.211678|1.000000|1.000000|1.000000
m60_47_57_00-AEG007_042_1389|13|101.650063|1266.676880|83.482277|-30.984198|-16.068569|95.468597|1.000000|1.000000|1.000000
m60_47_57_00-AEG007_042_1390|13|229.024750|1274.524658|239.229782|7.702515|-31.377831|96.679611|1.000000|1.000000|1.000000
m60_47_57_00-AEG007_042_1393|13|254.569214|1255.027832|191.257477|13.527633|-1.760033|96.345299|1.000000|1.000000|1.000000
m60_47_57_00-AEG007_042_1394|13|231.741852|1270.711548|235.451019|0.884342|-31.377855|96.679497|1.000000|1.000000|1.000000
m60_47_57_00-AEG007_042_1396|13|254.963013|1256.765137|214.857788|90.422081|-70.343521|85.201843|1.000000|1.000000|1.000000
m60_47_57_00-AEG007_042_1397|13|215.150696|1264.424194|184.777313|69.120117|-52.652130|100.003632|1.000000|1.000000|1.000000
m60_47_57_00-AEG007_042_1398|13|144.822632|1272.979492|138.284546|175.130035|-4.643605|79.830994|1.000000|1.000000|1.000000
m60_47_57_00-AEG007_042_1399|13|154.832550|1272.996216|124.452553|121.645477|-20.071384|80.537354|1.000000|1.000000|1.000000
m60_47_57_00-AEG007_042_1400|13|137.755112|1265.829468|153.099457|-135.951111|-79.503136|85.937645|1.000000|1.000000|1.000000
m60_47_57_00-AEG007_042_1401|13|244.036499|1269.899170|243.843628|111.614250|16.772966|80.206596|1.000000|1.000000|1.000000
m60_47_57_00-AEG007_042_1402|13|63.371719|1257.936279|173.351700|13.952212|4.212563|81.302269|1.000000|1.000000|1.000000
m60_47_57_00-AEG007_042_1404|13|70.260666|1268.026733|207.327148|7.232904|110.463234|78.074875|1.000000|1.000000|1.000000
m60_47_57_00-AEG007_042_1405|13|180.587982|1276.778198|214.957672|21.925066|-139.697510|85.879723|1.000000|1.000000|1.000000
m60_47_57_00-AEG007_193_1023|13|237.885010|1266.983276|224.816559|6.721843|-55.310123|-175.769684|1.000000|1.000000|1.000000
m60_47_57_00-AEG007_193_1024|13|210.075073|1265.097656|168.294586|0.000000|-5.009077|0.000000|1.000000|1.000000|1.000000
m60_47_57_00-AEG007_193_1025|13|212.448853|1263.799072|172.649948|2.994910|-73.211517|-176.188889|1.000000|1.000000|1.000000
m60_47_57_00-AEG007_193_1026|13|237.195923|1264.562012|221.398468|6.246317|-31.928986|10.303530|1.000000|1.000000|1.000000
m60_47_57_00-AEG007_193_1027|13|199.095337|1263.269531|162.339859|5.252881|-77.995445|7.713360|1.000000|1.000000|1.000000
m60_47_57_00-AEG007_193_1028|13|249.372681|1261.513062|239.474396|0.000000|-75.167969|0.000000|1.000000|1.000000|1.000000
m60_47_57_00-AEG007_193_1029|13|255.048279|1255.765381|251.398407|0.000000|-102.706467|0.000000|1.000000|1.000000|1.000000
m60_47_57_00-AEG007_193_1030|13|248.548950|1259.043335|232.322372|2.063723|-86.123955|-179.673721|1.000000|1.000000|1.000000
m60_47_57_00-AEG007_193_1031|13|61.111496|1251.925171|183.085083|-2.269975|113.095451|-2.804816|1.000000|1.000000|1.000000
m60_47_57_00-AEG007_193_1032|13|60.349892|1256.223389|187.239731|-4.506797|56.476200|177.468491|1.000000|1.000000|1.000000
m60_47_57_00-AEG007_193_1033|13|63.461403|1260.747803|211.000748|-0.000000|127.152077|0.000000|1.000000|1.000000|1.000000
m60_47_57_00-AEG007_194_1085|13|235.990570|1266.310791|223.507141|-4.935838|88.601326|-0.000000|1.000000|1.000000|1.000000
m60_47_57_00-AEG007_194_1086|13|210.810303|1261.535034|170.872742|-3.091789|105.524788|-1.910481|1.000000|1.000000|1.000000
m60_47_57_00-AEG007_194_1087|13|214.841309|1263.621582|198.991638|0.000000|-48.273262|0.000000|1.000000|1.000000|1.000000
m60_47_57_00-AEG007_194_1088|13|233.122070|1264.540161|220.652893|2.081378|-26.367271|4.476506|1.000000|1.000000|1.000000
m60_47_57_00-AEG007_194_1089|13|211.334595|1260.987915|176.974716|4.295724|-104.757942|1.058352|1.000000|1.000000|1.000000
m60_47_57_00-AEG007_194_1090|13|25.065704|1253.492554|156.387192|0.000000|-154.693405|0.000000|1.000000|1.000000|1.000000
m60_47_57_00-AEG007_194_1091|13|222.444092|1264.600098|209.473450|0.000000|-74.675949|0.000000|1.000000|1.000000|1.000000
m60_47_57_00-AEG007_194_1092|13|197.881653|1263.635376|165.982849|2.525722|-60.207748|2.613558|1.000000|1.000000|1.000000
m60_47_57_00-AEG007_194_1093|13|198.618835|1260.610718|154.542419|13.546998|-87.743149|0.114637|1.000000|1.000000|1.000000
m60_47_57_00-AEG007_194_1094|13|148.772552|1264.733765|127.050522|-15.400124|-108.442322|-0.957451|1.000000|1.000000|1.000000
m60_47_57_00-AEG007_194_1095|13|145.910248|1266.816528|129.122955|17.885565|89.131447|9.580050|1.000000|1.000000|1.000000
m60_47_57_00-AEG007_194_1096|13|248.294769|1261.425903|242.544250|0.000000|38.466316|0.000000|1.000000|1.000000|1.000000
m60_47_57_00-AEG007_194_1097|13|258.287689|1263.690552|257.166199|0.000000|-43.540222|0.000000|1.000000|1.000000|1.000000
m60_47_57_00-AEG007_194_1098|13|247.181244|1254.695190|225.027527|0.000000|-87.214859|0.000000|1.000000|1.000000|1.000000
m60_47_57_00-AEG007_194_1099|13|53.470062|1242.917725|200.126968|0.000000|-36.220547|0.000000|1.000000|1.000000|1.000000
m60_47_57_00-AEG007_194_1100|13|28.837074|1243.487305|175.264526|0.000000|143.779373|0.000000|1.000000|1.000000|1.000000
m60_47_57_00-AEG007_194_1101|13|60.771759|1260.219849|190.617340|0.000000|68.623657|0.000000|1.000000|1.000000|1.000000
m60_47_57_00-AEG007_194_1102|13|62.534836|1261.574829|208.196228|0.000000|-168.071838|0.000000|1.000000|1.000000|1.000000
m60_47_57_00-AEG040_054_1001|13|7.142883|1276.059692|95.771225|-11.211878|143.778824|11.402893|1.000000|1.000000|1.000000
m60_47_57_00-AEG040_054_1024|13|238.486206|1267.770264|225.111145|-5.897150|-109.169823|14.693351|1.000000|1.000000|1.000000
m60_47_57_00-AEG040_054_1025|13|251.798859|1255.873047|178.290253|-7.312466|-54.526516|-3.808815|1.000000|1.000000|1.000000
m60_47_57_00-AEG040_054_1026|13|217.114471|1267.736084|193.231705|-18.485634|-25.495794|-3.128883|1.000000|1.000000|1.000000
m60_47_57_00-AEG040_054_1027|13|245.733337|1269.600708|241.219666|8.823703|173.624237|8.178224|1.000000|1.000000|1.000000
m60_47_57_00-AEG040_054_1028|13|250.408478|1256.518066|222.431213|-10.793545|-114.902077|1.136598|1.000000|1.000000|1.000000
m60_47_57_00-AEG040_054_1029|13|56.973473|1251.217529|194.981262|0.000000|31.057062|0.000000|1.000000|1.000000|1.000000
m60_47_57_00-AEG040_054_1030|13|53.252609|1263.600220|149.462433|2.690685|29.123732|10.498819|1.000000|1.000000|1.000000
m60_47_57_00-AEG040_054_1031|13|225.537155|1275.485840|244.879822|-13.379207|-116.736961|11.399615|1.000000|1.000000|1.000000
m60_47_57_00-AEG040_054_1032|13|112.619125|1271.049927|74.107140|-15.261040|-126.655396|-17.585793|1.000000|1.000000|1.000000
m60_47_57_00-AEG040_054_1033|13|148.887650|1267.481201|124.204842|1.624818|114.202042|-10.862624|1.000000|1.000000|1.000000
m60_47_57_00-AEG040_054_1035|13|71.506134|1267.949829|207.727020|-3.195301|-132.784805|-5.882146|1.000000|1.000000|1.000000
m60_47_57_00-AEG040_054_1036|13|57.100014|1260.367554|164.650391|-14.574675|-165.833923|-8.682985|1.000000|1.000000|1.000000
m60_47_57_00-AEG040_054_1037|13|172.595139|1278.308472|212.171509|-4.597561|-24.212328|6.166104|1.000000|1.000000|1.000000
