m413200_0000|0|0.000000|0.000000|0.000000|0.000000|0.000000|0.000000|1.000000|1.000000|1.000000
m413201_0000|0|0.000000|0.000000|0.000000|0.000000|0.000000|0.000000|1.000000|1.000000|1.000000
c1000_9000|2|2.640000|0.736000|109.856003|0.000000|-7.552000|0.000000|1.000000|1.000000|1.000000
c2271_9000|2|-33.495266|0.775689|117.907494|0.000000|154.050995|0.000000|1.000000|1.000000|1.000000
c2271_9001|2|-36.580002|1.205000|54.330002|4.156000|-77.138000|1.343000|1.000000|1.000000|1.000000
c3200_9000|2|6.938000|0.608000|100.063004|0.000000|-118.779999|0.000000|1.000000|1.000000|1.000000
c3210_9000|2|10.966000|0.507000|94.500000|0.000000|-160.694000|0.000000|1.000000|1.000000|1.000000
c3661_9000|2|-68.240997|-0.436000|106.039001|0.000000|100.491997|0.000000|1.000000|1.000000|1.000000
c3661_9001|2|-72.306999|-0.505000|98.609001|0.000000|45.492001|0.000000|1.000000|1.000000|1.000000
c3661_9002|2|-34.896000|1.331000|60.325001|0.000000|100.491997|0.000000|1.000000|1.000000|1.000000
c3661_9003|2|-35.037998|1.330000|59.305000|0.000000|80.491997|0.000000|1.000000|1.000000|1.000000
c3661_9007|2|-70.714996|-0.488000|102.389999|0.000000|100.491997|0.000000|1.000000|1.000000|1.000000
c3661_9008|2|-65.134003|-0.354000|105.028999|0.000000|59.460999|0.000000|1.000000|1.000000|1.000000
c3661_9009|2|-33.431999|1.446000|58.111000|0.000000|-160.931000|0.000000|1.000000|1.000000|1.000000
c3661_9010|2|-37.234001|-0.411000|15.944000|0.000000|142.460999|0.000000|1.000000|1.000000|1.000000
c6060_9000|2|65.252998|14.365000|16.808001|4.904000|16.896000|4.995000|1.000000|1.000000|1.000000
c6060_9001|2|70.174004|15.063000|17.153999|5.048000|16.889999|4.995000|1.000000|1.000000|1.000000
c6060_9002|2|70.808998|13.795000|26.966000|5.018000|16.891001|4.995000|1.000000|1.000000|1.000000
c6060_9003|2|64.225998|12.886000|26.323999|5.262000|16.879999|4.995000|1.000000|1.000000|1.000000
c6060_9008|2|60.652000|13.727000|16.438000|4.929000|16.895000|4.995000|1.000000|1.000000|1.000000
c6060_9009|2|78.717003|17.047001|12.639000|5.460000|16.872000|4.994000|1.000000|1.000000|1.000000
c6060_9010|2|67.782997|16.350000|5.727000|5.436000|16.872999|4.994000|1.000000|1.000000|1.000000
c6100_9003|2|95.625999|12.083000|85.261993|-9.924000|54.743999|-0.000000|1.000000|1.000000|1.000000
c6100_9004|2|101.344002|13.990000|80.925003|-0.000000|102.723000|0.000000|1.000000|1.000000|1.000000
c6100_9005|2|102.704002|14.001000|85.095001|-15.743000|111.670998|0.000000|1.000000|1.000000|1.000000
c6100_9009|2|25.431999|11.361000|-32.775002|-0.000000|49.743999|0.000000|1.000000|1.000000|1.000000
c6100_9010|2|27.774000|11.722000|-33.138000|-0.000000|107.723000|0.000000|1.000000|1.000000|1.000000
c6100_9011|2|24.355000|11.186000|-30.044001|-8.592000|106.670998|0.000000|1.000000|1.000000|1.000000
c6100_9012|2|-7.331000|4.523000|11.929000|-0.000000|54.743999|0.000000|1.000000|1.000000|1.000000
c6100_9013|2|-5.230000|4.860000|10.721000|-0.000000|107.723000|-0.000000|1.000000|1.000000|1.000000
c6100_9018|2|20.374001|0.507000|91.199997|0.000000|59.743999|0.000000|1.000000|1.000000|1.000000
c6100_9019|2|18.853001|0.492000|92.567001|-0.627000|107.723000|0.000000|1.000000|1.000000|1.000000
c0000_9000|4|8.210000|0.785164|118.809998|0.000000|7.000000|0.000000|1.000000|1.000000|1.000000
c0000_9001|4|-23.639999|1.495961|79.400002|0.000000|-90.000000|0.000000|1.000000|1.000000|1.000000
c0000_9002|4|4.670000|0.740000|112.150002|0.000000|77.470001|0.000000|1.000000|1.000000|1.000000
h413200|5|0.000000|0.000000|0.000000|0.000000|0.000000|0.000000|1.000000|1.000000|1.000000
h413201|5|0.000000|0.000000|0.000000|0.000000|0.000000|0.000000|1.000000|1.000000|1.000000
h413250|5|0.000000|0.000000|0.000000|0.000000|0.000000|0.000000|1.000000|1.000000|1.000000
h413251|5|0.000000|0.000000|0.000000|0.000000|0.000000|0.000000|1.000000|1.000000|1.000000
h413252|5|0.000000|0.000000|0.000000|0.000000|0.000000|0.000000|1.000000|1.000000|1.000000
h413253|5|0.000000|0.000000|0.000000|0.000000|0.000000|0.000000|1.000000|1.000000|1.000000
AEG003_300_9000|9|123.862999|26.250000|-47.811001|0.000000|-11.650000|0.000000|1.000000|1.000000|1.000000
AEG001_290_7000|13|85.150162|26.024967|-36.756653|-20.782450|-84.881454|-12.169151|1.100000|1.100000|1.100000
AEG001_290_7001|13|22.626333|10.069916|-6.197754|-6.763661|127.769753|-4.169860|1.100000|1.100000|1.100000
AEG001_290_7002|13|-10.524902|3.762696|20.971924|11.833849|-87.938591|2.030779|1.100000|1.100000|1.100000
AEG001_290_7003|13|29.512367|4.317680|57.285885|8.664205|-42.572010|-2.319658|1.100000|1.100000|1.100000
AEG001_290_7005|13|112.309082|14.297849|109.670517|-11.715331|127.429443|-3.936717|1.100000|1.100000|1.100000
AEG001_290_7006|13|100.606407|23.861839|-71.571487|-4.829557|128.354889|-1.129217|1.100000|1.100000|1.100000
AEG001_290_7007|13|14.055593|0.440247|86.426514|-0.391124|-38.968212|-0.582260|1.100000|1.100000|1.100000
AEG001_290_7008|13|25.744665|11.392880|-31.591682|-5.638284|127.910347|-5.262217|1.100000|1.100000|1.100000
AEG001_290_7009|13|73.365952|20.540693|-47.868649|-6.103541|127.944023|-4.822365|1.100000|1.100000|1.100000
AEG001_290_7010|13|118.543610|26.768688|-34.408936|1.733475|-82.860580|0.559638|0.900000|0.900000|0.900000
AEG001_290_7011|13|119.020477|26.769680|-37.563229|-0.807315|-3.680789|0.743152|1.100000|1.100000|1.100000
AEG001_290_7012|13|125.247673|27.250740|-30.466808|-4.899446|45.307846|3.634972|0.900000|0.900000|0.900000
AEG001_290_7013|13|127.277237|26.633471|-45.513680|4.359000|178.188278|-2.686286|0.900000|0.900000|0.900000
AEG001_290_7014|13|123.127731|26.156357|-50.126217|3.582133|156.372757|-2.503420|1.100000|1.100000|1.100000
AEG001_290_7015|13|126.446198|25.933571|-53.823975|-2.699585|68.927811|-4.107581|0.900000|0.900000|0.900000
AEG003_054_1012|13|3.807482|0.653183|100.545952|-0.000027|56.060295|-0.000079|1.000000|1.000000|1.000000
AEG003_061_1001|13|2.035203|0.001483|1.504226|-0.099715|-126.717072|-0.268349|1.000000|1.000000|1.000000
AEG003_061_1003|13|4.868515|0.597045|98.722473|1.385654|58.257942|0.878690|1.000000|1.000000|1.000000
AEG003_063_1001|13|16.612986|0.486300|95.308998|0.770773|173.047165|-0.714192|1.000000|1.000000|1.000000
AEG003_070_1007|13|-58.436779|0.183678|82.202011|86.996086|-18.452162|-1.767303|1.000000|1.000000|1.000000
AEG003_070_1008|13|-43.344296|0.887493|53.473572|-88.222900|58.622440|-178.759201|1.000000|1.000000|1.000000
AEG003_070_1009|13|-46.020981|0.650955|81.399704|86.628349|-132.948227|5.059240|1.000000|1.000000|1.000000
AEG003_081_1002|13|-58.427002|-0.080593|87.129822|0.082645|-170.396439|-2.152866|1.000000|1.000000|1.000000
AEG003_081_1004|13|-41.484924|0.868172|66.981758|-0.228585|6.563684|3.538941|1.000000|1.000000|1.000000
AEG003_081_1005|13|-22.487547|-0.071970|3.872696|5.112451|177.566223|-3.760988|1.000000|1.000000|1.000000
AEG003_081_1006|13|-41.854465|0.491556|115.082626|0.229057|-170.397964|-2.155978|1.000000|1.000000|1.000000
AEG003_082_1002|13|-56.665642|-0.098744|122.344887|-0.323847|15.241190|1.761451|1.000000|1.000000|1.000000
AEG003_082_1008|13|-56.029255|-0.004032|90.216370|2.192464|-59.758575|0.805552|1.000000|1.000000|1.000000
AEG003_082_1009|13|-59.587395|-0.099812|79.797684|-0.014513|-178.501785|-2.302382|1.000000|1.000000|1.000000
AEG003_082_1010|13|-55.872158|0.045414|69.222633|2.578943|-118.887749|-1.112734|1.000000|1.000000|1.000000
AEG003_082_1011|13|-36.268978|-0.051138|21.025026|-1.270827|15.323039|2.011518|1.000000|1.000000|1.000000
AEG003_082_1012|13|-45.239906|0.556187|55.360477|-1.919595|15.288916|3.596559|1.000000|1.000000|1.000000
AEG003_082_1013|13|-47.425194|0.274427|109.036613|-0.535658|15.248727|2.445728|1.000000|1.000000|1.000000
AEG003_082_1014|13|-39.308392|1.011324|70.842407|2.544928|-59.593681|-2.353082|1.000000|1.000000|1.000000
AEG003_082_1015|13|-58.227024|-0.145979|56.342323|-0.958896|15.241732|1.720552|1.000000|1.000000|1.000000
AEG003_082_1016|13|-32.150299|0.980214|97.120079|2.947063|15.290116|-0.459180|1.000000|1.000000|1.000000
AEG003_082_1017|13|-59.793793|-0.193911|104.782547|1.654736|-99.760399|-0.278628|1.000000|1.000000|1.000000
AEG003_082_1018|13|-49.732872|0.349442|81.251999|2.670823|-59.756699|1.226293|1.000000|1.000000|1.000000
AEG003_084_1001|13|-53.118759|0.092869|94.283470|2.045450|-119.485733|-1.664611|1.000000|1.000000|1.000000
AEG003_084_1002|13|-59.854000|-0.073649|68.326050|0.934452|67.503212|2.069383|1.000000|1.000000|1.000000
AEG003_084_1003|13|-39.167076|0.915435|77.316109|1.425133|-16.546535|2.589352|1.000000|1.000000|1.000000
AEG003_084_1004|13|-39.701309|0.580908|112.198936|-1.550821|136.462769|-1.341778|1.000000|1.000000|1.000000
AEG003_084_1005|13|-34.160320|0.780599|126.484268|-0.226670|159.466476|-1.914163|1.000000|1.000000|1.000000
AEG003_084_1006|13|-53.678627|0.034633|99.476295|-0.521430|174.466446|-2.418821|1.000000|1.000000|1.000000
AEG003_084_1007|13|-53.595242|-0.030125|49.583832|-2.834501|67.472099|0.194005|1.000000|1.000000|1.000000
AEG003_085_1002|13|-54.456291|-0.016039|117.836868|2.047773|-95.763580|-0.245202|1.000000|1.000000|1.000000
AEG003_085_1003|13|-50.263302|0.152237|107.954964|-0.199198|178.381775|-2.435611|1.000000|1.000000|1.000000
AEG003_085_1004|13|-53.345051|0.146741|85.650627|-2.463946|71.378998|1.219762|1.000000|1.000000|1.000000
AEG003_085_1005|13|-58.299278|-0.045620|77.937523|1.024474|-27.525139|2.026845|1.000000|1.000000|1.000000
AEG003_085_1006|13|-28.203886|-0.149969|7.418249|3.568063|-95.952530|3.634098|1.000000|1.000000|1.000000
AEG003_085_1007|13|-29.585987|0.462696|20.049225|6.247056|-129.349457|-3.392992|1.000000|1.000000|1.000000
AEG003_085_1008|13|-50.230797|0.150407|113.935310|-0.036385|178.397766|-2.309233|1.000000|1.000000|1.000000
AEG003_085_1009|13|-37.039154|0.772690|99.147545|2.013103|-95.747429|-0.687484|1.000000|1.000000|1.000000
AEG003_085_1010|13|-49.696980|0.377508|71.362541|-3.044559|71.372322|0.976280|1.000000|1.000000|1.000000
AEG003_085_1011|13|-54.057961|0.026228|55.660591|0.677500|-27.534996|2.689593|1.000000|1.000000|1.000000
AEG003_085_1012|13|-32.290192|0.825813|125.123680|-1.631700|92.220009|-0.409954|1.000000|1.000000|1.000000
AEG003_085_1013|13|-45.806854|0.540262|82.183746|2.464250|-50.676792|1.442809|1.000000|1.000000|1.000000
AEG004_686_1000|13|-45.535110|0.273844|110.644447|-53.249737|-33.004543|-33.868061|1.000000|1.000000|1.000000
AEG004_686_1002|13|-56.538280|-0.647820|120.825745|-38.368420|-30.763142|-9.175732|1.000000|1.000000|1.000000
AEG004_686_1003|13|-40.418812|0.338116|76.364433|-27.778193|-2.923074|-17.158007|1.000000|1.000000|1.000000
AEG004_904_1000|13|-45.778542|0.448062|112.869514|-6.973815|-68.497841|-76.369324|1.000000|1.000000|1.000000
AEG004_904_1001|13|-70.052864|-0.513298|30.665239|-9.315181|145.548447|-45.822094|1.000000|1.000000|1.000000
AEG004_904_1002|13|-32.002773|1.371745|87.596191|-170.729202|-7.587843|23.963894|1.000000|1.000000|1.000000
AEG004_904_1003|13|-28.940950|1.358520|40.945801|-4.021109|117.707954|-5.654522|1.000000|1.000000|1.000000
AEG004_904_1004|13|-20.670141|-0.241081|-1.710156|17.047430|-2.632215|-105.706039|1.000000|1.000000|1.000000
AEG004_904_1018|13|-76.798248|-0.311587|113.562996|-38.028942|161.806503|-75.158813|1.000000|1.000000|1.000000
AEG004_904_1019|13|-93.645737|-0.340067|74.282356|30.939623|-12.522940|-99.585876|1.000000|1.000000|1.000000
AEG004_904_1020|13|-69.244324|-0.451317|71.360146|-0.031419|177.959839|-1.797025|1.000000|1.000000|1.000000
AEG030_582_1001|13|-58.900753|-0.082374|83.455055|0.769161|-15.025479|2.107496|1.000000|1.000000|1.000000
AEG030_582_1002|13|-54.270290|0.082547|88.724297|1.105316|-144.970581|-2.312733|1.000000|1.000000|1.000000
AEG030_582_1003|13|-60.181087|-0.129498|70.646126|-1.341817|135.971359|-1.574843|1.000000|1.000000|1.000000
AEG030_582_1004|13|-58.970036|-0.163353|100.536423|0.360251|-5.969950|1.783144|1.000000|1.000000|1.000000
AEG030_582_1005|13|-54.224880|-0.001824|102.681465|-2.174263|88.032249|0.242499|1.000000|1.000000|1.000000
AEG030_582_1007|13|-55.406998|-0.054550|120.604263|1.628345|-120.927177|-1.086223|1.000000|1.000000|1.000000
AEG030_582_1008|13|-34.691349|-0.015633|18.382078|3.099102|-125.920700|-0.861578|1.000000|1.000000|1.000000
AEG030_582_1009|13|-55.398537|-0.052475|54.131229|0.663239|-177.941330|-2.601354|1.000000|1.000000|1.000000
AEG030_582_1010|13|-33.394547|0.877964|100.604095|-1.268473|142.936951|-0.972321|1.000000|1.000000|1.000000
AEG030_582_1011|13|-49.542004|0.179531|111.632690|1.909393|-126.951073|-1.465440|1.000000|1.000000|1.000000
AEG030_582_1012|13|-44.621147|0.381768|114.562637|-2.167867|117.039856|-0.975953|1.000000|1.000000|1.000000
AEG030_582_1013|13|-41.614349|0.818737|74.044327|-2.756415|129.994690|-1.594931|1.000000|1.000000|1.000000
AEG030_582_1014|13|-46.711784|0.548668|68.901161|0.160810|-2.010549|3.431733|1.000000|1.000000|1.000000
AEG030_582_1015|13|-45.961967|0.459255|52.659813|-1.074871|-0.001912|3.949543|1.000000|1.000000|1.000000
AEG030_582_1016|13|-27.830900|-0.311203|3.941339|-1.599050|-15.999430|2.184240|1.000000|1.000000|1.000000
AEG030_582_1017|13|-49.178448|0.388325|78.958183|2.474250|-117.940331|-1.582841|1.000000|1.000000|1.000000
AEG099_373_1005|13|120.819611|26.847750|-35.346432|0.420466|-35.037125|2.379365|1.000000|1.000000|1.000000
AEG099_373_1012|13|129.196732|26.714705|-45.700470|-0.002091|-34.676159|0.005355|1.000000|1.000000|1.000000
AEG099_373_1019|13|124.846016|27.238798|-27.865969|3.441733|-35.712212|5.800361|1.000000|1.000000|1.000000
AEG099_377_1002|13|131.739258|27.491787|-38.345375|-0.000572|-35.082371|0.006912|1.000000|1.000000|1.000000
AEG099_377_1007|13|117.156609|26.704155|-40.063236|-0.001970|145.252182|0.000847|1.000000|1.000000|1.000000
AEG099_377_1008|13|125.125023|26.693485|-40.489990|0.001093|145.170425|-0.004336|1.000000|1.000000|1.000000
AEG099_377_1009|13|135.230362|27.060560|-43.400909|0.002076|150.001740|-0.007171|1.000000|1.000000|1.000000
AEG099_377_1010|13|129.460052|25.752636|-56.823414|-0.000000|140.049652|-0.000003|1.000000|1.000000|1.000000
AEG099_377_1011|13|125.373840|25.980724|-50.982182|-0.000003|-35.263710|0.000000|1.000000|1.000000|1.000000
AEG099_378_1002|13|133.184952|26.340429|-50.821007|-0.003239|-34.648449|5.005682|1.000000|1.000000|1.000000
AEG099_378_1009|13|127.858124|27.420635|-33.383041|1.098623|-35.417255|5.879100|1.000000|1.000000|1.000000
AEG099_378_1013|13|121.263130|26.398933|-46.360344|2.911026|145.141922|-2.729589|1.000000|1.000000|1.000000
AEG099_680_9000|13|23.711000|0.555000|97.662003|-0.461000|107.209000|-0.426000|1.000000|1.000000|1.000000
AEG099_680_9001|13|-3.805000|4.572000|37.602001|-5.440000|85.050003|0.352000|1.000000|1.000000|1.000000
AEG099_680_9002|13|21.427000|0.513000|98.938004|0.095000|-35.764000|0.911000|1.000000|1.000000|1.000000
AEG099_680_9003|13|23.601000|10.072000|-3.910000|0.000000|40.016998|0.000000|1.000000|1.000000|1.000000
AEG099_680_9005|13|103.333000|19.045000|30.547001|0.311000|-143.641006|-9.157000|1.000000|1.000000|1.000000
AEG099_680_9007|13|111.543999|13.834000|112.001999|11.899000|-43.438000|4.044000|1.000000|1.000000|1.000000
AEG099_680_9008|13|99.075996|23.531000|-73.355003|1.430000|-161.639999|-1.883000|1.000000|1.000000|1.000000
AEG099_690_9000|13|13.334000|0.417000|92.309998|0.000000|92.581001|0.000000|1.000000|1.000000|1.000000
AEG099_720_9000|13|55.786999|3.705000|110.788002|1.565000|-33.785000|2.988000|1.000000|1.000000|1.000000
AEG099_720_9001|13|74.728996|8.532000|64.801003|3.369000|-78.054001|-1.020000|1.000000|1.000000|1.000000
AEG099_720_9002|13|28.843000|3.597000|61.471001|2.900000|-13.625000|-0.000000|1.000000|1.000000|1.000000
AEG099_720_9003|13|63.730000|4.374000|109.182999|0.000000|-78.252998|1.464000|1.000000|1.000000|1.000000
AEG099_720_9010|13|30.059000|4.638000|55.401001|0.000000|118.402000|0.000000|1.000000|1.000000|1.000000
AEG099_720_9011|13|28.469999|4.029000|57.418999|-5.986000|-137.675003|-1.602000|1.000000|1.000000|1.000000
AEG099_720_9014|13|35.119999|4.500000|58.582001|2.570000|64.475998|7.282000|1.000000|1.000000|1.000000
AEG099_720_9015|13|72.320000|8.720000|60.458000|-10.899000|153.362000|-8.391000|1.000000|1.000000|1.000000
AEG099_720_9016|13|-8.535000|4.195000|22.365999|5.169000|-14.748000|6.044000|1.000000|1.000000|1.000000
AEG099_720_9021|13|24.940001|11.283000|-29.285000|-8.738000|102.851997|0.906000|1.000000|1.000000|1.000000
AEG099_720_9022|13|86.695000|25.737000|-35.570999|0.000000|165.292999|0.000000|1.000000|1.000000|1.000000
AEG099_720_9024|13|88.523003|25.546000|-31.393000|1.642000|13.693000|-3.533000|1.000000|1.000000|1.000000
AEG099_720_9025|13|75.529999|19.981001|-8.564000|-9.664000|108.206001|4.095000|1.000000|1.000000|1.000000
AEG099_720_9030|13|101.447998|13.562000|84.628998|2.495000|-127.422997|-14.977000|1.000000|1.000000|1.000000
AEG099_720_9031|13|105.494003|14.837000|82.545998|-2.443000|48.466999|17.245001|1.000000|1.000000|1.000000
AEG099_760_9000|13|77.558998|21.197001|-55.551998|0.210000|-99.072998|1.602000|1.000000|1.000000|1.000000
AEG099_760_9001|13|-7.320000|0.952000|108.718002|1.436000|2.862000|0.474000|1.000000|1.000000|1.000000
AEG099_760_9003|13|109.795998|14.649000|100.882004|0.844000|170.412994|-11.727000|1.000000|1.000000|1.000000
AEG201_001_1000|13|-2.933823|-0.017362|104.142479|-0.000307|27.775518|0.001366|1.000000|1.000000|1.000000
AEG201_003_1001|13|6.917847|0.574114|100.549065|0.000000|151.067993|0.000000|1.000000|1.000000|1.000000
AEG201_008_1000|13|6.917847|0.574114|100.549065|0.000000|151.067993|0.000000|1.000000|1.000000|1.000000
AEG201_009_1000|13|6.917847|0.574114|100.549065|0.000000|151.067993|0.000000|1.000000|1.000000|1.000000
AEG201_027_1001|13|-0.086012|0.000013|2.269090|0.143116|-42.938396|0.000568|1.000000|1.000000|1.000000
AEG201_027_1004|13|4.890679|0.592896|100.771065|-0.975601|-114.134804|-1.504406|1.000000|1.000000|1.000000
AEG201_028_1001|13|6.760488|0.602753|106.449463|1.010021|-147.837341|1.327106|1.000000|1.000000|1.000000
AEG201_031_1001|13|5.997383|0.597413|105.944336|-0.319260|-107.494789|1.834261|1.000000|1.000000|1.000000
AEG201_031_1021|13|-60.251110|-0.448564|69.759262|-49.657482|-82.452881|-35.465649|1.000000|1.000000|1.000000
AEG201_031_1022|13|-54.117764|-0.130753|100.110924|63.021255|-53.772701|-32.006828|1.000000|1.000000|1.000000
AEG201_033_1002|13|4.054949|0.622185|96.400635|-0.396639|-49.617336|-3.236572|1.000000|1.000000|1.000000
AEG201_033_1003|13|12.710692|0.492455|96.584969|0.201873|-139.090500|0.061253|1.000000|1.000000|1.000000
AEG201_033_1004|13|8.897218|0.586877|98.898392|-0.044436|-119.091866|-0.854449|1.000000|1.000000|1.000000
AEG201_043_1001|13|0.315360|0.000286|3.194410|0.000145|-0.221755|0.000117|1.000000|1.000000|1.000000
AEG201_043_1003|13|5.524047|0.653183|97.591301|-0.000059|-0.347051|-0.000027|1.000000|1.000000|1.000000
AEG700_043_1001|13|-1.401928|-0.000919|3.165370|0.056386|-46.061047|0.019441|1.000000|1.000000|1.000000
AEG700_066_1005|13|7.311771|0.725831|89.308228|-2.171072|161.461838|3.172650|1.000000|1.000000|1.000000
AEG700_066_1006|13|19.724060|0.401124|97.597717|3.031484|63.404392|4.104478|1.000000|1.000000|1.000000
AEG700_066_1007|13|12.372555|0.670655|110.002090|2.676068|63.017963|-1.644358|1.000000|1.000000|1.000000
AEG700_066_1008|13|10.445495|0.865234|113.803795|1.960265|61.117661|-3.629092|1.000000|1.000000|1.000000
AEG700_066_1009|13|18.839899|0.675048|94.602730|-4.591937|156.162872|2.265082|1.000000|1.000000|1.000000
AEG700_066_1010|13|4.548221|0.639527|113.582657|-3.828952|-27.807665|-3.152096|1.000000|1.000000|1.000000
AEG700_069_1005|13|17.627741|0.167969|101.224113|-3.338498|-118.199921|-2.433270|1.000000|1.000000|1.000000
AEG700_069_1006|13|0.298102|0.949585|111.394653|2.723196|150.446304|3.964214|1.000000|1.000000|1.000000
AEG700_101_1000|13|-56.955547|-0.134375|55.679096|4.518033|-163.024109|22.349688|1.000000|1.000000|1.000000
AEG700_101_1001|13|-30.092236|1.641846|61.570923|-4.908588|173.922791|-49.646149|1.000000|1.000000|1.000000
AEG700_101_1002|13|-44.588539|0.652443|71.398071|-7.863300|31.955606|-0.692754|1.000000|1.000000|1.000000
AEG700_101_1003|13|-23.893272|-0.647471|-1.035257|2.455529|164.873169|-0.873070|1.000000|1.000000|1.000000
AEG700_101_1004|13|-33.564850|0.799405|100.088554|-4.624837|-13.059969|20.957827|1.000000|1.000000|1.000000
AEG700_101_1017|13|-33.027355|0.566558|125.724045|-6.581683|48.101910|5.804397|1.000000|1.000000|1.000000
AEG700_101_1020|13|-57.839100|-0.252460|101.616730|-6.287737|-70.896828|2.765352|1.000000|1.000000|1.000000
AEG800_011_1003|13|4.340233|0.667655|95.335960|-2.691688|-107.655327|-1.798362|1.000000|1.000000|1.000000
AEG800_011_1004|13|11.131449|0.617035|106.727783|0.980596|-107.673630|0.993628|1.000000|1.000000|1.000000
AEG800_011_1005|13|13.613938|0.508102|97.840813|0.240805|142.852295|-0.765791|1.000000|1.000000|1.000000
AEG800_011_1006|13|5.516996|0.696899|94.522469|-2.434478|-107.667809|-2.337565|1.000000|1.000000|1.000000
AEG800_011_1007|13|5.915506|0.614124|97.037056|-0.872961|142.863113|0.842626|1.000000|1.000000|1.000000
AEG800_011_1008|13|9.758739|0.588577|99.299736|-0.824447|142.852127|-0.119541|1.000000|1.000000|1.000000
AEG801_006_7074|13|-7.851000|5.015310|5.857176|0.995569|11.756724|-0.278590|1.100000|1.100000|1.100000
AEG801_006_7077|13|-5.629603|5.065397|9.316125|-1.047796|178.063385|-4.889455|0.900000|0.900000|0.900000
AEG801_006_7078|13|-8.443853|4.607223|12.278806|2.232407|-102.959541|-2.201889|1.100000|1.100000|1.100000
AEG801_006_7082|13|33.494644|4.905305|55.268063|-9.045106|150.451355|-0.011556|1.100000|1.100000|1.100000
AEG801_006_7085|13|25.466801|4.537110|53.654781|-0.899363|-121.551712|-8.230782|1.100000|1.100000|1.100000
AEG801_006_7100|13|85.349503|25.110983|-28.124008|-0.379622|16.508699|-1.073596|1.100000|1.100000|1.100000
AEG801_006_7102|13|81.848267|22.323191|-14.521729|3.496346|17.525019|17.394199|1.100000|1.100000|1.100000
AEG801_006_7103|13|85.162392|26.245668|-39.562283|-4.456922|-112.048180|-3.278838|1.100000|1.100000|1.100000
AEG801_006_7108|13|99.214912|12.846972|87.209473|14.561581|-51.161411|6.051493|1.100000|1.100000|1.100000
AEG801_006_7110|13|102.514641|14.187496|81.852837|14.787553|-52.029419|5.407407|1.100000|1.100000|1.100000
AEG801_006_7112|13|100.514915|12.740484|93.269569|-9.172693|157.545685|-12.171730|1.100000|1.100000|1.100000
AEG801_006_7122|13|68.258667|7.334472|64.432869|13.199563|-47.720886|0.114528|1.100000|1.100000|1.100000
AEG801_006_7123|13|108.564713|14.007325|102.647476|-8.732178|59.795418|10.189195|1.100000|1.100000|1.100000
AEG801_006_7124|13|113.831543|15.199955|102.286743|10.892377|-34.635090|7.401440|1.100000|1.100000|1.100000
AEG801_006_7125|13|113.174065|14.685789|106.895393|0.711515|16.912172|12.604651|1.100000|1.100000|1.100000
AEG801_006_7129|13|14.088863|0.536132|100.221680|-0.809214|-7.249659|0.557425|1.100000|1.100000|1.100000
AEG801_006_7131|13|18.169815|0.456810|92.026604|-1.254593|36.688404|0.299408|1.100000|1.100000|1.100000
AEG801_006_7132|13|21.799507|0.505486|89.619644|-0.250769|-12.309330|1.582200|1.100000|1.100000|1.100000
AEG801_006_7133|13|17.671534|0.412842|86.921875|0.210889|-78.279518|0.159881|1.100000|1.100000|1.100000
AEG801_006_7134|13|5.029470|0.747490|88.920906|-1.770173|-65.380791|-1.859918|1.100000|1.100000|1.100000
AEG801_006_7135|13|1.102303|0.904632|88.964851|2.183967|31.665123|-1.256570|1.100000|1.100000|1.100000
AEG801_006_7136|13|-0.646499|1.066230|85.385239|-1.732821|177.664185|2.209102|1.100000|1.100000|1.100000
AEG801_006_7137|13|-6.780150|0.921631|107.246582|-1.081775|-101.344643|-0.057170|1.100000|1.100000|1.100000
AEG801_006_7138|13|6.389896|0.677005|109.213142|0.467813|-102.368599|-0.634115|1.100000|1.100000|1.100000
AEG801_006_7141|13|74.969688|9.196338|62.015862|-13.532781|154.938705|-8.780144|1.100000|1.100000|1.100000
AEG801_006_7142|13|75.689407|20.486721|-11.237543|-10.530021|153.859726|-8.289253|1.100000|1.100000|1.100000
AEG801_006_7143|13|86.260483|25.544260|-31.774780|-4.347776|-116.971062|0.660042|1.100000|1.100000|1.100000
AEG801_006_7144|13|21.831940|10.043199|-9.738038|-8.140092|94.740387|0.881422|1.100000|1.100000|1.100000
AEG801_006_7145|13|-11.659566|4.223081|9.575451|-3.312587|-87.624290|-7.942636|1.100000|1.100000|1.100000
AEG801_006_7146|13|33.899773|4.133209|60.965820|2.462557|-100.991646|-8.619768|1.100000|1.100000|1.100000
AEG801_006_7147|13|26.011734|3.010454|64.282715|10.772219|-49.172203|-4.287262|1.100000|1.100000|1.100000
AEG801_006_7148|13|103.848625|14.282959|84.854187|-4.077619|-177.510315|-15.069300|1.100000|1.100000|1.100000
AEG801_006_7149|13|102.719521|13.645773|88.949471|10.327845|-121.214920|-11.558820|1.100000|1.100000|1.100000
AEG801_006_7150|13|110.011467|14.146484|105.043709|-12.632138|94.789413|3.235049|1.100000|1.100000|1.100000
AEG801_006_7151|13|103.810425|24.229465|-74.295029|-8.110163|95.181274|3.337286|1.100000|1.100000|1.100000
AEG801_006_7152|13|12.620263|0.468453|90.050781|-1.080700|-72.293816|-0.377873|1.100000|1.100000|1.100000
AEG801_006_7154|13|27.664385|11.687309|-34.297855|-8.732137|94.887260|-0.751680|1.100000|1.100000|1.100000
AEG801_006_7155|13|79.566025|21.311733|-11.090577|-11.392012|96.215927|8.702236|1.100000|1.100000|1.100000
AEG801_006_7156|13|79.323135|21.364975|-51.347176|-0.084285|-168.307983|-7.017702|1.100000|1.100000|1.100000
AEG801_006_7157|13|79.890625|21.528170|-56.267838|-5.544983|22.623838|10.757466|1.100000|1.100000|1.100000
AEG801_006_7158|13|79.951729|10.352221|62.518311|15.663154|-48.570328|3.414413|0.900000|0.900000|0.900000
AEG801_006_7159|13|86.892525|9.043286|93.628899|5.319269|-7.867222|14.757936|1.100000|1.100000|1.100000
AEG801_006_7160|13|78.203407|6.674550|95.433609|-6.592948|157.545685|-12.171731|1.100000|1.100000|1.100000
AEG801_006_7161|13|88.368149|9.649456|90.451416|5.778914|-7.864205|14.727886|0.900000|0.900000|0.900000
AEG801_006_7162|13|107.752968|20.525906|26.768066|7.411302|-7.342976|9.964346|1.100000|1.100000|1.100000
AEG801_006_7163|13|110.284119|21.388794|23.082523|7.701449|-7.058446|8.326603|0.900000|0.900000|0.900000
AEG801_006_7164|13|103.986511|18.746536|39.438725|-8.658322|158.324814|-6.995369|1.100000|1.100000|1.100000
AEG801_006_7165|13|33.210934|10.952988|9.328617|0.007486|-72.520157|-0.002991|1.100000|1.100000|1.100000
AEG801_006_7166|13|31.069214|10.980767|6.060546|3.015965|-121.585457|-6.766670|1.100000|1.100000|1.100000
AEG801_006_7167|13|82.547974|25.582165|-32.032532|11.261781|14.892947|-2.230918|0.900000|0.900000|0.900000
AEG801_006_7168|13|45.061371|15.437439|-42.045414|12.116345|-73.036293|3.755238|1.100000|1.100000|1.100000
AEG801_006_7169|13|43.138187|14.999191|-38.483402|11.070205|-121.567780|-6.908582|1.100000|1.100000|1.100000
AEG801_006_7170|13|27.008038|3.676170|60.524162|9.377084|-24.169237|0.184360|1.100000|1.100000|1.100000
AEG801_006_7171|13|-9.241238|0.931244|119.752670|-0.150389|-7.064976|-0.716360|0.900000|0.900000|0.900000
AEG801_006_7172|13|-17.080994|1.003239|122.579338|0.346263|157.140289|0.008907|1.100000|1.100000|1.100000
AEG801_006_7173|13|-17.599913|0.997116|117.636963|0.110157|-7.145529|-0.180266|1.100000|1.100000|1.100000
AEG801_006_7174|13|57.754932|3.895827|108.420883|0.930245|157.993790|-6.465558|1.100000|1.100000|1.100000
AEG801_006_7175|13|67.011574|4.930483|109.502945|-1.783083|-7.617398|7.214647|0.900000|0.900000|0.900000
AEG801_006_7176|13|64.461273|4.832260|112.868889|-2.490183|-7.656323|6.483407|1.100000|1.100000|1.100000
AEG801_006_7177|13|52.868679|3.493394|109.807869|-6.594847|47.252605|1.145587|0.900000|0.900000|0.900000
AEG801_011_7020|13|-6.339032|5.027333|8.622196|0.000000|-132.918182|-0.000003|1.000000|1.000000|1.000000
AEG801_011_7028|13|32.739895|4.887000|54.971191|-0.000002|74.385277|0.000000|1.000000|1.000000|1.000000
AEG801_011_7031|13|25.230705|4.506712|53.774658|0.005164|26.975805|0.006721|1.000000|1.000000|1.000000
AEG801_011_7046|13|85.604530|25.246181|-27.781647|-0.000000|101.592369|-0.000004|1.000000|1.000000|1.000000
AEG801_011_7048|13|82.231964|22.263103|-13.665276|-0.000000|4.093807|0.000000|1.000000|1.000000|1.000000
AEG801_011_7049|13|85.399178|26.149202|-38.536640|0.000000|98.154236|0.000000|1.000000|1.000000|1.000000
AEG801_011_7056|13|103.947144|15.475294|83.149681|0.000082|140.734299|0.000082|1.000000|1.000000|1.000000
AEG801_011_7058|13|101.180435|12.925539|93.106529|0.000000|137.658249|0.000000|1.000000|1.000000|1.000000
AEG801_011_7068|13|68.006195|7.220703|64.851807|-0.000006|66.607262|0.000000|1.000000|1.000000|1.000000
AEG801_011_7069|13|109.195320|14.166628|102.417740|0.001694|11.838822|0.013251|1.000000|1.000000|1.000000
AEG801_011_7070|13|114.466530|15.355957|102.062721|0.009562|-111.141762|-0.009064|1.000000|1.000000|1.000000
AEG801_011_7071|13|113.817368|14.837770|106.667839|0.010081|-32.660801|0.007622|1.000000|1.000000|1.000000
AEG801_011_7075|13|14.875481|0.543213|100.042961|0.000820|-100.244606|0.000820|1.000000|1.000000|1.000000
AEG801_011_7077|13|17.951319|0.454086|92.063232|0.000000|-118.305244|0.000000|1.000000|1.000000|1.000000
AEG801_011_7079|13|18.505646|0.419190|86.705086|-0.000544|76.741463|0.000000|1.000000|1.000000|1.000000
AEG801_011_7081|13|0.093033|1.020996|85.926994|-0.000000|0.336172|-0.000002|1.000000|1.000000|1.000000
AEG801_011_7083|13|-5.945928|0.906983|107.049675|-0.000603|-45.340752|-0.000960|1.000000|1.000000|1.000000
AEG801_011_7084|13|7.259026|0.666749|108.980118|-0.000643|-86.362823|-0.000401|1.000000|1.000000|1.000000
AEG801_011_7085|13|78.050774|21.328266|-52.910030|0.000000|33.959846|-0.000000|1.000000|1.000000|1.000000
AEG801_011_7086|13|86.892525|9.043286|93.628899|0.000027|-99.282364|-0.000006|1.000000|1.000000|1.000000
AEG801_011_7087|13|107.861198|20.585920|26.405764|-0.000000|-98.597633|-0.000008|1.000000|1.000000|1.000000
AEG801_011_7088|13|34.605881|11.190269|8.395754|-0.006069|169.714722|-0.005590|1.000000|1.000000|1.000000
AEG801_011_7089|13|43.306519|15.038200|-39.272461|-0.000003|168.805481|-0.000013|1.000000|1.000000|1.000000
AEG801_011_7090|13|-17.115721|0.994942|119.508774|-0.000000|-99.282486|0.000000|1.000000|1.000000|1.000000
AEG801_011_7091|13|64.774017|4.826214|112.171143|-0.000007|45.836590|-0.000000|1.000000|1.000000|1.000000
AEG801_016_7000|13|85.417740|26.026646|-36.995968|0.000000|-101.105362|0.000000|1.000000|1.000000|1.000000
AEG801_016_7002|13|-9.881989|4.720688|7.326071|-0.000000|83.986885|-0.000000|1.000000|1.000000|1.000000
AEG801_016_7003|13|112.216797|14.245361|110.141106|0.000000|-55.543087|0.000000|1.000000|1.000000|1.000000
AEG801_016_7004|13|100.606407|23.861839|-71.571487|0.000000|179.256439|0.000000|1.000000|1.000000|1.000000
AEG801_016_7005|13|14.055593|0.440247|86.426514|0.000000|-93.138023|0.000000|1.000000|1.000000|1.000000
AEG801_016_7006|13|25.977846|11.428327|-32.414291|-0.000001|179.202209|-0.000008|1.000000|1.000000|1.000000
AEG801_250_7000|13|75.926636|9.476871|62.016460|0.000000|-65.178558|0.000000|1.000000|1.000000|1.000000
AEG801_250_7001|13|78.404503|21.047588|-10.906006|0.000000|-5.896564|0.000000|1.000000|1.000000|1.000000
AEG801_250_7002|13|85.895401|25.576591|-31.945910|-0.000003|-173.121094|0.000000|0.700000|0.700000|0.700000
AEG801_250_7003|13|22.161133|10.077148|-9.313235|0.000000|-123.907677|0.000000|0.600000|0.600000|0.600000
AEG801_250_7004|13|-10.123361|4.645390|8.250402|-0.000002|-58.007370|-0.000001|0.700000|0.700000|0.700000
AEG801_250_7005|13|33.380417|4.119568|60.798096|0.000000|124.584030|0.000000|0.650000|0.650000|0.650000
AEG801_250_7006|13|25.456532|3.088478|63.531494|-0.000010|139.658401|-0.000000|0.700000|0.700000|0.700000
AEG801_250_7007|13|27.665787|3.683352|60.822021|0.000000|-153.998505|0.000000|1.000000|1.000000|1.000000
AEG801_250_7008|13|25.328415|3.819335|58.767769|0.000008|120.982567|0.000005|0.625775|0.625775|0.625775
AEG801_250_7009|13|30.027822|4.433128|56.730225|-0.000006|101.962677|0.000000|0.500000|0.500000|0.500000
AEG801_250_7010|13|101.494377|13.315182|89.009476|0.000000|149.650589|0.000000|1.000000|1.000000|1.000000
AEG801_250_7011|13|104.195763|14.359207|85.040771|-0.000015|93.379982|0.000000|0.600000|0.600000|0.600000
AEG801_250_7012|13|110.291008|14.285769|104.004150|0.000000|157.075562|0.000000|0.700000|0.700000|0.700000
AEG801_250_7013|13|103.377327|24.037243|-73.762512|0.000000|-114.301819|0.000000|0.700000|0.700000|0.700000
AEG801_250_7014|13|12.614456|0.470901|88.378662|-0.000000|17.871908|-0.000001|0.700000|0.700000|0.700000
AEG801_250_7015|13|26.300949|11.863998|-35.064594|0.000000|-114.675064|0.000000|0.700000|0.700000|0.700000
AEG801_250_7016|13|72.553658|20.540693|-48.632725|-0.000000|-113.274918|-0.000004|0.700000|0.700000|0.700000
AEG801_250_7017|13|79.394753|21.393440|-52.585693|-0.000005|49.822975|0.000000|1.000000|1.000000|1.000000
AEG801_250_7018|13|78.619041|9.951326|62.986092|-0.000016|124.199097|-0.000001|0.650000|0.650000|0.650000
AEG801_250_7019|13|74.381821|9.340408|60.276146|-0.000016|-128.058624|-0.000004|0.700000|0.700000|0.700000
AEG801_253_7000|13|34.878551|4.249138|60.610100|-0.000008|138.093079|0.000000|0.800000|0.800000|0.800000
AEG801_253_7003|13|24.503551|2.672837|65.350594|-0.000012|125.016495|-0.000002|0.700000|0.700000|0.700000
AEG801_253_7004|13|22.007624|10.077250|-10.062014|-0.000007|106.338211|0.000000|0.800000|0.800000|0.800000
AEG801_253_7005|13|-8.771483|4.563430|12.444728|-0.000002|106.472893|-0.000001|0.800000|0.800000|0.800000
AEG801_253_7006|13|76.960228|20.666943|-10.459229|-0.000013|106.917900|-0.000000|1.000000|1.000000|1.000000
AEG801_253_7007|13|87.207008|25.573381|-32.695023|0.000000|106.535179|0.000000|0.900000|0.900000|0.900000
AEG801_253_7008|13|104.578827|24.298695|-72.832169|0.000000|-3.016616|0.000000|0.900000|0.900000|0.900000
AEG801_253_7009|13|73.542809|8.946460|61.478516|-0.000014|151.805481|-0.000007|1.000000|1.000000|1.000000
AEG801_253_7010|13|102.444885|13.643970|88.044678|-0.000015|109.799805|-0.000001|1.000000|1.000000|1.000000
AEG801_253_7011|13|110.941765|14.706297|100.594490|-0.013162|122.639954|-0.002887|0.900000|0.900000|0.900000
AEG801_253_7012|13|114.951050|15.246094|104.575691|0.000000|137.015686|0.000000|0.800000|0.800000|0.800000
AEG801_253_7013|13|11.597343|0.494247|88.885986|-0.000001|66.619843|-0.000001|1.000000|1.000000|1.000000
AEG801_253_7018|13|68.567871|7.583982|63.251167|0.000000|-14.843450|0.000000|0.800000|0.800000|0.800000
AEG801_253_7021|13|110.501953|14.094850|107.171387|0.000000|-93.415916|0.000000|0.700000|0.700000|0.700000
AEG801_253_7042|13|103.873306|24.247139|-75.497360|-0.000009|-95.902786|-0.000002|0.650000|0.650000|0.650000
AEG801_253_7045|13|4.716063|0.686279|107.488770|0.000000|144.628906|0.000000|0.900000|0.900000|0.900000
AEG801_253_7046|13|-8.542418|0.963623|105.218025|0.000000|-121.373306|0.000000|0.700000|0.700000|0.700000
AEG801_253_7047|13|16.038698|0.565918|100.434563|0.001448|-121.378105|0.000382|0.700000|0.700000|0.700000
AEG801_253_7048|13|2.380979|0.862655|88.540031|-0.000000|38.594227|-0.000001|0.900000|0.900000|0.900000
AEG801_253_7049|13|24.799225|11.392880|-32.083767|0.000000|-163.563354|0.000000|0.650000|0.650000|0.650000
AEG801_253_7051|13|28.348938|11.791849|-34.796143|0.000000|61.262943|0.000000|0.900000|0.900000|0.900000
AEG801_253_7053|13|71.945732|20.307438|-47.479622|0.000000|-2.800906|0.000000|0.900000|0.900000|0.900000
AEG801_253_7055|13|79.348221|21.481596|-55.018959|-0.000005|112.916389|-0.000003|1.000000|1.000000|1.000000
AEG801_253_7056|13|79.736038|10.409634|61.736076|-0.000015|135.971130|-0.000005|0.800000|0.800000|0.800000
AEG801_253_7058|13|19.210472|0.446137|89.672363|-0.000000|39.626282|-0.000000|1.000000|1.000000|1.000000
