m433900_0000|0|0.000000|0.000000|0.000000|0.000000|0.000000|0.000000|1.000000|1.000000|1.000000
m433901_0000|0|0.000000|0.000000|0.000000|0.000000|0.000000|0.000000|1.000000|1.000000|1.000000
m433902_0000|0|0.000000|0.000000|0.000000|0.000000|0.000000|0.000000|1.000000|1.000000|1.000000
m433903_0000|0|0.000000|0.000000|0.000000|0.000000|0.000000|0.000000|1.000000|1.000000|1.000000
c0100_9001|2|-13.547071|197.952423|91.803505|0.000000|14.253000|0.000000|1.000000|1.000000|1.000000
c1000_9002|2|20.879000|156.638000|0.727000|0.000000|117.447998|0.000000|1.000000|1.000000|1.000000
c4191_9000|2|36.409000|170.682999|-33.463001|2.138000|-169.834000|-0.944000|1.000000|1.000000|1.000000
c4220_9000|2|100.570999|100.787003|60.629002|0.032000|139.813004|-0.045000|1.000000|1.000000|1.000000
c4220_9001|2|90.779999|100.803001|8.608000|0.000000|9.137000|0.000000|1.000000|1.000000|1.000000
c4220_9002|2|107.176003|101.068001|-40.188999|2.255000|-131.393005|-0.373000|1.000000|1.000000|1.000000
c4220_9003|2|78.624001|100.802002|-8.255000|0.000000|141.757004|0.000000|1.000000|1.000000|1.000000
c4220_9004|2|-27.341999|175.214005|-64.202003|0.000000|-65.570999|0.000000|1.000000|1.000000|1.000000
c4230_9000|2|-25.070000|175.218994|-62.000999|0.000000|44.709999|0.000000|1.000000|1.000000|1.000000
c4230_9001|2|-26.959999|175.220993|-60.262001|0.000000|-15.670000|0.000000|1.000000|1.000000|1.000000
c4230_9002|2|-31.760000|175.214005|-64.175003|-0.570000|-98.997002|-0.000000|1.000000|1.000000|1.000000
c4230_9003|2|-27.186001|175.210007|-67.575996|0.000000|-45.698002|0.000000|1.000000|1.000000|1.000000
c4230_9004|2|-26.208000|175.203995|-76.570999|0.000000|-96.188004|0.000000|1.000000|1.000000|1.000000
c4230_9005|2|-20.929001|175.218002|-89.595001|-0.000000|117.417000|0.000000|1.000000|1.000000|1.000000
c4230_9006|2|-21.424999|175.214996|-86.827003|0.000000|30.424999|0.000000|1.000000|1.000000|1.000000
c4230_9007|2|-22.365999|175.216003|-88.626999|0.000000|-96.684998|0.000000|1.000000|1.000000|1.000000
c4230_9008|2|-33.615002|175.257004|-97.349998|-0.856000|-106.198997|0.654000|1.000000|1.000000|1.000000
c4230_9009|2|-7.272000|175.227005|-69.425003|0.000000|71.406998|0.000000|1.000000|1.000000|1.000000
c4230_9010|2|-6.387000|175.220993|-72.005997|0.000000|163.194000|0.000000|1.000000|1.000000|1.000000
c4230_9011|2|-20.426001|175.350006|-53.662998|3.636000|-166.139008|2.092000|1.000000|1.000000|1.000000
c4300_9000|2|-83.744003|192.654999|32.654999|0.000000|-105.160004|0.000000|1.000000|1.000000|1.000000
c4311_9005|2|34.206001|202.257996|47.866001|0.000000|66.572998|0.000000|1.000000|1.000000|1.000000
c4340_9001|2|73.789001|158.669006|1.461000|0.000000|-14.008000|0.000000|1.000000|1.000000|1.000000
c4351_9000|2|-106.950996|224.947006|-12.485000|0.712000|-13.471000|0.095000|1.000000|1.000000|1.000000
c4361_9000|2|-106.927002|222.932999|-12.626000|3.010000|-13.554000|0.000000|1.000000|1.000000|1.000000
c4371_9002|2|35.511002|202.610001|49.160000|0.000000|72.462997|0.000000|1.000000|1.000000|1.000000
c4371_9003|2|35.602001|203.089005|43.551998|0.000000|99.198997|0.000000|1.000000|1.000000|1.000000
c4371_9004|2|41.870998|205.035995|48.166000|0.000000|105.370003|0.000000|1.000000|1.000000|1.000000
c4490_9000|2|-17.650000|182.406998|-15.536000|0.000000|2.820000|0.000000|1.000000|1.000000|1.000000
c6001_9003|2|56.063999|206.940994|104.553001|0.000000|-64.155998|0.000000|1.000000|1.000000|1.000000
c6001_9004|2|57.349998|206.852005|107.164001|0.000000|-90.364998|0.000000|1.000000|1.000000|1.000000
c6001_9005|2|-8.157000|196.716995|25.594000|0.000000|-20.379000|0.000000|1.000000|1.000000|1.000000
c6001_9006|2|-9.767000|196.436996|24.893999|0.000000|-45.415001|0.000000|1.000000|1.000000|1.000000
c6001_9007|2|-53.981998|192.302994|12.539000|0.000000|-54.076000|0.000000|1.000000|1.000000|1.000000
c6001_9008|2|-56.313999|192.690002|13.370000|0.000000|-29.145000|0.000000|1.000000|1.000000|1.000000
c6001_9009|2|-101.019997|223.854996|-8.373000|0.000000|-5.158000|0.000000|1.000000|1.000000|1.000000
c6001_9010|2|-100.206001|224.042007|-9.396000|0.000000|-15.782000|0.000000|1.000000|1.000000|1.000000
c6001_9011|2|-86.075996|216.464005|42.577000|0.000000|-95.389000|0.000000|1.000000|1.000000|1.000000
c6001_9012|2|-87.315002|216.378998|43.639999|0.000000|-62.694000|0.000000|1.000000|1.000000|1.000000
c6001_9013|2|-79.095001|210.158997|91.945999|0.000000|-75.254997|0.000000|1.000000|1.000000|1.000000
c6001_9014|2|-80.646004|210.029999|90.139999|0.000000|-101.653999|0.000000|1.000000|1.000000|1.000000
c6001_9015|2|-112.959999|222.024002|45.575001|0.000000|-142.080002|0.000000|1.000000|1.000000|1.000000
c6001_9016|2|-110.942001|221.932007|44.299999|0.000000|-100.050003|0.000000|1.000000|1.000000|1.000000
c6001_9017|2|-82.194000|228.899994|116.447998|0.000000|-76.289001|0.000000|1.000000|1.000000|1.000000
c6001_9018|2|-82.793999|228.645004|114.973000|0.000000|-63.151001|0.000000|1.000000|1.000000|1.000000
c6001_9019|2|-83.163002|229.354996|117.587997|0.000000|-115.857002|0.000000|1.000000|1.000000|1.000000
c6001_9020|2|55.297001|181.957993|-61.647999|0.000000|-108.863998|0.000000|1.000000|1.000000|1.000000
c6001_9021|2|56.061001|181.419998|-60.139999|0.000000|-81.007004|0.000000|1.000000|1.000000|1.000000
c6001_9022|2|52.438000|180.182999|29.302999|0.000000|-68.356003|0.000000|1.000000|1.000000|1.000000
c6001_9023|2|52.980000|181.039001|32.035999|0.000000|-66.014000|0.000000|1.000000|1.000000|1.000000
c6001_9024|2|52.078999|181.024002|31.507999|0.000000|-68.568001|0.000000|1.000000|1.000000|1.000000
c6001_9025|2|15.184000|185.514008|-8.356000|0.000000|-99.935997|0.000000|1.000000|1.000000|1.000000
c6001_9026|2|12.982000|186.020996|-7.362000|0.000000|-130.382004|0.000000|1.000000|1.000000|1.000000
c6001_9027|2|-35.171001|196.742004|-43.560001|0.000000|-89.444000|0.000000|1.000000|1.000000|1.000000
c6001_9028|2|-35.611000|196.223999|-40.505001|0.000000|-68.195999|0.000000|1.000000|1.000000|1.000000
c6001_9029|2|-47.314999|205.076004|-90.005997|0.000000|-136.214005|0.000000|1.000000|1.000000|1.000000
c6001_9030|2|-48.532001|205.246994|-88.623001|0.000000|-110.860001|0.000000|1.000000|1.000000|1.000000
c6001_9032|2|-96.805000|210.940002|-81.362000|0.000000|129.154007|0.000000|1.000000|1.000000|1.000000
c6001_9033|2|-95.042999|210.785004|-79.991997|0.000000|163.097000|0.000000|1.000000|1.000000|1.000000
c6080_9000|2|-7.801000|179.830994|-35.973999|0.000000|21.797001|0.000000|1.000000|1.000000|1.000000
c6080_9001|2|-11.231000|176.522003|-67.228996|0.000000|-1.128000|0.000000|1.000000|1.000000|1.000000
c6080_9002|2|-26.056000|176.522003|-86.970001|0.000000|33.957001|0.000000|1.000000|1.000000|1.000000
c6080_9003|2|1.480000|177.292007|-93.837997|0.000000|-161.636002|0.000000|1.000000|1.000000|1.000000
c6080_9004|2|91.559998|102.098999|-100.813004|0.000000|176.160004|0.000000|1.000000|1.000000|1.000000
c6080_9005|2|118.804001|107.563004|-72.541000|0.000000|-54.022999|0.000000|1.000000|1.000000|1.000000
c6080_9006|2|65.968002|111.845001|-77.172997|0.000000|133.098999|0.000000|1.000000|1.000000|1.000000
c6080_9007|2|61.036999|102.428001|-41.414001|0.000000|103.587997|0.000000|1.000000|1.000000|1.000000
c6080_9008|2|112.044998|103.718002|-20.509001|0.000000|-137.328995|0.000000|1.000000|1.000000|1.000000
c6080_9009|2|102.086998|102.097000|40.882000|0.000000|-126.004997|0.000000|1.000000|1.000000|1.000000
c6080_9010|2|61.301998|109.356003|34.294998|0.000000|97.079002|0.000000|1.000000|1.000000|1.000000
c6080_9011|2|129.250000|105.828003|76.551003|0.000000|-17.936001|0.000000|1.000000|1.000000|1.000000
c6080_9012|2|93.419998|102.442001|111.077003|0.000000|-80.246002|0.000000|1.000000|1.000000|1.000000
c6090_9000|2|-19.477329|175.527679|-97.240242|-0.530000|157.897995|0.000000|1.000000|1.000000|1.000000
c6090_9002|2|109.158997|101.602997|-2.249000|7.188000|-69.394997|0.650000|1.000000|1.000000|1.000000
c6100_9000|2|-6.410954|177.755997|-58.232464|0.000000|79.430000|0.000000|1.000000|1.000000|1.000000
c6100_9001|2|-0.562952|178.839813|-48.345463|0.000000|61.803001|0.000000|1.000000|1.000000|1.000000
c6100_9002|2|-11.015953|175.852325|-51.190464|0.000000|174.320999|0.000000|1.000000|1.000000|1.000000
c6100_9006|2|-107.980003|193.102997|-110.084999|6.225000|-44.863998|-0.000000|1.000000|1.000000|1.000000
c6100_9007|2|-110.681000|193.639999|-114.521004|0.000000|-18.290001|0.000000|1.000000|1.000000|1.000000
c6100_9008|2|-107.172997|193.013000|-109.283997|7.541000|-20.461000|0.000000|1.000000|1.000000|1.000000
c6100_9012|2|-33.233059|194.565628|40.445786|0.000000|-44.863998|0.000000|1.000000|1.000000|1.000000
c6100_9013|2|-35.629704|194.497833|42.197437|-4.857000|-18.290001|0.000000|1.000000|1.000000|1.000000
c6100_9014|2|-37.294704|194.914948|38.173439|-5.344000|-20.461000|-0.000000|1.000000|1.000000|1.000000
c6100_9018|2|-67.915001|195.828995|119.273003|-0.008000|-44.863998|0.000000|1.000000|1.000000|1.000000
c6100_9019|2|-69.473000|195.981003|115.647003|0.000000|-18.290001|0.000000|1.000000|1.000000|1.000000
c6100_9020|2|-67.511002|195.742996|113.588997|-0.792000|-20.461000|0.000000|1.000000|1.000000|1.000000
c0000_9000|4|132.955383|156.710983|-4.041542|0.000000|89.559998|0.000000|1.000000|1.000000|1.000000
c0000_9001|4|19.306000|156.985992|3.518000|0.000000|-83.218002|0.000000|1.000000|1.000000|1.000000
h433900|5|0.000000|0.000000|0.000000|0.000000|0.000000|0.000000|1.000000|1.000000|1.000000
h433901|5|0.000000|0.000000|0.000000|0.000000|0.000000|0.000000|1.000000|1.000000|1.000000
h433902|5|0.000000|0.000000|0.000000|0.000000|0.000000|0.000000|1.000000|1.000000|1.000000
h433950|5|0.000000|0.000000|0.000000|0.000000|0.000000|0.000000|1.000000|1.000000|1.000000
h433951|5|0.000000|0.000000|0.000000|0.000000|0.000000|0.000000|1.000000|1.000000|1.000000
h433952|5|0.000000|0.000000|0.000000|0.000000|0.000000|0.000000|1.000000|1.000000|1.000000
h433954|5|0.000000|0.000000|0.000000|0.000000|0.000000|0.000000|1.000000|1.000000|1.000000
AEG099_015_9000|9|84.063004|101.558998|98.531998|0.000000|13.840000|0.000000|1.000000|1.000000|1.000000
AEG099_053_9001|9|63.216000|101.473999|-23.002001|0.000000|-160.000000|0.000000|1.000000|1.000000|1.000000
AEG099_620_9002|9|52.151001|179.843994|40.203999|-2.600000|-61.397999|0.000000|1.000000|1.000000|1.000000
AEG099_680_9021|9|35.594002|176.291000|30.184000|-1.313000|-72.318001|5.077000|1.000000|1.000000|1.000000
AEG099_680_9022|9|42.740002|177.404999|35.346001|2.804000|-90.462997|2.847000|1.000000|1.000000|1.000000
AEG099_680_9023|9|37.078999|176.509003|33.006001|-2.143000|-2.024000|5.355000|1.000000|1.000000|1.000000
AEG099_680_9024|9|38.568001|176.653000|31.909000|-5.212000|52.021000|0.000000|1.000000|1.000000|1.000000
AEG099_723_9000|9|-25.827999|175.203003|-75.200996|0.000000|61.167000|0.000000|1.000000|1.000000|1.000000
AEG099_723_9001|9|-32.278999|175.238998|-60.592999|0.000000|90.305000|0.000000|1.000000|1.000000|1.000000
AEG099_723_9002|9|112.362999|100.797997|-115.226997|0.000000|-53.250000|0.000000|1.000000|1.000000|1.000000
AEG099_723_9003|9|106.870003|100.853996|-124.438004|0.000000|-145.992004|0.000000|1.000000|1.000000|1.000000
AEG099_723_9004|9|71.435997|100.857002|-53.870998|0.000000|48.313000|0.000000|1.000000|1.000000|1.000000
AEG099_723_9005|9|71.842003|100.779999|-51.991001|0.000000|-126.440002|0.000000|1.000000|1.000000|1.000000
AEG099_723_9006|9|100.192001|100.796997|107.014999|0.000000|95.583000|0.000000|1.000000|1.000000|1.000000
AEG099_723_9007|9|99.971001|100.796997|104.874001|0.000000|-61.591999|0.000000|1.000000|1.000000|1.000000
AEG099_723_9008|9|98.644997|100.796997|106.790001|0.000000|-138.061996|0.000000|1.000000|1.000000|1.000000
AEG099_760_9006|9|49.241001|188.570007|64.449997|0.000000|115.398003|-12.250000|1.000000|1.000000|1.000000
AEG099_800_9003|9|-80.678001|219.610001|-98.791000|0.000000|-21.459000|0.000000|1.000000|1.000000|1.000000
c1000_9001|10|63.216000|101.473999|-23.002001|0.000000|-160.000000|0.000000|1.000000|1.000000|1.000000
c4100_9006|10|-74.447998|218.873001|-102.978996|0.000000|-56.410000|0.000000|1.000000|1.000000|1.000000
c4311_9002|10|34.301998|202.190002|46.060001|0.000000|105.824997|0.000000|1.000000|1.000000|1.000000
c4311_9003|10|37.237000|203.078995|50.154999|0.000000|60.647999|0.000000|1.000000|1.000000|1.000000
c4311_9004|10|34.458000|202.608398|53.459999|0.000000|62.175999|0.000000|1.000000|1.000000|1.000000
c4370_9000|10|57.480999|158.041000|2.745000|0.000000|-105.887001|0.000000|1.000000|1.000000|1.000000
c8101_9000|10|60.571999|158.233002|3.196000|0.000000|-81.995003|0.000000|1.000000|1.000000|1.000000
h433901_0000|11|0.000000|0.000000|0.000000|0.000000|0.000000|0.000000|1.000000|1.000000|1.000000
h433902_0000|11|0.000000|0.000000|0.000000|0.000000|0.000000|0.000000|1.000000|1.000000|1.000000
h433902_0001|11|0.000000|0.000000|0.000000|0.000000|0.000000|0.000000|1.000000|1.000000|1.000000
AEG001_290_7019|13|-20.414701|166.416275|2.402040|0.257198|-18.768520|-14.249119|1.100000|1.100000|1.100000
AEG001_290_7020|13|0.284740|177.946548|-46.093071|-10.806548|48.603016|1.156514|1.100000|1.100000|1.100000
AEG001_290_7021|13|-88.003250|183.188141|-24.859213|10.156217|61.385342|-8.946297|1.100000|1.100000|1.100000
AEG001_290_7022|13|-120.399643|188.650482|-36.697414|-9.730355|-81.319176|-3.397832|1.100000|1.100000|1.100000
AEG001_290_7023|13|-102.095688|193.313400|-70.405243|-8.181105|-131.505615|-8.939353|1.100000|1.100000|1.100000
AEG001_290_7024|13|-93.084106|226.034637|116.881950|-10.546700|37.603287|6.725660|1.100000|1.100000|1.100000
AEG001_290_7025|13|5.674632|200.179520|111.215073|-6.247059|103.410095|-1.579076|1.100000|1.100000|1.100000
AEG001_290_7026|13|-65.174881|202.538696|-95.246635|-9.128628|-33.318356|-1.588488|1.100000|1.100000|1.100000
AEG001_290_7027|13|51.551674|107.099991|8.969646|2.347345|20.411520|-11.184828|1.100000|1.100000|1.100000
AEG001_290_7028|13|-72.892365|195.850815|108.525795|3.020200|115.570015|1.736890|1.100000|1.100000|1.100000
AEG001_290_7029|13|-115.428329|189.534943|-67.651917|5.440411|4.293741|6.088978|0.900000|0.900000|0.900000
AEG001_290_7030|13|1.135071|162.041519|18.799959|-0.215070|41.910889|-15.871763|1.100000|1.100000|1.100000
AEG001_290_7033|13|35.285141|203.216797|113.535736|4.556856|-110.874283|-1.717240|1.100000|1.100000|1.100000
AEG001_290_7034|13|64.192345|114.500542|57.650051|-6.753253|40.183556|-9.857506|1.100000|1.100000|1.100000
AEG001_290_7035|13|-115.170380|220.735825|20.975859|-1.504241|160.501297|-3.142065|1.100000|1.100000|1.100000
AEG001_290_7037|13|-124.330826|220.150406|12.648643|4.273486|-20.229370|5.020163|1.100000|1.100000|1.100000
AEG001_290_7038|13|9.763470|175.649216|-94.546295|2.965833|142.475327|0.641136|1.100000|1.100000|1.100000
AEG001_290_7040|13|-99.503159|196.893173|-123.621628|0.896803|-94.155869|16.741640|1.100000|1.100000|1.100000
AEG001_290_7041|13|14.568169|157.671219|0.395601|-7.199835|-130.227356|-0.079340|1.100000|1.100000|1.100000
AEG001_290_7042|13|19.926332|202.117172|87.701561|-4.175867|140.381851|-3.922823|1.100000|1.100000|1.100000
AEG001_290_7043|13|-126.211967|219.585953|122.030067|-2.301478|-2.919568|10.024176|1.100000|1.100000|1.100000
AEG001_290_7044|13|-57.262817|175.134109|3.828783|-19.720654|-40.839867|-10.717474|1.100000|1.100000|1.100000
AEG001_290_7045|13|-68.700638|195.748962|113.981262|-1.093637|-16.850590|-1.317330|1.100000|1.100000|1.100000
AEG001_290_7046|13|-36.675480|176.636780|-83.416962|4.154285|33.733231|-7.699717|1.100000|1.100000|1.100000
AEG001_290_7047|13|-102.768013|185.923538|-33.200329|-8.938269|-112.574486|2.082853|1.100000|1.100000|1.100000
AEG001_290_7048|13|-36.003593|196.915649|118.708435|1.370682|-41.322121|3.335045|1.100000|1.100000|1.100000
AEG001_290_7049|13|-95.724876|185.246323|-23.272650|-3.131861|-114.917770|10.838008|1.100000|1.100000|1.100000
AEG001_290_7050|13|-74.050133|207.659927|-79.368477|16.185610|148.932037|-1.859178|1.100000|1.100000|1.100000
AEG001_290_7051|13|-46.555325|177.171234|-114.424316|5.494750|10.103764|-5.610975|1.100000|1.100000|1.100000
AEG001_290_7052|13|-3.327254|182.401627|-13.660341|-5.677559|-57.202053|8.248956|1.100000|1.100000|1.100000
AEG001_290_7053|13|-117.859863|220.347870|33.433422|-5.124648|46.223068|5.585783|1.100000|1.100000|1.100000
AEG001_290_7054|13|-84.828896|184.420074|-36.644901|5.076333|-65.243782|-13.172894|1.100000|1.100000|1.100000
AEG001_290_7055|13|-43.863483|176.662476|-111.262970|-5.363407|-155.055328|3.134101|1.100000|1.100000|1.100000
AEG001_290_7057|13|-79.350494|191.954987|22.415461|0.318369|79.636101|-5.817079|1.200000|1.200000|1.200000
AEG001_290_7058|13|-78.910522|191.076202|12.016149|1.414641|-130.474182|3.863620|1.100000|1.100000|1.100000
AEG001_290_7060|13|-28.224964|175.499939|-77.235847|-0.000000|22.863358|-0.000010|1.100000|1.100000|1.100000
AEG001_290_7061|13|-89.744110|206.651947|99.372093|-5.216963|174.973526|3.988639|1.100000|1.100000|1.100000
AEG001_290_7063|13|27.438435|156.439301|-0.317138|8.137761|80.910347|1.662196|1.100000|1.100000|1.100000
AEG001_290_7064|13|19.959293|176.725677|-65.434265|7.015179|-124.399246|2.077799|1.100000|1.100000|1.100000
AEG001_290_7065|13|-109.409645|192.117645|-104.602722|7.391714|-18.823503|5.725941|1.100000|1.100000|1.100000
AEG001_290_7066|13|-81.382584|191.364670|14.670988|4.612399|131.932404|-0.675128|1.100000|1.100000|1.100000
AEG001_290_7067|13|-64.753693|202.422363|-73.205505|4.187890|-18.876011|-9.261026|1.100000|1.100000|1.100000
AEG001_290_7068|13|-108.082939|189.033279|-60.350235|11.156104|-3.397925|3.665243|1.100000|1.100000|1.100000
AEG001_290_7069|13|-111.436447|190.586823|-80.376411|2.726311|-28.272484|5.886175|1.100000|1.100000|1.100000
AEG001_290_7071|13|64.634720|115.375381|-111.276474|10.462265|-31.162527|-1.467288|1.100000|1.100000|1.100000
AEG001_290_7072|13|-20.203281|178.052277|-37.698219|6.877862|-123.666275|14.757607|1.100000|1.100000|1.100000
AEG001_290_7073|13|-124.461586|219.269394|82.282471|0.415412|4.926063|10.204603|1.100000|1.100000|1.100000
AEG001_290_7074|13|-106.861511|186.691071|-37.700188|-0.477286|-17.389915|-7.260629|1.100000|1.100000|1.100000
AEG001_290_7075|13|-112.490730|189.461334|-64.886993|-2.396269|73.499084|9.556090|1.100000|1.100000|1.100000
AEG001_290_7076|13|-65.123817|179.475662|-22.122486|14.799190|58.289513|15.823746|1.100000|1.100000|1.100000
AEG001_290_7077|13|-53.434364|174.010895|3.068571|1.190229|8.391526|-13.945423|0.900000|0.900000|0.900000
AEG001_290_7078|13|29.879673|156.163422|18.216557|3.509651|44.604870|-4.227477|1.100000|1.100000|1.100000
AEG001_290_7079|13|25.405024|173.963669|-48.176949|10.281976|-31.317709|-12.066368|1.100000|1.100000|1.100000
AEG001_290_7080|13|34.279476|168.121811|-20.864197|7.121619|54.517406|9.328236|1.100000|1.100000|1.100000
AEG001_290_7081|13|36.935425|179.044785|-78.661186|7.635796|14.612092|14.353969|1.100000|1.100000|1.100000
AEG001_290_7082|13|42.754234|177.546844|38.324978|-8.034795|73.292679|-1.272082|1.100000|1.100000|1.100000
AEG001_290_7083|13|40.660648|177.136871|31.060963|-0.859409|6.124296|13.968940|1.100000|1.100000|1.100000
AEG001_290_7084|13|45.348637|187.678116|62.036987|11.766560|-150.283722|-1.456411|1.100000|1.100000|1.100000
AEG001_290_7085|13|-35.309208|194.399780|39.754536|-2.890461|7.596000|2.919387|1.100000|1.100000|1.100000
AEG001_290_7086|13|33.236538|176.111511|31.976490|5.553837|-103.366760|-5.648251|1.100000|1.100000|1.100000
AEG001_290_7087|13|-50.584084|174.652115|-9.024850|-18.250147|-117.472397|-7.965894|1.100000|1.100000|1.100000
AEG001_290_7088|13|-33.368214|176.295471|-49.139145|-2.891592|48.769669|-9.462271|1.100000|1.100000|1.100000
AEG001_290_7090|13|-60.180237|176.140350|3.400543|-2.235029|29.662319|-18.032782|1.100000|1.100000|1.100000
AEG001_290_7091|13|37.153080|203.382156|110.662582|-0.422546|7.085375|5.015490|1.100000|1.100000|1.100000
AEG001_290_7092|13|-50.978031|193.010651|29.858221|4.767063|-154.748520|-1.071701|1.100000|1.100000|1.100000
AEG001_290_7093|13|0.481949|199.609695|110.995880|2.948647|-153.383301|-5.251444|1.100000|1.100000|1.100000
AEG001_290_7094|13|-78.117874|193.790817|45.961239|3.620218|115.148071|-3.845015|1.100000|1.100000|1.100000
AEG001_290_7095|13|-63.009777|195.307571|81.028252|-0.314629|13.067976|-4.109725|1.100000|1.100000|1.100000
AEG001_290_7096|13|-109.354271|213.861053|48.449642|-5.546720|-115.116707|-5.452723|1.100000|1.100000|1.100000
AEG001_290_7097|13|-111.505371|210.191147|66.869446|-10.155671|-152.669846|4.807634|1.100000|1.100000|1.100000
AEG001_290_7099|13|-101.021339|209.652557|67.313644|5.163814|35.542961|3.531181|1.100000|1.100000|1.100000
AEG001_290_7100|13|-19.570732|167.334900|17.330582|-22.413048|-67.084724|11.357921|1.100000|1.100000|1.100000
AEG001_290_7101|13|-127.736107|189.739151|-41.089569|-5.132558|-55.419430|-2.213084|0.900000|0.900000|0.900000
AEG001_290_7103|13|-108.196869|192.617722|-108.517059|-7.363525|88.039810|5.180371|1.100000|1.100000|1.100000
AEG001_290_7104|13|-21.054220|177.152725|-40.930527|-8.419409|-59.385559|12.236994|1.100000|1.100000|1.100000
AEG001_290_7105|13|-64.209229|202.858795|-77.248573|-0.265369|163.672745|19.533005|1.100000|1.100000|1.100000
AEG001_290_7108|13|81.518471|101.775391|-82.957550|-5.888455|-19.239569|-9.799936|1.100000|1.100000|1.100000
AEG001_290_7109|13|82.389557|101.882332|-79.659866|1.034009|-136.454620|9.549370|1.100000|1.100000|1.100000
AEG001_290_7110|13|109.252296|100.842270|-125.336258|0.317822|-18.708315|-1.490562|1.100000|1.100000|1.100000
AEG001_290_7111|13|79.607056|101.255424|-110.923088|-0.421267|-19.446222|-9.779626|1.100000|1.100000|1.100000
AEG001_290_7112|13|113.188164|100.786263|-118.312080|-0.006248|-19.302647|-0.129266|1.100000|1.100000|1.100000
AEG001_290_7113|13|65.183975|104.761589|24.211864|10.230968|168.848358|4.455360|1.100000|1.100000|1.100000
AEG001_290_7114|13|63.047215|105.077980|21.809610|7.444798|43.463802|-18.352083|1.100000|1.100000|1.100000
AEG001_290_7116|13|113.795731|100.813690|47.646332|2.507908|-112.991028|-2.206569|1.100000|1.100000|1.100000
AEG001_290_7117|13|113.154694|100.906380|60.054405|0.058111|-31.200722|2.596865|1.100000|1.100000|1.100000
AEG001_290_7118|13|120.811981|104.068542|32.459248|10.333530|-11.239248|14.844735|1.100000|1.100000|1.100000
AEG001_290_7119|13|94.612717|101.158249|113.325356|-1.003060|-167.923416|1.684352|1.100000|1.100000|1.100000
AEG001_290_7120|13|97.211250|100.786713|105.377617|0.195944|85.155670|-0.171083|1.100000|1.100000|1.100000
AEG001_290_7121|13|112.231476|100.883354|79.836021|1.674599|-86.366844|0.522318|1.100000|1.100000|1.100000
AEG001_290_7122|13|105.749924|100.778549|9.343233|-0.270581|-75.264748|-2.082597|1.100000|1.100000|1.100000
AEG001_290_7123|13|84.526016|101.450340|103.854866|-1.913669|-155.754517|6.999661|1.100000|1.100000|1.100000
AEG001_290_7124|13|138.811981|110.042488|103.144409|-7.486235|-53.318058|12.498069|1.100000|1.100000|1.100000
AEG001_290_7125|13|73.763306|100.818001|30.749969|1.592309|54.841969|-1.893608|1.100000|1.100000|1.100000
AEG001_290_7126|13|103.158478|101.637390|-15.884004|7.109899|-68.029701|2.384938|1.100000|1.100000|1.100000
AEG001_290_7127|13|67.695267|101.073326|-9.853636|3.536972|115.617577|-0.866943|1.100000|1.100000|1.100000
AEG001_290_7128|13|69.629059|101.029106|-7.423022|0.023523|19.838478|-3.342377|1.100000|1.100000|1.100000
AEG001_290_7129|13|114.056038|100.780693|-100.284454|-0.034510|-5.785879|-0.040000|1.100000|1.100000|1.100000
AEG001_290_7130|13|114.982315|101.334755|-42.349060|3.281469|-100.840340|-0.025946|1.100000|1.100000|1.100000
AEG001_290_7131|13|120.494385|102.566002|-45.160717|2.266830|16.553724|15.979774|1.100000|1.100000|1.100000
AEG001_290_7132|13|113.054665|100.782722|-93.434166|-0.000001|132.837051|-0.000000|1.100000|1.100000|1.100000
AEG001_290_7133|13|106.553825|101.368446|-28.601551|-3.011610|31.732199|0.627339|1.100000|1.100000|1.100000
AEG001_290_7134|13|109.628365|100.797646|-120.364403|-0.254167|-106.712875|-0.193778|1.100000|1.100000|1.100000
AEG001_290_7135|13|76.622154|100.789642|32.521885|-0.194646|-48.815338|-0.088164|1.100000|1.100000|1.100000
AEG001_290_7136|13|70.043800|120.632507|88.831078|0.000000|95.710373|0.000000|1.100000|1.100000|1.100000
AEG001_290_7137|13|119.352188|102.306725|78.027267|-1.603541|179.942139|-10.298432|1.100000|1.100000|1.100000
AEG001_290_7138|13|74.897110|100.754128|-53.835480|-0.760521|63.583401|-0.458301|1.100000|1.100000|1.100000
AEG001_290_7139|13|68.699448|100.809723|-50.115620|-1.136700|-76.491737|-2.464542|1.100000|1.100000|1.100000
AEG001_290_7140|13|66.846779|101.000961|-52.080502|7.114981|63.054264|-0.365910|1.100000|1.100000|1.100000
AEG001_290_7141|13|87.714943|100.815613|-72.127464|-1.425331|-33.340084|-1.994088|1.100000|1.100000|1.100000
AEG001_290_7142|13|87.113113|100.791840|-81.559593|-0.549051|-82.913574|-0.067781|1.100000|1.100000|1.100000
AEG001_290_7143|13|119.146629|102.576103|61.544056|-6.256569|118.384743|-0.704108|1.100000|1.100000|1.100000
AEG001_290_7144|13|88.349403|100.782852|51.299534|0.000000|163.552719|0.000000|1.100000|1.100000|1.100000
AEG001_290_7145|13|103.979858|100.794464|6.359863|0.256897|8.686170|0.134719|1.100000|1.100000|1.100000
AEG001_290_7146|13|121.822639|105.409103|15.682538|-13.311981|69.862808|7.153449|1.100000|1.100000|1.100000
AEG001_290_7147|13|104.780128|100.800690|31.825840|0.262853|-147.117584|-0.881990|1.100000|1.100000|1.100000
AEG001_290_7148|13|118.172134|107.120621|-80.324158|11.400516|-20.029764|7.278142|1.100000|1.100000|1.100000
AEG001_290_7149|13|94.634995|100.965378|-16.132694|1.159739|-124.012535|-2.205876|1.100000|1.100000|1.100000
AEG001_290_7150|13|97.299896|100.858452|-36.954235|-0.187367|109.840187|-1.298270|1.100000|1.100000|1.100000
AEG001_290_7151|13|107.811951|101.167778|-36.048084|0.726514|159.728882|-2.155974|1.100000|1.100000|1.100000
AEG001_290_7152|13|111.148643|100.910210|-52.810329|0.529476|159.725601|-2.096351|1.100000|1.100000|1.100000
AEG001_290_7153|13|118.064362|101.778709|-97.891205|1.140751|-19.274019|-2.863277|1.100000|1.100000|1.100000
AEG001_290_7154|13|111.962166|101.978943|-0.722695|-7.241268|138.973816|-5.437369|1.100000|1.100000|1.100000
AEG001_290_7155|13|114.651878|102.503967|-4.390780|-2.849594|21.432177|8.707151|1.100000|1.100000|1.100000
AEG001_290_7156|13|104.578827|101.384079|-5.989195|5.591440|-106.171074|-7.811405|1.100000|1.100000|1.100000
AEG001_290_7157|13|123.126503|106.179306|8.851532|-2.920752|37.526402|13.990577|1.100000|1.100000|1.100000
AEG001_290_7158|13|56.983452|101.629776|-37.084164|-2.915738|-10.263140|-8.161696|1.100000|1.100000|1.100000
AEG001_290_7159|13|56.719208|101.743591|-26.498234|-3.218709|-157.977066|7.608366|1.100000|1.100000|1.100000
AEG001_290_7160|13|49.491070|106.313980|-11.627174|12.653582|115.443123|3.335318|1.100000|1.100000|1.100000
AEG001_290_7161|13|56.602856|104.351906|-19.382349|9.790612|153.930267|6.734592|1.100000|1.100000|1.100000
AEG001_290_7162|13|83.671616|101.032013|85.877159|0.206736|-168.103348|10.561795|0.900000|0.900000|0.900000
AEG001_290_7163|13|86.257721|100.783096|73.968559|-0.006254|162.180542|0.007158|1.100000|1.100000|1.100000
AEG001_290_7164|13|71.509628|122.495064|100.338638|5.548382|94.315262|-9.805852|1.100000|1.100000|1.100000
AEG001_290_7165|13|141.497284|108.185074|94.009995|-5.859561|-54.790928|8.080470|1.100000|1.100000|1.100000
AEG001_290_7166|13|112.692894|100.866119|76.380241|-1.591268|128.094757|-1.747693|1.100000|1.100000|1.100000
AEG001_290_7167|13|110.735985|101.281784|108.228294|1.133374|-84.846565|0.168460|1.100000|1.100000|1.100000
AEG001_290_7168|13|100.118202|101.088524|116.244545|6.215281|152.435272|-5.157030|1.100000|1.100000|1.100000
AEG001_290_7169|13|94.327950|100.801018|104.382957|0.482922|155.072937|0.199851|1.100000|1.100000|1.100000
AEG001_290_7170|13|71.775520|118.793495|78.586700|6.599548|-167.052475|8.637705|1.100000|1.100000|1.100000
AEG001_290_7171|13|65.053139|112.025459|-94.332932|5.187420|-19.243752|-11.912890|1.100000|1.100000|1.100000
AEG001_290_7172|13|-41.565109|195.935089|94.491730|1.474446|-57.360298|3.051673|1.100000|1.100000|1.100000
AEG001_290_7173|13|79.963799|100.782867|28.120239|0.000000|65.183029|0.000000|1.100000|1.100000|1.100000
AEG001_290_7175|13|-75.976822|180.562561|-10.984214|26.273306|118.492607|3.671505|1.100000|1.100000|1.100000
AEG001_290_7177|13|-79.285233|182.189346|-9.206415|12.734104|50.433868|-25.979719|1.100000|1.100000|1.100000
AEG001_290_7178|13|-122.172615|188.651169|-55.051876|-3.124459|-101.937645|-0.513365|1.100000|1.100000|1.100000
AEG001_290_7179|13|-81.491508|181.654541|-19.411610|10.067820|46.367107|-11.735004|1.100000|1.100000|1.100000
AEG001_290_7181|13|-78.495262|190.570557|0.858111|-1.743002|112.737000|-2.967783|1.100000|1.100000|1.100000
AEG001_290_7182|13|-43.048923|195.793594|92.250618|-3.068793|37.376945|1.071165|1.100000|1.100000|1.100000
AEG001_290_7183|13|-67.493027|191.386932|11.570646|4.371567|-35.189388|0.666709|1.100000|1.100000|1.100000
AEG001_290_7184|13|-5.257061|197.980499|54.047050|5.038221|-171.006927|-6.692685|1.100000|1.100000|1.100000
AEG001_290_7185|13|-36.819065|181.302704|-21.186640|2.665959|-33.243717|-3.309524|1.100000|1.100000|1.100000
AEG001_290_7186|13|-82.368340|183.709946|-33.758095|11.855870|30.225569|7.498020|1.100000|1.100000|1.100000
AEG001_290_7187|13|-28.708010|168.536728|0.657433|13.838728|81.806519|2.449033|1.100000|1.100000|1.100000
AEG001_290_7188|13|-8.537716|163.446732|13.592372|-2.037630|-148.502350|13.904135|1.100000|1.100000|1.100000
AEG001_290_7189|13|-3.875057|162.035614|1.420770|-14.926083|-91.518234|-4.101793|1.100000|1.100000|1.100000
AEG001_290_7190|13|-25.766449|177.173187|-41.316296|-4.329522|53.849907|-13.269300|1.100000|1.100000|1.100000
AEG001_290_7191|13|-123.720222|188.827682|-58.606869|-2.936110|-163.919434|2.708907|1.100000|1.100000|1.100000
AEG001_290_7192|13|18.266142|201.666824|122.854378|-5.570440|110.210632|-1.955128|1.100000|1.100000|1.100000
AEG001_290_7193|13|-38.605125|171.326920|-3.457103|-14.216097|-131.223694|2.078125|1.100000|1.100000|1.100000
AEG001_290_7194|13|34.104328|155.925323|-0.183991|-0.740802|31.693100|-0.476421|0.900000|0.900000|0.900000
AEG001_290_7195|13|25.941504|156.551819|17.625977|5.019779|66.558685|-2.871166|1.100000|1.100000|1.100000
AEG001_290_7196|13|-37.463852|170.531967|7.486583|-15.021311|-55.105942|-2.957578|1.100000|1.100000|1.100000
AEG001_290_7197|13|81.506592|101.830681|89.404785|-17.184978|-48.817509|-8.923029|1.100000|1.100000|1.100000
AEG001_290_7198|13|83.026634|101.649719|99.354897|-7.242570|-130.344910|8.057355|1.100000|1.100000|1.100000
AEG001_290_7199|13|60.465111|109.952133|40.300453|24.203293|117.090347|-4.446216|1.100000|1.100000|1.100000
AEG001_290_7200|13|92.168594|100.782852|61.905998|0.007295|-36.693653|0.002514|1.100000|1.100000|1.100000
AEG001_290_7201|13|79.104759|104.083984|67.865547|2.421385|-167.927933|13.583253|1.100000|1.100000|1.100000
AEG001_290_7202|13|71.179039|104.315979|45.922146|6.394123|38.208153|-11.430129|1.100000|1.100000|1.100000
AEG001_290_7203|13|66.467049|101.435013|4.824249|6.705880|91.596260|1.576244|1.100000|1.100000|1.100000
AEG001_290_7204|13|-65.063942|178.772049|-18.723679|10.924997|11.658762|-1.791422|1.100000|1.100000|1.100000
AEG001_290_7205|13|-89.467667|186.690399|-11.497743|-2.906003|73.595146|-7.942821|0.900000|0.900000|0.900000
AEG001_290_7206|13|-85.693565|187.291428|-8.218273|2.527389|-132.195526|-2.557340|0.900000|0.900000|0.900000
AEG001_290_7207|13|-94.050430|186.768860|-46.808868|-13.024191|-163.621902|-1.905751|1.100000|1.100000|1.100000
AEG001_290_7208|13|-79.066185|192.800293|34.069225|1.909666|122.720535|-3.465148|1.100000|1.100000|1.100000
AEG001_290_7209|13|-80.893127|192.281845|25.731432|4.355747|149.658707|-1.246967|1.000000|1.000000|1.000000
AEG001_290_7210|13|-111.874947|208.395340|85.588646|-5.129136|-97.323776|-4.560400|1.100000|1.100000|1.100000
AEG001_290_7211|13|-94.198227|207.673828|88.392120|-0.696780|-104.342148|-5.107666|1.100000|1.100000|1.100000
AEG001_290_7212|13|-101.790245|214.746658|39.845280|-6.128959|-153.979919|-4.751433|1.100000|1.100000|1.100000
AEG001_290_7213|13|-105.679573|214.499878|41.928246|2.366033|-53.645821|-8.097996|1.100000|1.100000|1.100000
AEG001_290_7214|13|-96.317421|210.502609|58.599224|-1.786143|138.919525|5.680668|1.100000|1.100000|1.100000
AEG001_290_7216|13|-120.473953|221.298721|-7.246888|0.356153|-165.467773|-7.499412|1.100000|1.100000|1.100000
AEG001_290_7218|13|65.312592|124.491768|-124.839714|7.930151|-6.939726|7.592902|1.100000|1.100000|1.100000
AEG001_290_7219|13|-77.332870|200.997879|-106.554504|3.468864|85.841789|-15.449591|1.100000|1.100000|1.100000
AEG001_290_7220|13|-72.157921|201.302185|-103.734406|7.127385|-135.463333|12.932963|1.100000|1.100000|1.100000
AEG001_290_7221|13|-83.170265|201.385773|-106.958496|-10.816349|-66.571869|12.631178|1.100000|1.100000|1.100000
AEG001_290_7222|13|-86.636154|201.806152|-106.589233|-0.663048|69.585167|-16.770426|0.900000|0.900000|0.900000
AEG001_290_7223|13|37.317677|175.049637|-55.073978|-19.527836|145.156296|2.417724|1.100000|1.100000|1.100000
AEG001_290_7224|13|-9.470371|175.559204|-58.257874|-3.410024|54.322281|0.183486|1.100000|1.100000|1.100000
AEG001_290_7225|13|-2.539966|175.522705|-78.313942|-0.710114|65.354019|5.182096|1.100000|1.100000|1.100000
AEG001_290_7226|13|-29.606659|175.499939|-74.188484|0.000000|-125.683197|0.000000|0.900000|0.900000|0.900000
AEG001_290_7227|13|-34.729424|175.499939|-60.854771|0.000000|144.316757|0.000000|1.100000|1.100000|1.100000
AEG001_290_7228|13|-36.384827|175.787949|-57.326893|5.849510|54.781715|-9.082034|1.100000|1.100000|1.100000
AEG001_290_7229|13|-43.481754|176.215302|-98.690941|5.820005|54.545158|-4.491055|1.100000|1.100000|1.100000
AEG001_290_7230|13|-12.529478|175.499939|-90.549431|0.000000|-58.683250|0.000000|1.100000|1.100000|1.100000
AEG001_290_7231|13|-6.599683|175.499939|-79.541313|0.000000|-65.307999|0.000000|0.900000|0.900000|0.900000
AEG001_290_7232|13|-21.968367|175.672989|-103.323311|0.493194|-125.676628|-1.341908|0.900000|0.900000|0.900000
AEG001_290_7233|13|6.504531|178.859528|-47.551182|5.962073|-149.452896|-0.583119|1.100000|1.100000|1.100000
AEG001_290_7234|13|-34.491524|175.499939|-88.726723|0.000000|144.316757|0.000000|1.100000|1.100000|1.100000
AEG001_290_7235|13|-3.650569|170.800079|-127.035271|-5.810964|-47.657417|2.166508|1.100000|1.100000|1.100000
AEG001_290_7236|13|-105.257248|207.863724|99.037476|-6.983307|-95.337456|6.403520|1.100000|1.100000|1.100000
AEG001_290_7237|13|-112.811531|191.679230|-105.380058|1.042150|22.670134|5.039587|0.900000|0.900000|0.900000
AEG001_290_7238|13|-124.268120|189.342148|-38.508522|-4.967031|-150.745712|6.383085|1.100000|1.100000|1.100000
AEG001_290_7239|13|40.328171|155.672058|14.935650|0.460464|107.434151|0.518575|0.900000|0.900000|0.900000
AEG003_054_1020|13|-115.104301|188.742325|-60.739231|3.429629|48.987907|5.977345|1.000000|1.000000|1.000000
AEG003_054_1035|13|-122.122971|190.477127|-95.499603|-3.779487|97.115974|3.263629|1.000000|1.000000|1.000000
AEG003_054_1036|13|-115.935234|190.224121|-87.038582|2.837779|-109.444435|-2.711180|1.000000|1.000000|1.000000
AEG003_054_1037|13|80.731903|116.481888|128.196716|5.915955|-118.558685|2.391905|1.000000|1.000000|1.000000
AEG003_055_1018|13|-113.372185|189.079269|-62.821003|-0.223632|-114.384293|-8.497209|1.000000|1.000000|1.000000
AEG003_055_1019|13|80.075562|116.604942|130.673462|1.275634|-76.154106|4.000278|1.000000|1.000000|1.000000
AEG003_056_1020|13|-123.184570|189.013718|-64.658150|3.052931|74.320236|1.158591|1.000000|1.000000|1.000000
AEG003_056_1036|13|-116.184868|190.096222|-82.139038|3.252590|-31.159801|3.624399|1.000000|1.000000|1.000000
AEG003_056_1037|13|-119.049805|190.587479|-94.619698|2.995448|21.262560|4.197206|1.000000|1.000000|1.000000
AEG003_057_1036|13|-114.264870|190.348114|-87.694099|-1.332185|45.409962|3.746113|1.000000|1.000000|1.000000
AEG003_057_1037|13|-119.898796|190.626450|-95.785370|-3.928283|173.773529|-2.413541|1.000000|1.000000|1.000000
AEG003_058_1029|13|-115.072906|190.237137|-85.230873|-3.187226|145.386169|-2.941986|1.000000|1.000000|1.000000
AEG003_061_1034|13|-120.317337|189.966507|-86.078209|-0.000222|46.310566|0.004399|1.000000|1.000000|1.000000
AEG003_061_1035|13|-124.280067|189.916306|-88.829605|-0.001436|71.492760|0.003907|1.000000|1.000000|1.000000
AEG003_061_1036|13|-121.093857|190.137131|-89.742393|0.004590|-32.265362|0.000519|1.000000|1.000000|1.000000
AEG003_061_1037|13|-123.404297|189.778275|-85.659111|0.003880|-21.976368|0.001202|1.000000|1.000000|1.000000
AEG003_061_1038|13|81.721291|116.497894|129.009506|0.000000|40.670921|0.000000|1.000000|1.000000|1.000000
AEG003_064_1006|13|-113.130066|190.570267|-90.610077|4.347552|-87.392418|-3.145310|1.000000|1.000000|1.000000
AEG003_082_1007|13|79.470779|116.665932|132.931931|4.292891|-101.497459|6.181512|1.000000|1.000000|1.000000
AEG003_316_9000|13|69.080002|99.964996|94.233002|0.000000|97.833000|0.000000|1.000000|1.000000|1.000000
AEG003_420_1000|13|-86.387299|192.779999|30.178223|0.000000|-94.500000|0.000000|1.000000|1.000000|1.000000
AEG004_119_1000|13|-17.580999|182.488007|-15.358000|-0.000002|17.819984|-0.000000|1.000000|1.000000|1.000000
AEG004_479_1000|13|86.576218|158.306442|0.000000|0.000000|7.000002|0.000000|1.000000|1.000000|1.000000
AEG004_570_1000|13|86.576218|98.306442|0.000000|0.000000|7.000002|0.000000|1.000000|1.000000|1.000000
AEG004_577_1000|13|63.578049|98.306442|-4.732503|0.000000|6.999989|0.000000|1.000000|1.000000|1.000000
AEG004_577_1001|13|108.242622|98.306442|-10.216624|0.000000|6.999989|0.000000|1.000000|1.000000|1.000000
AEG004_577_1002|13|126.604721|98.306442|-12.471207|0.000000|6.999989|0.000000|1.000000|1.000000|1.000000
AEG004_577_1003|13|44.223396|98.306442|-2.356051|0.000000|6.999989|0.000000|1.000000|1.000000|1.000000
AEG004_577_1004|13|128.432541|98.306442|2.417013|0.000000|-172.999985|0.000000|1.000000|1.000000|1.000000
AEG004_577_1005|13|110.070663|98.306442|4.671568|0.000000|-172.999985|0.000000|1.000000|1.000000|1.000000
AEG004_577_1006|13|65.406082|98.306442|10.155689|0.000000|-172.999985|0.000000|1.000000|1.000000|1.000000
AEG004_577_1007|13|46.051437|98.306442|12.532141|0.000000|-172.999985|0.000000|1.000000|1.000000|1.000000
AEG004_800_1000|13|69.000000|100.000000|94.000000|0.000000|-74.999992|0.000000|1.000000|1.000000|1.000000
AEG007_076_1000|13|-87.041000|202.264008|-92.336998|10.000002|171.343002|5.000000|1.000000|1.000000|1.000000
AEG007_093_1000|13|-87.041000|202.264008|-92.336998|10.000002|171.343002|5.000000|1.000000|1.000000|1.000000
AEG007_391_1000|13|-87.041000|202.264008|-92.336998|-10.000002|-8.657019|-4.999997|1.000000|1.000000|1.000000
AEG007_393_1000|13|-87.041000|202.264008|-92.336998|10.000002|171.343002|5.000000|1.000000|1.000000|1.000000
AEG007_400_1000|13|-123.009781|188.619720|-60.197983|4.783591|-107.348549|0.133298|1.000000|1.000000|1.000000
AEG007_401_1000|13|-114.625046|188.652557|-59.867153|-0.005429|-150.917389|-0.004172|1.000000|1.000000|1.000000
AEG092_101_1000|13|-84.717476|192.779999|30.309641|0.000000|-94.499954|0.000000|1.000000|1.000000|1.000000
AEG092_104_1000|13|74.088448|101.000000|93.671829|0.000000|-85.000000|0.000000|1.000000|1.000000|1.000000
AEG097_019_1000|13|-20.440384|175.499939|-72.653564|0.000000|0.000000|0.000000|1.000000|1.000000|1.000000
AEG099_055_1000|13|-75.721710|196.504700|-31.762993|-0.000012|171.283127|-0.000005|1.000000|1.000000|1.000000
AEG099_090_9000|13|36.806000|202.645004|46.638000|0.000000|-175.481995|0.000000|1.000000|1.000000|1.000000
AEG099_090_9001|13|69.933998|101.137001|-24.982000|0.000000|-171.339996|0.000000|1.000000|1.000000|1.000000
AEG099_090_9002|13|-75.786003|198.311005|-30.285999|-5.000000|171.112000|0.000000|1.000000|1.000000|1.000000
AEG099_090_9003|13|-85.535004|192.789001|30.214001|0.000000|83.838997|0.000000|1.000000|1.000000|1.000000
AEG099_230_9000|13|-84.943001|192.794998|30.621000|0.000000|-94.771004|0.000000|1.000000|1.000000|1.000000
AEG099_232_9000|13|69.486000|100.070999|93.947998|0.000000|102.530998|0.000000|1.000000|1.000000|1.000000
AEG099_280_9000|13|-109.621002|188.106995|-55.237000|0.000000|42.064999|0.000000|1.000000|1.000000|1.000000
AEG099_280_9001|13|-116.980003|188.255997|-52.117001|0.000000|160.246002|0.000000|1.000000|1.000000|1.000000
AEG099_350_1001|13|38.708858|203.277451|46.246666|0.004262|3.071141|0.010300|1.000000|1.000000|1.000000
AEG099_350_1002|13|38.766327|204.163681|54.491890|-11.468624|110.118370|-8.109073|1.000000|1.000000|1.000000
AEG099_360_1001|13|36.671448|205.256989|46.945709|-2.219828|30.702442|5.086880|1.000000|1.000000|1.000000
AEG099_610_9001|13|81.941002|116.746002|132.046997|0.000000|-15.155000|0.000000|1.000000|1.000000|1.000000
AEG099_620_9000|13|107.697998|158.507996|2.600000|-2.300000|63.700001|0.000000|1.000000|1.000000|1.000000
AEG099_620_9001|13|-116.862999|190.154999|-85.471001|0.000000|64.098000|0.000000|1.000000|1.000000|1.000000
AEG099_620_9003|13|84.320999|158.916000|2.255000|-1.200000|144.000000|0.000000|1.000000|1.000000|1.000000
AEG099_620_9004|13|92.540001|158.856003|-3.787000|0.000000|-123.384003|0.000000|1.000000|1.000000|1.000000
AEG099_620_9005|13|100.698997|158.669998|-4.581000|0.000000|-106.733002|0.000000|1.000000|1.000000|1.000000
AEG099_620_9006|13|103.607002|158.619995|0.319000|2.100000|105.000000|0.000000|1.000000|1.000000|1.000000
AEG099_651_9000|13|-97.378998|207.065994|99.266998|0.000000|175.000000|0.000000|1.000000|1.000000|1.000000
AEG099_651_9001|13|68.089996|124.871002|-125.779999|0.000000|-19.563000|0.000000|1.000000|1.000000|1.000000
AEG099_651_9002|13|103.845001|100.995003|2.133000|0.000000|179.378998|0.000000|1.000000|1.000000|1.000000
AEG099_651_9003|13|101.664001|100.873001|-5.639000|0.000000|-91.635002|0.000000|1.000000|1.000000|1.000000
AEG099_651_9004|13|73.481003|100.995003|4.814000|0.000000|47.561001|0.000000|1.000000|1.000000|1.000000
AEG099_680_9000|13|-88.582001|207.669006|89.295998|0.000000|167.130005|0.000000|1.000000|1.000000|1.000000
AEG099_680_9001|13|-92.588997|208.039993|83.041000|1.020000|-104.794998|-2.725000|1.000000|1.000000|1.000000
AEG099_680_9002|13|-49.064999|193.255005|34.563999|0.000000|142.188995|0.000000|1.000000|1.000000|1.000000
AEG099_680_9003|13|-33.863998|196.268997|96.644997|0.000000|133.503006|0.000000|1.000000|1.000000|1.000000
AEG099_680_9004|13|-14.714000|195.270996|33.074001|0.000000|97.404999|0.000000|1.000000|1.000000|1.000000
AEG099_680_9005|13|-85.442001|183.714996|-34.256001|4.397000|-78.718002|-8.886000|1.000000|1.000000|1.000000
AEG099_680_9006|13|-47.476002|195.544998|95.766998|0.000000|-110.848999|0.000000|1.000000|1.000000|1.000000
AEG099_680_9007|13|-25.308001|167.729996|11.084000|9.800000|140.250000|2.920000|1.000000|1.000000|1.000000
AEG099_680_9008|13|-121.013000|188.679993|-40.118999|0.000000|-112.543999|0.000000|1.000000|1.000000|1.000000
AEG099_680_9009|13|-72.612000|179.315994|-10.744000|0.000000|154.354996|0.000000|1.000000|1.000000|1.000000
AEG099_680_9010|13|25.867001|171.429001|-38.491001|2.877000|63.882999|7.147000|1.000000|1.000000|1.000000
AEG099_680_9011|13|36.006001|173.673996|-50.705002|-4.678000|-117.552002|-9.228000|1.000000|1.000000|1.000000
AEG099_680_9012|13|103.667999|101.083000|-32.907001|-2.268000|35.370998|1.845000|1.000000|1.000000|1.000000
AEG099_680_9013|13|58.604000|101.251999|-28.834000|5.665000|59.645000|-2.474000|1.000000|1.000000|1.000000
AEG099_680_9014|13|74.620003|118.412003|79.718002|-9.055000|-36.876999|4.899000|1.000000|1.000000|1.000000
AEG099_680_9015|13|118.939003|103.545998|31.709999|-13.102000|98.554001|2.157000|1.000000|1.000000|1.000000
AEG099_680_9017|13|-50.476002|199.582001|-57.296001|-2.267000|64.961998|1.390000|1.000000|1.000000|1.000000
AEG099_680_9018|13|-112.911003|191.313004|-102.703003|0.573000|-165.544998|-0.987000|1.000000|1.000000|1.000000
AEG099_680_9019|13|-74.950996|199.005005|-51.437000|0.000000|-81.630997|0.000000|1.000000|1.000000|1.000000
AEG099_680_9020|13|-40.410000|176.563995|-118.146004|5.549000|109.033997|5.552000|1.000000|1.000000|1.000000
AEG099_680_9025|13|67.189003|111.697998|-95.369003|-12.105000|-118.497002|0.857000|1.000000|1.000000|1.000000
AEG099_680_9026|13|-54.056999|195.541000|-34.678001|0.000000|-68.971001|0.000000|1.000000|1.000000|1.000000
AEG099_680_9027|13|-126.311996|219.057007|38.750999|-1.024000|152.742996|-5.992000|1.000000|1.000000|1.000000
AEG099_680_9028|13|-73.766998|198.362000|-47.228001|0.000000|49.358002|0.000000|1.000000|1.000000|1.000000
AEG099_690_9000|13|33.865002|203.093002|111.438004|0.000000|92.581001|0.000000|1.000000|1.000000|1.000000
AEG099_690_9001|13|118.610001|106.846001|-77.028000|0.000000|92.581001|0.000000|1.000000|1.000000|1.000000
AEG099_691_9000|13|46.816002|187.565002|60.118000|0.000000|158.401001|0.000000|1.000000|1.000000|1.000000
AEG099_720_9000|13|82.530998|101.767998|-81.027000|-7.775000|-32.662998|-8.973000|1.000000|1.000000|1.000000
AEG099_720_9001|13|83.292999|101.262001|-84.119003|10.322000|103.970001|0.000000|1.000000|1.000000|1.000000
AEG099_720_9002|13|-18.605000|177.404999|-39.230000|6.017000|-124.103996|8.956000|1.000000|1.000000|1.000000
AEG099_720_9003|13|36.701000|178.731995|-77.296997|8.879000|-96.723000|-8.020000|1.000000|1.000000|1.000000
AEG099_720_9004|13|-85.343002|200.699005|-109.110001|9.384000|152.733994|-2.385000|1.000000|1.000000|1.000000
AEG099_720_9005|13|62.174999|105.420998|24.004000|-0.000000|31.961000|-9.486000|1.000000|1.000000|1.000000
AEG099_720_9008|13|79.620003|103.730003|66.435997|-11.465000|-67.352997|2.097000|1.000000|1.000000|1.000000
AEG099_720_9009|13|-106.903000|213.764999|48.384998|-3.065000|-149.802994|-0.000000|1.000000|1.000000|1.000000
AEG099_720_9010|13|-102.121002|210.119995|63.933998|-6.330000|151.546005|2.592000|1.000000|1.000000|1.000000
AEG099_720_9012|13|69.482002|122.260002|98.654999|6.826000|129.218002|-4.580000|1.000000|1.000000|1.000000
AEG099_720_9013|13|72.338997|122.317001|100.728996|-4.725000|17.882000|-3.428000|1.000000|1.000000|1.000000
AEG099_720_9014|13|-68.166000|201.162003|-103.237000|11.711000|-175.429993|2.132000|1.000000|1.000000|1.000000
AEG099_720_9015|13|-65.407997|202.100998|-98.376999|-8.736000|-8.933000|-1.664000|1.000000|1.000000|1.000000
AEG099_720_9018|13|117.514000|101.665001|79.849998|7.413000|-115.353996|-4.646000|1.000000|1.000000|1.000000
AEG099_720_9020|13|-62.588001|202.244003|-74.584000|3.377000|8.444000|-4.552000|1.000000|1.000000|1.000000
AEG099_720_9023|13|-113.930000|220.759003|17.125000|0.000000|80.480003|0.000000|1.000000|1.000000|1.000000
AEG099_720_9025|13|-116.654999|220.580002|18.917999|6.545000|-43.646000|-0.000000|1.000000|1.000000|1.000000
AEG099_720_9027|13|-117.670998|220.824005|112.434998|-4.902000|166.617996|-11.045000|1.000000|1.000000|1.000000
AEG099_720_9028|13|-94.070999|225.554993|119.336998|10.083000|-101.777000|-2.401000|1.000000|1.000000|1.000000
AEG099_720_9029|13|-95.211998|225.322998|115.549004|-2.018000|-176.244995|-9.243000|1.000000|1.000000|1.000000
AEG099_720_9034|13|-101.351997|192.067993|-69.820000|0.000000|-171.029999|0.000000|1.000000|1.000000|1.000000
AEG099_720_9035|13|-103.102997|191.625000|-69.011002|0.000000|88.970001|0.000000|1.000000|1.000000|1.000000
AEG099_720_9036|13|-103.792000|192.143005|-72.177002|0.000000|-96.029999|0.000000|1.000000|1.000000|1.000000
AEG099_720_9037|13|-104.001999|185.947006|-34.183998|0.000000|128.537994|0.000000|1.000000|1.000000|1.000000
AEG099_720_9038|13|-107.418999|186.524994|-35.487000|-4.909000|-21.362000|-9.774000|1.000000|1.000000|1.000000
AEG099_720_9040|13|-96.602997|185.182007|-24.783001|-6.385000|-10.520000|-8.435000|1.000000|1.000000|1.000000
AEG099_720_9046|13|-52.779999|175.024002|-9.061000|-10.777000|-126.148003|-7.037000|1.000000|1.000000|1.000000
AEG099_720_9049|13|-5.262000|162.617996|14.319000|5.964000|58.956001|-8.631000|1.000000|1.000000|1.000000
AEG099_720_9050|13|-8.926000|163.356995|12.403000|7.823000|122.815002|4.339000|1.000000|1.000000|1.000000
AEG099_720_9054|13|-37.353001|181.035995|-19.669001|0.000000|-63.703999|0.000000|1.000000|1.000000|1.000000
AEG099_720_9055|13|-2.050000|181.957993|-15.563000|-2.993000|78.337997|-6.854000|1.000000|1.000000|1.000000
AEG099_720_9059|13|34.817001|178.779999|-80.542999|-0.768000|-156.768997|-14.699000|1.000000|1.000000|1.000000
AEG099_720_9061|13|6.814000|177.587997|-56.763000|0.000000|-161.029999|0.000000|1.000000|1.000000|1.000000
AEG099_720_9068|13|10.540000|175.723007|-90.888000|-0.646000|20.344999|-1.718000|1.000000|1.000000|1.000000
AEG099_720_9070|13|-4.890000|173.804993|-96.738998|0.000000|88.970001|0.000000|1.000000|1.000000|1.000000
AEG099_720_9072|13|4.919000|175.671005|-88.069000|0.000000|-123.070000|-1.178000|1.000000|1.000000|1.000000
AEG099_720_9073|13|3.618000|173.375000|-112.315002|10.615000|-123.763000|5.332000|1.000000|1.000000|1.000000
AEG099_720_9076|13|-81.587997|191.020996|11.094000|-5.874000|5.300000|-2.001000|1.000000|1.000000|1.000000
AEG099_720_9078|13|-78.950996|191.337997|17.136000|0.784000|95.846001|-2.915000|1.000000|1.000000|1.000000
AEG099_720_9079|13|-76.927002|191.570999|20.153999|0.000000|14.999000|0.000000|1.000000|1.000000|1.000000
AEG099_720_9082|13|-36.898998|194.087006|37.808998|0.000000|-161.029999|0.000000|1.000000|1.000000|1.000000
AEG099_720_9083|13|-35.681999|194.263000|40.868000|0.000000|-90.431999|0.000000|1.000000|1.000000|1.000000
AEG099_720_9087|13|-62.095001|195.102997|78.946999|0.000000|-97.266998|0.000000|1.000000|1.000000|1.000000
AEG099_720_9090|13|17.712999|201.742004|88.453003|0.000000|43.551998|0.000000|1.000000|1.000000|1.000000
AEG099_720_9094|13|5.164000|200.035004|114.596001|1.728000|-50.540001|0.766000|1.000000|1.000000|1.000000
AEG099_720_9096|13|-0.200000|199.518997|109.274002|-3.612000|139.727005|-3.354000|1.000000|1.000000|1.000000
AEG099_720_9100|13|-71.582001|195.608002|111.227997|0.000000|121.037003|0.000000|1.000000|1.000000|1.000000
AEG099_760_9000|13|-35.327999|176.705994|-74.142998|-5.638000|-94.724998|0.909000|1.000000|1.000000|1.000000
AEG099_760_9001|13|-38.800999|176.996002|-81.511002|-7.796000|-113.966003|0.473000|1.000000|1.000000|1.000000
AEG099_760_9003|13|72.742996|103.889000|44.112999|0.000000|104.925003|0.000000|1.000000|1.000000|1.000000
AEG099_760_9004|13|-68.721001|195.899002|123.473000|0.000000|100.508003|0.000000|1.000000|1.000000|1.000000
AEG099_760_9005|13|-67.095001|195.789001|116.761002|0.000000|164.695007|0.000000|1.000000|1.000000|1.000000
AEG099_760_9007|13|-113.553001|190.375000|-80.205002|0.000000|-106.553001|0.000000|1.000000|1.000000|1.000000
AEG099_760_9008|13|139.981995|108.130997|93.796997|2.762000|-113.739998|8.382000|1.000000|1.000000|1.000000
AEG099_760_9009|13|29.447001|156.255997|14.901000|3.155000|-135.837997|2.031000|1.000000|1.000000|1.000000
AEG099_802_9000|13|-116.565002|188.436996|-59.445000|0.000000|29.121000|0.000000|1.000000|1.000000|1.000000
AEG110_063_1000|13|-85.390396|192.779999|30.256626|0.000000|-94.500023|0.000000|1.000000|1.000000|1.000000
AEG801_006_7017|13|-99.071243|193.885101|-72.740028|-12.086575|154.995407|4.349300|1.100000|1.100000|1.100000
AEG801_006_7018|13|-113.906860|190.281250|-76.553177|-5.880478|131.684387|-4.093729|1.100000|1.100000|1.100000
AEG801_006_7019|13|-94.574524|190.129288|-57.480244|-21.485250|162.225616|2.008376|1.100000|1.100000|1.100000
AEG801_006_7027|13|-118.958008|188.272278|-32.570541|4.700509|26.401220|-8.239900|1.100000|1.100000|1.100000
AEG801_006_7028|13|-125.756104|189.389481|-34.077271|-1.104692|174.859558|7.497608|1.100000|1.100000|1.100000
AEG801_006_7031|13|-80.773216|193.657730|43.825619|-4.822861|-23.424082|2.031052|1.100000|1.100000|1.100000
AEG801_006_7033|13|-61.149830|191.809113|18.072769|-2.268444|-10.225711|1.560807|1.100000|1.100000|1.100000
AEG801_006_7035|13|-6.113522|163.299408|16.783724|10.404290|74.538719|-12.050579|1.100000|1.100000|1.100000
AEG801_006_7036|13|-10.617678|164.437363|16.662874|10.364048|-179.920395|16.845078|1.100000|1.100000|1.100000
AEG801_006_7039|13|32.271980|156.038513|15.544918|-1.801829|-87.997604|0.050024|1.100000|1.100000|1.100000
AEG801_006_7042|13|-95.428040|206.764221|104.137947|4.466315|26.333958|-3.997120|1.100000|1.100000|1.100000
AEG801_006_7043|13|-92.294266|206.398987|105.079048|6.305986|42.837063|-1.724467|1.100000|1.100000|1.100000
AEG801_006_7046|13|-38.128139|175.618500|-90.236206|-2.160141|4.310307|-8.136145|1.100000|1.100000|1.100000
AEG801_006_7051|13|-45.699623|177.256088|-118.657097|-1.110004|175.104614|8.764390|1.100000|1.100000|1.100000
AEG801_006_7053|13|45.118111|181.582779|-82.324875|10.851720|-91.556488|8.727889|1.100000|1.100000|1.100000
AEG801_006_7058|13|25.674461|175.264648|-52.957798|14.747799|-2.715974|-7.561922|1.100000|1.100000|1.100000
AEG801_006_7059|13|-75.254326|196.008591|112.308235|-1.543402|-33.105385|-4.625913|1.100000|1.100000|1.100000
AEG801_006_7062|13|-16.227074|195.021698|27.240934|4.684281|-57.538601|1.677413|1.100000|1.100000|1.100000
AEG801_006_7069|13|-109.922379|221.089462|16.708344|1.754567|3.603956|2.518455|1.100000|1.100000|1.100000
AEG801_006_7070|13|-102.522026|222.409393|2.121704|5.714246|-34.456047|-1.790247|1.100000|1.100000|1.100000
AEG801_006_7071|13|-61.454136|195.790771|119.239639|0.305091|-87.994324|1.237822|1.100000|1.100000|1.100000
AEG801_006_7075|13|-120.494972|220.305252|109.881805|-10.139839|138.984665|-8.484537|1.100000|1.100000|1.100000
AEG801_006_7076|13|-120.439537|220.368179|114.717789|5.748834|-37.007313|10.534473|1.100000|1.100000|1.100000
AEG801_006_7080|13|-110.689339|187.065384|-34.649956|-7.915299|-91.157761|-0.084393|1.100000|1.100000|1.100000
AEG801_006_7083|13|-127.780289|189.324539|-63.671024|2.898050|140.225464|3.957713|1.100000|1.100000|1.100000
AEG801_006_7085|13|-64.807129|197.963989|-45.649330|-6.473345|141.761200|7.714372|1.100000|1.100000|1.100000
AEG801_006_7087|13|-67.519333|202.458267|-71.136581|8.509542|6.688743|-6.267541|1.100000|1.100000|1.100000
AEG801_006_7088|13|-61.109951|202.558289|-85.608917|2.302757|131.175629|4.029948|1.100000|1.100000|1.100000
AEG801_006_7089|13|-70.304092|202.067261|-100.130081|-14.243594|-22.587469|0.558873|1.100000|1.100000|1.100000
AEG801_006_7092|13|-77.009628|203.326340|-68.591454|-18.029902|173.090485|6.529743|1.100000|1.100000|1.100000
AEG801_006_7094|13|-74.696411|198.598663|-114.472069|-3.531816|-91.413368|15.886089|1.100000|1.100000|1.100000
AEG801_006_7099|13|16.878220|157.975037|-2.772252|13.245953|7.647375|-6.796486|1.100000|1.100000|1.100000
AEG801_006_7100|13|22.916481|157.467682|-2.783420|-5.825893|142.188629|13.335506|1.100000|1.100000|1.100000
AEG801_006_7102|13|-16.523401|165.484909|1.096834|7.374421|126.575508|14.992431|1.100000|1.100000|1.100000
AEG801_006_7104|13|-105.984879|186.379333|-29.574829|5.195999|141.759247|6.560643|1.100000|1.100000|1.100000
AEG801_006_7105|13|-67.610611|177.896378|-2.878727|-11.319610|-40.182152|-14.527594|1.100000|1.100000|1.100000
AEG801_006_7108|13|-83.724541|185.803070|-42.107185|9.863997|8.806757|5.431805|1.100000|1.100000|1.100000
AEG801_006_7109|13|-11.399897|198.084290|84.895638|3.179890|-35.357029|6.011249|1.100000|1.100000|1.100000
AEG801_006_7110|13|-34.968323|176.077209|-113.470848|0.447897|-21.243822|-3.567272|1.100000|1.100000|1.100000
AEG801_006_7111|13|8.370707|175.860275|-64.783180|3.650353|151.660172|-3.917189|1.100000|1.100000|1.100000
AEG801_006_7118|13|-75.673500|193.022842|36.944878|-2.773841|-53.229763|3.517001|1.100000|1.100000|1.100000
AEG801_006_7119|13|-96.149918|210.185257|62.245960|-4.438175|152.956528|2.675440|1.100000|1.100000|1.100000
AEG801_006_7123|13|-80.887123|204.035950|-70.298698|-17.044401|160.220261|5.488139|1.100000|1.100000|1.100000
AEG801_006_7125|13|-91.745499|226.088455|120.272331|-2.268487|158.905853|-9.156880|1.100000|1.100000|1.100000
AEG801_006_7126|13|-122.173004|219.847870|97.052536|9.150052|-21.714937|17.646452|1.100000|1.100000|1.100000
AEG801_006_7130|13|-72.465736|181.079239|-25.484177|-4.897213|-93.653839|-17.531378|1.100000|1.100000|1.100000
AEG801_006_7131|13|29.083393|177.933304|-86.780579|-3.834014|158.671509|-12.940538|1.100000|1.100000|1.100000
AEG801_006_7132|13|47.326401|188.448349|65.711212|8.067464|155.215607|-11.051439|1.100000|1.100000|1.100000
AEG801_006_7134|13|-36.141754|176.633499|-80.662834|-7.096968|-8.138433|-13.088275|1.100000|1.100000|1.100000
AEG801_006_7135|13|-71.308830|198.602341|-113.606560|-3.485561|-91.430740|15.735038|1.100000|1.100000|1.100000
AEG801_006_7138|13|23.643145|202.199753|123.576805|3.147924|-35.300362|4.473010|1.100000|1.100000|1.100000
AEG801_006_7140|13|10.982677|200.835251|67.105865|2.970586|-36.080105|7.013511|1.100000|1.100000|1.100000
AEG801_006_7141|13|-75.009209|191.137222|13.677893|-2.996675|-35.288509|2.324723|1.100000|1.100000|1.100000
AEG801_006_7142|13|-17.359236|197.446716|85.487312|2.493184|-35.234142|5.490680|1.100000|1.100000|1.100000
AEG801_006_7143|13|-94.291168|215.882217|35.822311|-7.266456|158.835648|0.088027|1.100000|1.100000|1.100000
AEG801_006_7144|13|-41.493450|171.402283|6.567750|10.361262|156.726334|9.680101|1.100000|1.100000|1.100000
AEG801_006_7145|13|-1.935104|179.287994|16.969254|-53.830208|61.204784|-4.928129|1.100000|1.100000|1.100000
AEG801_006_7146|13|-7.233036|181.132446|-22.118444|-6.409206|-53.001549|7.446955|1.100000|1.100000|1.100000
AEG801_006_7147|13|22.695116|173.829773|-126.450562|1.951905|159.523056|-9.603089|1.100000|1.100000|1.100000
AEG801_006_7148|13|22.858704|171.604691|-36.157230|18.427908|40.943501|-4.904579|1.100000|1.100000|1.100000
AEG801_006_7149|13|-111.634064|221.120010|13.770156|3.100742|-88.292343|-2.330321|1.100000|1.100000|1.100000
AEG801_006_7150|13|79.133614|102.462936|-80.747955|-16.357620|-54.142498|-7.140503|1.100000|1.100000|1.100000
AEG801_006_7152|13|56.916798|108.001335|28.401264|21.393137|155.136475|10.330114|1.100000|1.100000|1.100000
AEG801_006_7154|13|-47.976471|195.825775|100.909615|-1.534775|116.306786|-2.313568|1.100000|1.100000|1.100000
AEG801_006_7155|13|63.288387|112.834381|-97.420006|-16.799082|-115.329353|-3.024257|1.100000|1.100000|1.100000
AEG801_006_7156|13|64.052666|109.549652|43.549114|-17.120121|-91.812706|18.354033|1.100000|1.100000|1.100000
AEG801_006_7159|13|77.824280|116.949326|135.037628|-6.673113|24.402489|-15.769268|1.100000|1.100000|1.100000
AEG801_006_7160|13|80.774712|117.009514|135.881104|-5.152205|-0.060232|0.000000|1.100000|1.100000|1.100000
AEG801_006_7161|13|127.478584|104.116219|80.038193|-6.127113|141.430634|-10.955103|1.100000|1.100000|1.100000
AEG801_006_7162|13|128.023056|104.417252|72.152504|9.566391|-120.445564|-9.708475|1.100000|1.100000|1.100000
AEG801_006_7163|13|121.672165|105.025558|101.336395|6.272818|141.663193|-0.250722|1.100000|1.100000|1.100000
AEG801_006_7164|13|123.018883|105.428101|105.345695|4.498910|141.584396|-6.852142|1.100000|1.100000|1.100000
AEG801_006_7165|13|152.951263|110.604126|105.949013|-4.716744|92.348343|-13.744806|1.100000|1.100000|1.100000
AEG801_006_7166|13|152.127533|109.836411|102.045639|13.426867|175.775940|-4.427670|1.100000|1.100000|1.100000
AEG801_006_7167|13|140.652084|110.635521|106.708641|4.649118|143.503906|-3.647614|1.100000|1.100000|1.100000
AEG801_006_7168|13|88.875099|104.621155|123.408607|-1.478487|60.451881|-13.746502|1.100000|1.100000|1.100000
AEG801_006_7169|13|86.717873|101.142227|100.730171|4.095190|141.271942|4.079672|1.100000|1.100000|1.100000
AEG801_006_7170|13|114.087242|103.280586|-68.451447|12.908349|-54.180256|4.438039|1.100000|1.100000|1.100000
AEG801_006_7171|13|120.523163|102.814278|-25.203819|4.043909|157.124832|-12.175604|1.100000|1.100000|1.100000
AEG801_006_7172|13|115.210594|101.639397|-28.608192|-1.347479|-24.472511|2.281666|1.100000|1.100000|1.100000
AEG801_006_7173|13|110.207970|102.341812|-18.318647|-4.732198|26.614794|-3.609992|1.100000|1.100000|1.100000
AEG801_006_7174|13|121.445503|108.152733|-12.333676|6.373551|-134.741470|-17.904297|1.100000|1.100000|1.100000
AEG801_006_7176|13|68.517555|101.024529|-55.118919|1.976657|-20.549383|-4.186131|1.100000|1.100000|1.100000
AEG801_006_7177|13|72.274704|100.921265|-57.104271|3.375835|4.521387|-2.535927|1.100000|1.100000|1.100000
AEG801_006_7178|13|118.842842|104.522758|18.105265|-16.096508|76.294174|6.130287|1.100000|1.100000|1.100000
AEG801_006_7179|13|122.719276|106.369331|4.321850|4.973690|-131.719147|-11.160013|1.100000|1.100000|1.100000
AEG801_006_7180|13|99.168121|101.191826|-23.697838|1.316506|-51.066990|2.645742|1.100000|1.100000|1.100000
AEG801_006_7181|13|98.901474|101.205688|-16.526106|-4.597124|99.142029|0.414074|1.100000|1.100000|1.100000
AEG801_006_7182|13|101.138474|101.266228|-10.471953|7.014140|-95.485504|-2.903097|1.100000|1.100000|1.100000
AEG801_006_7183|13|108.167366|101.277870|-32.513535|-2.312639|26.916197|0.751348|1.100000|1.100000|1.100000
AEG801_006_7184|13|121.802002|102.021469|-30.137255|10.802572|-51.341782|11.828905|1.100000|1.100000|1.100000
AEG801_006_7185|13|111.380516|101.485649|-28.473995|-4.096248|-60.231861|-0.130594|1.100000|1.100000|1.100000
AEG801_006_7186|13|101.810112|101.389771|-21.592573|1.719541|-51.066151|3.459245|1.100000|1.100000|1.100000
AEG801_006_7187|13|114.728226|103.413719|-13.475191|-16.891962|27.141972|-0.302160|1.100000|1.100000|1.100000
AEG801_006_7188|13|124.706673|106.344940|12.100796|-3.822155|179.067719|-14.145440|1.100000|1.100000|1.100000
AEG801_006_7189|13|116.093384|104.551659|7.794749|-2.892998|-151.898743|-14.608435|1.100000|1.100000|1.100000
AEG801_006_7190|13|57.595020|101.576874|-33.580402|-3.928894|-20.570366|-9.395095|1.100000|1.100000|1.100000
AEG801_006_7191|13|52.239162|105.836372|-8.778582|-9.499265|-21.177372|-9.417508|1.100000|1.100000|1.100000
AEG801_006_7192|13|59.298717|101.404236|-23.101898|-2.138043|-20.776525|-5.691226|1.100000|1.100000|1.100000
AEG801_006_7194|13|96.897987|101.171753|116.183754|-0.883177|141.421463|-0.136829|1.100000|1.100000|1.100000
AEG801_006_7195|13|90.729721|100.910767|105.577293|2.112796|141.408127|1.484036|1.100000|1.100000|1.100000
AEG801_006_7196|13|85.854439|104.002541|120.136169|14.863885|145.070587|-6.002398|1.100000|1.100000|1.100000
AEG801_006_7197|13|70.500710|118.626251|76.147049|12.528765|134.956497|2.738606|1.100000|1.100000|1.100000
AEG801_006_7198|13|68.067993|119.576660|81.295578|10.821859|133.870377|-1.594166|1.100000|1.100000|1.100000
AEG801_006_7199|13|111.112305|101.714066|33.207169|-11.649565|91.007309|0.853583|1.100000|1.100000|1.100000
AEG801_006_7200|13|73.534378|104.948486|-74.021217|10.935925|-29.797155|-11.316950|1.100000|1.100000|1.100000
AEG801_006_7201|13|59.020302|109.737183|-67.885506|8.593445|37.406174|1.150341|1.100000|1.100000|1.100000
AEG801_006_7202|13|-69.065918|195.837204|120.272720|-1.195012|-42.747223|-0.190508|1.100000|1.100000|1.100000
AEG801_006_7203|13|66.985497|110.277122|-76.646141|8.226089|32.545891|-0.418054|1.100000|1.100000|1.100000
AEG801_006_7204|13|71.831818|116.046616|-117.803307|4.878804|23.433432|2.373436|1.100000|1.100000|1.100000
AEG801_006_7205|13|69.189392|115.789650|-115.714119|3.983312|-20.380236|-2.339941|1.100000|1.100000|1.100000
AEG801_006_7206|13|-84.769135|183.072830|-18.569841|11.639708|178.436325|16.283035|1.100000|1.100000|1.100000
AEG801_006_7207|13|-74.454468|190.937912|10.686301|-0.077400|-87.690758|4.870007|1.100000|1.100000|1.100000
AEG801_006_7208|13|-77.092262|194.450607|57.762009|-2.135890|-86.242874|1.393440|1.100000|1.100000|1.100000
AEG801_006_7209|13|-115.589188|187.856873|-29.079744|3.920365|177.883408|7.607218|1.100000|1.100000|1.100000
AEG801_006_7210|13|-71.482056|195.958481|124.000534|-1.205310|-87.991379|1.613974|1.100000|1.100000|1.100000
AEG801_006_7211|13|39.655117|177.148590|35.948154|-1.917169|143.150589|-9.000414|1.100000|1.100000|1.100000
AEG801_006_7212|13|-70.390038|178.821594|-6.879912|-19.052622|-102.008911|5.601874|1.100000|1.100000|1.100000
AEG801_006_7213|13|-38.880817|177.355240|-67.528221|-1.450329|4.656734|-7.003622|1.100000|1.100000|1.100000
AEG801_006_7214|13|-37.022560|176.837646|-74.094513|-4.517875|4.350304|-3.934516|1.100000|1.100000|1.100000
AEG801_006_7215|13|-20.344656|179.333755|-33.315250|-13.338418|-51.428940|9.324084|1.100000|1.100000|1.100000
AEG801_006_7216|13|-108.451775|191.057251|-88.813736|-8.032665|135.100952|-4.724555|1.100000|1.100000|1.100000
AEG801_006_7219|13|78.633850|102.821007|53.446404|6.029063|133.271072|4.640376|1.100000|1.100000|1.100000
AEG801_006_7220|13|70.274590|104.339905|41.758785|10.974475|131.577789|9.035275|1.100000|1.100000|1.100000
AEG801_006_7221|13|66.914970|101.753540|14.485857|5.546277|132.528168|3.326739|1.100000|1.100000|1.100000
AEG801_006_7222|13|73.189873|119.085312|82.139977|9.655128|174.964737|3.171092|1.100000|1.100000|1.100000
AEG801_006_7223|13|32.322830|178.686050|-83.598343|16.473349|-44.693302|7.046814|1.100000|1.100000|1.100000
AEG801_006_7224|13|36.209137|177.806747|-67.764465|6.028516|-132.488998|-13.205047|1.100000|1.100000|1.100000
AEG801_006_7225|13|-2.435589|176.066254|-85.895592|-2.650062|-85.052292|0.346072|1.100000|1.100000|1.100000
AEG801_006_7226|13|8.458509|175.797791|-87.176033|0.012759|-85.398430|0.409401|1.100000|1.100000|1.100000
AEG801_006_7227|13|-7.300565|175.709320|-57.050831|-3.862277|61.655052|0.460409|1.100000|1.100000|1.100000
AEG801_006_7228|13|6.770820|175.779785|-91.230263|-0.149909|-175.601181|1.573238|1.100000|1.100000|1.100000
AEG801_006_7229|13|-3.977365|175.739807|-58.304813|-1.954520|-28.503679|4.693624|1.100000|1.100000|1.100000
AEG801_006_7230|13|-28.815229|181.011124|-16.580093|6.979415|-50.590630|0.846042|1.100000|1.100000|1.100000
AEG801_006_7231|13|37.734409|167.832596|-18.411879|3.350338|-48.865768|-7.522479|1.100000|1.100000|1.100000
AEG801_006_7232|13|-41.161911|175.939270|-95.871605|-8.251364|-85.626564|0.307167|1.100000|1.100000|1.100000
AEG801_006_7233|13|-4.539276|172.141891|-119.376823|-0.167989|68.392632|-9.446684|1.100000|1.100000|1.100000
AEG801_006_7234|13|4.036111|174.322617|-108.645416|-1.350010|68.009392|-10.928923|1.100000|1.100000|1.100000
AEG801_006_7235|13|-101.827827|207.578888|100.960770|-6.712872|-63.551647|1.731617|1.100000|1.100000|1.100000
AEG801_006_7236|13|-108.367386|208.074402|87.281052|-4.426291|-156.078781|0.421259|1.100000|1.100000|1.100000
AEG801_006_7237|13|-14.194449|197.733734|82.804405|2.743605|-35.337471|5.636546|1.100000|1.100000|1.100000
AEG801_006_7238|13|-10.890473|198.080032|80.434982|3.246007|-35.369652|6.238286|1.100000|1.100000|1.100000
AEG801_006_7239|13|0.325423|173.751175|-111.342026|-14.945541|5.638486|-0.011494|1.100000|1.100000|1.100000
AEG801_006_7240|13|-5.900757|171.652542|-122.865158|10.536906|174.917938|4.320232|1.100000|1.100000|1.100000
AEG801_006_7241|13|-122.828552|191.430298|-106.210304|-6.549171|132.442749|3.556098|1.100000|1.100000|1.100000
AEG801_006_7242|13|-118.498718|191.662903|-108.201324|7.109544|11.478989|-0.036500|1.100000|1.100000|1.100000
AEG801_006_7243|13|-122.207230|192.126831|-110.732414|8.955909|-40.552166|-3.543676|0.900000|0.900000|0.900000
AEG801_006_7244|13|-118.065475|191.169296|-101.943161|3.475173|-80.851639|-2.639059|0.900000|0.900000|0.900000
AEG801_006_7245|13|-119.232498|188.493179|-44.175835|7.697705|132.442703|5.756456|1.100000|1.100000|1.100000
AEG801_006_7246|13|-115.084740|187.833923|-46.680988|2.389200|12.110399|-7.633602|1.100000|1.100000|1.100000
AEG801_006_7247|13|-119.097069|188.391632|-50.342602|-3.859101|-40.412556|-4.641597|0.900000|0.900000|0.900000
AEG801_006_7248|13|-114.336365|187.651627|-40.416561|-8.816236|-80.829788|-2.282710|0.900000|0.900000|0.900000
AEG801_006_7249|13|-123.980667|189.254089|-43.781528|-7.703331|-80.344193|1.137091|0.900000|0.900000|0.900000
AEG801_011_7015|13|10.403008|200.757446|67.561546|-0.005307|43.472702|0.004945|1.000000|1.000000|1.000000
AEG801_011_7016|13|-115.426735|220.751114|20.637754|-2.460971|43.732849|4.236548|1.000000|1.000000|1.000000
AEG801_011_7017|13|-120.357422|220.639709|107.979767|0.000027|42.082108|0.000027|1.000000|1.000000|1.000000
AEG801_011_7018|13|-106.497856|186.586609|-38.872143|-0.000000|43.519756|-0.000003|1.000000|1.000000|1.000000
AEG801_011_7019|13|-64.275047|197.814011|-44.923531|-0.000000|43.500027|0.000000|1.000000|1.000000|1.000000
AEG801_011_7021|13|8.520653|176.434586|-89.344414|-0.016779|37.047218|-0.051957|1.000000|1.000000|1.000000
AEG801_011_7022|13|27.296417|156.684448|-0.194244|-0.001743|44.047203|-0.032118|1.000000|1.000000|1.000000
AEG801_011_7023|13|-67.664047|177.918365|-3.349061|0.014343|50.351521|-0.011550|1.000000|1.000000|1.000000
AEG801_011_7024|13|-14.032914|197.746994|82.217659|-0.000005|43.191219|0.000000|1.000000|1.000000|1.000000
AEG801_011_7025|13|-73.108360|181.397141|-26.343536|0.016502|40.883926|0.011557|1.000000|1.000000|1.000000
AEG801_011_7026|13|24.511326|174.019714|-48.099014|0.000000|44.381264|0.000000|1.000000|1.000000|1.000000
AEG801_011_7027|13|46.544487|188.406662|66.204994|-0.016993|42.190052|-0.007543|1.000000|1.000000|1.000000
AEG801_011_7028|13|39.655117|177.148590|35.948154|-0.000000|44.337772|-0.000000|1.000000|1.000000|1.000000
AEG801_011_7029|13|-34.748699|194.411713|38.959259|-0.000000|42.847088|-0.000000|1.000000|1.000000|1.000000
AEG801_011_7030|13|23.989912|174.012756|-126.522461|-0.009576|45.832130|0.002076|1.000000|1.000000|1.000000
AEG801_011_7031|13|113.154694|100.906380|60.054405|-3.010192|44.759544|4.127401|1.000000|1.000000|1.000000
AEG801_011_7032|13|139.284592|110.624969|106.026314|0.000000|43.916920|0.000000|1.000000|1.000000|1.000000
AEG801_011_7033|13|118.699028|107.374466|-81.345634|0.004453|45.646019|0.014808|1.000000|1.000000|1.000000
AEG801_011_7034|13|98.949059|101.418060|-14.214174|0.000000|44.178379|0.000000|1.000000|1.000000|1.000000
AEG801_011_7035|13|123.911064|106.545151|7.278821|0.000000|44.462841|0.000000|1.000000|1.000000|1.000000
AEG801_011_7036|13|55.967003|101.844421|-34.742905|0.005628|46.397179|-0.007582|1.000000|1.000000|1.000000
AEG801_011_7037|13|59.049576|110.773384|41.479652|0.000000|38.058712|0.000000|1.000000|1.000000|1.000000
AEG801_011_7038|13|143.284912|108.113358|93.610626|0.000000|-43.004078|0.000000|1.000000|1.000000|1.000000
AEG801_011_7039|13|112.306931|101.326035|107.387581|0.000000|43.274490|0.000000|1.000000|1.000000|1.000000
AEG801_011_7040|13|88.875099|104.621155|123.408607|0.000000|40.624081|0.000000|1.000000|1.000000|1.000000
AEG801_011_7041|13|68.067993|119.576660|81.295578|-0.010675|-45.995728|0.006366|1.000000|1.000000|1.000000
AEG801_011_7046|13|-56.054543|174.734665|2.468899|0.006776|163.830750|0.015272|1.000000|1.000000|1.000000
AEG801_011_7047|13|-32.530476|176.295471|-49.848324|0.000000|44.536034|0.000000|1.000000|1.000000|1.000000
AEG801_011_7048|13|-36.580269|176.906418|-72.428825|-0.002292|-13.885597|-0.005851|1.000000|1.000000|1.000000
AEG801_011_7049|13|-28.708010|168.536728|0.657433|0.000792|164.086670|0.014398|1.000000|1.000000|1.000000
AEG801_011_7050|13|79.104759|104.083984|67.865555|-0.012010|-49.035206|-0.007522|1.000000|1.000000|1.000000
AEG801_011_7051|13|-89.430458|186.540482|-11.893572|-0.013741|165.480164|-0.029973|1.000000|1.000000|1.000000
AEG801_011_7052|13|-80.186890|192.091141|23.210567|0.004972|-55.534561|0.000301|1.000000|1.000000|1.000000
AEG801_011_7053|13|37.317673|175.049637|-55.073975|0.000000|46.235382|0.000000|1.000000|1.000000|1.000000
AEG801_011_7054|13|35.708153|177.832825|-69.386566|0.009781|-44.825970|0.003962|1.000000|1.000000|1.000000
AEG801_011_7055|13|-1.715780|176.072906|-87.611107|-0.001912|-115.361305|0.008142|1.000000|1.000000|1.000000
AEG801_011_7056|13|28.329762|177.765167|-86.164642|0.010464|-133.591095|-0.008569|1.000000|1.000000|1.000000
AEG801_011_7057|13|-6.708925|180.993317|-21.905434|0.005874|153.871399|-0.008668|1.000000|1.000000|1.000000
AEG801_011_7058|13|7.080645|178.912018|-47.685455|-0.005209|63.257462|-0.002323|1.000000|1.000000|1.000000
AEG801_011_7059|13|37.166916|168.254822|-20.277878|0.024698|-42.244736|-0.017885|1.000000|1.000000|1.000000
AEG801_011_7060|13|-19.516815|178.364441|-35.733097|0.000000|153.985809|0.000000|1.000000|1.000000|1.000000
AEG801_011_7061|13|-42.313793|176.074524|-97.553726|-0.006943|-103.492683|0.002541|1.000000|1.000000|1.000000
AEG801_011_7062|13|-45.107368|177.209045|-119.731522|-0.006092|166.406418|0.007486|1.000000|1.000000|1.000000
AEG801_011_7063|13|-5.235382|171.829971|-121.535255|-0.009958|27.291729|0.004426|1.000000|1.000000|1.000000
AEG801_011_7064|13|1.953626|174.328949|-108.915192|0.009262|-136.468903|0.009535|1.000000|1.000000|1.000000
AEG801_011_7065|13|78.668480|116.901619|134.429718|0.000000|-49.454552|0.000000|1.000000|1.000000|1.000000
AEG801_011_7066|13|-109.595337|208.215714|85.888863|0.001557|-46.304966|-0.004730|1.000000|1.000000|1.000000
AEG801_011_7068|13|-126.879761|189.523209|-33.880032|0.005628|38.117565|-0.004594|1.000000|1.000000|1.000000
AEG801_011_7069|13|31.291643|156.090469|15.086580|0.002404|44.116882|-0.002656|1.000000|1.000000|1.000000
AEG801_011_7070|13|-121.999290|191.786194|-108.307388|0.004890|43.669579|0.007021|1.000000|1.000000|1.000000
AEG801_011_7071|13|-118.256096|188.300140|-46.480297|5.380223|43.969563|-6.336205|1.000000|1.000000|1.000000
AEG801_015_7004|13|-101.486145|185.741714|-33.036911|-0.000005|-126.826202|-0.000010|1.000002|1.000002|1.000002
AEG801_015_7005|13|-124.155510|189.146759|-33.076973|0.002786|11.816475|-0.007765|1.000002|1.000002|1.000002
AEG801_015_7006|13|1.001331|161.882706|17.828365|-0.000005|-127.203712|-0.000009|1.000003|1.000002|1.000002
AEG801_015_7007|13|-8.711926|163.498184|13.671270|-0.000003|9.846156|-0.000004|1.000002|1.000002|1.000002
AEG801_015_7009|13|-89.744110|206.651947|99.372093|-0.003476|-127.853630|-0.005709|1.000002|1.000002|1.000002
AEG801_015_7011|13|-44.633919|177.073746|-117.672379|0.003141|11.013135|-0.007708|1.000002|1.000002|1.000002
AEG801_015_7012|13|-72.905403|195.813065|108.307991|-0.002311|-48.189869|-0.002249|1.000002|1.000002|1.000002
AEG801_015_7014|13|-38.825775|177.035187|-80.874130|-0.008484|-124.234680|0.032012|1.000002|1.000002|1.000002
AEG801_015_7015|13|65.477379|104.718086|24.946402|-0.000004|-126.129646|-0.000008|1.000002|1.000002|1.000002
AEG801_015_7016|13|57.654125|107.512665|27.552902|-0.014575|-1.507232|-0.020220|1.000002|1.000002|1.000002
AEG801_015_7019|13|113.611130|101.132782|-42.925438|0.000002|-42.514774|0.000003|1.000002|1.000002|1.000002
AEG801_015_7020|13|112.333694|101.243103|-27.402550|-0.000010|98.351875|-0.000015|1.000002|1.000002|1.000002
AEG801_015_7021|13|80.786583|101.963905|-82.560539|-0.010139|-43.138939|-0.004081|1.000002|1.000002|1.000002
AEG801_015_7022|13|53.109100|105.588501|-9.839762|-0.007960|8.325782|-0.009410|1.000002|1.000002|1.000001
AEG801_015_7023|13|87.905876|101.231216|100.461044|-0.000003|-126.916962|-0.000008|1.000002|1.000002|1.000002
AEG801_015_7024|13|-75.018074|191.002441|11.761963|0.003851|-170.121170|0.001007|1.000002|1.000002|1.000002
AEG801_015_7025|13|-113.814804|190.296936|-76.830215|-0.005392|138.036285|-0.004716|1.000002|1.000002|1.000002
AEG801_015_7026|13|-108.687363|192.528931|-108.322754|0.008529|-76.892982|-0.004396|1.000002|1.000002|1.000002
AEG801_015_7028|13|-90.470856|186.671341|-11.680653|-0.009979|54.236748|0.000701|1.000002|1.000002|1.000002
AEG801_015_7029|13|35.189499|177.654343|-68.206131|-0.000005|-126.222374|-0.000010|1.000002|1.000002|1.000002
AEG801_015_7030|13|-4.226113|176.327164|-84.641808|-0.003646|-37.080532|-0.003251|1.000002|1.000002|1.000002
AEG801_015_7031|13|-6.980787|171.566238|-123.799469|0.010681|-174.895355|0.008467|1.000002|1.000002|1.000001
AEG801_015_7032|13|81.725891|117.178696|135.140808|-0.000003|38.967743|-0.000009|1.000002|1.000002|1.000002
AEG801_016_7004|13|-94.693565|190.016830|-57.192955|0.014671|35.283009|0.015655|1.000000|1.000000|1.000000
AEG801_016_7006|13|-118.074440|188.129333|-33.004120|0.009043|104.884422|0.002869|1.000000|1.000000|1.000000
AEG801_016_7008|13|-74.489227|193.038742|37.203281|-0.003940|24.225574|-0.002028|1.000000|1.000000|1.000000
AEG801_016_7009|13|-6.854818|163.586395|17.495512|0.015573|-86.693611|-0.005255|1.000000|1.000000|1.000000
AEG801_016_7010|13|-96.138107|206.840881|104.269783|0.000000|105.049332|0.000000|1.000000|1.000000|1.000000
AEG801_016_7011|13|-102.837448|214.746658|40.996834|-3.108810|124.281990|3.727207|1.000000|1.000000|1.000000
AEG801_016_7012|13|-36.675484|176.636780|-83.416962|0.000000|-124.973228|0.000000|1.000000|1.000000|1.000000
AEG801_016_7013|13|-44.937622|177.059998|-113.706421|0.000000|98.382629|0.000000|1.000000|1.000000|1.000000
AEG801_016_7014|13|9.154291|175.900452|-64.383354|0.001749|123.242859|-0.003246|1.000000|1.000000|1.000000
AEG801_016_7015|13|-76.594513|196.127701|111.758621|0.006448|46.685581|-0.003291|1.000000|1.000000|1.000000
AEG801_016_7016|13|-81.702477|191.384430|14.628403|0.000000|121.460953|-0.000000|1.000000|1.000000|1.000000
AEG801_016_7018|13|-93.084106|226.034637|116.881950|0.000000|122.991547|-0.000000|1.000000|1.000000|1.000000
AEG801_016_7019|13|-79.199211|203.633820|-69.165298|-0.000000|124.744911|0.000000|1.000000|1.000000|1.000000
AEG801_016_7020|13|-64.961487|178.889343|-19.402769|-0.007496|20.490496|0.005355|1.000000|1.000000|1.000000
AEG801_016_7021|13|-19.540539|166.372375|0.103008|0.000000|104.733620|0.000000|1.000000|1.000000|1.000000
AEG801_016_7022|13|-99.992638|194.203827|-74.248032|-0.012109|125.054947|0.009808|1.000000|1.000000|1.000000
AEG801_016_7023|13|-70.432297|201.383041|-102.995956|0.012076|128.595764|-0.008149|1.000000|1.000000|1.000000
AEG801_016_7025|13|97.884438|101.188141|117.602226|0.000000|105.237953|0.000000|1.000000|1.000000|1.000000
AEG801_016_7026|13|118.702431|102.493317|60.535660|-0.006171|104.806282|0.002022|1.000000|1.000000|1.000000
AEG801_016_7027|13|111.009605|101.070068|-29.679317|0.000000|-129.948380|0.000000|1.000000|1.000000|1.000000
AEG801_016_7029|13|73.033806|101.095528|-57.316914|0.000000|-125.346680|0.000000|1.000000|1.000000|1.000000
AEG801_016_7030|13|83.165710|101.659973|-80.361870|-0.005502|14.899604|-0.007723|1.000000|1.000000|1.000000
AEG801_016_7032|13|82.882103|101.312996|87.436653|-0.006039|-138.019150|0.011721|1.000000|1.000000|1.000000
AEG801_016_7034|13|110.700356|101.638832|33.264317|-0.011299|104.572632|-0.000713|1.000000|1.000000|1.000000
AEG801_016_7035|13|-95.483894|185.162140|-23.912903|0.009098|105.899231|-0.006282|1.000000|1.000000|1.000000
AEG801_016_7036|13|-84.742744|183.072830|-17.915358|0.002951|-173.613708|0.026938|1.000000|1.000000|1.000000
AEG801_016_7037|13|-56.649918|174.473373|5.075142|0.013005|104.174194|0.004918|1.000000|1.000000|1.000000
AEG801_016_7038|13|-35.416843|176.079010|-112.701660|-0.003000|-84.969604|-0.001983|1.000000|1.000000|1.000000
AEG801_016_7039|13|-40.097260|177.510574|-68.081657|-0.006741|-48.599274|-0.003633|1.000000|1.000000|1.000000
AEG801_016_7041|13|-69.592865|195.801712|115.250877|0.000956|46.701809|-0.001944|1.000000|1.000000|1.000000
AEG801_016_7042|13|-73.932388|190.857300|9.513182|-0.002183|121.528748|-0.002977|1.000000|1.000000|1.000000
AEG801_016_7043|13|-42.326385|171.653122|6.917545|0.013906|104.511330|-0.002757|1.000000|1.000000|1.000000
AEG801_016_7044|13|-81.717773|192.112518|24.543865|0.000000|-57.535397|0.000000|1.000000|1.000000|1.000000
AEG801_016_7046|13|-4.155346|176.278717|-87.252167|-0.011977|-136.514389|0.010464|1.000000|1.000000|1.000000
AEG801_016_7047|13|8.296249|175.787811|-88.365639|0.000382|132.387253|-0.000490|1.000000|1.000000|1.000000
AEG801_016_7048|13|-7.246901|181.123962|-22.552967|0.015436|-141.433853|-0.038198|1.000000|1.000000|1.000000
AEG801_016_7049|13|-4.914433|172.119339|-119.671402|0.004972|101.360588|-0.008885|1.000000|1.000000|1.000000
AEG801_250_7064|13|-93.520622|190.566422|-58.395386|0.029588|-14.223032|0.011120|0.800000|0.800000|0.800000
AEG801_250_7065|13|-102.729118|193.187042|-69.891891|0.002322|82.243568|0.010928|0.600000|0.600000|0.600000
AEG801_250_7074|13|-124.657333|189.274963|-34.959339|0.005847|32.464085|-0.005718|1.000000|1.000000|1.000000
AEG801_250_7075|13|-83.043991|184.310425|-36.197201|-0.013987|-166.455399|-0.003891|0.752858|0.752858|0.752858
AEG801_250_7077|13|-83.176704|183.800095|-34.157185|0.011174|28.091694|0.006612|0.550000|0.550000|0.550000
AEG801_250_7078|13|-112.181114|190.889786|-80.268898|-0.025609|61.871284|0.008579|0.600000|0.600000|0.600000
AEG801_250_7080|13|-74.834671|193.014587|36.864544|-0.000539|-85.394730|0.004399|0.600000|0.600000|0.600000
AEG801_250_7081|13|-10.059895|164.121521|15.862051|-0.000000|31.108343|-0.017282|1.000000|1.000000|1.000000
AEG801_250_7082|13|-55.085247|174.571167|3.761919|-0.013440|-41.778961|-0.010573|1.000000|1.000000|1.000000
AEG801_250_7083|13|-41.579945|171.643082|8.064698|-0.002946|8.057656|0.014944|0.650000|0.650000|0.650000
AEG801_250_7084|13|-54.709312|174.172852|2.760838|0.012513|60.753487|-0.010439|0.550000|0.550000|0.550000
AEG801_250_7086|13|30.669250|156.125854|17.452560|-0.000003|-39.555744|-0.000002|0.900000|0.900000|0.900000
AEG801_250_7087|13|33.076183|156.012390|16.479210|-0.000000|-142.925659|0.000000|0.600000|0.600000|0.600000
AEG801_250_7088|13|30.796076|156.118347|14.043493|-0.000000|-48.268414|-0.000000|0.550000|0.550000|0.550000
AEG801_250_7091|13|-94.455147|206.642639|104.820564|0.000000|32.296715|0.000000|1.000000|1.000000|1.000000
AEG801_250_7092|13|-100.627083|209.629883|67.522064|0.002814|-62.226704|-0.005579|0.900000|0.900000|0.900000
AEG801_250_7093|13|-101.059212|209.701172|66.863045|0.004836|-39.684002|-0.004169|0.550000|0.550000|0.550000
AEG801_250_7095|13|-101.790245|214.746658|39.845280|0.007841|74.517723|0.015136|0.700000|0.700000|0.700000
AEG801_250_7096|13|-35.709114|176.621216|-78.970093|-0.012829|-82.134247|0.006502|0.600000|0.600000|0.600000
AEG801_250_7097|13|-36.748993|176.545364|-84.184341|0.000000|-152.849060|0.000000|1.000000|1.000000|1.000000
AEG801_250_7098|13|-46.696556|177.351013|-117.076462|0.000000|31.291040|0.000000|1.000000|1.000000|1.000000
AEG801_250_7100|13|43.680923|181.348694|-82.244980|0.000000|-39.417919|0.000000|0.900000|0.900000|0.900000
AEG801_250_7101|13|45.904480|181.718491|-82.299927|0.000000|-139.002945|0.000000|0.600000|0.600000|0.600000
AEG801_250_7103|13|-19.369530|178.012787|-37.018280|0.000000|141.474411|0.000000|0.704490|0.704490|0.704490
AEG801_250_7104|13|-21.089386|177.117661|-40.677605|0.000000|-76.729866|0.000000|0.497096|0.497097|0.497096
AEG801_250_7105|13|-20.920151|177.680328|-37.401566|0.000000|47.170715|0.000000|0.900000|0.900000|0.900000
AEG801_250_7106|13|-4.329446|182.315308|-12.676697|0.000000|56.383873|0.000000|1.000000|1.000000|1.000000
AEG801_250_7107|13|-2.763600|182.081177|-14.405014|0.000000|-128.893738|0.000000|0.600000|0.600000|0.600000
AEG801_250_7108|13|8.785005|175.792358|-65.687897|-0.003043|73.920654|-0.004405|0.700000|0.700000|0.700000
AEG801_250_7110|13|-68.734711|195.713943|112.671234|-0.000001|-27.587870|-0.000001|1.000000|1.000000|1.000000
AEG801_250_7111|13|-15.746822|195.419083|25.358788|-0.000000|-75.409920|-0.000005|0.500000|0.500000|0.500000
AEG801_250_7112|13|-14.795582|195.249939|27.581806|-0.000003|144.761978|-0.000014|0.650000|0.650000|0.650000
AEG801_250_7113|13|-18.216431|195.018463|27.252754|0.000027|-35.749653|-0.000020|0.900000|0.900000|0.900000
AEG801_250_7116|13|35.239227|203.210846|112.788574|-0.000000|-62.402527|-0.000000|0.900000|0.900000|0.900000
AEG801_250_7117|13|37.566292|203.413376|113.712746|0.000000|-138.768524|-0.000000|0.600000|0.600000|0.600000
AEG801_250_7118|13|36.723572|203.345810|110.082726|0.000000|-40.245319|0.000000|0.550000|0.550000|0.550000
AEG801_250_7119|13|-79.725426|191.255539|14.433418|0.003852|-155.704376|0.003115|0.800000|0.800000|0.800000
AEG801_250_7121|13|-62.989807|195.796188|119.698578|-0.000961|-39.360470|0.000929|0.900000|0.900000|0.900000
AEG801_250_7122|13|-60.096920|195.820160|120.412704|0.001311|-142.916153|0.000301|0.600000|0.600000|0.600000
AEG801_250_7123|13|-61.923946|195.771591|118.419617|-0.000591|-48.179272|0.001093|0.550000|0.550000|0.550000
AEG801_250_7126|13|-91.520683|226.402542|119.188469|-0.010079|75.147079|0.004262|0.700000|0.700000|0.700000
AEG801_250_7127|13|-110.802254|187.097076|-35.699303|0.000000|145.541794|0.000000|1.000000|1.000000|1.000000
AEG801_250_7128|13|-106.926064|186.612640|-37.853767|-0.000000|-39.911438|-0.000000|0.600000|0.600000|0.600000
AEG801_250_7132|13|-109.409645|192.117645|-104.602722|-0.010851|90.228622|0.002841|0.600000|0.600000|0.600000
AEG801_250_7133|13|-107.901825|191.123505|-88.438011|0.005054|-14.097913|0.009371|0.550000|0.550000|0.550000
AEG801_250_7134|13|-108.158951|192.384430|-105.588539|0.010409|-62.267487|0.000765|0.900000|0.900000|0.900000
AEG801_250_7136|13|-77.009766|203.016022|-67.598381|-0.000000|74.771889|0.000000|0.700000|0.700000|0.700000
AEG801_250_7138|13|-71.663765|202.142929|-100.315613|-0.013706|-37.304241|0.004945|1.000000|1.000000|1.000000
AEG801_250_7140|13|-16.895208|165.540680|1.386415|-0.000000|-89.535477|-0.000000|0.600000|0.600000|0.600000
AEG801_250_7141|13|-65.005592|178.889343|-20.114737|0.001229|174.291626|-0.004475|0.700000|0.700000|0.700000
AEG801_250_7143|13|-111.472519|221.100159|14.423413|0.003579|-36.136391|0.001038|0.900000|0.900000|0.900000
AEG801_250_7144|13|-109.806038|221.224533|13.509800|0.003770|-50.016899|-0.000390|0.550000|0.550000|0.550000
AEG801_250_7145|13|-109.026039|221.126999|16.604813|-2.965758|127.543610|0.272388|0.600000|0.600000|0.600000
AEG801_250_7146|13|80.962914|102.141800|-80.082001|0.000000|-62.385445|0.000000|0.700000|0.700000|0.700000
AEG801_250_7147|13|83.775505|101.663208|-78.871696|0.000000|-139.376343|0.000000|0.600000|0.600000|0.600000
AEG801_250_7149|13|110.665657|100.980011|-121.394485|0.000000|-25.385447|0.000000|0.800000|0.800000|0.800000
AEG801_250_7150|13|56.916798|108.001335|28.401264|-0.002840|31.859200|-0.027492|1.000000|1.000000|1.000000
AEG801_250_7152|13|59.378574|110.095383|39.403736|0.000000|32.232510|0.000000|0.850000|0.850000|0.850000
AEG801_250_7154|13|139.536667|110.102394|103.307785|0.000000|-41.640110|0.000000|0.600000|0.600000|0.600000
AEG801_250_7155|13|138.807693|110.498032|105.300636|0.000000|142.339020|0.000000|1.000000|1.000000|1.000000
AEG801_250_7156|13|74.487282|100.814270|31.937927|0.000301|29.679850|-0.000843|0.900000|0.900000|0.900000
AEG801_250_7157|13|118.841789|102.532921|61.298904|-0.006296|123.331009|-0.000192|0.700000|0.700000|0.700000
AEG801_250_7158|13|109.083076|100.980003|-119.649948|-0.000013|-139.117874|-0.000011|0.600000|0.600000|0.600000
AEG801_250_7159|13|119.927032|102.873817|-23.170864|0.000000|125.730995|0.000000|1.000000|1.000000|1.000000
AEG801_250_7160|13|113.657822|101.568199|-28.507759|3.638032|-129.887482|1.072121|1.000000|1.000000|1.000000
AEG801_250_7161|13|106.711975|100.980011|-29.851482|0.000000|44.575375|0.000000|0.600000|0.600000|0.600000
AEG801_250_7162|13|77.067337|100.664139|33.130219|0.000000|-106.304344|0.000000|0.600000|0.600000|0.600000
AEG801_250_7163|13|75.969330|100.980011|-53.627014|0.000000|-85.396507|0.000000|0.600000|0.600000|0.600000
AEG801_250_7164|13|71.004143|101.161690|-56.299500|0.000000|-153.263702|0.000000|1.000000|1.000000|1.000000
AEG801_250_7165|13|120.425720|104.980965|15.395750|0.000000|-70.662491|0.000000|0.550000|0.550000|0.550000
AEG801_250_7166|13|119.509392|104.461250|18.838667|0.000000|-19.837040|0.000000|0.900000|0.900000|0.900000
AEG801_250_7167|13|122.547508|105.479889|16.342262|0.000000|-137.090347|0.000000|0.600000|0.600000|0.600000
AEG801_250_7168|13|117.739815|107.093849|-80.848671|-0.006221|72.839386|0.011447|0.800000|0.800000|0.800000
AEG801_250_7169|13|96.129883|101.165154|-15.045931|0.000000|-26.676001|0.000000|0.600000|0.600000|0.600000
AEG801_250_7170|13|52.092197|105.859566|-8.979533|0.011283|80.949936|-0.007159|1.000000|1.000000|1.000000
AEG801_250_7171|13|65.729553|104.760017|25.952496|0.000000|143.713593|0.000000|1.000000|1.000000|1.000000
AEG801_250_7172|13|83.671616|101.032013|85.877159|-0.007907|-118.358597|0.007021|0.700000|0.700000|0.700000
AEG801_250_7173|13|120.974190|102.497650|77.663391|0.000000|118.492523|0.000000|0.900000|0.900000|0.900000
AEG801_250_7174|13|123.226425|103.126404|76.832886|0.000000|28.105358|0.000000|0.650000|0.650000|0.650000
AEG801_250_7175|13|71.686005|122.555054|101.416367|0.000000|98.890839|0.000000|0.700000|0.700000|0.700000
AEG801_250_7177|13|101.123268|101.142593|115.704346|0.000000|-118.453926|0.000000|0.800000|0.800000|0.800000
AEG801_250_7179|13|111.583008|101.807442|33.456017|-0.009448|66.538307|0.008961|0.600000|0.600000|0.600000
AEG801_250_7180|13|-77.698814|181.797379|-8.193526|-0.025900|-101.863014|0.020709|0.600000|0.600000|0.600000
AEG801_250_7181|13|-79.955597|182.574677|-9.517221|0.006530|19.289484|-0.033374|0.950000|0.950000|0.950000
AEG801_250_7182|13|-94.786278|184.960800|-23.851627|-0.020849|-137.921082|0.029889|0.700000|0.700000|0.700000
AEG801_250_7183|13|-77.895973|194.461105|56.968357|-0.003093|-49.518631|-0.001202|0.550000|0.550000|0.550000
AEG801_250_7184|13|-76.394890|194.431976|57.530869|0.000656|-143.115326|0.002951|0.750000|0.750000|0.750000
AEG801_250_7185|13|-67.493027|191.386932|11.570646|-0.001881|74.469749|0.002459|0.700000|0.700000|0.700000
AEG801_250_7186|13|-46.680744|177.238403|-114.830475|0.000000|-86.112640|0.000000|0.650000|0.650000|0.650000
AEG801_250_7187|13|-38.624161|177.328644|-67.177361|0.001093|-173.183594|0.007240|0.700000|0.700000|0.700000
AEG801_250_7188|13|-111.623833|190.586838|-81.618790|0.001175|-78.580788|0.006284|0.900000|0.900000|0.900000
AEG801_250_7189|13|-79.277069|193.645691|43.833946|0.000874|-109.643410|0.005000|0.800000|0.800000|0.800000
AEG801_250_7190|13|-80.699608|192.137878|23.108694|-0.000004|-85.233208|0.000000|0.600000|0.600000|0.600000
AEG801_250_7191|13|-69.441925|201.944092|-100.352676|0.005218|92.845322|-0.012658|0.600000|0.600000|0.600000
AEG801_250_7192|13|-72.533684|198.255432|-115.551659|0.003962|-169.783478|-0.015866|0.500000|0.500000|0.500000
AEG801_250_7193|13|-77.332870|200.997879|-106.554504|0.014398|-173.141159|0.006530|0.650000|0.650000|0.650000
AEG801_250_7194|13|-2.729301|176.196793|-85.167053|0.006284|96.579605|-0.007326|0.700000|0.700000|0.700000
AEG801_250_7195|13|-5.719921|172.123367|-119.970207|-0.009379|5.065897|-0.005420|0.700000|0.700000|0.700000
AEG801_251_7003|13|120.956551|102.787178|-45.238106|0.000000|75.328354|0.000000|1.000000|1.000000|1.000000
AEG801_251_7004|13|93.018425|100.980011|106.410065|0.000000|-174.186066|0.000000|1.000000|1.000000|1.000000
AEG801_252_7001|13|89.033813|101.385551|111.488731|0.000000|-0.582676|0.000000|1.000000|1.000000|1.000000
AEG801_253_7000|13|118.064354|101.778709|-97.891212|0.000219|0.038003|-0.009140|1.000000|1.000000|1.000000
AEG801_253_7002|13|15.823788|157.775269|-1.321327|0.000000|1.309757|-0.000000|0.900000|0.900000|0.900000
AEG801_253_7003|13|-44.279610|176.730530|-111.016594|0.000000|29.012981|0.000000|0.800000|0.800000|0.800000
AEG801_253_7004|13|109.387955|100.979996|-124.256111|0.000000|0.000000|0.000000|1.000000|1.000000|1.000000
AEG801_253_7005|13|118.955513|101.860977|78.983459|0.000000|-164.999603|0.000000|1.000000|1.000000|1.000000
AEG801_253_7006|13|74.464478|100.808121|31.049681|0.000738|150.899994|0.000055|1.000000|1.000000|1.000000
AEG801_253_7007|13|127.866592|104.398071|71.777092|0.013169|-88.710655|-0.003166|1.000000|1.000000|1.000000
AEG801_253_7008|13|87.714943|100.815613|-72.127464|0.000000|-100.760391|0.000000|0.700000|0.700000|0.700000
AEG801_253_7009|13|123.393211|105.857361|14.455595|0.000000|-179.813263|0.000000|1.000000|1.000000|1.000000
AEG801_253_7010|13|118.603905|107.054794|-79.105431|-0.014025|138.875565|-0.005868|1.000000|1.000000|1.000000
AEG801_253_7011|13|95.707550|100.677979|-16.489883|0.000000|139.597992|0.000000|0.800000|0.800000|0.800000
AEG801_253_7012|13|97.974075|100.980011|-38.005714|0.000000|24.980940|0.000000|1.000000|1.000000|1.000000
AEG801_253_7013|13|109.587990|101.007256|-51.113464|0.000000|140.149139|0.000000|1.000000|1.000000|1.000000
AEG801_253_7014|13|102.085396|101.295898|-21.364777|0.000000|-75.835205|0.000000|0.800000|0.800000|0.800000
AEG801_253_7015|13|49.491070|106.313980|-11.627174|-0.013706|-73.912796|-0.003296|1.000000|1.000000|1.000000
AEG801_253_7016|13|92.055809|100.923294|104.551445|0.000000|-176.105240|0.000000|1.000000|1.000000|1.000000
AEG801_253_7017|13|60.152107|110.005020|40.084698|0.013387|-177.864502|0.021119|1.000000|1.000000|1.000000
AEG801_253_7020|13|70.300468|122.539352|100.030739|0.000000|159.274826|0.000000|1.000000|1.000000|1.000000
AEG801_253_7021|13|65.231682|111.958893|-94.839767|0.000000|-48.658066|0.000000|0.700000|0.700000|0.700000
AEG801_253_7022|13|-76.611107|180.995331|-11.285299|0.028823|130.800476|0.023223|1.000000|1.000000|1.000000
AEG801_253_7024|13|-35.028542|176.098816|-114.515327|0.000000|36.308746|0.000000|1.200000|1.200000|1.200000
AEG801_253_7026|13|-78.275337|193.743118|45.308167|-0.000699|-98.115952|0.004699|1.200000|1.200000|1.200000
AEG801_253_7027|13|88.349403|100.782852|51.299534|0.000000|-164.999573|0.000000|1.000000|1.000000|1.000000
AEG801_253_7028|13|78.676231|103.002213|52.709465|0.000000|-53.769527|0.000000|0.600000|0.600000|0.600000
AEG801_253_7029|13|-94.155327|186.700958|-46.500252|0.011830|-18.750080|-0.005987|0.800000|0.800000|0.800000
AEG801_253_7030|13|-78.907951|190.901962|12.517327|-0.558573|-96.249329|4.040330|0.700000|0.700000|0.700000
AEG801_253_7031|13|-79.380928|192.772202|33.686928|-0.003771|-1.131698|0.000355|1.000000|1.000000|1.000000
AEG801_253_7032|13|-114.305939|190.229675|-76.247543|0.006748|-95.822372|-0.002030|0.800000|0.800000|0.800000
AEG801_253_7033|13|-65.174873|202.538742|-95.246613|0.009234|-158.409561|-0.000864|1.000000|1.000000|1.000000
AEG801_253_7034|13|-73.142189|198.255402|-115.301628|0.013387|132.163376|-0.009147|0.700000|0.700000|0.700000
AEG801_253_7035|13|-78.129044|200.795288|-107.507401|0.013906|134.990021|-0.007562|0.850000|0.850000|0.850000
AEG801_253_7036|13|32.504635|178.787170|-83.895935|0.004153|12.466573|0.019152|1.000000|1.000000|1.000000
AEG801_253_7037|13|44.541958|181.337921|-83.645241|0.012076|-77.313515|0.003606|0.800000|0.800000|0.800000
AEG801_253_7039|13|-5.777039|175.771301|-57.054604|-0.003532|102.795372|-0.004339|0.800000|0.800000|0.800000
AEG801_253_7040|13|-23.970003|177.232971|-39.723785|-0.005130|59.285400|-0.010183|1.000000|1.000000|1.000000
AEG801_253_7041|13|-37.797554|181.255905|-20.435816|0.000000|-84.885803|0.000000|0.700000|0.700000|0.700000
AEG801_253_7042|13|-40.223213|176.613663|-95.721184|0.041309|-165.356354|0.054805|1.000000|1.000000|1.000000
AEG801_253_7043|13|-3.498546|172.317017|-117.906250|-0.010776|25.078384|-0.005709|0.800000|0.800000|0.800000
AEG801_253_7044|13|-107.642975|191.268005|-90.522148|0.002759|93.167778|0.009316|0.800000|0.800000|0.800000
AEG801_253_7045|13|-116.189941|187.996490|-46.546890|-0.002378|64.084824|-0.007986|0.900000|0.900000|0.900000
AEG801_254_7001|13|-71.482056|195.958481|124.000534|-0.000378|48.895119|-0.002273|1.000000|1.000000|1.000000
AEG801_254_7002|13|-105.984879|186.379333|-29.574829|-0.000000|50.765572|-0.000000|1.000000|1.000000|1.000000
AEG801_254_7003|13|109.866562|101.388618|-31.873970|-2.169393|134.262665|-2.397159|1.000000|1.000000|1.000000
AEG801_254_7004|13|95.140617|101.179672|114.692566|0.000355|133.129959|0.001011|1.000000|1.000000|1.000000
AEG801_255_7002|13|-99.071243|193.885101|-72.740028|0.007404|26.039848|0.012021|1.000000|1.000000|1.000000
AEG801_255_7003|13|-78.456444|192.994080|36.581345|0.003251|-142.904922|0.003060|1.000000|1.000000|1.000000
AEG801_255_7004|13|-37.022560|176.837646|-74.094513|0.000000|-133.088791|0.000000|1.000000|1.000000|1.000000
AEG801_255_7005|13|66.846771|101.000961|-52.080502|0.000000|-133.983521|0.000000|1.000000|1.000000|1.000000
AEG801_255_7006|13|100.498024|101.000961|-22.700806|0.000000|-133.983521|0.000000|1.000000|1.000000|1.000000
AEG801_255_7007|13|123.590218|105.729408|9.993677|0.000000|-133.129715|0.000000|1.000000|1.000000|1.000000
AEG801_255_7008|13|64.608475|108.918480|44.231960|0.000000|-0.221889|0.000000|1.000000|1.000000|1.000000
AEG801_256_7001|13|121.802017|102.021469|-30.137260|0.000000|0.450792|0.000000|1.000000|1.000000|1.000000
AEG801_256_7002|13|80.086197|116.939293|135.990448|0.000000|2.185388|0.000000|1.000000|1.000000|1.000000
AEG801_257_7003|13|-119.323471|188.330795|-32.336845|0.009398|77.654533|-0.001875|1.000000|1.000000|1.000000
AEG801_257_7004|13|-5.427589|163.167221|17.024483|0.000000|77.788513|-0.000000|1.000000|1.000000|1.000000
AEG801_257_7007|13|-75.254326|196.008591|112.308235|0.000000|18.149315|-0.000004|1.000000|1.000000|1.000000
AEG801_257_7008|13|64.684532|104.706886|23.062799|0.000000|78.589752|0.000000|1.000000|1.000000|1.000000
AEG801_257_7009|13|121.940529|103.075714|-25.665455|0.000000|-10.743342|0.000000|1.000000|1.000000|1.000000
AEG801_257_7010|13|110.596527|101.015518|-52.403027|0.000000|-101.881851|0.000000|1.000000|1.000000|1.000000
AEG801_257_7011|13|48.908855|106.499329|-10.485550|0.006038|162.606567|0.012021|1.000000|1.000000|1.000000
AEG801_257_7012|13|-74.189194|190.920746|10.181086|-0.004668|18.051535|-0.001932|1.000000|1.000000|1.000000
AEG801_258_7001|13|141.497284|108.185074|94.009995|0.000000|0.097480|0.000000|1.000000|1.000000|1.000000
AEG801_259_7001|13|110.038254|102.571213|-17.414021|0.000000|66.265556|0.000000|1.000000|1.000000|1.000000
AEG801_259_7002|13|86.754265|101.365974|101.916931|0.000000|64.629082|0.000000|1.000000|1.000000|1.000000
