m494000_0000|0|0.000000|0.000000|0.000000|0.000000|0.000000|0.000000|1.000000|1.000000|1.000000
m494001_0000|0|0.000000|0.000000|0.000000|0.000000|0.000000|0.000000|1.000000|1.000000|1.000000
c0000_9000|2|-101.335999|193.046005|88.688004|0.000000|-109.209999|0.000000|1.000000|1.000000|1.000000
c3661_9000|2|-113.651001|114.000000|-61.361000|0.000000|138.041000|0.000000|1.000000|1.000000|1.000000
c3661_9001|2|-112.155998|114.000000|-58.484001|0.000000|50.983002|0.000000|1.000000|1.000000|1.000000
c3661_9002|2|-114.647003|114.000000|-56.862000|0.000000|-6.815000|0.000000|1.000000|1.000000|1.000000
c3661_9003|2|-115.603996|114.000000|-58.936001|0.000000|-93.497002|0.000000|1.000000|1.000000|1.000000
c3661_9004|2|-113.332001|114.000000|-57.597000|0.000000|26.226999|0.000000|1.000000|1.000000|1.000000
c3701_9000|2|-119.550003|114.000000|-35.536999|0.000000|6.967000|0.000000|1.000000|1.000000|1.000000
c4505_9000|2|24.400000|180.701996|26.547001|0.000000|172.830994|0.000000|1.000000|1.000000|1.000000
c4505_9002|2|54.140999|180.697998|8.739000|0.000000|-106.420998|0.000000|1.000000|1.000000|1.000000
c4505_9005|2|90.833000|208.587006|-88.353996|0.000000|131.705002|0.000000|1.000000|1.000000|1.000000
c4770_9001|2|64.143997|199.447006|-57.497002|0.000000|92.231003|0.000000|1.000000|1.000000|1.000000
c4820_9000|2|-121.070999|114.000000|-33.439999|0.000000|17.628000|0.000000|1.000000|1.000000|1.000000
c4820_9001|2|-117.484001|114.015999|-65.165001|0.000000|-145.123993|0.000000|1.000000|1.000000|1.000000
h494000|5|0.000000|0.000000|0.000000|0.000000|0.000000|0.000000|1.000000|1.000000|1.000000
h494001|5|0.000000|0.000000|0.000000|0.000000|0.000000|0.000000|1.000000|1.000000|1.000000
h494002|5|0.000000|0.000000|0.000000|0.000000|0.000000|0.000000|1.000000|1.000000|1.000000
h494003|5|0.000000|0.000000|0.000000|0.000000|0.000000|0.000000|1.000000|1.000000|1.000000
h494050|5|0.000000|0.000000|0.000000|0.000000|0.000000|0.000000|1.000000|1.000000|1.000000
h494051|5|0.000000|0.000000|0.000000|0.000000|0.000000|0.000000|1.000000|1.000000|1.000000
h494052|5|0.000000|0.000000|0.000000|0.000000|0.000000|0.000000|1.000000|1.000000|1.000000
h494053|5|0.000000|0.000000|0.000000|0.000000|0.000000|0.000000|1.000000|1.000000|1.000000
h494090|5|0.000000|0.000000|0.000000|0.000000|0.000000|0.000000|1.000000|1.000000|1.000000
AEG099_090_9000|9|-64.358002|182.031006|-80.662003|0.000000|125.905998|0.000000|1.000000|1.000000|1.000000
AEG099_810_9000|9|-114.732002|116.919998|-29.329000|0.000000|19.995001|0.000000|1.000000|1.000000|1.000000
c4505_9001|10|31.948000|180.697998|-17.584999|0.000000|61.931000|0.000000|1.000000|1.000000|1.000000
c4770_9000|10|-38.953999|196.893997|12.983000|0.000000|139.003006|0.000000|1.000000|1.000000|1.000000
c6060_9000|10|-117.453003|196.679001|46.039001|0.000000|25.610001|-0.000000|1.000000|1.000000|1.000000
c6060_9001|10|-117.962997|196.623001|48.723000|2.593000|19.243000|-0.000000|1.000000|1.000000|1.000000
c6060_9002|10|-116.706001|196.509995|50.401001|0.000000|-23.809000|0.000000|1.000000|1.000000|1.000000
c6060_9003|10|-115.263000|196.468994|47.653999|3.298000|27.915001|0.000000|1.000000|1.000000|1.000000
c6060_9004|10|114.882004|210.490005|-88.082001|9.127000|25.610001|0.000000|1.000000|1.000000|1.000000
c6060_9005|10|114.374001|210.001007|-85.398003|-0.000000|19.243000|-0.000000|1.000000|1.000000|1.000000
c6060_9006|10|115.630997|209.623001|-83.720001|0.000000|-23.809000|0.000000|1.000000|1.000000|1.000000
c6060_9007|10|117.072998|210.287003|-86.467003|0.000000|27.915001|-0.000000|1.000000|1.000000|1.000000
c6060_9008|10|51.721001|202.414001|-89.001999|3.110000|25.610001|-0.000000|1.000000|1.000000|1.000000
c6060_9009|10|51.212002|202.003998|-86.317001|0.000000|19.243000|0.000000|1.000000|1.000000|1.000000
c6060_9010|10|52.469002|201.880997|-84.639000|0.000000|-23.809000|0.000000|1.000000|1.000000|1.000000
c6060_9011|10|53.911999|202.470993|-87.387001|4.595000|27.915001|-0.000000|1.000000|1.000000|1.000000
c6060_9012|10|-78.388000|178.863007|-113.811996|-0.000000|25.610001|0.000000|1.000000|1.000000|1.000000
c6060_9013|10|-78.896004|177.990997|-111.127998|22.726999|19.243000|0.000000|1.000000|1.000000|1.000000
c6060_9014|10|-77.639000|177.492996|-109.449997|0.015000|-23.809000|0.000000|1.000000|1.000000|1.000000
c6090_9000|10|76.973000|193.820007|-23.131001|0.000000|-70.648003|0.000000|1.000000|1.000000|1.000000
h494001_0000|11|0.000000|0.000000|0.000000|0.000000|0.000000|0.000000|1.000000|1.000000|1.000000
h494002_0000|11|0.000000|0.000000|0.000000|0.000000|0.000000|0.000000|1.000000|1.000000|1.000000
h494003_0000|11|0.000000|0.000000|0.000000|0.000000|0.000000|0.000000|1.000000|1.000000|1.000000
h494090_0000|11|0.000000|0.000000|0.000000|0.000000|0.000000|0.000000|1.000000|1.000000|1.000000
AEG001_348_7000|13|-109.625732|193.027588|89.320068|-1.855150|87.071747|-11.837292|1.500000|1.500000|1.500000
AEG001_348_7001|13|-79.872314|191.986816|64.272980|-0.575276|87.464539|6.741807|1.500000|1.500000|1.500000
AEG001_348_7002|13|-71.875839|194.938995|98.066116|0.000000|-156.886215|0.000000|1.500000|1.500000|1.500000
AEG001_348_7003|13|-100.486343|198.711670|123.121223|0.645316|87.290703|-1.826465|1.500000|1.500000|1.500000
AEG001_348_7004|13|-38.852055|198.288803|122.716797|-0.220185|87.299164|-6.360357|1.500000|1.500000|1.500000
AEG001_348_7005|13|-11.456297|193.531616|91.584732|2.460862|87.342003|-8.532366|1.500000|1.500000|1.500000
AEG001_348_7006|13|-32.316368|189.678055|51.151237|7.715055|85.800743|6.928027|1.500000|1.500000|1.500000
AEG001_348_7007|13|-51.410397|195.469711|23.728870|0.004398|85.865601|6.582800|1.500000|1.500000|1.500000
AEG001_348_7008|13|-18.039551|198.287094|9.144161|-6.809097|85.921181|4.074017|1.500000|1.500000|1.500000
AEG001_348_7009|13|-30.510900|198.259827|-0.006350|2.285464|86.019867|6.562200|1.500000|1.500000|1.500000
AEG001_348_7010|13|-62.910194|197.403687|1.322708|4.652424|86.034706|6.319045|1.500000|1.500000|1.500000
AEG001_348_7011|13|-76.571220|196.217804|3.976076|-2.613504|86.072815|4.185950|1.500000|1.500000|1.500000
AEG001_348_7012|13|-106.211838|194.726898|17.419586|0.202884|86.015327|1.457508|1.500000|1.500000|1.500000
AEG001_348_7013|13|-94.113411|191.650360|80.433334|-0.963843|87.215324|-7.059589|1.500000|1.500000|1.500000
AEG001_348_7014|13|-77.319267|191.419662|73.360054|-0.741466|87.316734|-0.256415|1.500000|1.500000|1.500000
AEG001_348_7015|13|-125.176819|196.931519|106.570572|-1.670679|87.068008|-14.748402|1.500000|1.500000|1.500000
AEG001_348_7016|13|-91.835213|191.773697|63.735306|-1.744042|87.526367|6.128730|1.500000|1.500000|1.500000
AEG001_348_7017|13|-80.615234|193.165573|53.404148|-0.688428|87.498756|4.834462|1.500000|1.500000|1.500000
AEG001_348_7018|13|-108.565445|191.388168|80.663101|-1.971671|87.169243|-9.382740|1.500000|1.500000|1.500000
AEG001_348_7019|13|-117.246330|191.838425|84.681488|-2.971671|87.108200|-10.775884|1.500000|1.500000|1.500000
AEG001_348_7020|13|-115.867424|195.323944|99.922943|-1.922428|86.971916|-13.891563|1.500000|1.500000|1.500000
AEG001_348_7021|13|-109.798569|198.351791|113.831207|0.989613|87.029724|-6.901197|1.500000|1.500000|1.500000
AEG001_348_7022|13|-89.938927|198.009521|116.160164|0.825661|87.017899|-6.159923|1.500000|1.500000|1.500000
AEG001_348_7023|13|-51.086063|192.020538|82.305145|-1.241759|87.285217|-8.134431|1.500000|1.500000|1.500000
AEG001_348_7024|13|-32.296257|194.264114|93.728424|-6.125324|32.003994|-4.604089|1.500000|1.500000|1.500000
AEG001_348_7025|13|-30.151245|197.053833|113.327553|-0.198922|87.294769|-7.552213|1.500000|1.500000|1.500000
AEG001_348_7026|13|-12.153810|191.961212|82.204041|4.745886|87.797417|-13.195797|1.500000|1.500000|1.500000
AEG001_348_7027|13|-6.485934|192.434326|87.174011|-1.892550|33.087135|-6.149141|1.500000|1.500000|1.500000
AEG001_348_7028|13|16.197903|191.068848|90.759560|-0.917813|87.391106|-10.768763|1.500000|1.500000|1.500000
AEG001_348_7029|13|13.519812|201.972168|125.861702|-9.389330|86.855659|-16.540205|1.500000|1.500000|1.500000
AEG001_348_7030|13|-13.027506|198.211441|119.439529|-2.247732|87.882843|-9.009259|1.500000|1.500000|1.500000
AEG001_348_7031|13|6.855966|189.563675|78.392067|5.647966|92.398178|-12.971045|1.500000|1.500000|1.500000
AEG001_348_7032|13|19.402008|181.779785|52.266224|10.976035|127.316719|-15.932030|1.500000|1.500000|1.500000
AEG001_348_7033|13|-8.071257|183.520630|50.030891|6.221428|86.400558|2.034031|1.500000|1.500000|1.500000
AEG001_348_7034|13|-3.769091|181.455826|42.430756|10.581522|87.732285|-8.533566|1.500000|1.500000|1.500000
AEG001_348_7035|13|-39.791252|193.897583|39.153652|0.624744|85.879662|4.028801|1.500000|1.500000|1.500000
AEG001_348_7036|13|-63.101074|195.061050|25.600956|-0.478058|85.877884|5.418962|1.500000|1.500000|1.500000
AEG001_348_7037|13|52.551346|177.077896|77.982285|-3.426433|86.399246|12.080638|1.500000|1.500000|1.500000
AEG001_348_7038|13|29.459465|174.391846|91.279053|2.374257|86.445259|16.930893|1.500000|1.500000|1.500000
AEG001_348_7039|13|31.285154|177.218262|82.147766|2.123396|86.459877|16.574768|1.500000|1.500000|1.500000
AEG001_348_7040|13|39.663322|168.800552|110.637367|-0.767332|86.483665|14.638378|1.500000|1.500000|1.500000
AEG001_348_7041|13|32.378052|164.187744|126.799187|0.062892|86.485580|14.938855|1.500000|1.500000|1.500000
AEG001_348_7042|13|74.880112|181.289001|43.390099|3.781467|86.413147|7.658226|1.500000|1.500000|1.500000
AEG001_348_7043|13|108.999001|179.151596|40.344852|6.899559|86.131973|10.628377|1.500000|1.500000|1.500000
AEG001_348_7044|13|119.001877|179.466095|35.001465|0.349486|86.270218|8.476020|1.500000|1.500000|1.500000
AEG001_348_7046|13|79.009407|182.348099|13.540775|-8.687973|82.855904|1.585588|1.500000|1.500000|1.500000
AEG001_348_7047|13|107.945183|193.000717|-24.632574|2.129814|86.220871|14.659060|1.500000|1.500000|1.500000
AEG001_348_7048|13|120.390984|196.239517|-34.407467|-0.418091|86.151993|19.073139|1.500000|1.500000|1.500000
AEG001_348_7049|13|118.620712|190.394302|-15.371334|2.294450|86.230431|14.485575|1.500000|1.500000|1.500000
AEG001_348_7053|13|88.641357|202.051285|-61.603508|-5.277635|86.356491|9.954536|1.500000|1.500000|1.500000
AEG001_348_7054|13|78.627441|202.263535|-70.062973|-8.164516|86.220894|8.819277|1.500000|1.500000|1.500000
AEG001_348_7055|13|72.982422|200.111481|-61.516846|-6.211957|85.842209|5.840768|1.500000|1.500000|1.500000
AEG001_348_7056|13|118.478081|212.146683|-95.158302|-0.551273|86.439331|11.552938|1.500000|1.500000|1.500000
AEG001_348_7057|13|103.666466|210.097580|-90.787834|18.802397|-11.216841|2.590473|1.500000|1.500000|1.500000
AEG001_348_7058|13|105.540398|213.568146|-105.959213|-2.810715|86.513580|13.100577|1.500000|1.500000|1.500000
AEG001_348_7059|13|124.533676|213.133057|-107.395248|6.638371|86.913452|1.205692|1.500000|1.500000|1.500000
AEG001_348_7060|13|79.448380|211.230148|-110.357895|-18.413376|139.554840|2.285463|1.500000|1.500000|1.500000
AEG001_348_7061|13|62.411354|209.273331|-123.309692|-10.341047|143.697037|-6.765202|1.500001|1.500000|1.500000
AEG001_348_7062|13|99.629860|215.151672|-113.356613|-16.296900|-158.876709|-18.448870|1.500000|1.500000|1.500000
AEG001_348_7063|13|82.587776|212.889450|-125.134293|-6.760942|95.905327|-9.701378|1.500001|1.500000|1.500001
AEG001_348_7064|13|48.828163|202.248810|-96.748795|-10.769865|85.286575|9.244606|1.500000|1.500000|1.500000
AEG001_348_7065|13|55.929012|202.469711|-89.103256|-9.739042|85.433533|10.045516|1.500000|1.500000|1.500000
AEG001_348_7066|13|36.502712|199.155869|-92.287590|-10.307819|84.884415|6.972585|1.500000|1.500000|1.500000
AEG001_348_7067|13|28.708679|198.521835|-99.542236|-9.938436|84.880539|6.950948|1.500000|1.500000|1.500000
AEG001_348_7068|13|12.071131|198.067001|-110.400864|-8.761335|86.059097|13.994349|1.500000|1.500000|1.500000
AEG001_348_7069|13|16.681093|197.133286|-102.341537|-7.102991|85.523064|10.232115|1.500000|1.500000|1.500000
AEG001_348_7070|13|4.309315|195.724655|-107.850662|-8.538303|85.709839|11.755988|1.500000|1.500000|1.500000
AEG001_348_7071|13|-11.615051|193.967529|-110.866455|-7.895562|85.889351|12.970312|1.500000|1.500000|1.500000
AEG001_348_7072|13|-30.103468|188.920151|-103.532967|-11.068647|85.401985|10.110892|1.500000|1.500000|1.500000
AEG001_348_7073|13|-30.871710|187.189713|-90.333488|-9.812956|84.455437|5.017102|1.500000|1.500000|1.500000
AEG001_348_7074|13|-36.093800|187.376266|-104.078888|-10.373001|84.731583|6.560753|1.500000|1.500000|1.500000
AEG001_348_7075|13|-26.039013|186.519806|-50.504372|-5.381143|83.880264|0.415877|1.500000|1.500000|1.500000
AEG001_348_7076|13|-37.547581|185.371811|-61.037838|-7.402335|84.116699|2.525913|1.500000|1.500000|1.500000
AEG001_348_7077|13|-40.086613|184.679413|-48.288094|-8.491892|84.160957|2.842534|1.500000|1.500000|1.500000
AEG001_348_7078|13|-93.302734|176.388184|-113.500717|-10.934680|83.863197|2.234893|1.500000|1.500000|1.500000
AEG001_348_7079|13|-74.562195|180.383545|-117.294159|-11.224472|84.211197|4.009543|1.500000|1.500000|1.500000
AEG001_348_7080|13|-80.598991|178.750000|-101.809616|-10.984307|83.734482|1.583240|1.500000|1.500000|1.500000
AEG001_348_7081|13|-71.105835|180.499542|-93.352280|-10.818803|83.761040|1.721070|1.500000|1.500000|1.500000
AEG001_348_7082|13|-85.359367|177.800781|-85.723145|-8.107158|84.037643|3.379004|1.500000|1.500000|1.500000
AEG001_348_7083|13|-70.637657|180.006409|-70.385910|-11.234028|83.843384|2.240330|1.500000|1.500000|1.500000
AEG001_348_7084|13|-82.059074|177.473618|-61.859192|-8.878768|83.505676|0.336510|1.500000|1.500000|1.500000
AEG001_348_7085|13|-78.425529|178.046371|-52.870914|-8.072811|83.419533|-0.241433|1.500000|1.500000|1.500000
AEG001_348_7086|13|-68.867188|179.494400|-40.100460|-10.094253|83.491333|0.207610|1.500000|1.500000|1.500000
AEG001_348_7087|13|-59.387890|181.480240|-22.584141|-10.276072|82.962624|-2.734862|1.500000|1.500000|1.500000
AEG001_348_7088|13|-55.746586|181.716553|-37.260010|-9.007590|83.642075|1.265005|1.500000|1.500000|1.500000
AEG001_348_7089|13|-40.201656|184.458771|-25.729492|-8.943586|83.602097|1.011905|1.500000|1.500000|1.500000
AEG001_348_7090|13|-17.465645|187.440887|-31.928532|-5.859093|83.405869|-0.498630|1.500000|1.500000|1.500000
AEG001_348_7091|13|8.891462|192.307953|-76.577896|-8.562123|84.286621|6.457725|1.500000|1.500000|1.500000
AEG001_348_7098|13|-118.301178|114.000008|-81.564262|0.000000|159.760635|0.000000|1.500000|1.500000|1.500000
AEG001_348_7099|13|-119.913574|114.000252|-99.214104|0.000000|159.760635|0.000000|1.500000|1.500000|1.500000
AEG001_348_7100|13|-102.384766|113.999992|-64.973869|0.000000|159.760635|0.000000|1.500000|1.500000|1.500000
AEG001_348_7101|13|-107.305359|113.999992|-43.729126|0.000000|159.760635|0.000000|1.500000|1.500000|1.500000
AEG001_348_7102|13|-126.320984|114.000252|1.907574|0.000000|159.760635|0.000000|1.500000|1.500000|1.500000
AEG001_348_7103|13|-122.691284|114.000008|-46.398315|0.000000|159.760635|0.000000|1.500000|1.500000|1.500000
AEG001_348_7104|13|-118.458801|114.000008|-73.126953|0.000000|159.760635|0.000000|1.500000|1.500000|1.500000
AEG001_348_7105|13|-125.733063|114.000000|-95.789429|0.000000|159.760635|0.000000|1.500000|1.500000|1.500000
AEG001_348_7106|13|-125.802887|114.000000|-102.982925|0.000000|159.760635|0.000000|1.500000|1.500000|1.500000
AEG001_348_7107|13|-107.858276|114.000000|-33.862793|0.000000|159.760635|0.000000|1.500000|1.500000|1.500000
AEG001_348_7108|13|-115.097687|114.000000|-55.546631|0.000000|159.760635|0.000000|1.500000|1.500000|1.500000
AEG001_348_7109|13|-53.800671|193.428329|89.024094|-1.263471|87.843857|-4.866398|1.500000|1.500000|1.500000
AEG001_348_7110|13|-68.430862|194.177612|93.694443|-0.741466|87.316734|-0.256415|1.500000|1.500000|1.500000
AEG001_348_7111|13|-58.686752|197.326294|114.228210|0.860822|88.659508|-6.293888|1.500000|1.500000|1.500000
AEG001_348_7119|13|72.446960|205.734909|-91.510033|6.561844|-1.646641|10.176899|1.500000|1.500000|1.500000
AEG001_348_7120|13|-6.744952|187.308990|-42.248260|9.114177|3.418919|0.399320|1.500000|1.500000|1.500000
AEG001_348_7121|13|-49.268700|183.973755|-86.792824|-10.373001|84.731583|6.560753|1.500000|1.500000|1.500000
AEG001_348_7122|13|-20.717306|187.155334|-61.280144|-7.402335|84.116699|2.525913|1.500000|1.500000|1.500000
AEG001_348_7123|13|-34.555481|197.615128|118.297974|-0.198922|87.294769|-7.552213|1.500000|1.500000|1.500000
AEG001_348_7124|13|-56.743946|193.766861|45.224617|-0.478059|125.877884|5.418962|1.500000|1.500000|1.500000
AEG001_348_7125|13|-62.138443|193.276337|51.466904|-0.478059|0.877877|5.418963|1.500000|1.500000|1.500000
AEG001_348_7126|13|0.417597|196.080704|110.425751|2.156320|87.296410|-13.112525|1.500000|1.500000|1.500000
AEG004_041_1000|13|103.234978|212.031006|-105.584061|26.397099|21.444847|141.984512|1.000000|1.000000|1.000000
AEG004_041_7000|13|-84.525276|136.893570|-74.206650|-1.331071|-37.949081|152.921326|1.000000|1.000000|1.000000
AEG004_042_1001|13|101.750908|199.736374|-65.941971|-48.706215|-101.273071|-74.592636|1.000000|1.000000|1.000000
AEG004_042_1002|13|20.033438|187.002304|91.674324|125.882439|-71.028229|0.829793|1.000000|1.000000|1.000000
AEG004_042_1003|13|27.986233|180.774887|76.843971|91.828583|1.041688|39.100834|1.000000|1.000000|1.000000
AEG004_042_1004|13|-67.873856|191.831512|35.145050|40.898010|53.388138|-170.331299|1.000000|1.000000|1.000000
AEG004_042_1005|13|-75.411232|187.223907|-12.100815|-81.811302|-63.167706|142.803177|1.000000|1.000000|1.000000
AEG004_042_1006|13|36.300552|188.725952|-52.511841|-26.210472|-44.962032|-116.767929|1.000000|1.000000|1.000000
AEG004_043_1001|13|69.547798|205.266983|-104.070763|-41.176014|70.964874|99.353432|1.000000|1.000000|1.000000
AEG004_043_1004|13|-2.566749|188.496658|84.921402|58.050873|-28.148878|170.059402|1.000000|1.000000|1.000000
AEG004_043_1008|13|-60.775246|183.732742|-63.472042|52.529118|33.630367|161.289154|1.000000|1.000000|1.000000
AEG004_043_1013|13|44.311707|181.243362|59.790333|13.555259|2.205424|-167.034180|1.000000|1.000000|1.000000
AEG004_043_1018|13|24.060101|179.641251|91.639503|103.040413|-23.943840|25.909048|1.000000|1.000000|1.000000
AEG004_043_1019|13|-102.303802|189.894073|90.721413|62.389107|59.362766|-159.304977|1.000000|1.000000|1.000000
AEG004_043_1020|13|-58.654442|189.946060|80.534744|52.084221|79.653145|-174.113586|1.000000|1.000000|1.000000
AEG004_043_1021|13|-34.849255|193.724731|96.437943|50.470257|28.402229|-165.673203|1.000000|1.000000|1.000000
AEG004_043_1022|13|-86.833023|194.190186|115.680214|45.425156|63.492092|130.272079|1.000000|1.000000|1.000000
AEG004_043_1023|13|-101.617905|192.480209|93.916908|2.066411|-11.127181|-36.500866|1.000000|1.000000|1.000000
AEG004_043_1025|13|-9.498283|196.593796|-16.084484|73.248260|-150.786560|-23.716293|1.000000|1.000000|1.000000
AEG004_043_1026|13|-56.240852|194.155991|-13.445499|171.234589|-8.752259|15.080575|1.000000|1.000000|1.000000
AEG004_043_1027|13|-30.981682|196.128006|114.433876|-37.186684|-9.026077|-60.918957|1.000000|1.000000|1.000000
AEG004_043_1028|13|37.586857|179.984314|-34.606277|9.795630|49.086731|-34.774586|1.000000|1.000000|1.000000
AEG004_043_7000|13|-87.313568|137.692032|-74.534554|62.309433|-101.553757|6.014208|1.000000|1.000000|1.000000
AEG004_043_7001|13|-88.140793|133.868317|-77.288765|167.021500|59.019611|-33.101006|1.000000|1.000000|1.000000
AEG004_043_7002|13|-89.268265|134.532257|-68.175858|-54.089523|87.729950|-171.398041|1.000000|1.000000|1.000000
AEG004_043_7003|13|-107.032646|129.750519|-69.264168|152.381607|45.086185|-24.317097|1.000000|1.000000|1.000000
AEG004_043_7004|13|-105.545891|129.559418|-65.718346|-9.887237|-43.391830|-154.032928|1.000000|1.000000|1.000000
AEG004_043_7005|13|-103.922241|112.157471|-42.506611|55.058353|-30.057413|-140.887451|1.000000|1.000000|1.000000
AEG004_048_1000|13|124.178024|212.922104|-114.478401|4.675401|138.284851|3.851462|1.000000|1.000000|1.000000
AEG004_048_1001|13|127.295868|212.617371|-113.134666|0.141958|10.233652|-6.053105|1.000000|1.000000|1.000000
AEG004_048_1002|13|106.056374|214.757080|-134.944763|-6.660687|-0.663607|-1.714791|1.000000|1.000000|1.000000
AEG004_048_1003|13|98.492043|214.571960|-134.203140|6.518815|170.452377|-2.378585|1.000000|1.000000|1.000000
AEG004_048_1004|13|93.491539|214.457993|-133.938385|0.084775|66.079056|6.823112|1.000000|1.000000|1.000000
AEG004_048_1005|13|77.608215|213.511917|-136.446564|6.939930|6.555944|5.842710|1.000000|1.000000|1.000000
AEG004_048_1006|13|82.860138|213.902969|-136.185104|-6.648936|170.525024|-4.130347|1.000000|1.000000|1.000000
AEG004_048_1007|13|71.411217|212.269333|-134.698914|-11.620132|93.082581|2.976077|1.000000|1.000000|1.000000
AEG004_048_1008|13|66.357826|209.903290|-122.869598|2.193283|-168.966110|-12.884708|1.000000|1.000000|1.000000
AEG004_048_1009|13|32.207764|199.383408|-100.891861|-14.168140|121.873596|2.499057|1.000000|1.000000|1.000000
AEG004_048_1010|13|50.005817|194.795731|-41.536407|-11.197867|114.647400|11.036551|1.000000|1.000000|1.000000
AEG004_048_1011|13|65.865860|193.556686|-28.540577|-9.639936|93.685730|-1.601461|1.000000|1.000000|1.000000
AEG004_048_1012|13|74.843330|193.924149|-28.156889|0.926091|-88.106590|-10.795385|1.000000|1.000000|1.000000
AEG004_048_1013|13|80.563530|190.734985|-15.186968|7.442914|-61.253117|-13.085835|1.000000|1.000000|1.000000
AEG004_048_1014|13|-17.568361|198.029129|13.316520|-7.560777|99.932426|-0.599083|1.000000|1.000000|1.000000
AEG004_048_1015|13|-19.671680|197.489639|22.597788|0.973958|-142.927368|-14.086456|1.000000|1.000000|1.000000
AEG004_048_1016|13|-22.262150|196.656433|24.919535|8.867087|4.616734|13.026293|1.000000|1.000000|1.000000
AEG004_048_1017|13|-29.320080|192.663208|42.633602|-16.407852|-164.693176|1.846092|1.000000|1.000000|1.000000
AEG004_048_1018|13|-27.212540|193.188278|38.771023|10.946740|45.062115|3.081808|1.000000|1.000000|1.000000
AEG004_048_1019|13|-55.961002|198.334122|-6.902158|10.491554|36.283535|5.419810|1.000000|1.000000|1.000000
AEG004_048_1020|13|-54.637306|197.749222|-3.439051|6.630776|14.162254|0.291267|1.000000|1.000000|1.000000
AEG004_048_1021|13|-58.120682|197.334793|-0.001017|-3.893134|-137.171875|-4.818425|1.000000|1.000000|1.000000
AEG004_048_1022|13|-94.275490|196.135498|-4.805929|-3.428378|85.549606|4.427111|1.000000|1.000000|1.000000
AEG004_048_1023|13|-101.313095|195.232361|7.024708|5.183922|-54.795185|-4.384673|1.000000|1.000000|1.000000
AEG004_048_1024|13|-105.190475|194.781342|13.325391|1.624574|-140.476822|0.233920|1.000000|1.000000|1.000000
AEG004_048_1025|13|17.475307|188.876617|77.837158|2.570719|-115.854134|12.796849|1.000000|1.000000|1.000000
AEG004_048_1026|13|12.067988|195.301636|107.503090|-4.738780|-66.147369|16.950399|1.000000|1.000000|1.000000
AEG004_048_1027|13|67.815910|180.309235|57.868771|1.191867|-102.411354|-10.564109|1.000000|1.000000|1.000000
AEG004_048_1028|13|63.120064|179.240051|63.311317|-8.057316|167.067062|-2.009578|1.000000|1.000000|1.000000
AEG004_048_1029|13|54.302181|178.122177|70.701691|3.596914|-47.419315|2.014824|1.000000|1.000000|1.000000
AEG004_048_1030|13|52.935555|176.722015|80.381477|-3.779963|-167.180130|-8.645544|1.000000|1.000000|1.000000
AEG004_048_1031|13|76.831497|180.802765|48.359966|3.998693|-140.586105|-3.348968|1.000000|1.000000|1.000000
AEG004_048_1032|13|80.251167|180.924133|44.744614|3.694723|82.026360|3.551234|1.000000|1.000000|1.000000
AEG004_048_1033|13|94.903046|180.548340|39.395977|11.141160|13.190945|0.580402|1.000000|1.000000|1.000000
AEG004_048_1034|13|91.289177|180.801727|40.916866|-1.170405|-150.629211|-0.878909|1.000000|1.000000|1.000000
AEG004_048_1035|13|43.405148|167.947464|115.008484|-13.753916|140.241409|3.559130|1.000000|1.000000|1.000000
AEG004_048_1036|13|40.418583|169.738068|107.078438|3.101480|77.626450|14.662123|1.000000|1.000000|1.000000
AEG004_048_1037|13|41.452686|170.885162|102.975525|-1.758871|-95.296265|-17.335094|1.000000|1.000000|1.000000
AEG004_048_1038|13|44.811016|172.422989|98.316200|3.889000|52.666588|12.904795|1.000000|1.000000|1.000000
AEG004_048_1039|13|87.528572|180.731720|41.078766|6.258912|-23.261255|-2.128259|1.000000|1.000000|1.000000
AEG004_048_1040|13|98.357101|180.441376|38.538605|-11.142030|-154.195755|-1.217167|1.000000|1.000000|1.000000
AEG004_048_1041|13|6.616958|198.573318|118.287437|18.182760|-167.168274|2.918540|1.000000|1.000000|1.000000
AEG004_048_1042|13|9.845304|197.802643|116.007233|-14.834230|33.806736|-10.145298|1.000000|1.000000|1.000000
AEG004_048_1043|13|-26.890797|195.368454|27.236244|-10.989413|-165.974625|-4.788975|1.000000|1.000000|1.000000
AEG004_048_1044|13|-22.289028|197.261826|15.744066|-3.415195|158.598221|-6.775917|1.000000|1.000000|1.000000
AEG004_311_1003|13|-69.494827|180.941666|-86.174637|-30.833799|-114.023888|65.566940|1.000000|1.000000|1.000000
AEG004_311_1004|13|98.977028|204.623627|-62.613628|76.303009|-12.357310|118.044495|1.000000|1.000000|1.000000
AEG004_311_1006|13|60.249519|202.091202|-85.548035|31.607752|43.326054|155.758087|1.000000|1.000000|1.000000
AEG004_311_1007|13|67.685219|209.245682|-90.479248|-28.105608|-68.970726|-65.106590|1.000000|1.000000|1.000000
AEG004_311_1008|13|96.483383|206.976105|-66.064697|88.029068|-54.559948|48.692272|1.000000|1.000000|1.000000
AEG004_311_1009|13|98.129486|213.453827|-70.651428|-37.667271|-17.285664|-60.124477|1.000000|1.000000|1.000000
AEG004_311_1010|13|-35.849205|188.510605|55.366161|30.811718|13.692597|-175.127274|1.000000|1.000000|1.000000
AEG004_311_1014|13|-62.505116|195.653290|107.975555|45.938778|43.505035|173.073456|1.000000|1.000000|1.000000
AEG004_311_1015|13|-16.331394|194.116028|95.322723|57.481636|23.920418|-144.282730|1.000000|1.000000|1.000000
AEG004_311_1016|13|-119.830673|197.606461|122.242752|10.176214|30.713869|-10.056772|1.000000|1.000000|1.000000
AEG004_311_1017|13|-112.423935|192.425201|88.138756|54.706673|29.431196|-177.797684|1.000000|1.000000|1.000000
AEG004_311_1018|13|-8.275578|191.807800|-21.074194|-74.321480|-60.387711|146.890503|1.000000|1.000000|1.000000
AEG004_311_1019|13|-56.696144|191.638016|-17.080723|119.264000|60.283482|21.088757|1.000000|1.000000|1.000000
AEG004_311_1020|13|-49.502209|188.405914|-21.068432|65.821518|131.852890|-46.936588|1.000000|1.000000|1.000000
AEG004_311_1021|13|-23.974880|186.470734|68.799362|47.418365|78.700745|157.449966|1.000000|1.000000|1.000000
AEG004_311_7000|13|-89.652580|131.472290|-75.848709|128.371750|-4.744796|-44.345692|1.000000|1.000000|1.000000
AEG004_311_7001|13|-111.731293|117.115685|-60.212242|79.210518|-15.791360|12.680055|1.000000|1.000000|1.000000
AEG004_311_7002|13|-112.128754|117.478958|-60.907242|-85.365166|-31.681364|156.258514|1.000000|1.000000|1.000000
AEG004_311_7003|13|-100.371201|131.789413|-64.839920|-6.287904|-103.875168|-63.803440|1.000000|1.000000|1.000000
AEG004_311_7004|13|-118.266113|117.091484|-72.272179|76.347221|-95.260246|15.048029|1.000000|1.000000|1.000000
AEG004_311_7005|13|-117.507591|117.933632|-72.541328|85.840210|-170.122803|12.287665|1.000000|1.000000|1.000000
AEG004_311_7006|13|-112.474472|118.285667|-60.339344|-89.222313|70.680878|166.063034|1.000000|1.000000|1.000000
AEG004_311_7008|13|-116.380844|122.419273|-72.902519|133.031464|11.710724|-24.993597|1.000000|1.000000|1.000000
AEG004_311_7010|13|-123.629997|112.973389|-23.677984|-148.992477|-20.542547|50.636116|1.000000|1.000000|1.000000
AEG040_010_1000|13|-93.628571|192.263443|85.233246|-10.394352|39.679249|-6.442393|1.000000|1.000000|1.000000
AEG040_010_1001|13|-37.724937|184.790863|-39.499023|-7.338702|125.262894|-3.153206|1.000000|1.000000|1.000000
AEG040_010_1002|13|-55.042942|184.445587|-113.812248|-8.884524|147.771698|-7.167186|1.000000|1.000001|1.000000
AEG040_010_1003|13|-75.746902|196.046661|103.485359|-6.762220|26.421299|-2.460188|1.000000|1.000000|1.000000
AEG040_010_1004|13|-11.332790|188.577850|-67.259224|-8.140020|154.815048|-2.841408|1.000000|1.000000|1.000000
AEG040_010_1005|13|-42.120018|185.235184|-85.390358|1.007229|-179.589996|-10.085835|1.000000|1.000000|1.000000
AEG040_010_1007|13|-43.992973|185.984604|-105.196396|10.607579|-33.495190|7.787281|1.000000|1.000000|1.000000
AEG040_010_1008|13|-82.525711|194.847137|28.020502|-1.388323|90.503670|4.452264|1.000000|1.000000|1.000000
AEG040_010_1009|13|-124.012512|113.999992|-99.422348|-0.000005|-128.732529|0.000005|1.000000|1.000000|1.000000
AEG040_010_1010|13|-120.643250|113.999992|-92.387680|-0.000005|-108.515823|0.000005|1.000000|1.000000|1.000000
AEG040_010_1011|13|-129.601288|113.999992|-78.389496|-0.000005|61.484196|0.000005|1.000000|1.000000|1.000000
AEG040_010_1012|13|-121.620483|113.999992|-54.941280|-0.000005|126.484215|0.000005|1.000000|1.000000|1.000000
AEG040_010_1013|13|-111.086243|113.999992|-53.428436|-0.000005|-113.515816|0.000005|1.000000|1.000000|1.000000
AEG040_010_1014|13|-103.552551|113.999992|-33.153690|-0.000005|-98.515739|0.000005|1.000000|1.000000|1.000000
AEG040_010_1015|13|-105.608398|113.999992|-65.942078|-0.000005|-88.515823|0.000005|1.000000|1.000000|1.000000
AEG040_010_1016|13|-40.011307|195.460388|100.145027|1.606729|-89.357948|6.630165|1.000000|1.000000|1.000000
AEG040_010_1017|13|-63.786594|195.973938|104.272278|8.283731|166.299500|-2.047645|1.000000|1.000000|1.000000
AEG040_020_1000|13|-87.053146|193.237274|98.312508|-107.050911|-34.242195|14.374301|1.000000|1.000000|1.000000
AEG040_020_1001|13|-73.832047|193.126419|13.589729|144.149933|-15.669152|31.764854|1.000000|1.000000|1.000000
AEG040_020_1002|13|-86.662399|196.157135|10.409268|69.156120|-56.359680|-6.136147|1.000000|1.000000|1.000000
AEG040_020_1003|13|-77.382744|198.094070|122.953300|-102.431160|-36.259853|-2.526047|1.000000|1.000000|1.000000
AEG040_020_1007|13|100.869362|196.046494|-38.343193|7.057536|-52.540836|-10.163459|1.000000|1.000000|1.000000
AEG040_020_7000|13|-112.774040|136.602402|-119.815933|-6.890768|-29.548502|-126.295761|1.000000|1.000000|1.000000
AEG040_020_7001|13|-114.759880|135.190186|-117.164436|71.791367|-101.394089|-61.537525|1.000000|1.000000|1.000000
AEG040_020_7002|13|-111.100853|140.636566|-116.365295|-21.950510|-3.256830|-130.629913|1.000000|1.000000|1.000000
AEG040_020_7003|13|-112.870743|114.891891|-60.127411|21.135391|-114.647514|-20.269070|1.000000|1.000000|1.000000
AEG040_020_7004|13|-109.941994|164.181519|17.580830|-40.473961|-157.240860|-71.867813|1.000000|1.000000|1.000000
AEG040_020_7006|13|-109.294769|156.811707|17.893908|-62.525299|16.297270|-73.234154|1.000000|1.000000|1.000000
AEG040_020_7007|13|-81.455246|144.749924|-21.242399|31.418901|-37.474941|-126.638977|1.000000|1.000000|1.000000
AEG040_020_7008|13|-110.313301|165.969299|20.929691|40.374477|-71.415443|-110.690193|1.000000|1.000000|1.000000
AEG040_020_7009|13|-94.806717|152.949722|2.802488|160.513824|87.397415|-44.199860|1.000000|1.000000|1.000000
AEG040_020_7012|13|-112.136436|158.100769|21.742846|-39.133823|48.317619|-97.178566|1.000000|1.000000|1.000000
AEG040_021_1005|13|20.337227|188.063858|71.189850|68.834023|43.985832|-131.868607|1.000000|1.000000|1.000000
AEG040_021_7000|13|-110.137032|143.662827|-117.495529|-18.823343|21.056318|155.375870|1.000000|1.000000|1.000000
AEG040_021_7002|13|-107.618851|149.983948|-120.324219|-9.811835|59.234318|156.111282|1.000000|1.000000|1.000000
AEG040_021_7003|13|-90.646217|133.596512|-63.999126|66.219002|-62.232147|152.682907|1.000000|1.000000|1.000000
AEG040_021_7004|13|-110.529121|161.223938|17.916140|2.091232|19.722418|146.769119|1.000000|1.000000|1.000000
AEG040_021_7005|13|-91.045433|151.501221|1.546679|-11.364312|-34.196293|153.443710|1.000000|1.000000|1.000000
AEG040_021_7006|13|-84.187325|147.970825|-24.060831|-15.454967|84.762199|176.379974|1.000000|1.000000|1.000000
AEG040_021_7007|13|-105.805771|165.086655|16.888027|151.899231|-88.569397|-3.633798|1.000000|1.000000|1.000000
AEG040_021_7008|13|-83.317383|143.010559|-21.258947|4.060690|-59.643864|169.064453|1.000000|1.000000|1.000000
AEG040_021_7009|13|-108.478348|168.375229|17.022831|8.128668|-66.425285|-171.554001|1.000000|1.000000|1.000000
AEG040_021_7011|13|-80.928894|136.125076|-73.598816|-63.186073|127.015335|-71.671402|1.000000|1.000000|1.000000
AEG040_021_7012|13|-81.892075|142.653000|-73.101952|172.980911|55.893147|-73.916489|1.000000|1.000000|1.000000
AEG040_021_7013|13|-78.493828|133.798111|-68.635841|16.861479|-10.861984|123.649551|1.000000|1.000000|1.000000
AEG040_021_7014|13|-92.915237|136.417404|-67.929359|74.498474|-92.417831|-76.511497|1.000000|1.000000|1.000000
AEG040_021_7015|13|-119.882057|145.966919|26.574591|-37.850471|2.391170|-154.297668|1.000000|1.000000|1.000000
AEG040_021_7016|13|-116.853058|155.822449|24.893194|-23.446024|16.801777|-174.754944|1.000000|1.000000|1.000000
AEG040_021_7017|13|-111.168159|157.240494|23.069555|-158.809601|23.848576|25.325306|1.000000|1.000000|1.000000
AEG040_022_1001|13|-48.423347|181.646317|-77.527107|69.911804|66.732796|47.573608|1.000000|1.000000|1.000000
AEG040_022_1002|13|-59.927032|181.886337|-113.106537|152.282745|-21.878807|29.541418|1.000000|1.000000|1.000000
AEG040_022_1004|13|-113.995384|194.571960|38.516014|-179.476761|-24.193491|19.028568|1.000000|1.000000|1.000000
AEG040_022_1005|13|-30.122669|191.540558|97.700256|-80.622002|-111.672958|11.375049|1.000000|1.000000|1.000000
AEG040_024_1000|13|34.690086|183.463684|78.657875|58.284279|120.340546|15.220754|1.000000|1.000000|1.000000
AEG040_024_7000|13|-108.361137|134.019760|-65.037300|-56.707294|89.462692|-15.400096|1.000000|1.000000|1.000000
AEG040_024_7001|13|-90.326782|133.168564|-60.264271|-78.731483|141.635284|-11.030930|1.000000|1.000000|1.000000
AEG040_024_7002|13|-93.367241|127.710938|-65.296776|172.041443|6.542614|-31.034983|1.000000|1.000000|1.000000
AEG040_061_1000|13|-69.669327|181.007614|-81.800438|1.239045|138.277069|-17.927414|1.000000|1.000000|1.000000
AEG040_061_1002|13|-57.405815|185.774323|-71.828316|13.420632|-108.464409|-4.606042|1.000000|1.000000|1.000000
AEG040_061_1003|13|-84.227509|196.688004|16.087227|3.056477|55.448189|-15.956847|1.000000|1.000000|1.000000
AEG040_061_1004|13|-86.508347|196.688004|11.150282|0.300414|-73.225479|-7.248315|1.000000|1.000000|1.000000
AEG040_061_1005|13|-117.389709|194.037537|40.297035|6.620635|5.841723|-4.139268|1.000000|1.000000|1.000000
AEG040_061_1006|13|-112.399109|195.068130|35.223557|6.620635|-159.768021|-4.139268|1.000000|1.000000|1.000000
AEG040_061_1007|13|-116.259033|195.309006|36.055988|15.062612|-81.077522|-8.094356|1.000000|1.000000|1.000000
AEG040_062_1000|13|4.015512|192.722992|-85.788193|-7.336002|101.628456|4.375310|1.000000|1.000000|1.000000
AEG040_062_1002|13|-43.805927|186.260101|-109.438644|-14.559325|81.480904|6.821884|1.000000|1.000000|1.000000
AEG040_062_1004|13|-0.068968|191.789108|-87.009850|9.156141|0.665380|2.224047|1.000000|1.000000|1.000000
AEG040_062_1005|13|-52.185062|184.336060|-111.060570|10.902048|-34.894844|9.461642|1.000000|1.000000|1.000000
AEG040_062_1006|13|3.594877|193.004242|-91.623856|-12.835986|112.624290|3.293164|1.000000|1.000000|1.000000
AEG040_062_1007|13|30.241142|185.367157|-43.674072|-19.854401|-179.947525|5.471147|1.000000|1.000000|1.000000
AEG040_063_1000|13|3.113522|191.370773|-87.970329|-8.018186|110.617966|3.268218|1.000000|1.000000|1.000000
AEG040_063_1001|13|-83.913040|193.853088|26.639687|2.275984|15.126451|3.174180|1.000000|1.000000|1.000000
AEG040_063_1002|13|-90.140388|193.972046|14.190933|-4.873034|100.533043|-6.020541|1.000000|1.000000|1.000000
AEG040_063_1003|13|-110.555672|189.187103|60.786308|-6.657269|89.871361|0.126822|1.000000|1.000000|1.000000
AEG040_063_1005|13|-74.387199|194.579788|104.153992|1.580122|-101.385895|9.266546|1.000000|1.000000|1.000000
AEG040_063_1006|13|-109.992630|190.964310|44.563042|-5.782827|142.425003|-7.541844|1.000000|1.000000|1.000000
AEG040_063_1007|13|-53.105335|182.145935|-71.261543|4.063935|-146.127014|-12.364087|1.000000|1.000000|1.000000
AEG040_063_1008|13|-49.840466|182.431778|-82.996284|-8.602240|134.646683|-6.971641|1.000000|1.000000|1.000000
AEG040_063_1009|13|-67.671761|180.212509|-113.781967|7.917037|-21.463642|0.739054|1.000000|1.000000|1.000000
AEG040_063_1010|13|-75.429787|178.429337|-108.874855|9.340940|-101.768425|-5.965675|1.000000|1.000000|1.000000
AEG040_063_1012|13|-61.801773|194.827988|18.890091|-3.336908|174.162659|-4.246985|1.000000|1.000000|1.000000
AEG040_063_1017|13|58.466202|200.451630|-81.282097|7.250028|21.703245|11.668831|1.000000|1.000000|1.000000
AEG040_063_1021|13|-37.983082|194.151154|100.937546|3.236867|157.388535|-5.597668|1.000001|1.000000|1.000000
AEG040_063_1023|13|-61.361210|180.000427|-58.557884|1.477698|2.934653|6.515838|1.000000|1.000000|1.000000
AEG040_063_1024|13|-65.335518|179.889389|-69.163010|5.167066|-113.530190|-4.240346|1.000000|1.000000|1.000000
AEG040_063_1025|13|-41.650471|183.160782|-44.526127|-12.950483|101.054634|-2.277732|1.000000|1.000000|1.000000
AEG040_063_1026|13|-91.240845|192.289841|50.251324|2.275984|15.126451|3.174180|1.000000|1.000000|1.000000
AEG040_063_1027|13|-85.836205|193.032410|46.081360|0.436419|161.234146|1.380225|1.000001|1.000000|1.000000
AEG040_063_1030|13|102.781067|201.867218|-57.052986|11.667979|-1.904684|-3.324323|1.000000|1.000000|1.000000
AEG040_063_1031|13|-4.850631|181.267090|17.981773|12.184893|85.257767|5.380113|1.000000|1.000000|1.000000
AEG040_063_1032|13|29.641533|184.894516|-44.933781|20.554417|16.784746|3.701553|1.000000|1.000000|1.000000
AEG040_064_1000|13|-87.473473|193.910614|45.282608|-1.014764|-175.663223|1.744157|1.000000|1.000000|1.000000
AEG040_064_1002|13|-82.198517|194.811966|23.053516|1.553923|-50.237541|-1.140205|1.000000|1.000000|1.000000
AEG040_064_1003|13|-69.506454|180.861298|-112.075836|-11.993806|120.357239|-2.858089|1.000000|1.000000|1.000000
AEG040_064_1004|13|-63.902794|181.120834|-72.179054|1.693914|2.792044|6.771369|1.000000|1.000000|1.000000
AEG040_064_1005|13|-65.514343|193.606445|44.457458|3.999186|37.642784|-0.335199|1.000000|1.000000|1.000000
AEG040_064_1006|13|-52.918098|183.360855|-74.683907|2.316773|-1.621715|7.457529|1.000000|1.000000|1.000000
AEG040_064_1007|13|-77.603447|179.353622|-110.436211|2.577440|-167.289902|-12.401454|1.000000|1.000000|1.000000
AEG040_064_1008|13|-66.207512|195.548767|15.964813|2.305900|38.730854|-0.672096|1.000000|1.000000|1.000000
AEG040_064_1009|13|-79.163132|195.477463|10.265973|1.309906|-172.803802|-6.206243|1.000000|1.000000|1.000000
AEG040_064_1010|13|-57.682854|182.852417|-104.187874|5.270077|-3.150312|11.130669|1.000000|1.000000|1.000000
AEG040_064_1011|13|-88.933800|195.129852|13.487206|2.879444|-148.051956|-3.442463|1.000000|1.000000|1.000000
AEG040_064_1012|13|-109.690689|190.364319|66.292793|3.597679|-125.271927|-7.206690|1.000000|1.000000|1.000000
AEG040_064_1014|13|-91.258728|193.133408|49.925449|-1.618962|-127.541008|-7.020414|1.000000|1.000000|1.000000
AEG040_064_1018|13|58.186489|201.292892|-80.453423|-10.787885|168.089737|-7.582376|1.000000|1.000000|1.000000
AEG040_064_1025|13|-116.126022|191.228546|32.720482|18.474079|-105.566391|-7.446599|1.000000|1.000000|1.000000
AEG040_064_1029|13|-13.607347|188.393661|-69.212143|-4.190227|150.724823|-3.497496|1.000000|1.000000|1.000000
AEG040_064_1030|13|-24.325020|187.282639|-74.725609|-6.433048|150.247498|-7.727032|1.000000|1.000000|1.000000
AEG040_064_1031|13|-61.515900|180.818756|-58.528496|1.494582|2.822480|10.789376|1.000000|1.000000|1.000000
AEG040_064_1032|13|-41.009197|184.147598|-45.724037|2.316773|-1.621715|7.457529|1.000000|1.000000|1.000000
AEG040_064_1033|13|-110.658134|192.044296|44.759903|1.889778|-127.275879|-11.346366|1.000000|1.000000|1.000000
AEG040_064_1036|13|101.045433|202.410034|-56.300697|3.272387|71.938309|13.355560|1.000000|1.000000|1.000000
AEG040_064_1037|13|-5.260056|182.146439|18.519197|12.669565|98.817955|7.953755|1.000000|1.000000|1.000000
AEG040_064_1038|13|37.911392|181.940201|-35.251007|12.410279|43.820564|2.322838|1.000000|1.000000|1.000000
AEG040_065_1001|13|-34.468937|185.215958|-36.556938|-0.838605|1.111025|8.910236|1.000000|1.000000|1.000000
AEG040_065_1004|13|-77.170601|195.180161|99.542007|3.136565|109.466789|-8.810703|1.000000|1.000000|1.000000
AEG040_065_1007|13|-81.646828|193.777328|44.366386|3.906547|20.875240|1.968714|1.000000|1.000000|1.000000
AEG040_065_1009|13|-60.867550|181.939896|-78.310745|-7.723218|134.214233|-5.639256|1.000000|1.000000|1.000000
AEG040_065_1010|13|-54.832851|181.953369|-46.937290|-5.087638|159.274216|-7.219992|1.000000|1.000000|1.000000
AEG040_065_1014|13|-73.733978|179.648178|-84.814323|-4.704710|169.445923|-8.547433|1.000000|1.000000|1.000000
AEG040_065_1015|13|13.047446|192.782700|-75.894890|-10.120693|107.708443|2.114938|1.000000|1.000000|1.000000
AEG040_065_1018|13|-59.229866|183.488297|-116.992813|-14.912745|109.271515|-0.809058|1.000000|1.000000|1.000000
AEG040_065_1021|13|-39.669468|185.274445|-84.046349|6.777711|-14.561584|8.560366|1.000000|1.000000|1.000000
AEG040_065_1025|13|-65.944389|181.530655|-105.498741|10.935576|-102.489342|-7.862895|1.000000|1.000000|1.000000
AEG040_065_1028|13|-71.623131|196.123489|105.306541|-3.908216|56.503807|-8.018812|1.000000|1.000000|1.000000
AEG040_065_1030|13|-91.904778|193.865463|41.546989|-4.827259|136.102707|3.382018|1.000000|1.000000|1.000000
AEG040_065_1034|13|4.891080|192.147980|-81.810051|10.820376|-75.585159|-4.015473|1.000000|1.000000|1.000000
AEG040_065_1035|13|-45.780434|184.351517|-86.217285|-8.396170|134.101944|-3.747730|1.000000|1.000000|1.000000
AEG040_065_1037|13|-98.281250|192.582962|86.559593|10.048197|-149.182587|4.188225|1.000000|1.000000|1.000000
AEG040_065_1038|13|-47.106827|185.113480|-105.781357|6.874687|-128.421387|-9.824427|1.000000|1.000000|1.000000
AEG040_065_1039|13|10.753888|191.198700|-65.925972|14.011046|-50.586273|-3.749698|1.000000|1.000000|1.000000
AEG040_065_1040|13|-92.822395|192.680084|54.521873|2.568977|-104.673462|-6.912101|1.000000|1.000000|1.000000
AEG040_065_1041|13|-89.245178|195.138611|6.966671|-2.426912|158.714600|-1.397478|1.000000|1.000000|1.000000
AEG040_065_1042|13|-4.212103|191.078125|-84.233665|-2.704504|-146.935287|-9.771632|1.000000|1.000000|1.000000
AEG040_065_1043|13|-43.401398|184.766464|-79.317551|3.776035|-26.954226|8.571021|1.000000|1.000000|1.000000
AEG040_065_1044|13|-40.840240|186.543182|-104.375435|11.316154|-25.592175|10.576775|1.000000|1.000000|1.000000
AEG040_065_1045|13|-53.630192|181.929703|-38.231873|7.163015|-129.652267|-5.772403|1.000000|1.000000|1.000000
AEG040_065_1046|13|-91.886871|191.852570|81.816147|-5.495483|45.646198|-7.384930|1.000000|1.000000|1.000000
AEG040_065_1049|13|-105.693245|193.152893|38.984680|6.523791|-3.356903|6.593136|1.000000|1.000000|1.000000
AEG040_065_1050|13|-71.024803|178.941345|-54.937351|6.420984|-122.156403|-4.892539|1.000000|1.000000|1.000000
AEG040_065_1051|13|4.970075|191.046432|-71.098373|-9.407393|140.101562|-4.348226|1.000000|1.000000|1.000000
AEG040_065_1052|13|-73.293610|180.481049|-116.852463|-10.385312|128.384186|-4.334540|1.000000|1.000000|1.000000
AEG040_065_1053|13|-64.712029|181.400742|-87.741501|3.486107|-13.077464|10.136011|1.000000|1.000000|1.000000
AEG040_065_1054|13|-97.284225|193.176025|46.079674|-5.663397|174.866043|-2.039623|1.000000|1.000000|1.000000
AEG040_065_1055|13|-88.735191|194.969269|22.021687|0.438093|-167.453186|4.075036|1.000000|1.000000|1.000000
AEG040_065_1056|13|-81.776344|192.878098|55.137909|1.801400|-96.044739|-7.506862|1.000000|1.000000|1.000000
AEG040_065_1057|13|-37.230236|186.560455|-98.425621|8.295817|-120.817879|-12.242476|1.000000|1.000000|1.000000
AEG040_065_1058|13|-116.485535|191.081635|44.143600|8.970857|-95.600830|-2.637290|1.000000|1.000000|1.000000
AEG040_065_1059|13|-67.554214|180.557693|-78.488213|-1.989875|12.181122|10.714581|1.000000|1.000000|1.000000
AEG040_065_1060|13|-83.132584|195.867020|3.418645|-3.635665|98.223396|3.627143|1.000000|1.000000|1.000000
AEG040_065_1061|13|-62.720310|195.486115|21.209129|-2.477838|-118.048622|-9.278421|1.000000|1.000000|1.000000
AEG040_065_1062|13|-114.932137|190.141129|62.307545|-4.456393|125.799789|-1.574432|1.000000|1.000000|1.000000
AEG040_065_1063|13|-79.494080|195.281433|15.958735|5.081364|-117.759254|-3.983974|1.000000|1.000000|1.000000
AEG040_065_1064|13|-116.423676|189.949860|68.924858|3.400209|-136.675644|-2.840899|1.000000|1.000000|1.000000
AEG040_065_1065|13|-51.924099|183.419144|-67.791489|4.717220|-13.378922|8.402836|1.000000|1.000000|1.000000
AEG040_065_1089|13|-62.511845|196.936890|111.740997|3.969465|-132.065063|4.928809|1.000000|1.000000|1.000000
AEG040_065_1090|13|-52.430614|194.284225|94.185440|8.050013|164.080154|-0.566747|1.000000|1.000000|1.000000
AEG040_065_1091|13|-55.626446|192.889313|85.392914|4.236306|-117.969566|7.054938|1.000000|1.000000|1.000000
AEG040_065_1092|13|-38.490601|189.851639|57.921017|-9.533407|179.875717|11.991689|1.000000|1.000000|1.000000
AEG040_065_1093|13|-34.375732|198.132584|121.996124|5.071352|142.992310|-2.136474|1.000000|1.000000|1.000000
AEG040_065_1094|13|-18.868626|194.645523|97.659767|8.015013|174.739197|0.941810|1.000000|1.000000|1.000000
AEG040_065_1095|13|-39.771030|195.055389|99.008133|8.050013|164.080154|-0.566747|1.000000|1.000000|1.000000
AEG040_065_1096|13|-30.916914|195.594711|103.219734|-7.892880|0.061470|-1.685833|1.000000|1.000000|1.000000
AEG040_065_1097|13|-113.316132|193.266235|92.248596|10.048197|-149.182587|4.188225|1.000000|1.000000|1.000000
AEG040_065_1098|13|-75.028030|197.866669|118.127251|-2.214479|66.329659|-5.926588|1.000000|1.000000|1.000000
AEG040_065_1099|13|-79.758034|198.494080|123.536285|4.596012|-139.799133|4.350620|1.000000|1.000000|1.000000
AEG040_065_1100|13|-25.607681|197.165741|114.404121|-2.932811|56.705647|-7.521286|1.000000|1.000000|1.000000
AEG040_065_1101|13|-21.543991|189.093674|72.108009|10.501805|-119.840111|17.133730|1.000000|1.000000|1.000000
AEG040_065_1105|13|-66.455139|193.415375|50.399456|-1.521353|-104.361366|-4.325707|1.000000|1.000000|1.000000
AEG040_065_1106|13|-70.316002|193.852585|41.567673|-1.630075|150.802444|2.583134|1.000000|1.000000|1.000000
AEG040_065_1107|13|-85.293320|194.826859|30.231327|-2.783598|-143.351471|-2.903423|1.000000|1.000000|1.000000
AEG040_065_1108|13|-81.102547|194.502640|34.524921|1.062837|-61.647545|-3.629213|1.000000|1.000000|1.000000
AEG040_065_1109|13|-79.190605|194.820160|28.816883|3.731392|12.411108|-0.136827|1.000000|1.000000|1.000000
AEG040_065_1116|13|-0.743492|192.631805|-92.760910|-11.526297|132.349808|-0.406701|1.000000|1.000000|1.000000
AEG040_065_1117|13|8.383135|193.904953|-90.746094|7.803852|-2.418580|8.518703|1.000000|1.000000|1.000000
AEG040_065_1118|13|-17.457666|188.624237|-77.295799|-7.271210|83.463226|5.235732|1.000000|1.000000|1.000000
AEG040_065_1119|13|-25.461615|186.916779|-65.703140|-1.225932|-157.621811|-5.688323|1.000000|1.000000|1.000000
AEG040_065_1120|13|-13.254152|187.726791|-59.971355|6.850822|-52.425381|0.872415|1.000000|1.000000|1.000000
AEG040_065_1121|13|-20.839642|187.079407|-60.337677|2.524962|-122.022339|-4.915215|1.000000|1.000000|1.000000
AEG040_065_1122|13|-72.844116|179.309036|-66.514908|-11.066787|133.252914|-5.014537|1.000000|1.000000|1.000000
AEG040_065_1123|13|-51.165085|183.592819|-79.653618|4.717809|-154.989899|-9.157556|1.000000|1.000000|1.000000
AEG040_065_1124|13|-55.063919|182.868683|-81.859505|-5.372637|145.995789|-8.791498|1.000000|1.000000|1.000000
AEG040_065_1125|13|-47.688816|184.154755|-74.561279|3.776035|-26.954226|8.571021|1.000000|1.000000|1.000000
AEG040_065_1126|13|-69.826843|180.642639|-91.401665|-9.718487|112.875931|-0.764736|1.000000|1.000000|1.000000
AEG040_065_1127|13|-52.388386|184.063400|-106.193741|11.965650|-75.439171|-0.375913|1.000000|1.000000|1.000000
AEG040_065_1128|13|-73.220505|180.174469|-105.436607|13.035887|-64.611412|1.072512|1.000000|1.000000|1.000000
AEG040_065_1129|13|-64.865799|182.267563|-117.342934|-10.530931|130.497986|-5.008036|1.000000|1.000000|1.000000
AEG040_065_1130|13|-81.362877|178.543167|-107.593468|7.493815|-141.682281|-10.510435|1.000000|1.000000|1.000000
AEG040_065_1131|13|-47.451729|183.041855|-34.002438|7.510563|-126.054817|-5.311229|1.000000|1.000000|1.000000
AEG040_065_1132|13|-39.944214|184.349075|-34.090347|11.296675|-81.274017|3.007506|1.000000|1.000000|1.000000
AEG040_065_1133|13|-47.741516|183.297760|-50.163425|-7.374263|73.163620|1.959590|1.000000|1.000000|1.000000
AEG040_065_1134|13|-55.153332|182.364670|-61.017220|7.524632|-29.754213|8.362180|1.000000|1.000000|1.000000
AEG040_065_1135|13|-63.722519|180.393265|-52.697178|11.371492|-79.795952|2.233919|1.000000|1.000000|1.000000
AEG040_065_1136|13|54.974262|200.102875|-76.442566|-3.242259|-150.997162|-12.761323|1.000000|1.000000|1.000000
AEG040_065_1137|13|56.419300|202.127411|-86.762314|-12.191379|111.442268|4.993639|1.000000|1.000000|1.000000
AEG040_065_1148|13|-108.461487|191.838303|49.860802|6.750308|-95.120483|-6.519269|1.000000|1.000000|1.000000
AEG040_065_1149|13|-104.281113|190.743530|69.390854|3.444005|-35.137775|1.413667|1.000000|1.000000|1.000000
AEG040_065_1152|13|-60.175671|196.180206|15.363051|0.131909|69.378403|4.210082|1.000000|1.000000|1.000000
AEG040_065_1157|13|99.684479|200.949448|-50.880352|0.431591|-98.607613|-15.420127|1.000000|1.000000|1.000000
AEG040_065_1158|13|106.533936|201.907791|-53.024971|14.817389|-26.191864|-4.339265|1.000000|1.000000|1.000000
AEG040_065_1159|13|-5.060669|181.353119|23.934057|-3.790163|-73.110054|-11.302479|1.000000|1.000000|1.000000
AEG040_065_1160|13|-0.341920|182.014908|10.000239|3.951159|1.135466|-6.903003|1.000000|1.000000|1.000000
AEG040_065_1161|13|-3.364568|182.799637|2.904411|7.293746|70.443359|-0.002150|1.000000|1.000000|1.000000
AEG040_065_1162|13|32.271530|182.977264|-37.093029|-16.383448|-165.661423|2.729271|1.000000|1.000000|1.000000
AEG040_065_1163|13|39.409634|181.047821|-28.578211|-0.630982|-103.806778|-5.486082|1.000000|1.000000|1.000000
AEG040_065_1164|13|41.872936|181.774796|-33.743046|2.572526|81.082588|6.561389|1.000000|1.000000|1.000000
AEG040_065_1165|13|26.492085|186.894699|-46.860153|-17.615108|163.997726|3.817511|1.000000|1.000000|1.000000
AEG040_065_1166|13|27.539186|184.481644|-40.620548|-15.345070|-127.362701|-12.966590|1.000000|1.000000|1.000000
AEG040_065_1167|13|25.962275|188.916611|-52.679462|-21.066343|175.100769|-3.707718|1.000000|1.000000|1.000000
AEG040_065_1168|13|33.980686|193.731491|-59.673729|-20.277912|95.199966|19.325777|1.000000|1.000000|1.000000
AEG040_065_1169|13|28.065001|191.624115|-58.774139|-23.622456|134.246124|4.334469|1.000000|1.000000|1.000000
AEG040_066_1000|13|-73.293159|179.622940|-79.362854|6.196761|-142.702988|-8.670644|1.000000|1.000000|1.000000
AEG040_066_1001|13|-3.724827|191.708710|-88.443550|-10.446443|161.749207|-4.340522|1.000000|1.000000|1.000000
AEG040_066_1002|13|5.397357|194.031021|-95.268051|-7.274815|77.618568|9.924108|1.000000|1.000000|1.000000
AEG040_066_1003|13|-67.430321|180.840286|-83.368896|-4.387804|54.627491|7.968216|1.000000|1.000000|1.000000
AEG040_066_1004|13|8.134088|193.301941|-86.030296|7.596241|3.614886|8.990039|1.000000|1.000000|1.000000
AEG040_066_1005|13|17.080832|193.213974|-72.475189|2.188547|18.113171|10.390776|1.000000|1.000000|1.000000
AEG040_066_1006|13|9.860657|192.052856|-72.226677|-2.706306|-167.044128|-11.939119|1.000000|1.000000|1.000000
AEG040_066_1007|13|-112.171387|190.190079|68.599518|2.188316|-48.452854|2.443741|1.000000|1.000000|1.000000
AEG040_066_1021|13|4.612677|190.606659|-66.061890|6.345824|-122.744141|-10.485312|1.000000|1.000000|1.000000
AEG040_066_1022|13|59.296040|200.590698|-74.907616|13.156671|-45.308407|0.305073|1.000000|1.000000|1.000000
AEG040_066_1023|13|63.844589|202.245544|-80.398842|7.501957|8.395391|10.843618|1.000000|1.000000|1.000000
AEG040_066_1027|13|-104.872246|192.626129|46.307388|3.664266|15.636999|4.877529|1.000000|1.000000|1.000000
AEG040_066_1028|13|-113.970497|191.332886|48.585457|7.165009|-113.432640|-5.919542|1.000000|1.000000|1.000000
AEG040_066_1029|13|-85.648201|194.066803|40.326801|1.413362|65.299583|4.139595|1.000000|1.000000|1.000000
AEG040_066_1030|13|-78.354813|193.317551|50.918327|2.754184|45.114925|3.399066|1.000000|1.000000|1.000000
AEG040_067_1001|13|9.283523|190.313248|-69.402390|-17.456743|-179.430893|-11.195299|1.000000|1.000000|1.000000
AEG040_067_1002|13|-80.355789|194.728714|30.800455|99.839355|-85.209503|-3.756679|1.000000|1.000000|1.000000
AEG040_067_1003|13|-66.269981|195.222183|105.391266|-19.741852|-11.863099|6.563546|1.000000|1.000000|1.000000
AEG040_067_1004|13|-70.777046|179.110718|-81.062408|15.330556|-80.096519|4.478507|1.000000|1.000000|1.000000
AEG040_067_1005|13|-75.532593|177.289536|-60.730865|8.744450|-22.827929|7.561575|1.000000|1.000000|1.000000
AEG040_067_1007|13|-37.524822|184.301300|-37.891357|-4.458100|122.693977|-11.190339|1.000000|1.000000|1.000000
AEG040_067_1008|13|-48.427425|182.387253|-46.618355|2.025647|154.341492|-11.866107|1.000000|1.000000|1.000000
AEG040_067_1009|13|-43.605545|184.478897|-82.311478|-11.114256|22.276768|11.931721|1.000000|1.000000|1.000000
AEG040_067_1010|13|-113.458664|189.662201|66.918304|1.627612|42.158661|-1.548586|1.000000|1.000000|1.000000
AEG040_067_1011|13|-95.112495|191.504059|83.873398|-4.959004|-83.873489|3.506331|1.000000|1.000000|1.000000
AEG040_067_1012|13|-46.858776|184.083221|-78.939598|-11.610525|80.035660|-5.865376|1.000000|1.000000|1.000000
AEG040_067_1014|13|-65.967003|194.444458|17.058405|0.158520|141.235794|1.134120|1.000000|1.000000|1.000000
AEG040_067_1016|13|-75.055420|179.112320|-113.263763|-23.365677|142.564957|-8.214140|1.000000|1.000000|1.000000
AEG040_067_1017|13|-68.715797|179.729309|-86.235756|-11.904152|42.625618|10.702559|1.000000|1.000000|1.000000
AEG040_067_1018|13|13.743861|191.026093|-71.551170|-7.302327|60.651642|9.697292|1.000000|1.000000|1.000000
AEG040_067_1019|13|-44.695351|191.843033|-106.083649|-25.999453|-54.453766|40.592667|1.000000|1.000000|1.000000
AEG040_067_1031|13|62.021587|203.086426|-81.721718|-71.451561|96.972580|42.158176|1.000000|1.000000|1.000000
AEG040_067_1042|13|-65.083809|193.869553|43.851398|5.352988|-64.024033|-2.564263|1.000000|1.000000|1.000000
AEG040_067_1043|13|-35.773071|194.979156|103.199768|-21.331728|71.312393|1.890031|1.000000|1.000000|1.000000
AEG040_067_1044|13|-75.610466|197.473663|121.845444|-2.589621|-76.606987|-5.391021|1.000000|1.000000|1.000000
AEG040_067_1045|13|-27.348812|196.896057|117.675888|-20.031248|-48.416512|3.732212|1.000000|1.000000|1.000000
AEG040_067_1047|13|-84.665001|195.424377|7.733715|-22.879070|-1.120634|0.472931|1.000000|1.000000|1.000000
AEG040_067_1048|13|-16.628399|186.330856|-62.228046|10.849276|9.702499|3.072556|1.000000|1.000000|1.000000
AEG040_067_1049|13|-57.850784|181.225174|-75.384361|-2.155384|-172.936066|-10.213666|1.000000|1.000000|1.000000
AEG040_067_1050|13|-59.039539|182.029419|-105.820740|-18.108561|154.961868|-15.545186|1.000000|1.000000|1.000000
AEG040_067_1051|13|-85.154922|192.636612|49.138210|0.266984|138.106705|0.636145|1.000000|1.000000|1.000000
AEG040_067_1052|13|-82.860329|192.811646|51.009071|0.266983|-46.540337|0.636145|1.000000|1.000000|1.000000
AEG040_067_1055|13|100.128220|202.420959|-58.664955|13.486789|-0.793386|-4.760427|1.000000|1.000000|1.000000
AEG040_067_1056|13|-3.536932|181.659424|6.997266|11.183128|113.624588|5.747830|1.000000|1.000000|1.000000
AEG040_067_1057|13|45.119743|179.990570|-34.069115|9.828730|-4.417788|11.511445|1.000000|1.000000|1.000000
AEG040_067_1058|13|108.007881|214.946625|-94.143196|-1.323846|107.121140|-22.872189|1.000000|1.000000|1.000000
AEG040_068_1000|13|-66.121407|178.430298|-60.718620|-16.765375|81.017578|-3.234378|1.000000|1.000000|1.000000
AEG040_068_1001|13|-21.237894|184.941055|-70.695633|4.522050|-75.758804|-2.763227|1.000000|1.000000|1.000001
AEG040_068_1003|13|-112.312164|191.386139|37.223499|-16.828222|155.415970|-9.977306|1.000000|1.000000|1.000001
AEG040_068_1005|13|-61.039227|180.906662|-109.813332|5.159256|-6.991021|-1.668938|1.000000|1.000000|1.000000
AEG040_068_1006|13|-59.113995|180.842972|-68.481033|1.940320|-129.022720|-21.045996|1.000000|1.000000|1.000000
AEG040_068_1008|13|-83.782112|192.686691|13.540979|-3.651156|55.567112|-4.062123|1.000000|1.000000|1.000000
AEG040_068_1011|13|-48.438244|181.130905|-40.667858|7.206949|-47.532848|8.518928|1.000000|1.000000|1.000000
AEG040_068_1012|13|-8.965798|182.132370|11.358762|-35.918140|-121.128204|11.939060|1.000000|1.000000|1.000001
AEG040_068_1013|13|38.199234|181.491013|-42.480049|0.900438|-55.916946|-15.707232|1.000000|1.000000|1.000000
AEG040_068_1014|13|33.219093|186.580948|-52.705833|-0.091563|51.753578|28.744308|1.000000|1.000000|1.000000
AEG040_071_7000|13|-72.437126|180.065262|-88.699532|-10.069866|85.324211|-0.286435|1.000000|1.000000|1.000000
AEG040_071_7001|13|-65.154686|181.024826|-83.219276|-15.050762|87.022064|2.525965|1.000000|1.000000|1.000000
AEG040_071_7002|13|-101.953148|191.031113|67.914818|1.398688|-18.898272|1.117747|1.000000|1.000000|1.000000
AEG040_071_7003|13|7.476521|191.023163|-65.346931|3.096396|-134.943054|-15.715713|1.000000|1.000000|1.000000
AEG040_071_7005|13|-68.641632|180.407623|-70.089554|-15.050762|87.022064|2.525965|1.000000|1.000000|1.000000
AEG040_071_7006|13|-67.365227|179.766815|-53.347569|-9.596711|87.022057|2.525965|1.000000|1.000000|1.000000
AEG040_071_7007|13|8.104305|191.906204|-74.132805|3.700788|-133.763229|-11.937544|1.000000|1.000000|1.000000
AEG040_071_7008|13|-0.417890|191.469299|-83.256294|6.082803|-0.388101|7.221997|1.000000|1.000000|1.000000
AEG040_071_7012|13|-117.893593|189.929016|66.651596|1.822841|156.483231|-2.951574|1.000000|1.000000|1.000000
AEG040_071_7013|13|-22.698221|187.034225|-61.271118|3.096396|-134.943054|-15.715713|1.000000|1.000000|1.000000
AEG040_071_7014|13|-57.451862|193.246658|86.850304|6.082803|-0.388101|7.221997|1.000000|1.000000|1.000000
AEG040_071_7015|13|-7.719156|192.367889|85.262611|-9.604572|-0.912605|-8.070292|1.000000|1.000000|1.000000
AEG040_072_1010|13|-40.599701|185.220917|-38.775887|-0.000008|-18.247696|-0.000009|1.000000|1.000000|1.000001
AEG092_103_2000|13|-121.290970|116.940552|-9.067946|0.000000|110.000015|0.000000|1.000000|1.000000|1.000000
AEG097_040_1000|13|44.000000|180.882996|0.000000|0.000000|0.000000|0.000000|1.000000|1.000000|1.000000
AEG099_070_2000|13|-25.156809|186.887741|57.458992|0.000001|179.999985|-0.000001|1.000001|1.000000|1.000000
AEG099_071_2000|13|-25.156809|186.887741|57.458992|0.000000|179.999985|0.000000|1.000000|1.000000|1.000000
AEG099_090_9001|13|-123.737000|116.904999|-8.229000|0.000000|-72.973000|0.000000|1.000000|1.000000|1.000000
AEG099_230_9000|13|-123.573997|116.956001|-8.332000|0.000000|102.818001|0.000000|1.000000|1.000000|1.000000
AEG099_610_9000|13|56.988998|180.697998|12.107000|-9.553000|23.768000|-0.000000|1.000000|1.000000|1.000000
AEG099_610_9001|13|36.051998|180.697998|10.185000|0.000000|93.209000|0.000000|1.000000|1.000000|1.000000
AEG099_610_9002|13|39.686001|180.675995|36.598000|0.000000|29.500000|0.000000|1.000000|1.000000|1.000000
AEG099_635_9000|13|-62.723000|178.406006|-80.636002|-17.195999|125.098999|-16.471001|1.000000|1.000000|1.000000
AEG099_660_9000|13|-114.391998|191.046005|51.980999|-0.000000|52.056000|4.580000|1.000000|1.000000|1.000000
AEG099_660_9001|13|-110.585999|191.292999|80.402000|-4.162000|-12.499000|2.181000|1.000000|1.000000|1.000000
AEG099_660_9002|13|-110.503998|192.533005|87.272003|0.000000|-55.932999|4.152000|1.000000|1.000000|1.000000
AEG099_660_9003|13|-79.660004|191.776993|66.065002|0.000000|126.478996|0.000000|1.000000|1.000000|1.000000
AEG099_660_9004|13|-57.460999|193.798004|90.467003|-1.161000|-73.640999|7.816000|1.000000|1.000000|1.000000
AEG099_660_9005|13|-28.163000|196.613007|110.218002|5.594000|-177.966003|-0.018000|1.000000|1.000000|1.000000
AEG099_660_9006|13|-37.011002|197.761002|118.235001|-3.323000|3.145000|-0.000000|1.000000|1.000000|1.000000
AEG099_660_9007|13|-27.524000|196.037994|106.213997|0.333000|-77.338997|6.517000|1.000000|1.000000|1.000000
AEG099_660_9008|13|-69.054001|198.005005|118.973000|1.965000|-113.402000|5.963000|1.000000|1.000000|1.000000
AEG099_660_9009|13|-106.887001|198.182999|113.279999|-0.000000|-116.565002|2.853000|1.000000|1.000000|1.000000
AEG099_660_9010|13|-104.178001|198.731995|124.172997|0.000000|138.106995|0.000000|1.000000|1.000000|1.000000
AEG099_660_9011|13|13.084000|190.662003|87.393997|-4.763000|12.070000|-1.762000|1.000000|1.000000|1.000000
AEG099_660_9012|13|-101.541000|194.365997|32.355000|-5.143000|155.494995|-1.726000|1.000000|1.000000|1.000000
AEG099_660_9013|13|-77.353996|194.565994|32.522999|0.000000|157.869003|0.000000|1.000000|1.000000|1.000000
AEG099_660_9014|13|-43.452999|194.561005|35.091999|0.000000|98.829002|0.000000|1.000000|1.000000|1.000000
AEG099_660_9015|13|-41.987000|194.787003|31.763000|0.000000|-128.626999|0.000000|1.000000|1.000000|1.000000
AEG099_660_9016|13|-61.743999|197.216003|2.248000|-0.234000|95.663002|2.730000|1.000000|1.000000|1.000000
AEG099_660_9017|13|-50.888000|197.438995|4.062000|-4.957000|-163.393005|0.000000|1.000000|1.000000|1.000000
AEG099_660_9018|13|-22.431999|191.912994|42.891998|8.498000|22.077999|-1.839000|1.000000|1.000000|1.000000
AEG099_660_9019|13|15.587000|186.531006|67.714996|-3.414000|73.752998|-11.007000|1.000000|1.000000|1.000000
AEG099_660_9020|13|10.499000|181.087997|11.019000|0.000000|-128.130005|0.000000|1.000000|1.000000|1.000000
AEG099_660_9021|13|5.749000|181.201004|14.304000|0.000000|124.650002|0.000000|1.000000|1.000000|1.000000
AEG099_660_9022|13|45.481998|195.391006|-46.548000|7.407000|-89.218002|-4.307000|1.000000|1.000000|1.000000
AEG099_660_9023|13|-14.333000|187.677994|-33.764999|0.000000|-83.450996|0.000000|1.000000|1.000000|1.000000
AEG099_660_9024|13|-69.921997|180.222000|-72.867996|8.435000|-59.099998|3.738000|1.000000|1.000000|1.000000
AEG099_660_9025|13|-51.694000|183.567001|-87.709000|3.862000|-31.860001|3.906000|1.000000|1.000000|1.000000
AEG099_660_9026|13|-40.964001|184.806000|-60.436001|3.577000|-47.280998|3.682000|1.000000|1.000000|1.000000
AEG099_660_9027|13|-63.459000|180.580002|-25.795000|6.952000|-160.798996|-5.515000|1.000000|1.000000|1.000000
AEG099_660_9028|13|5.964000|191.779007|-76.112999|2.840000|0.427000|5.213000|1.000000|1.000000|1.000000
AEG099_660_9029|13|14.822000|197.645996|-106.475998|-3.432000|89.807999|5.217000|1.000000|1.000000|1.000000
AEG099_660_9030|13|11.503000|197.014008|-106.273003|0.790000|39.832001|5.615000|1.000000|1.000000|1.000000
AEG099_660_9031|13|-94.063004|176.373993|-119.286003|2.422000|-146.240005|-3.110000|1.000000|1.000000|1.000000
AEG099_660_9032|13|-92.199997|176.503998|-111.936996|0.100000|160.977005|-9.193000|1.000000|1.000000|1.000000
AEG099_660_9033|13|68.949997|181.128998|46.764999|7.328000|-2.851000|-0.367000|1.000000|1.000000|1.000000
AEG099_660_9034|13|38.202999|169.235001|108.894997|11.604000|-35.341000|-5.892000|1.000000|1.000000|1.000000
AEG099_660_9035|13|40.827999|167.701004|115.334999|2.409000|-92.277000|-7.606000|1.000000|1.000000|1.000000
AEG099_660_9036|13|65.920998|181.093994|-3.013000|0.768000|56.504002|2.286000|1.000000|1.000000|1.000000
AEG099_660_9037|13|67.261002|181.223007|-9.130000|1.493000|-22.364000|2.137000|1.000000|1.000000|1.000000
AEG099_660_9038|13|46.981998|194.653000|-42.366001|-2.288000|-147.695007|-10.129000|1.000000|1.000000|1.000000
AEG099_660_9039|13|49.714001|202.203003|-95.205002|-12.361000|108.144997|2.059000|1.000000|1.000000|1.000000
AEG099_660_9040|13|91.816002|203.296997|-64.973000|-5.680000|124.488998|1.578000|1.000000|1.000000|1.000000
AEG099_660_9041|13|85.713997|208.561005|-94.586998|-5.341000|132.171005|3.581000|1.000000|1.000000|1.000000
AEG099_660_9042|13|84.619003|191.746002|-18.424000|-11.799000|-163.778000|-3.192000|1.000000|1.000000|1.000000
AEG099_660_9043|13|109.648003|194.020996|-28.631001|11.026000|33.444000|1.846000|1.000000|1.000000|1.000000
AEG099_660_9044|13|111.778999|193.190994|-25.361000|-7.256000|139.033005|5.258000|1.000000|1.000000|1.000000
AEG099_660_9045|13|110.879997|182.013000|22.010000|1.416000|81.101997|5.115000|1.000000|1.000000|1.000000
AEG099_660_9046|13|118.763000|211.393997|-91.807999|-11.646000|149.089996|5.178000|1.000000|1.000000|1.000000
AEG099_660_9047|13|-121.706001|113.945999|-94.598000|0.000000|119.487999|0.000000|1.000000|1.000000|1.000000
AEG099_660_9048|13|-123.586998|113.978996|-101.672997|0.000000|46.685001|0.000000|1.000000|1.000000|1.000000
AEG099_660_9049|13|-119.334999|113.912003|-46.740002|0.000000|47.817001|0.000000|1.000000|1.000000|1.000000
AEG099_770_9000|13|102.878998|210.714996|-92.877998|7.731000|-62.470001|-5.322000|1.000000|1.000000|1.000000
AEG099_770_9001|13|108.577003|214.085007|-107.485001|-12.545000|-139.955002|-8.821000|1.000000|1.000000|1.000000
AEG099_770_9002|13|-39.240002|184.710999|-42.402000|-4.126000|75.240997|1.978000|1.000000|1.000000|1.000000
AEG230_295_2000|13|-112.363892|116.940552|-12.317139|0.000000|110.000031|0.000000|1.000000|1.000000|1.000000
AEG230_298_2000|13|-112.363892|116.940552|-12.317139|0.000000|110.000015|0.000000|1.000000|1.000000|1.000000
AEG239_001_2000|13|-123.489815|116.940552|-8.267627|0.000000|-69.999969|0.000000|1.000000|1.000000|1.000000
AEG239_020_2000|13|-120.134590|116.940552|-11.348223|0.000000|-160.000031|0.000000|1.000000|1.000000|1.000000
AEG700_066_1000|13|-75.880173|193.534180|90.221535|6.824478|-151.391861|4.529919|1.000000|1.000000|1.000000
AEG700_066_1001|13|-126.236580|193.842926|95.915810|-0.861045|94.439613|-14.446004|1.000000|1.000000|1.000000
AEG700_066_1002|13|-6.594362|185.549210|62.722881|6.824480|-160.660843|4.529919|1.000000|1.000000|1.000000
AEG700_066_1003|13|39.469780|180.791718|40.613384|-3.480642|-154.731903|-1.242493|1.000000|1.000000|1.000000
AEG700_066_1004|13|58.490406|181.298248|18.863720|7.683333|16.053085|1.553431|1.000000|1.000000|1.000000
AEG700_066_1005|13|71.822449|181.768600|25.739222|-3.090213|-164.012497|-7.310249|1.000000|1.000000|1.000000
AEG700_067_1000|13|-104.460907|197.166901|107.284554|3.793814|-148.157883|6.397155|1.000000|1.000000|1.000000
AEG700_067_1001|13|-126.775101|192.726501|91.592453|-1.888081|99.484566|-14.350000|1.000000|1.000001|1.000000
AEG700_067_1002|13|-67.554352|192.830475|85.282036|4.562867|-143.824799|5.874483|1.000000|1.000000|1.000000
AEG700_067_1003|13|-2.448925|185.032471|60.935463|4.622207|-153.500504|10.885574|1.000000|1.000000|1.000000
AEG700_067_1004|13|50.146896|181.157852|22.416052|-0.781441|-150.161270|-1.370279|1.000000|1.000000|1.000000
AEG700_067_1005|13|68.495872|181.642609|16.071831|-7.890051|18.969824|9.500711|1.000000|1.000000|1.000000
AEG700_068_1000|13|-79.610962|193.996964|92.171936|5.362326|-152.242752|5.082044|1.000000|1.000000|1.000000
AEG700_068_1001|13|-51.335484|190.945053|75.519051|1.304456|-166.402054|3.006212|1.000000|1.000000|1.000000
AEG700_068_1002|13|-15.434334|186.591614|65.758598|5.423553|-161.978287|9.983059|1.000000|1.000000|1.000000
AEG700_068_1003|13|30.943321|180.749649|44.526970|-5.603396|-154.265900|-0.035763|1.000000|1.000000|1.000000
AEG700_068_1004|13|54.223145|181.103790|20.406330|5.807464|23.568991|3.036237|1.000000|1.000000|1.000000
AEG700_068_1005|13|67.682808|181.194733|27.166563|-5.649043|-159.681015|-6.660038|1.000000|1.000000|1.000000
AEG700_069_1000|13|-125.631729|196.359589|104.427475|-3.257669|-86.564293|19.006996|1.000000|1.000000|1.000000
AEG801_240_7000|13|109.999992|182.513290|20.000006|0.000000|0.000000|0.000000|1.000000|1.000000|1.000000
AEG801_240_7001|13|124.063087|201.380600|-49.047356|0.000000|0.000000|0.000000|1.000000|1.000000|1.000000
AEG801_240_7002|13|121.059341|181.008804|21.358112|0.000000|0.000000|0.000000|1.000000|1.000000|1.000000
AEG801_240_7003|13|107.373642|189.961136|-13.649776|0.000000|0.000000|0.000000|1.000000|1.000000|1.000000
AEG801_240_7004|13|102.953163|204.741776|-65.077080|0.000000|0.000000|0.000000|1.000000|1.000000|1.000000
AEG801_240_7006|13|113.632042|195.753433|-33.442764|0.000000|59.912308|0.000000|1.000000|1.000000|1.000000
AEG801_240_7007|13|109.182816|214.662399|-109.725052|0.000000|65.269554|0.000000|1.000000|1.000000|1.000000
AEG801_240_7008|13|87.418701|209.348587|-96.471680|0.000000|-23.435993|0.000000|1.000000|1.000000|1.000000
AEG801_240_7009|13|74.677521|200.602509|-61.303814|0.000000|0.000000|0.000000|1.000000|1.000000|1.000000
AEG801_240_7010|13|102.784683|211.052673|-94.077156|0.000000|-118.498703|0.000000|1.000000|1.000000|1.000000
AEG801_240_7011|13|111.552818|208.726456|-84.172493|0.000000|0.000000|0.000000|1.000000|1.000000|1.000000
AEG801_240_7013|13|117.758797|192.080170|-22.633026|0.000000|0.000000|0.000000|1.000000|1.000000|1.000000
AEG801_240_7018|13|55.577343|198.723740|-60.568794|0.000000|123.113792|0.000000|1.000000|1.000000|1.000000
AEG801_240_7023|13|-48.016632|183.820374|-87.713585|0.000000|-171.886215|0.000000|1.000000|1.000000|1.000000
AEG801_240_7027|13|-38.361080|194.177490|39.122326|0.000000|178.113800|0.000000|1.000000|1.000000|1.000000
AEG801_240_7029|13|3.954437|195.904755|-108.676231|0.000000|-6.886207|0.000000|1.000000|1.000000|1.000000
AEG801_240_7033|13|80.700813|182.866241|9.662430|0.000000|-116.886200|0.000000|1.000000|1.000000|1.000000
AEG801_240_7036|13|-77.216599|197.268539|117.965515|0.000000|-76.886223|0.000000|1.000000|1.000000|1.000000
AEG801_240_7038|13|-29.994434|195.034317|103.128723|0.000000|-131.886230|0.000000|1.000000|1.000000|1.000000
AEG801_240_7039|13|-6.817557|199.895111|126.297272|0.000000|173.113785|0.000000|1.000000|1.000000|1.000000
AEG801_240_7040|13|-33.441856|197.672729|117.519814|0.000000|32.719833|0.000000|1.000000|1.000000|1.000000
AEG801_240_7042|13|-89.220520|195.087143|17.240587|0.000000|-76.886223|0.000000|1.000000|1.000000|1.000000
AEG801_240_7043|13|-80.826401|194.433655|26.007217|0.000000|-131.886230|0.000000|1.000000|1.000000|1.000000
AEG801_240_7044|13|-54.610229|197.538879|-2.012190|0.000000|-76.886223|0.000000|1.000000|1.000000|1.000000
AEG801_240_7045|13|40.830116|179.946762|69.763977|0.000000|23.113779|0.000000|1.000000|1.000000|1.000000
AEG801_240_7046|13|87.517998|190.360214|-12.780336|0.000000|-118.498703|0.000000|1.000000|1.000000|1.000000
AEG801_240_7047|13|57.446991|195.273071|-41.805378|0.000000|-110.000015|0.000000|1.000000|1.000000|1.000000
AEG801_240_7048|13|19.827362|182.061935|53.323906|0.000000|0.000000|0.000000|1.000000|1.000000|1.000000
AEG801_240_7049|13|-1.464005|182.701233|-1.041939|0.000000|0.000000|0.000000|1.000000|1.000000|1.000000
AEG801_240_7050|13|55.784821|181.073746|-20.621571|0.000000|0.000000|0.000000|1.000000|1.000000|1.000000
AEG801_240_7051|13|69.096848|181.271805|-4.821449|0.000000|0.000000|0.000000|1.000000|1.000000|1.000000
AEG801_241_7000|13|120.440941|180.618347|24.068207|0.000000|0.000000|0.000000|1.000000|1.000000|1.000000
AEG801_241_7001|13|126.213585|201.733444|-49.465462|0.000000|0.000000|0.000000|1.000000|1.000000|1.000000
AEG801_241_7002|13|102.453377|204.421707|-63.720558|0.000000|60.387581|0.000000|1.000000|1.000000|1.000000
AEG801_241_7003|13|73.666985|200.488083|-60.653896|0.000000|-51.886215|-0.000003|1.000000|1.000000|1.000000
AEG801_241_7004|13|107.001724|189.930222|-12.499075|0.000000|59.912308|0.000000|1.000000|1.000000|1.000000
AEG801_241_7005|13|108.053505|214.101273|-107.893074|0.000000|65.269554|0.000000|1.000000|1.000000|1.000000
AEG801_241_7006|13|86.046913|209.044449|-95.781319|0.000000|-23.435993|0.000000|1.000000|1.000000|1.000000
AEG801_241_7007|13|102.283287|210.388824|-91.526077|0.000000|17.657101|0.000000|1.000000|1.000000|1.000000
AEG801_241_7009|13|110.953079|194.933151|-31.308804|0.000000|112.719826|0.000000|1.000000|1.000000|1.000000
AEG801_241_7015|13|53.161186|198.710815|-60.613426|0.000000|-167.280182|0.000000|1.000000|1.000000|1.000000
AEG801_241_7018|13|-6.915034|187.609955|-43.827915|0.000000|-102.280182|0.000000|1.000000|1.000000|1.000000
AEG801_241_7021|13|-40.164818|184.263855|-42.168541|0.000000|22.719820|0.000000|1.000000|1.000000|1.000000
AEG801_241_7023|13|-39.561966|194.145844|39.010666|0.000000|-27.280180|0.000000|1.000000|1.000000|1.000000
AEG801_241_7024|13|6.352227|196.067856|-107.316483|0.000000|-87.280197|0.000000|1.000000|1.000000|1.000000
AEG801_241_7030|13|79.693695|182.937866|8.017025|0.000000|47.719852|0.000000|1.000000|1.000000|1.000000
AEG801_241_7033|13|-77.216599|197.128403|116.251831|0.000000|32.719833|0.000000|1.000000|1.000000|1.000000
AEG801_241_7038|13|-65.591713|182.304321|-116.261658|0.000000|157.719818|0.000000|1.000000|1.000000|1.000000
AEG801_241_7039|13|-34.444008|197.932922|118.374954|0.000000|32.719833|0.000000|1.000000|1.000000|1.000000
AEG801_241_7040|13|-62.808060|193.130341|49.630394|0.000000|127.719826|0.000000|1.000000|1.000000|1.000000
AEG801_241_7041|13|-90.903900|194.664795|17.953499|0.000000|32.719833|0.000000|1.000000|1.000000|1.000000
AEG801_241_7042|13|-27.880405|195.563843|26.399176|0.000000|32.719833|0.000000|1.000000|1.000000|1.000000
AEG801_241_7043|13|-78.866447|195.310043|28.442635|0.000000|32.719833|0.000000|1.000000|1.000000|1.000000
AEG801_241_7044|13|53.502056|181.163544|19.434994|0.000000|-172.280167|0.000000|1.000000|1.000000|1.000000
AEG801_241_7045|13|-105.409370|193.330643|35.293892|0.000000|-97.280167|0.000000|1.000000|1.000000|1.000000
AEG801_241_7046|13|-31.595648|195.914368|106.061111|0.000000|-22.280172|0.000000|1.000000|1.000000|1.000000
AEG801_241_7047|13|87.016594|189.696365|-10.229258|0.000000|17.657101|0.000000|1.000000|1.000000|1.000000
AEG801_241_7048|13|46.207813|180.554230|-24.613789|0.000000|-167.280182|0.000000|1.000000|1.000000|1.000000
AEG801_241_7049|13|18.816826|182.203918|53.973824|0.000000|-51.886215|-0.000003|1.000000|1.000000|1.000000
AEG801_241_7050|13|-8.244244|182.516083|43.391869|0.000000|17.657101|0.000000|1.000000|1.000000|1.000000
AEG801_241_7051|13|6.218366|181.284241|11.832380|0.000000|17.657101|0.000000|1.000000|1.000000|1.000000
AEG801_241_7052|13|73.723862|181.472778|0.514886|0.000000|42.719818|0.000000|1.000000|1.000000|1.000000
AEG801_241_7053|13|67.810867|180.816025|30.899052|0.000000|17.657101|0.000000|1.000000|1.000000|1.000000
AEG801_241_7054|13|68.690613|181.267075|-5.991100|0.000000|-167.280182|0.000000|1.000000|1.000000|1.000000
AEG801_241_7055|13|10.880157|192.079758|-72.345123|0.000000|-167.280182|0.000000|1.000000|1.000000|1.000000
AEG801_241_7056|13|13.526651|181.445404|-12.891644|0.000000|-57.280197|0.000000|1.000000|1.000000|1.000000
AEG801_242_7000|13|122.000000|180.597153|23.386860|0.000000|0.000000|0.000000|1.000000|1.000000|1.000000
AEG801_242_7001|13|124.746559|202.009521|-51.064644|0.000000|0.000000|0.000000|1.000000|1.000000|1.000000
AEG801_242_7002|13|111.829712|182.513290|19.123428|0.000000|83.594925|0.000000|1.000000|1.000000|1.000000
AEG801_242_7003|13|107.639977|214.867508|-110.181198|0.000000|0.000000|0.000000|1.000000|1.000000|1.000000
AEG801_242_7004|13|112.756805|195.106339|-31.906891|0.000000|138.548935|0.000000|1.000000|1.000000|1.000000
AEG801_242_7005|13|104.032021|209.928650|-91.384621|0.000000|-95.062721|0.000000|1.000000|1.000000|1.000000
AEG801_242_7006|13|111.818558|208.549255|-85.942162|0.000000|0.000000|0.000000|1.000000|1.000000|1.000000
AEG801_242_7007|13|117.188370|192.457794|-23.044655|0.000000|-106.228416|0.000000|1.000000|1.000000|1.000000
AEG801_242_7010|13|72.186111|205.396347|-91.689804|0.000000|0.000000|0.000000|1.000000|1.000000|1.000000
AEG801_242_7015|13|-8.505462|187.263214|-47.809555|0.000000|89.999985|0.000000|1.000000|1.000000|1.000000
AEG801_242_7016|13|-48.821442|183.675644|-86.207870|0.000000|54.999989|0.000000|1.000000|1.000000|1.000000
AEG801_242_7023|13|-6.536396|199.978226|127.010086|0.000000|9.999991|0.000000|1.000000|1.000000|1.000000
AEG801_242_7030|13|-79.886322|194.945892|27.089376|0.000000|-45.000004|0.000000|1.000000|1.000000|1.000000
AEG801_242_7031|13|94.971504|203.177475|-62.525925|0.000000|0.000000|0.000000|1.000000|1.000000|1.000000
AEG801_242_7032|13|88.765327|189.236191|-10.087801|0.000000|-95.062721|0.000000|1.000000|1.000000|1.000000
AEG801_242_7033|13|59.019043|195.114594|-40.950401|0.000000|-110.000015|0.000000|1.000000|1.000000|1.000000
AEG801_242_7034|13|46.237198|180.917526|-25.984989|0.000000|138.548935|0.000000|1.000000|1.000000|1.000000
AEG801_242_7035|13|-6.495510|182.229095|43.533325|0.000000|-95.062721|0.000000|1.000000|1.000000|1.000000
AEG801_242_7036|13|74.902794|181.645966|2.005276|0.000000|68.548935|0.000000|1.000000|1.000000|1.000000
AEG801_242_7037|13|69.559601|181.032669|32.453171|0.000000|-95.062721|0.000000|1.000000|1.000000|1.000000
AEG801_242_7038|13|11.854185|181.693329|-11.989426|0.000000|-31.451075|0.000000|1.000000|1.000000|1.000000
AEG801_243_7000|13|111.011650|213.841461|-112.632507|0.000000|0.000000|0.000000|1.000000|1.000000|1.000000
AEG801_243_7001|13|115.427223|211.238647|-98.176338|0.000000|44.803249|0.000000|1.000000|1.000000|1.000000
AEG801_243_7002|13|93.444298|211.149323|-104.309265|0.000000|44.803249|0.000000|0.800000|0.800000|0.800000
AEG801_243_7003|13|74.159210|200.402847|-60.200226|0.000000|-171.005737|0.000000|0.700000|0.700000|0.700000
AEG801_243_7004|13|-4.982766|187.336899|-43.060047|0.000000|-171.005737|0.000000|1.000000|1.000000|1.000000
AEG801_243_7005|13|-8.738220|181.570435|39.727623|0.000000|33.994244|0.000000|0.700000|0.700000|0.700000
AEG801_243_7006|13|-1.982315|182.435577|0.061649|0.000000|-171.005737|0.000000|0.700000|0.700000|0.700000
AEG801_243_7007|13|54.994347|181.324158|-22.124310|0.000000|-171.005737|0.000000|0.700000|0.700000|0.700000
AEG801_243_7008|13|9.982492|192.013214|-73.676636|0.000000|-171.005737|0.000000|0.700000|0.700000|0.700000
