m495600_0000|0|0.000000|0.000000|0.000000|0.000000|0.000000|0.000000|1.000000|1.000000|1.000000
m495601_0000|0|0.000000|0.000000|0.000000|0.000000|0.000000|0.000000|1.000000|1.000000|1.000000
m495602_0000|0|0.000000|0.000000|0.000000|0.000000|0.000000|0.000000|1.000000|1.000000|1.000000
c0100_9003|2|-13.888000|1292.724976|44.606998|0.000000|-42.023998|0.000000|1.000000|1.000000|1.000000
c0100_9004|2|126.844002|1321.259033|-100.786003|0.000000|95.264000|0.000000|1.000000|1.000000|1.000000
c0100_9005|2|145.188004|1255.129028|-2.303000|0.000000|-116.705002|0.000000|1.000000|1.000000|1.000000
c2274_9000|2|71.304001|1255.713989|-12.718000|0.000000|122.392998|0.000000|1.000000|1.000000|1.000000
c2275_9000|2|74.768997|1256.020020|-9.886000|-1.557000|66.586998|-13.282000|1.000000|1.000000|1.000000
c2275_9005|2|87.741997|1255.073975|-27.688000|0.000000|-84.752998|0.000000|1.000000|1.000000|1.000000
c2275_9006|2|86.393997|1255.073975|-28.556000|0.000000|-19.718000|0.000000|1.000000|1.000000|1.000000
c2275_9007|2|79.412003|1255.078979|-25.586000|0.000000|-106.663002|0.000000|1.000000|1.000000|1.000000
c2275_9008|2|87.851997|1255.073975|-26.218000|0.000000|-139.718994|0.000000|1.000000|1.000000|1.000000
c2275_9009|2|85.343002|1255.073975|-27.504999|0.000000|105.223999|0.000000|1.000000|1.000000|1.000000
c2275_9010|2|81.802002|1255.078979|-26.690001|0.000000|47.136002|0.000000|1.000000|1.000000|1.000000
c2275_9011|2|77.408997|1255.129028|-52.752998|0.000000|125.320999|0.000000|1.000000|1.000000|1.000000
c2275_9012|2|63.810001|1258.673950|-79.885002|-9.054000|111.542000|13.884000|1.000000|1.000000|1.000000
c2275_9013|2|51.681999|1255.078979|-39.818001|0.000000|74.692001|0.000000|1.000000|1.000000|1.000000
c2275_9014|2|46.910000|1255.270996|-26.424999|6.540000|144.046997|-5.192000|1.000000|1.000000|1.000000
c2275_9015|2|67.931000|1255.964966|-16.556000|-4.002000|-154.694000|20.106001|1.000000|1.000000|1.000000
c2275_9016|2|73.528999|1258.895020|-78.181999|-13.173000|-170.365997|-5.405000|1.000000|1.000000|1.000000
c2275_9017|2|74.101997|1259.156006|-79.232002|0.000000|135.214005|0.000000|1.000000|1.000000|1.000000
c2275_9018|2|72.790001|1259.093994|-79.146004|-5.522000|-125.351997|-13.125000|1.000000|1.000000|1.000000
c2275_9019|2|72.209000|1258.607056|-77.333000|-14.321000|150.779007|4.472000|1.000000|1.000000|1.000000
c2275_9020|2|73.588997|1258.569946|-76.891998|0.000000|10.259000|0.000000|1.000000|1.000000|1.000000
c2275_9021|2|-4.847000|1255.078979|-48.929001|0.000000|132.348999|0.000000|1.000000|1.000000|1.000000
c3470_9000|2|-15.035000|1292.250977|41.625000|0.000000|-62.337002|0.000000|1.000000|1.000000|1.000000
c3470_9001|2|28.004000|1308.021973|56.949001|0.000000|-79.749001|0.000000|1.000000|1.000000|1.000000
c3470_9002|2|-18.002001|1291.586060|45.002998|0.000000|-63.043999|0.000000|1.000000|1.000000|1.000000
c3470_9003|2|103.202003|1287.680054|12.127000|0.000000|-132.541000|0.000000|1.000000|1.000000|1.000000
c3470_9004|2|58.742001|1316.100952|57.341000|0.000000|102.452003|0.000000|1.000000|1.000000|1.000000
c3470_9005|2|80.321999|1318.496948|54.016998|0.000000|27.976999|0.000000|1.000000|1.000000|1.000000
c3470_9006|2|58.511002|1315.968994|55.298000|0.000000|33.755001|0.000000|1.000000|1.000000|1.000000
c3470_9007|2|100.372002|1331.020996|46.706001|0.000000|59.569000|0.000000|1.000000|1.000000|1.000000
c3471_9000|2|60.396000|1311.185059|48.348000|0.000000|76.244003|0.000000|1.000000|1.000000|1.000000
c3730_9001|2|107.057999|1318.874023|-120.302002|0.000000|-128.645004|0.000000|1.000000|1.000000|1.000000
c3730_9002|2|102.880997|1318.015991|-109.524002|0.000000|-128.645004|0.000000|1.000000|1.000000|1.000000
c3730_9003|2|118.040001|1310.956055|-66.948997|0.000000|162.227005|0.000000|1.000000|1.000000|1.000000
c3730_9004|2|95.530998|1316.931030|-116.292999|0.000000|-128.645004|0.000000|1.000000|1.000000|1.000000
c4190_9000|2|11.980000|1321.062988|100.609001|0.569000|148.606003|-12.001000|1.000000|1.000000|1.000000
c4191_9001|2|33.453999|1327.389038|119.711998|0.000000|-0.076000|0.000000|1.000000|1.000000|1.000000
c4191_9002|2|28.049999|1330.250000|135.789993|0.000000|87.584999|0.000000|1.000000|1.000000|1.000000
c4220_9000|2|110.598000|1302.484985|23.142000|-0.000000|23.440001|-0.000000|1.000000|1.000000|1.000000
c6060_9000|2|52.337002|1285.043945|-117.708000|2.825000|64.843002|4.975000|1.000000|1.000000|1.000000
c6060_9001|2|48.285999|1283.123047|-115.221001|-19.391001|80.286003|4.917000|1.000000|1.000000|1.000000
c6060_9002|2|25.608999|1278.614990|-124.455002|-0.000000|-33.740002|0.001000|1.000000|1.000000|1.000000
c6060_9003|2|44.929001|1280.896973|-98.751999|20.462999|-87.637001|1.546000|1.000000|1.000000|1.000000
c6081_9000|2|117.602997|1320.411011|-59.112000|0.000000|-175.145004|0.000000|1.000000|1.000000|1.000000
h495600|5|0.000000|0.000000|0.000000|0.000000|0.000000|0.000000|1.000000|1.000000|1.000000
h495602|5|0.000000|0.000000|0.000000|0.000000|0.000000|0.000000|1.000000|1.000000|1.000000
h495603|5|0.000000|0.000000|0.000000|0.000000|0.000000|0.000000|1.000000|1.000000|1.000000
AEG099_600_9000|9|112.570000|1290.316040|21.808001|-6.800000|63.245998|-3.000000|1.000000|1.000000|1.000000
c4191_9000|10|32.304001|1325.451050|117.370003|2.906000|-37.672001|10.900000|1.000000|1.000000|1.000000
h495603_0000|11|0.000000|0.000000|0.000000|0.000000|0.000000|0.000000|1.000000|1.000000|1.000000
AEG001_373_7033|13|80.241959|1255.625732|-8.925762|6.292490|-120.519577|13.445122|1.250000|1.250000|1.250000
AEG001_373_7034|13|77.627258|1255.411499|-9.927752|-15.174751|-18.022411|3.258902|1.000000|1.000000|1.000000
AEG001_373_7035|13|111.318115|1256.369995|-60.573753|-16.348370|158.397461|6.324400|1.250000|1.250000|1.250000
AEG001_373_7036|13|113.568390|1255.457397|-57.739937|-6.434482|118.034492|11.241809|1.000000|1.000000|1.000000
AEG001_373_7037|13|74.488029|1256.266235|-71.184006|-1.290980|-115.017067|-11.039122|1.000000|1.000000|1.000000
AEG001_373_7038|13|73.854507|1256.839844|-74.369354|10.325990|9.796512|5.731950|1.250000|1.250000|1.250000
AEG001_373_7039|13|97.922195|1317.571411|-120.153786|11.188098|-32.361748|9.726355|1.000000|1.000000|1.000000
AEG001_373_7040|13|81.468491|1313.761597|-110.685303|12.751934|-127.123772|-2.882159|1.000000|1.000000|1.000000
AEG001_373_7041|13|83.677261|1314.260498|-112.053802|-2.157560|-5.448557|17.416574|0.750000|0.750000|0.750000
AEG001_373_7042|13|127.327957|1322.785278|-111.074173|21.392729|-93.009949|-7.201805|1.000000|1.000000|1.000000
AEG001_373_7043|13|100.746590|1371.851807|123.881119|2.046297|-115.824371|-4.419648|1.250000|1.250000|1.250000
AEG001_373_7044|13|99.100784|1373.507202|113.924667|0.000000|-19.130949|0.000000|1.000000|1.000000|1.000000
AEG007_004_1050|13|-119.588745|1270.140869|73.032837|6.117033|-92.844872|1.285745|1.000000|1.000000|1.000000
AEG007_004_1055|13|70.001274|1282.529175|-0.495489|-0.657906|-79.665138|-5.267010|1.000000|1.000000|1.000000
AEG007_004_1060|13|98.494843|1369.771484|116.190132|6.149001|33.254406|-4.543052|1.000000|1.000000|1.000000
AEG007_004_1061|13|-4.624763|1264.876709|-109.470078|6.956902|-31.849670|0.523738|1.000000|1.000000|1.000000
AEG007_004_1063|13|78.533180|1256.787842|-87.538994|9.425389|12.909513|3.740839|1.000000|1.000000|1.000000
AEG007_004_1064|13|116.205902|1253.751831|-61.540783|15.935868|-13.113974|3.376766|1.000000|1.000000|1.000000
AEG007_004_1121|13|107.089508|1275.141602|-73.746689|-6.854346|93.964409|-9.396145|1.000000|1.000000|1.000000
AEG007_004_1122|13|37.001045|1276.356567|-95.520409|6.516409|-80.632683|-4.201298|1.000000|1.000000|1.000000
AEG007_004_1123|13|67.603821|1253.168701|-10.310736|13.002742|172.870773|5.547807|1.000000|1.000000|1.000000
AEG007_004_1125|13|-50.892616|1290.192139|82.564453|5.627231|-120.128838|-7.647457|1.000000|1.000000|1.000000
AEG007_004_1127|13|-106.220352|1253.887085|-41.157654|5.881970|-162.017090|-2.359718|1.000000|1.000000|1.000000
AEG007_014_1012|13|80.644501|1282.672485|-96.634682|-3.460930|2.479957|1.321642|1.000000|1.000000|1.000000
AEG007_014_1068|13|86.462234|1308.354248|38.188358|-21.050907|44.375404|-1.440554|1.000000|1.000000|1.000000
AEG007_014_1078|13|97.511169|1357.720703|129.665710|-3.803540|72.156082|-10.329090|1.000000|1.000000|1.000000
AEG007_014_1081|13|-116.749626|1270.812134|81.635178|4.144395|-73.711235|-9.718146|1.000000|1.000000|1.000000
AEG007_014_1082|13|33.201469|1300.932861|59.635620|14.582155|-176.281982|-4.753243|1.000000|1.000000|1.000000
AEG007_014_1083|13|37.708424|1316.614868|70.356934|12.045150|-5.457330|-5.896161|1.000000|1.000000|1.000000
AEG007_014_1086|13|92.699371|1277.101685|3.435785|-2.440759|9.319237|-13.467226|1.000000|1.000000|1.000000
AEG007_014_1087|13|14.238958|1287.569946|8.035131|-2.830505|-155.490173|12.103233|1.000000|1.000000|1.000000
AEG007_014_1088|13|102.657349|1252.166748|-72.704010|15.924887|-55.481663|4.394709|1.000000|1.000000|1.000000
AEG007_014_1089|13|59.169815|1279.172852|1.379772|2.534776|10.009768|-11.751318|1.000000|1.000000|1.000000
AEG007_014_1090|13|53.708931|1300.160522|37.700356|-10.536631|53.599056|-4.497075|1.000000|1.000000|1.000000
AEG007_014_1091|13|-52.613380|1265.890869|-13.875493|-2.373983|-2.069721|1.020130|1.000000|1.000000|1.000000
AEG007_014_1092|13|60.702339|1278.039551|-98.034454|10.071982|-170.776627|-20.723480|1.000000|1.000000|1.000000
AEG007_014_1094|13|67.568985|1303.706299|-119.345444|-7.491854|20.164322|-2.521122|1.000000|1.000000|1.000000
AEG007_014_1095|13|65.459763|1321.477417|93.189522|6.896581|-140.100937|-2.965969|1.000000|1.000000|1.000000
AEG007_014_1097|13|65.145844|1339.044434|110.965546|-22.141808|132.220230|-9.504432|1.000000|1.000000|1.000000
AEG007_014_1098|13|79.006607|1316.758301|67.712646|7.112139|-158.330795|-4.942281|1.000000|1.000000|1.000000
AEG007_014_1099|13|19.345015|1315.750854|70.995323|10.680258|75.898819|1.243314|1.000000|1.000000|1.000000
AEG007_014_1101|13|95.430763|1367.547119|109.404694|7.259726|95.692154|4.359874|1.000000|1.000000|1.000000
AEG007_014_1130|13|112.759033|1271.549072|-70.630951|5.815251|28.012266|-11.841166|1.000000|1.000000|1.000000
AEG007_014_1131|13|88.360825|1248.631592|-14.840382|7.959960|-99.245712|0.447159|1.000000|1.000000|1.000000
AEG007_014_1132|13|-84.966644|1277.292969|59.119293|0.923032|-138.431458|-3.736884|1.000000|1.000000|1.000000
AEG007_014_1133|13|-104.864685|1284.515259|102.364960|11.453566|124.065224|-0.436271|1.000000|1.000000|1.000000
AEG007_014_1134|13|-38.344727|1286.396851|72.032928|3.540715|-152.199524|-8.937054|1.000000|1.000000|1.000000
AEG007_014_1135|13|-29.188324|1289.679810|77.990814|6.704212|-52.039558|8.334360|1.000000|1.000000|1.000000
AEG007_014_1136|13|-59.360893|1282.953735|76.887497|-1.607576|-85.901756|-4.510168|1.000000|1.000000|1.000000
AEG007_014_1137|13|-85.197678|1260.243042|-16.595463|-6.822363|69.343178|1.330850|1.000000|1.000000|1.000000
AEG007_014_1138|13|-72.595268|1287.334229|101.701294|9.450166|-58.055878|-5.910433|1.000000|1.000000|1.000000
AEG007_041_1227|13|74.294434|1334.267578|105.135254|-46.994541|43.574078|-8.166198|1.000000|1.000000|1.000000
AEG007_041_1230|13|72.598267|1340.995850|106.597656|-76.140701|3.477307|-35.512058|1.000000|1.000000|1.000000
AEG007_041_1234|13|68.924072|1331.814697|104.302246|-29.216969|-39.366131|49.935863|1.000000|1.000000|1.000000
AEG099_015_9000|13|17.782000|1260.692017|-78.594002|-0.000000|44.570000|8.000000|1.000000|1.000000|1.000000
AEG099_053_9001|13|90.044998|1255.463989|-18.805000|0.000000|12.187000|0.000000|1.000000|1.000000|1.000000
AEG099_053_9002|13|139.044006|1329.531982|-103.331001|0.000000|-169.804993|0.000000|1.000000|1.000000|1.000000
AEG099_390_9000|13|-127.753998|1255.078979|-95.693001|0.000000|167.518997|0.000000|1.000000|1.000000|1.000000
AEG099_390_9001|13|117.684998|1320.375000|-59.060001|0.000000|149.343994|0.000000|1.000000|1.000000|1.000000
AEG099_390_9002|13|115.259003|1311.303955|-65.428001|0.000000|149.343994|0.000000|1.000000|1.000000|1.000000
AEG099_390_9003|13|117.621002|1300.655029|-71.889000|0.000000|149.343994|0.000000|1.000000|1.000000|1.000000
AEG099_390_9004|13|115.360001|1300.484009|-70.689003|0.000000|149.343994|0.000000|1.000000|1.000000|1.000000
AEG099_390_9005|13|130.080994|1321.994019|-79.855003|0.000000|149.343994|0.000000|1.000000|1.000000|1.000000
AEG099_390_9006|13|105.274002|1278.697998|-72.769997|0.000000|149.343994|0.000000|1.000000|1.000000|1.000000
AEG099_390_9007|13|101.921997|1318.057983|-114.919998|0.000000|149.343994|0.000000|1.000000|1.000000|1.000000
AEG099_620_9000|13|111.112999|1289.840942|20.711000|-10.000000|26.465000|0.000000|1.000000|1.000000|1.000000
AEG099_620_9001|13|104.580002|1278.708984|-73.153000|0.000000|96.382004|0.000000|1.000000|1.000000|1.000000
AEG099_620_9002|13|86.671997|1254.995972|-27.674000|0.000000|-116.182999|0.000000|1.000000|1.000000|1.000000
AEG099_620_9003|13|62.272999|1344.255005|142.360001|0.000000|-23.290001|0.000000|1.000000|1.000000|1.000000
AEG099_620_9004|13|57.852001|1316.066040|52.494999|1.585000|64.126999|3.432000|1.000000|1.000000|1.000000
AEG099_620_9005|13|-127.175003|1276.965942|64.283997|0.000000|153.238007|0.000000|1.000000|1.000000|1.000000
AEG099_620_9006|13|101.292999|1317.995972|-116.179001|-1.022000|45.058998|11.998000|1.000000|1.000000|1.000000
AEG099_657_9000|13|67.507004|1286.499023|-111.403999|0.000000|-93.419998|0.000000|1.000000|1.000000|1.000000
AEG099_722_9000|13|101.531998|1373.979980|114.057999|2.842000|77.893997|13.384000|1.000000|1.000000|1.000000
AEG099_722_9001|13|127.024002|1322.842041|-109.180000|19.264000|-102.194000|-1.881000|1.000000|1.000000|1.000000
AEG099_722_9002|13|99.753998|1318.098999|-120.780998|2.010000|7.819000|9.423000|1.000000|1.000000|1.000000
AEG099_722_9003|13|111.216003|1255.691040|-58.067001|2.942000|-67.657997|-7.183000|1.000000|1.000000|1.000000
AEG099_722_9004|13|79.361000|1255.524048|-10.939000|0.000000|-179.651993|0.000000|1.000000|1.000000|1.000000
AEG099_751_9001|13|-111.601997|1275.286011|58.620998|0.000000|82.841003|0.000000|1.000000|1.000000|1.000000
AEG099_751_9002|13|-112.745003|1273.253052|44.147999|0.000000|90.481003|0.000000|1.000000|1.000000|1.000000
AEG099_751_9003|13|-107.067001|1273.426025|40.327000|0.000000|124.261002|0.000000|1.000000|1.000000|1.000000
AEG099_751_9004|13|-115.348999|1272.160034|38.199001|0.000000|123.344002|0.000000|1.000000|1.000000|1.000000
AEG099_751_9005|13|-124.484001|1275.380005|55.278999|0.000000|79.406998|0.000000|1.000000|1.000000|1.000000
AEG099_751_9006|13|-123.964996|1274.965942|69.337997|0.000000|-171.104996|0.000000|1.000000|1.000000|1.000000
AEG099_751_9007|13|100.988998|1373.251953|116.089996|0.000000|41.779999|0.000000|1.000000|1.000000|1.000000
AEG099_800_9000|13|54.554001|1343.239014|114.599998|0.000000|102.448997|0.000000|1.000000|1.000000|1.000000
