m443500_0000|0|0.000000|0.000000|0.000000|0.000000|0.000000|0.000000|1.000000|1.000000|1.000000
m443502_0000|0|0.000000|0.000000|0.000000|0.000000|0.000000|0.000000|1.000000|1.000000|1.000000
c0100_9000|2|22.828590|108.448105|-96.532349|0.000000|-5.461186|0.000000|1.000000|1.000000|1.000000
c0100_9003|2|72.981262|94.510925|77.775742|0.000000|181.714600|0.000000|1.000000|1.000000|1.000000
c1000_9000|2|80.751999|103.612000|30.312000|0.000000|70.000000|0.000000|1.000000|1.000000|1.000000
c1000_9001|2|-38.214001|74.198997|47.273998|0.000000|-4.368000|0.000000|1.000000|1.000000|1.000000
c1000_9003|2|-17.346001|104.462997|-114.940002|0.000000|0.000000|0.000000|1.000000|1.000000|1.000000
c1000_9004|2|-17.368999|104.459000|-115.141998|0.000000|173.100006|0.000000|1.000000|1.000000|1.000000
c2010_9000|2|-16.497000|104.514000|-120.227997|0.000000|173.100006|0.000000|1.000000|1.000000|1.000000
c2010_9001|2|-20.302999|104.667000|-120.098999|0.000000|26.680000|0.000000|1.000000|1.000000|1.000000
c2270_9000|2|-90.875984|64.747574|102.646027|0.000000|-172.378479|0.000000|1.000000|1.000000|1.000000
c2271_9000|2|-95.290001|64.925003|126.907997|-0.619000|-114.306999|-0.000000|1.000000|1.000000|1.000000
c2271_9001|2|-95.838997|64.936996|120.171997|0.000000|-80.905998|0.000000|1.000000|1.000000|1.000000
c2271_9002|2|-84.092003|64.788002|106.683998|0.000000|-107.556999|-0.274000|1.000000|1.000000|1.000000
c2271_9003|2|-90.015999|64.936996|119.862999|-1.280000|96.273003|-0.000000|1.000000|1.000000|1.000000
c2271_9004|2|-86.858002|64.974998|105.750000|-0.921000|45.491001|0.901000|1.000000|1.000000|1.000000
c2271_9005|2|-87.018997|64.939003|127.513000|0.000000|156.664993|-0.269000|1.000000|1.000000|1.000000
c2271_9006|2|-94.885002|64.971001|105.050003|0.000000|9.415000|0.000000|1.000000|1.000000|1.000000
c2271_9007|2|-92.871002|64.987000|99.156998|1.497000|41.237000|0.865000|1.000000|1.000000|1.000000
c2271_9008|2|-87.780998|64.792999|97.556000|0.000000|-115.241997|0.000000|1.000000|1.000000|1.000000
c2271_9010|2|-79.315002|64.858002|112.886002|-0.000000|6.716000|1.183000|1.000000|1.000000|1.000000
c2271_9011|2|-77.834000|64.890999|111.521004|-2.333000|111.878998|-0.807000|1.000000|1.000000|1.000000
c2271_9012|2|-80.039001|64.844002|111.484001|0.913000|-127.900002|-0.760000|1.000000|1.000000|1.000000
c2271_9013|2|-77.946999|64.885002|113.915001|-0.613000|16.973000|2.010000|1.000000|1.000000|1.000000
c4050_9000|2|73.629997|97.731003|60.676998|0.000000|173.567001|0.000000|1.000000|1.000000|1.000000
c4050_9001|2|81.074997|100.555000|48.536999|0.000000|78.567001|0.000000|1.000000|1.000000|1.000000
c4050_9002|2|-9.092000|80.523003|20.806000|0.000000|178.274002|0.000000|1.000000|1.000000|1.000000
c4060_9000|2|73.568001|97.711998|60.563000|-11.499000|166.951996|-0.000000|1.000000|1.000000|1.000000
c4060_9001|2|-7.972000|79.718002|24.801001|-0.000000|178.766006|0.000000|1.000000|1.000000|1.000000
c4290_9000|2|-17.201000|105.649002|-137.828003|0.000000|173.108994|0.000000|1.000000|1.000000|1.000000
c4300_9000|2|7.016000|77.740997|49.087002|0.000000|-109.959999|0.000000|1.000000|1.000000|1.000000
c4300_9001|2|8.419000|78.016998|46.939999|9.752000|-76.819000|-2.194000|1.000000|1.000000|1.000000
c4300_9002|2|9.110000|77.823997|51.945000|9.889000|-52.504002|2.572000|1.000000|1.000000|1.000000
c4300_9003|2|32.572803|97.570854|30.877779|0.000000|-60.241680|0.000000|1.000000|1.000000|1.000000
c4300_9004|2|30.217243|97.409515|30.644297|0.000000|-58.278740|0.000000|1.000000|1.000000|1.000000
c4300_9005|2|34.552864|97.996796|33.094685|0.000000|-8.853303|0.000000|1.000000|1.000000|1.000000
c4300_9006|2|21.090725|86.784294|8.714181|0.000000|-80.046509|0.000000|1.000000|1.000000|1.000000
c4300_9007|2|20.595234|87.548370|5.622044|0.000000|-106.338684|0.000000|1.000000|1.000000|1.000000
c4300_9008|2|22.591999|87.934998|16.709000|5.191000|-36.740002|11.941000|1.000000|1.000000|1.000000
c4300_9010|2|72.879997|106.278999|12.298000|0.000000|-155.167007|0.000000|1.000000|1.000000|1.000000
c4300_9020|2|50.627998|119.086998|13.993000|0.000000|-113.742996|0.000000|1.000000|1.000000|1.000000
c4300_9021|2|88.867996|117.281998|31.259001|0.000000|131.257004|0.000000|1.000000|1.000000|1.000000
c4300_9030|2|16.434000|86.509003|36.563999|0.000000|110.526001|0.000000|1.000000|1.000000|1.000000
c4300_9035|2|68.307999|106.862999|9.854000|0.000000|7.158000|0.000000|1.000000|1.000000|1.000000
c4300_9040|2|72.039925|94.424156|77.516014|0.000000|185.156616|0.000000|1.000000|1.000000|1.000000
c4300_9041|2|73.604561|95.091919|75.141090|0.000000|175.769592|0.000000|1.000000|1.000000|1.000000
c4300_9042|2|71.688522|94.730774|76.000427|0.000000|171.357605|0.000000|1.000000|1.000000|1.000000
c4300_9043|2|70.128998|107.473999|4.624000|0.000000|113.658997|0.000000|1.000000|1.000000|1.000000
c4300_9044|2|69.282997|104.056999|29.794001|15.039000|57.765999|-9.772000|1.000000|1.000000|1.000000
c4300_9045|2|71.181999|104.710999|23.358000|0.000000|101.968002|0.000000|1.000000|1.000000|1.000000
c4300_9046|2|80.815002|105.011002|19.464001|0.000000|-78.464996|0.000000|1.000000|1.000000|1.000000
c4300_9047|2|83.806999|104.755997|20.688999|7.912000|-33.551998|-4.820000|1.000000|1.000000|1.000000
c4311_9001|2|75.462997|109.764000|-26.424999|0.000000|176.798004|0.000000|1.000000|1.000000|1.000000
c4311_9002|2|72.262001|103.505997|29.976000|0.000000|42.798000|0.000000|1.000000|1.000000|1.000000
c4311_9005|2|41.058998|75.621002|-48.514000|0.000000|130.985001|0.000000|1.000000|1.000000|1.000000
c4311_9006|2|78.196999|105.332001|17.620001|0.000000|-149.464005|0.000000|1.000000|1.000000|1.000000
c4311_9007|2|94.097000|113.500000|-5.931000|0.000000|-102.453003|0.000000|1.000000|1.000000|1.000000
c4311_9008|2|68.210999|108.283997|-1.812000|0.000000|175.940002|0.000000|1.000000|1.000000|1.000000
c4311_9009|2|83.823997|109.753998|-16.583000|0.000000|151.798004|0.000000|1.000000|1.000000|1.000000
c4371_9000|2|-39.872002|90.530998|-14.531000|0.000000|159.089996|0.000000|1.000000|1.000000|1.000000
c4371_9001|2|-39.417000|86.523003|-7.426000|0.000000|139.335999|0.000000|1.000000|1.000000|1.000000
c4371_9002|2|-41.431000|87.158997|-9.346000|0.000000|167.649002|0.000000|1.000000|1.000000|1.000000
c4430_9000|2|-9.658000|107.053001|-73.623001|0.319000|30.933001|0.000000|1.000000|1.000000|1.000000
c4430_9001|2|-34.396000|105.635002|-84.553001|-17.657000|-31.809000|0.000000|1.000000|1.000000|1.000000
c4430_9002|2|-5.272000|111.473000|-155.274994|-10.645000|154.298004|0.000000|1.000000|1.000000|1.000000
c4430_9003|2|-37.286999|100.778999|-56.000000|-0.000000|-14.363000|-0.000000|1.000000|1.000000|1.000000
c4430_9004|2|-29.714001|103.086998|-72.722000|9.808000|-19.238001|-0.000000|1.000000|1.000000|1.000000
c4430_9005|2|-9.204000|109.122002|-150.731995|-13.014000|166.718002|-0.000000|1.000000|1.000000|1.000000
c4430_9006|2|-23.075001|104.637001|-86.760002|6.156000|-6.765000|-0.000000|1.000000|1.000000|1.000000
c4430_9007|2|-53.905998|105.320000|-107.976997|0.000000|-67.927002|0.000000|1.000000|1.000000|1.000000
c4430_9008|2|9.318000|108.941002|-88.517998|0.000000|49.799999|0.000000|1.000000|1.000000|1.000000
c4430_9009|2|-36.301998|105.814003|-140.703003|0.000000|-149.574005|-0.000000|1.000000|1.000000|1.000000
c4430_9010|2|-8.999000|106.015999|-135.054001|-3.065000|79.386002|0.004000|1.000000|1.000000|1.000000
c4430_9021|2|6.485000|106.185577|-121.207001|-1.363000|49.092999|0.000000|1.000000|1.000000|1.000000
c4430_9028|2|-39.146904|104.660210|-117.598946|-17.796000|136.427994|-0.170000|1.000000|1.000000|1.000000
c4430_9037|2|-28.188000|106.208839|-96.352997|8.426000|149.328995|0.000000|1.000000|1.000000|1.000000
c4630_9000|2|31.391001|93.112000|45.832001|8.584000|39.987000|9.972000|1.000000|1.000000|1.000000
c6001_9000|2|25.625999|102.496002|-45.338001|0.000000|-125.157997|0.000000|1.000000|1.000000|1.000000
c6001_9002|2|27.551001|102.083000|-48.016998|0.000000|-158.796997|0.000000|1.000000|1.000000|1.000000
c6001_9003|2|47.014000|105.059998|-93.511002|0.000000|-77.204002|0.000000|1.000000|1.000000|1.000000
c6001_9004|2|45.776001|105.189003|-91.102997|0.000000|-59.785000|0.000000|1.000000|1.000000|1.000000
c6001_9005|2|145.145004|104.067001|-51.312000|0.000000|168.557999|0.000000|1.000000|1.000000|1.000000
c6001_9006|2|140.593994|103.199997|-43.741001|0.000000|-86.442001|0.000000|1.000000|1.000000|1.000000
c6001_9007|2|72.862000|105.505997|-63.386002|0.000000|93.557999|0.000000|1.000000|1.000000|1.000000
c6001_9008|2|72.101997|105.412003|-64.174004|0.000000|110.250000|0.000000|1.000000|1.000000|1.000000
c6001_9009|2|41.574001|113.855003|-18.990999|0.000000|23.080000|0.000000|1.000000|1.000000|1.000000
c6001_9010|2|42.474998|114.100998|-19.827000|0.000000|68.685997|0.000000|1.000000|1.000000|1.000000
c6001_9011|2|42.330002|113.413002|-16.308001|0.000000|57.925999|0.000000|1.000000|1.000000|1.000000
c6001_9012|2|142.214996|103.572998|-38.471001|0.000000|-61.442001|0.000000|1.000000|1.000000|1.000000
c6001_9013|2|142.544006|103.471001|-39.459000|0.000000|-66.442001|0.000000|1.000000|1.000000|1.000000
c6001_9014|2|146.339996|103.751999|-39.949001|0.000000|-1.442000|0.000000|1.000000|1.000000|1.000000
c6040_9000|2|-122.524002|85.181000|-66.751999|0.000000|140.927994|0.000000|1.000000|1.000000|1.000000
c6060_9000|2|105.774124|85.940353|130.314270|-6.530000|48.891998|3.501000|1.000000|1.000000|1.000000
c6060_9001|2|102.069122|86.939476|124.069275|4.150000|3.016000|0.000000|1.000000|1.000000|1.000000
c6060_9002|2|97.839119|87.451019|127.465271|-11.736000|116.129997|-0.000000|1.000000|1.000000|1.000000
c6060_9003|2|-86.697128|96.852707|-121.695282|-0.004000|150.496002|0.000000|1.000000|1.000000|1.000000
c6060_9004|2|-83.899124|97.254784|-123.161285|-6.692000|134.979996|-0.000000|1.000000|1.000000|1.000000
c6060_9005|2|-89.873009|95.270241|-109.942734|0.000000|150.496002|0.000000|1.000000|1.000000|1.000000
c6060_9006|2|-87.074005|95.804390|-111.408737|-4.423000|134.979996|0.000000|1.000000|1.000000|1.000000
c6060_9007|2|-91.234009|95.260345|-111.471733|0.000000|151.447006|0.000000|1.000000|1.000000|1.000000
c6060_9008|2|-82.750275|70.703575|46.703190|-8.671000|150.496002|0.000000|1.000000|1.000000|1.000000
c6060_9009|2|-81.503227|70.419601|48.655197|-6.674000|134.979996|0.000000|1.000000|1.000000|1.000000
c6060_9010|2|-81.827393|70.020760|51.314632|-8.535000|6.033432|-0.000000|1.000000|1.000000|1.000000
c6060_9011|2|-78.373726|70.913879|46.031296|-0.380000|-200.847809|-0.000000|1.000000|1.000000|1.000000
c6060_9012|2|-78.606033|70.465065|48.915344|-0.380000|-272.109222|-0.000000|1.000000|1.000000|1.000000
c6060_9013|2|-59.716541|66.506676|105.844330|-1.930000|26.039000|5.345000|1.000000|1.000000|1.000000
c6060_9014|2|-58.645569|66.506424|110.096024|8.077000|-95.519997|-3.087000|1.000000|1.000000|1.000000
c6060_9015|2|-63.272152|65.961487|109.363403|-2.452000|24.421000|4.999000|1.000000|1.000000|1.000000
c6060_9016|2|-137.018997|68.474998|101.607002|0.000000|138.035004|0.000000|1.000000|1.000000|1.000000
c6060_9017|2|-136.585007|68.218002|105.802002|6.144000|57.841000|-0.328000|1.000000|1.000000|1.000000
c6060_9018|2|-133.951996|68.276001|99.296997|-1.022000|162.695999|5.000000|1.000000|1.000000|1.000000
c6080_9001|2|-126.108444|67.284332|104.291359|0.000000|72.971001|0.000000|1.000000|1.000000|1.000000
c6080_9002|2|-104.922676|64.809799|113.876938|0.000000|107.519997|0.000000|1.000000|1.000000|1.000000
c6080_9006|2|-103.832344|66.225784|85.702675|0.000000|138.923325|0.000000|1.000000|1.000000|1.000000
c6081_9000|2|39.872002|101.152336|-52.867001|0.000000|-113.637001|0.000000|1.000000|1.000000|1.000000
c6081_9001|2|62.187000|88.279999|-70.983002|0.000000|-2.319000|0.000000|1.000000|1.000000|1.000000
c6081_9002|2|42.716999|88.834000|-52.575001|0.000000|41.362999|0.000000|1.000000|1.000000|1.000000
c6090_9000|2|-77.695824|65.686073|88.879784|-0.000000|-174.893005|0.000000|1.000000|1.000000|1.000000
c6100_9000|2|51.310131|88.621414|90.428246|13.937000|-44.863998|-0.000000|1.000000|1.000000|1.000000
c6100_9001|2|50.621132|88.442215|90.761246|9.504000|-18.290001|0.000000|1.000000|1.000000|1.000000
c6100_9002|2|-90.317184|80.426445|-7.371005|0.876000|-141.384033|0.000000|1.000000|1.000000|1.000000
c6100_9003|2|-91.501404|79.921234|-5.605579|0.000000|-114.810051|0.000000|1.000000|1.000000|1.000000
c6100_9004|2|-87.970512|81.833214|-7.410802|0.000000|-116.981056|0.000000|1.000000|1.000000|1.000000
c6100_9006|2|-122.903999|69.551003|48.456001|-0.000000|-49.863998|0.000000|1.000000|1.000000|1.000000
c6100_9007|2|-125.705002|69.746002|44.384998|-3.239000|-18.290001|0.000000|1.000000|1.000000|1.000000
c6100_9008|2|-122.996002|69.660004|53.609001|-28.985001|-20.461000|-0.000000|1.000000|1.000000|1.000000
c6100_9012|2|-96.238998|86.646004|-58.012001|0.001000|-49.863998|-0.000000|1.000000|1.000000|1.000000
c6100_9013|2|-94.220001|87.123001|-58.404999|0.000000|-13.290000|0.000000|1.000000|1.000000|1.000000
c6100_9018|2|0.159000|106.456001|-107.713997|0.876000|-44.863998|0.000000|1.000000|1.000000|1.000000
c6100_9019|2|2.047520|106.620163|-106.737938|0.000000|-18.290001|0.000000|1.000000|1.000000|1.000000
c6100_9020|2|-0.147000|106.276001|-110.041000|0.000000|-20.461000|0.000000|1.000000|1.000000|1.000000
c0000_9000|4|-36.294998|74.527000|45.730000|0.000000|135.123001|0.000000|1.000000|1.000000|1.000000
c0000_9001|4|85.589996|94.559998|90.099998|0.000000|64.309998|0.000000|1.000000|1.000000|1.000000
c0000_9003|4|-23.120001|102.639999|-73.160004|0.000000|-18.280001|0.000000|1.000000|1.000000|1.000000
c0000_9004|4|19.690001|104.540001|-61.009998|0.000000|20.000000|0.000000|1.000000|1.000000|1.000000
c0000_9006|4|80.010002|52.310001|-113.730003|0.000000|-20.990000|0.000000|1.000000|1.000000|1.000000
h443500|5|0.000000|0.000000|0.000000|0.000000|0.000000|0.000000|1.000000|1.000000|1.000000
h443553|5|0.000000|0.000000|0.000000|0.000000|0.000000|0.000000|1.000000|1.000000|1.000000
h443590|5|0.000000|0.000000|0.000000|0.000000|0.000000|0.000000|1.000000|1.000000|1.000000
h443590_0000|5|0.000000|0.000000|0.000000|0.000000|0.000000|0.000000|1.000000|1.000000|1.000000
AEG099_620_9002|9|-112.306000|68.742996|58.043999|0.000000|-20.000000|0.000000|1.000000|1.000000|1.000000
c0000_9007|10|-16.469000|104.579002|-120.442001|0.000000|173.100006|0.000000|1.000000|1.000000|1.000000
c0000_9008|10|-16.469000|104.579002|-120.442001|0.000000|173.100006|0.000000|1.000000|1.000000|1.000000
c0000_9009|10|-16.469000|104.579002|-120.442001|0.000000|173.100006|0.000000|1.000000|1.000000|1.000000
c0100_9001|10|-81.641083|71.679993|41.408909|0.000000|-210.555450|0.000000|1.000000|1.000000|1.000000
c1000_9002|10|-17.346001|104.462997|-114.940002|0.000000|0.000000|0.000000|1.000000|1.000000|1.000000
c4191_9000|10|143.106995|103.095001|-41.782001|0.000000|-69.754997|0.000000|1.000000|1.000000|1.000000
c4200_9000|10|-82.578674|72.427284|37.549839|0.000000|-176.648193|0.000000|1.000000|1.000000|1.000000
c4200_9001|10|-84.726608|73.809471|37.825825|0.000000|-187.134186|0.000000|1.000000|1.000000|1.000000
c4200_9002|10|-86.210426|73.463455|31.881443|0.000000|-404.239990|0.000000|1.000000|1.000000|1.000000
c4200_9003|10|-84.558075|74.845764|33.281162|0.000000|-414.725952|0.000000|1.000000|1.000000|1.000000
c4300_9009|10|50.627998|119.086998|13.993000|0.000000|-113.742996|0.000000|1.000000|1.000000|1.000000
c4300_9011|10|79.605003|108.137001|7.878000|0.000000|119.833000|0.000000|1.000000|1.000000|1.000000
c4300_9012|10|72.039925|94.424156|77.516014|0.000000|185.156616|0.000000|1.000000|1.000000|1.000000
c4300_9013|10|73.604561|95.091919|75.141090|0.000000|175.769592|0.000000|1.000000|1.000000|1.000000
c4300_9014|10|50.627998|119.086998|13.993000|0.000000|-113.742996|0.000000|1.000000|1.000000|1.000000
c4300_9015|10|50.627998|119.086998|13.993000|0.000000|-113.742996|0.000000|1.000000|1.000000|1.000000
c4300_9016|10|50.627998|119.086998|13.993000|0.000000|-113.742996|0.000000|1.000000|1.000000|1.000000
c4300_9017|10|50.627998|119.086998|13.993000|0.000000|-113.742996|0.000000|1.000000|1.000000|1.000000
c4300_9018|10|50.627998|119.086998|13.993000|0.000000|-113.742996|0.000000|1.000000|1.000000|1.000000
c4300_9019|10|50.627998|119.086998|13.993000|0.000000|-113.742996|0.000000|1.000000|1.000000|1.000000
c4300_9022|10|17.169001|98.684998|57.945999|0.000000|140.526001|0.000000|1.000000|1.000000|1.000000
c4300_9023|10|17.169001|98.684998|57.945999|0.000000|140.526001|0.000000|1.000000|1.000000|1.000000
c4300_9024|10|17.169001|98.684998|57.945999|0.000000|140.526001|0.000000|1.000000|1.000000|1.000000
c4300_9025|10|17.169001|98.684998|57.945999|0.000000|140.526001|0.000000|1.000000|1.000000|1.000000
c4300_9026|10|17.169001|98.684998|57.945999|0.000000|140.526001|0.000000|1.000000|1.000000|1.000000
c4300_9027|10|17.169001|98.684998|57.945999|0.000000|140.526001|0.000000|1.000000|1.000000|1.000000
c4300_9028|10|17.169001|98.684998|57.945999|0.000000|140.526001|0.000000|1.000000|1.000000|1.000000
c4300_9029|10|17.169001|98.684998|57.945999|0.000000|140.526001|0.000000|1.000000|1.000000|1.000000
c4300_9032|10|71.688522|94.730774|76.000427|0.000000|171.357605|0.000000|1.000000|1.000000|1.000000
c4300_9033|10|71.688522|94.730774|76.000427|0.000000|171.357605|0.000000|1.000000|1.000000|1.000000
c4300_9034|10|71.688522|94.730774|76.000427|0.000000|171.357605|0.000000|1.000000|1.000000|1.000000
c4300_9036|10|71.688522|94.730774|76.000427|0.000000|171.357605|0.000000|1.000000|1.000000|1.000000
c4300_9037|10|71.688522|94.730774|76.000427|0.000000|171.357605|0.000000|1.000000|1.000000|1.000000
c4300_9038|10|71.688522|94.730774|76.000427|0.000000|171.357605|0.000000|1.000000|1.000000|1.000000
c4300_9039|10|71.688522|94.730774|76.000427|0.000000|171.357605|0.000000|1.000000|1.000000|1.000000
c4311_9000|10|84.487000|110.068001|-8.684000|0.000000|31.798000|0.000000|1.000000|1.000000|1.000000
c4311_9003|10|6.226607|76.468147|72.807747|0.000000|180.123779|0.000000|1.000000|1.000000|1.000000
c4311_9004|10|-5.732134|76.478394|70.457924|0.000000|180.123779|0.000000|1.000000|1.000000|1.000000
c6001_9001|10|27.521000|100.998001|-48.566002|0.000000|-135.781998|0.000000|1.000000|1.000000|1.000000
c6072_9000|10|55.147999|93.948997|-77.140999|0.000000|-169.067993|0.000000|1.000000|1.000000|1.000000
AEG001_095_1000|13|33.595894|106.532990|-14.570618|-73.776085|61.944870|-6.541959|1.000000|1.000000|1.000000
AEG001_095_1002|13|37.264587|103.269066|27.678808|11.000001|121.499992|0.000000|1.000000|1.000000|1.000000
AEG001_095_1003|13|16.331261|90.525978|50.379295|9.825828|42.927414|-4.969500|1.000000|1.000000|1.000000
AEG001_095_1004|13|10.409624|77.244987|44.687717|0.046212|-96.813332|-0.553001|1.000000|1.000000|1.000000
AEG001_096_1001|13|34.028427|106.853424|12.483649|11.000001|121.499992|0.000000|1.000000|1.000000|1.000000
AEG001_096_1002|13|35.128582|110.511497|7.014292|11.000001|121.499992|0.000000|1.000000|1.000000|1.000000
AEG001_096_1003|13|35.844944|100.260948|24.429998|-11.000000|-58.500004|-0.000001|1.000000|1.000000|1.000000
AEG001_096_1004|13|35.345890|98.199844|28.736044|11.000001|121.499992|0.000000|1.000000|1.000000|1.000000
AEG001_096_1005|13|12.988458|81.006767|57.296162|9.825830|94.927422|-4.969501|1.000000|1.000000|1.000000
AEG001_096_1006|13|17.079288|80.836662|75.740730|10.765307|-70.285812|-177.726410|1.000000|1.000000|1.000000
AEG001_096_1007|13|15.288118|92.007103|53.831680|9.825830|94.927422|-4.969501|1.000000|1.000000|1.000000
AEG001_096_1008|13|56.223671|95.931190|-46.792053|21.892696|-87.380798|4.461861|1.000000|1.000000|1.000000
AEG001_096_1010|13|17.200188|89.375244|66.448708|169.648605|-38.839062|-3.741819|1.000000|1.000000|1.000000
AEG001_096_1012|13|17.087393|89.893867|57.584373|-10.999903|-58.743656|0.047300|1.000000|1.000000|1.000000
AEG001_096_1013|13|27.421839|84.534164|-48.205814|-8.478116|-147.380798|0.004453|1.000000|1.000000|1.000000
AEG001_096_1014|13|12.055716|79.742424|48.256886|10.216543|99.866554|-4.098901|1.000000|1.000000|1.000000
AEG001_097_1001|13|17.020334|80.167412|69.837219|10.852761|112.171440|-1.804658|1.000000|1.000000|1.000000
AEG001_097_1002|13|28.537674|103.522499|8.541267|11.000001|121.499992|0.000000|1.000000|1.000000|1.000000
AEG001_097_1003|13|55.947308|99.736404|-40.567139|21.892696|-87.380798|4.461861|1.000000|1.000000|1.000000
AEG001_097_1004|13|27.180681|93.644524|-46.205086|-8.474882|-148.927933|0.235040|1.000000|1.000000|1.000000
AEG001_097_1005|13|15.325757|82.690987|63.327862|169.040848|-63.408588|0.952856|1.000000|1.000000|1.000000
AEG001_107_1001|13|59.067257|98.853859|-51.780819|-96.000000|77.000000|0.000000|1.000000|1.000000|1.000000
AEG001_107_1002|13|64.125153|86.604713|-64.432060|-88.769493|18.580002|3.329116|1.000000|1.000000|1.000000
AEG001_107_1003|13|57.318134|91.083733|-31.566811|-95.557571|46.829742|-0.674808|1.000000|1.000000|1.000000
AEG001_107_1005|13|41.710739|78.555389|-32.848686|-59.243298|133.398697|-13.027662|1.000000|1.000000|1.000000
AEG001_107_1006|13|35.103600|100.097511|-57.339298|-83.213623|-127.132263|-8.414708|1.000000|1.000000|1.000000
AEG001_107_1007|13|33.965294|86.697205|-55.961536|-79.193954|-114.520393|5.709578|1.000000|1.000000|1.000000
AEG001_107_1009|13|48.242901|91.870682|-82.121918|-78.749100|-118.458389|0.151139|1.000000|1.000000|1.000000
AEG001_107_1010|13|19.606920|91.741432|-44.411453|-83.220497|177.400360|-13.079268|1.000000|1.000000|1.000000
AEG001_107_1012|13|57.549648|77.314636|-93.053139|84.313110|36.829113|-0.581693|1.000000|1.000000|1.000000
AEG001_107_1018|13|66.499672|82.960144|-64.496941|-90.573250|1.327826|-0.008168|1.000000|1.000000|1.000000
AEG001_107_1023|13|32.684921|95.469376|-13.046110|-82.864616|49.477459|-179.888855|1.000000|1.000000|1.000000
AEG001_107_1025|13|24.968472|86.768707|14.928798|11.867101|75.279861|1.854861|1.000000|1.000000|1.000000
AEG001_107_1027|13|15.545974|88.084435|59.154625|-7.041945|-59.090202|0.462377|1.000000|1.000000|1.000000
AEG001_108_1001|13|37.102074|92.696426|-19.140848|3.514672|41.674683|0.108054|1.000000|1.000000|1.000000
AEG001_108_1002|13|44.569099|93.281395|-24.099052|-1.485329|35.174683|0.108054|1.000000|1.000000|1.000000
AEG001_108_1003|13|24.988979|91.393318|5.262292|11.000001|121.499992|0.000000|1.000000|1.000000|1.000000
AEG001_108_1004|13|57.376957|88.873894|-40.488987|-158.107315|-87.380798|4.461863|1.000000|1.000000|1.000000
AEG001_169_1000|13|-17.361450|104.322632|-115.126160|0.000000|0.000000|0.000000|1.000000|1.000000|1.000000
AEG001_290_7005|13|-90.755531|87.727165|-57.895977|3.003044|-131.489471|-14.730989|1.100000|1.100000|1.100000
AEG001_290_7006|13|-93.656883|86.631035|-54.805679|14.618300|-48.448170|1.154411|0.900000|0.900000|0.900000
AEG001_290_7007|13|-67.983948|102.569420|-75.367035|-1.286234|-174.804916|-1.697125|0.900000|0.900000|0.900000
AEG001_290_7009|13|-126.965996|70.472992|-0.220250|-9.335792|128.145004|-5.008840|0.900000|0.900000|0.900000
AEG001_290_7010|13|-98.668968|70.956070|39.309017|-10.823118|-177.130646|-9.132769|0.900000|0.900000|0.900000
AEG001_290_7011|13|-4.007039|106.121918|-104.820564|5.487484|-73.389641|4.348646|0.900000|0.900000|0.900000
AEG001_290_7013|13|76.559792|107.507080|2.602175|0.169989|-71.838478|-7.815349|1.100000|1.100000|1.100000
AEG001_290_7014|13|88.134300|108.274727|5.241769|-2.817883|25.677067|7.945231|1.100000|1.100000|1.100000
AEG001_290_7015|13|81.149330|92.522331|93.392044|11.333061|-68.993942|-7.264829|0.900000|0.900000|0.900000
AEG001_290_7016|13|52.490189|86.799057|100.997162|14.112756|-74.048370|-0.055238|1.100000|1.100000|1.100000
AEG001_290_7017|13|79.456329|105.875229|14.248618|-7.264625|129.351135|7.765160|0.900000|0.900000|0.900000
AEG001_290_7018|13|-5.108291|87.586029|-21.176548|-12.432121|-155.295319|1.732491|0.900000|0.900000|0.900000
AEG001_290_7019|13|2.080184|86.798637|-23.474552|-5.723125|-76.019127|-7.113975|1.100000|1.100000|1.100000
AEG001_290_7020|13|-63.210644|95.912941|-37.454506|8.266005|-59.449707|-16.058966|1.100000|1.100000|1.100000
AEG001_290_7021|13|-68.943481|83.150261|2.295575|-12.161311|-125.227173|-15.247361|1.100000|1.100000|1.100000
AEG001_290_7023|13|7.452127|76.397011|75.617935|-3.527601|157.550873|-1.488291|0.900000|0.900000|0.900000
AEG001_290_7025|13|-43.708115|71.821739|51.726330|-6.701970|111.885597|4.732419|0.900000|0.900000|0.900000
AEG001_290_7026|13|11.540300|85.297859|5.470593|-8.881503|123.143158|2.280027|0.900000|0.900000|0.900000
AEG001_290_7027|13|24.849815|81.254784|-41.140812|19.357439|123.365768|7.977416|0.900000|0.900000|0.900000
AEG001_290_7029|13|87.041298|54.623688|-98.850906|-11.961661|-72.249268|15.827215|1.100000|1.100000|1.100000
AEG001_290_7030|13|75.586548|62.189186|-80.871643|17.961399|-171.583359|6.038706|0.900000|0.900000|0.900000
AEG001_290_7032|13|65.366051|57.469807|-108.076935|-25.565849|-70.919319|5.610999|1.100000|1.100000|1.100000
AEG001_290_7034|13|66.296173|59.192944|-100.438789|-21.018400|-73.378708|6.424451|1.100000|1.100000|1.100000
AEG001_290_7035|13|50.158798|70.238045|-67.351845|12.473236|167.588730|9.620649|0.900000|0.900000|0.900000
AEG001_290_7036|13|78.389297|61.374123|-82.729431|13.459761|-135.396362|18.180653|0.900000|0.900000|0.900000
AEG001_290_7037|13|-127.873894|69.662926|36.020973|-1.123585|-73.734688|0.488577|1.100000|1.100000|1.100000
AEG001_290_7038|13|-89.679749|70.161102|48.040779|-6.893327|-154.313080|-6.654360|0.900000|0.900000|0.900000
AEG001_290_7049|13|118.464478|100.352287|-61.499088|4.918473|124.468262|-7.201504|0.900000|0.900000|0.900000
AEG001_290_7051|13|120.136337|99.353760|36.782406|-7.390459|-71.009560|-6.750410|1.100000|1.100000|1.100000
AEG001_290_7056|13|10.090880|85.732056|-1.239377|6.213615|-72.110580|-2.921431|1.100000|1.100000|1.100000
AEG001_290_7057|13|-122.920784|69.523209|47.143963|3.371819|133.143921|3.134046|1.100000|1.100000|1.100000
AEG001_290_7058|13|-110.506691|73.723816|6.181440|-0.885138|-161.966309|-15.835903|0.900000|0.900000|0.900000
AEG001_290_7059|13|-124.813972|73.456734|-34.327175|-0.757171|-154.172562|-12.501855|0.900000|0.900000|0.900000
AEG001_290_7060|13|-89.676781|80.160561|-3.835771|-2.360718|-172.241333|-13.509177|0.900000|0.900000|0.900000
AEG001_290_7061|13|-86.547844|81.527756|-8.368574|15.273396|-48.076187|3.998995|0.900000|0.900000|0.900000
AEG001_290_7064|13|-106.209732|90.369888|-95.449112|-7.241833|65.956009|13.091971|1.100000|1.100000|1.100000
AEG001_290_7065|13|-74.484947|97.508255|-108.129601|3.090059|-149.622391|-9.591165|1.100000|1.100000|1.100000
AEG001_290_7066|13|-92.347908|96.415543|-121.935242|7.572659|-52.305511|-3.434894|1.100000|1.100000|1.100000
AEG001_290_7067|13|3.688461|106.668159|-107.956177|-1.310112|129.684662|-5.094556|1.100000|1.100000|1.100000
AEG001_290_7068|13|-29.550623|104.492439|-85.615273|-1.912180|-102.231178|-6.728631|1.100000|1.100000|1.100000
AEG001_290_7069|13|-10.222441|93.014320|-38.995277|-12.251810|-137.800659|-14.609513|0.900000|0.900000|0.900000
AEG001_290_7070|13|-9.628794|94.268173|-42.658630|0.418308|-102.509178|-18.822317|1.100000|1.100000|1.100000
AEG001_290_7072|13|-31.828493|101.190804|-67.281807|-10.325721|-138.500259|-7.258332|1.100000|1.100000|1.100000
AEG001_290_7073|13|78.965797|109.109688|-34.325386|-0.295386|-139.121246|6.051766|1.100000|1.100000|1.100000
AEG001_290_7074|13|9.146866|105.175987|-69.358231|-13.481323|-147.561401|-7.518999|1.100000|1.100000|1.100000
AEG001_290_7075|13|-1.230026|95.629059|-44.198124|-19.973005|142.258286|9.744005|1.100000|1.100000|1.100000
AEG001_290_7076|13|-118.352341|75.167549|-99.349915|8.602268|173.583755|-14.007771|0.900000|0.900000|0.900000
AEG001_290_7077|13|-118.964523|76.003510|-95.463730|5.420712|173.328537|-16.510265|0.900000|0.900000|0.900000
AEG001_290_7078|13|30.787474|83.604004|-23.416319|15.380027|169.036224|3.933997|1.100000|1.100000|1.100000
AEG001_290_7079|13|69.448120|104.522636|25.725830|11.022777|70.055771|6.548648|0.900000|0.900000|0.900000
AEG001_290_7080|13|93.671936|102.441689|43.543247|13.233222|-67.001495|-7.407480|1.100000|1.100000|1.100000
AEG001_290_7081|13|66.629814|104.780197|26.715883|8.314471|-7.286983|-10.607339|0.900000|0.900000|0.900000
AEG001_290_7082|13|62.198147|108.727966|-4.167664|-8.998519|-172.882614|0.471010|1.100000|1.100000|1.100000
AEG001_290_7083|13|84.077881|104.073624|25.638367|6.129248|2.897404|1.095863|1.100000|1.100000|1.100000
AEG001_290_7084|13|80.905334|106.340431|12.203524|6.509607|-71.446640|-12.057883|1.100000|1.100000|1.100000
AEG001_290_7085|13|70.026901|102.945084|35.962761|2.051735|121.791183|8.945309|0.900000|0.900000|0.900000
AEG001_290_7086|13|68.377625|106.182381|14.290581|-8.421659|-152.419083|-1.332426|0.900000|0.900000|0.900000
AEG001_290_7087|13|-49.229515|73.116737|41.850906|-13.477204|146.724075|2.819803|0.900000|0.900000|0.900000
AEG001_290_7089|13|78.690475|96.783455|71.135262|-3.342385|-162.248215|-16.577385|1.100000|1.100000|1.100000
AEG001_290_7090|13|57.471653|103.192673|41.028332|0.102645|110.792526|25.189327|1.100000|1.100000|1.100000
AEG001_290_7091|13|125.790520|104.359123|-11.555052|-5.632755|-71.488632|-1.141330|1.100000|1.100000|1.100000
AEG001_290_7092|13|8.137521|75.473045|120.157730|-1.411939|157.328049|-3.745307|0.900000|0.900000|0.900000
AEG001_290_7093|13|9.080300|77.060074|64.183853|-1.495398|41.597221|5.416122|0.900000|0.900000|0.900000
AEG001_290_7094|13|-31.983255|72.413376|58.940052|9.180676|-64.236916|0.503959|0.900000|0.900000|0.900000
AEG001_290_7095|13|-120.947472|76.720253|-55.396843|6.851746|-131.182083|-17.597437|1.100000|1.100000|1.100000
AEG001_290_7096|13|-67.375160|102.661018|-79.731163|3.093720|-47.381119|-3.646021|1.100000|1.100000|1.100000
AEG001_290_7097|13|-66.095306|102.761620|-83.354530|1.875133|57.204258|3.708410|0.900000|0.900000|0.900000
AEG001_290_7098|13|-4.810691|75.799728|83.715431|-6.193812|157.059402|-7.692211|0.900000|0.900000|0.900000
AEG001_290_7099|13|78.720520|96.120430|76.146812|8.967327|-9.742928|12.905942|0.900000|0.900000|0.900000
AEG001_290_7100|13|100.279282|87.959381|119.937424|-8.460831|-68.817299|-14.191767|0.900000|0.900000|0.900000
AEG001_290_7101|13|108.785721|107.024628|15.889963|-9.278949|-69.318275|-2.325480|1.100000|1.100000|1.100000
AEG001_290_7102|13|-41.571915|96.365677|-45.048779|-14.836153|179.085709|6.556901|0.900000|0.900000|0.900000
AEG001_290_7103|13|55.473759|111.100136|-12.877871|1.612225|-139.137711|6.989660|1.100000|1.100000|1.100000
AEG001_290_7104|13|51.843540|111.409592|-11.820508|-1.955864|-46.438965|-4.970250|0.900000|0.900000|0.900000
AEG001_290_7105|13|-99.524979|67.201950|74.189789|0.242417|-73.743996|-6.093854|1.100000|1.100000|1.100000
AEG001_290_7106|13|-105.732018|67.799294|69.919533|-4.929235|-175.648163|1.576408|0.900000|0.900000|0.900000
AEG001_290_7107|13|-77.419930|66.547935|82.366165|2.836222|41.781567|7.409689|1.100000|1.100000|1.100000
AEG001_290_7108|13|-59.843315|66.237350|122.063538|-4.297749|142.739700|-4.577659|1.100000|1.100000|1.100000
AEG001_290_7109|13|-37.290092|70.296494|90.482803|8.797721|-74.275970|0.631738|1.100000|1.100000|1.100000
AEG001_290_7110|13|-32.314198|71.267540|85.861351|-8.686198|121.736855|-2.055866|0.900000|0.900000|0.900000
AEG001_290_7111|13|-118.158646|72.635506|-3.380035|3.259531|15.586792|13.519513|1.100000|1.100000|1.100000
AEG001_290_7112|13|-103.798073|87.260216|-71.712257|15.023935|-45.147411|2.101894|1.100000|1.100000|1.100000
AEG003_054_1024|13|81.631096|101.514877|41.812309|-7.196414|178.199371|-3.865631|1.000000|1.000000|1.000000
AEG003_054_1027|13|81.504402|99.050774|59.803654|-16.574755|135.760971|-4.500114|1.000000|1.000000|1.000000
AEG003_054_1045|13|88.023445|101.548088|45.420597|-6.532232|138.556229|-0.765445|1.000000|1.000000|1.000000
AEG003_054_1046|13|79.893295|102.346924|35.398129|-2.554637|-103.774979|-8.558733|1.000000|1.000000|1.000000
AEG003_055_1014|13|78.854485|101.943100|38.015255|1.535426|78.555374|8.229887|1.000000|1.000000|1.000000
AEG003_055_1039|13|66.521294|97.540283|59.233337|11.681865|10.233228|6.966413|1.000000|1.000000|1.000000
AEG003_055_1040|13|74.300392|108.209717|-1.470586|7.458129|27.764437|6.057750|1.000000|1.000000|1.000000
AEG003_055_1041|13|71.524902|102.884644|33.034611|10.443962|51.775837|0.714630|1.000000|1.000000|1.000000
AEG003_056_1023|13|81.909904|101.767456|39.747253|-2.470579|-130.411453|-6.778860|1.000000|1.000000|1.000000
AEG003_056_1043|13|89.903915|101.575455|46.734299|1.053188|33.773075|8.121039|1.000000|1.000000|1.000000
AEG003_057_1022|13|83.348381|101.747673|41.033379|-5.632638|151.252640|-1.075387|1.000000|1.000000|1.000000
AEG003_057_1045|13|89.797112|101.774643|44.426933|-6.564855|141.468475|-0.391568|1.000000|1.000000|1.000000
AEG003_061_1024|13|83.218262|101.510254|43.022400|8.713682|-53.927113|-2.296669|1.000000|1.000000|1.000000
AEG003_063_1008|13|85.312012|101.348625|46.337093|-4.082322|77.072876|9.120898|1.000000|1.000000|1.000000
AEG003_069_1053|13|81.422966|98.870819|60.799736|15.217446|-30.979946|7.292648|1.000000|1.000000|1.000000
AEG003_069_1092|13|67.926590|108.985580|-7.021633|8.060573|169.998856|-2.634732|1.000000|1.000000|1.000000
AEG003_069_1093|13|64.181023|109.441399|-8.968083|9.810855|12.690589|-2.370279|1.000000|1.000000|1.000000
AEG003_079_1001|13|-110.708977|68.527321|62.123367|3.389086|4.989655|-1.735283|1.000000|1.000000|1.000000
AEG003_082_1001|13|-113.020348|68.600998|62.453316|-3.640581|-165.070465|1.804536|1.000000|1.000000|1.000000
AEG003_084_1001|13|-116.879456|68.951248|59.687572|3.159646|15.118716|-3.193548|1.000000|1.000000|1.000000
AEG003_085_1000|13|-110.003792|68.602348|60.283897|-0.304648|125.511681|3.375752|1.000000|1.000000|1.000000
AEG003_323_1012|13|-10.379010|80.246147|21.268581|0.852381|89.713524|9.872519|1.000000|1.000000|1.000000
AEG003_323_1013|13|-6.465790|77.019798|54.584942|-4.632316|91.839294|0.397435|1.000000|1.000000|1.000000
AEG003_323_1014|13|-4.351912|75.963089|82.421051|-4.632316|82.839294|0.397435|1.000000|1.000000|1.000000
AEG003_323_1016|13|7.492309|75.368248|122.324333|1.560971|87.003960|-1.576954|1.000000|1.000000|1.000000
AEG003_323_1017|13|2.340573|85.902107|-12.580770|-5.946235|54.245449|2.378381|1.000000|1.000000|1.000000
AEG003_323_1018|13|75.769714|55.412712|-103.609634|9.960111|58.951500|-21.725971|1.000000|1.000000|1.000000
AEG003_323_1019|13|72.372299|62.816860|-79.844612|-5.973044|47.341816|-19.177042|1.000000|1.000000|1.000000
AEG004_686_1000|13|-110.839485|68.412598|63.543518|-0.003936|-130.207794|-0.001248|1.000000|1.000000|1.000000
AEG007_076_1000|13|54.641998|99.501999|4.345000|10.000000|-61.441998|10.000002|1.000000|1.000000|1.000000
AEG007_077_1000|13|97.139000|96.684998|27.889000|0.000000|-106.728012|10.000000|1.000000|1.000000|1.000000
AEG007_093_1000|13|54.641998|99.501999|4.345000|10.000000|-61.441998|10.000002|1.000000|1.000000|1.000000
AEG007_391_1000|13|97.139000|96.684998|27.889000|0.000000|-106.728012|10.000000|1.000000|1.000000|1.000000
AEG007_391_1001|13|97.139000|96.684998|27.889000|10.000000|163.272003|0.000000|1.000000|1.000000|1.000000
AEG007_391_1002|13|97.139000|96.684998|27.889000|0.000000|73.272003|-9.999999|1.000000|1.000000|1.000000
AEG007_391_1003|13|97.139000|96.684998|27.889000|-10.000001|-16.728010|-0.000001|1.000000|1.000000|1.000000
AEG007_391_1004|13|54.641998|99.501999|4.345000|-10.000001|118.557999|-10.000002|1.000000|1.000000|1.000000
AEG007_392_1000|13|97.139000|96.684998|27.889000|0.000000|-106.728012|10.000000|1.000000|1.000000|1.000000
AEG007_393_1000|13|54.641998|99.501999|4.345000|10.000000|-61.441998|10.000002|1.000000|1.000000|1.000000
AEG007_400_1001|13|79.909920|101.404808|41.820030|-0.007755|142.749390|0.002595|1.000000|1.000000|1.000000
AEG007_401_1001|13|68.484787|98.005653|57.916027|-0.011701|-173.018143|-0.003931|1.000000|1.000000|1.000000
AEG099_053_9000|13|80.727997|103.122002|30.278999|0.000000|0.000000|0.000000|1.000000|1.000000|1.000000
AEG099_090_9000|13|-40.000000|86.570000|-8.343000|0.000000|-122.831001|0.000000|1.000000|1.000000|1.000000
AEG099_090_9001|13|-17.378000|104.483002|-114.995003|0.000000|18.643000|0.000000|1.000000|1.000000|1.000000
AEG099_090_9002|13|67.635002|100.030998|-64.581001|0.000000|7.511000|0.000000|1.000000|1.000000|1.000000
AEG099_090_9003|13|-38.242001|74.569000|47.264000|0.100000|-26.150000|0.000000|1.000000|1.000000|1.000000
AEG099_090_9004|13|42.020000|76.823997|-43.490002|-15.000000|-44.029999|0.000000|1.000000|1.000000|1.000000
AEG099_120_9000|13|-17.466000|104.482002|-115.150002|0.000000|121.348000|0.000000|1.000000|1.000000|1.000000
AEG099_280_9000|13|81.179001|100.428001|49.893002|0.000000|45.872002|0.000000|1.000000|1.000000|1.000000
AEG099_350_1000|13|-44.782314|89.813629|-13.378319|-6.895180|-97.633835|-0.042336|1.000000|1.000000|1.000000
AEG099_350_1002|13|-39.755558|86.787155|-8.291624|-3.223030|68.710526|1.276863|1.000000|1.000000|1.000000
AEG099_350_1003|13|46.197556|105.220833|-87.331009|-1.485430|-102.057907|-3.887382|1.000000|1.000000|1.000000
AEG099_350_1006|13|67.539917|101.894341|-65.180382|-11.756885|23.470552|-3.271690|1.000000|1.000000|1.000000
AEG099_360_1002|13|-64.588554|81.599960|7.236369|-2.194385|164.838943|0.594800|1.000000|1.000000|1.000000
AEG099_360_1006|13|46.728928|107.490570|-84.795944|-6.416586|-39.393703|0.833547|1.000000|1.000000|1.000000
AEG099_375_1001|13|120.386467|117.073364|-37.990761|-0.000000|110.130714|-0.000000|1.000000|1.000000|1.000000
AEG099_502_9000|13|84.439003|94.249001|89.549004|0.000000|-106.521004|0.000000|1.000000|1.000000|1.000000
AEG099_502_9001|13|-20.316999|103.079002|-73.976997|-10.000000|141.699005|-0.000000|1.000000|1.000000|1.000000
AEG099_502_9002|13|79.001381|51.785915|-116.519684|0.000000|-185.671906|0.000000|1.000000|1.000000|1.000000
AEG099_610_9000|13|-79.005997|64.805000|111.936996|-3.100000|87.000000|0.000000|1.000000|1.000000|1.000000
AEG099_620_9000|13|90.646004|117.490997|32.025002|7.700000|161.399994|3.200000|1.000000|1.000000|1.000000
AEG099_620_9001|13|81.661003|104.543999|21.858000|4.600000|-48.263000|-11.200000|1.000000|1.000000|1.000000
AEG099_620_9003|13|-112.306000|68.742996|58.043999|0.000000|-20.000000|0.000000|1.000000|1.000000|1.000000
AEG099_630_9000|13|82.091003|101.296997|43.452999|0.000000|158.311996|0.000000|1.000000|1.000000|1.000000
AEG099_641_9000|13|-115.429001|69.100998|47.612999|3.600000|76.608002|0.000000|1.000000|1.000000|1.000000
AEG099_641_9001|13|-115.896004|69.058998|53.942001|5.000000|76.508003|0.000000|1.000000|1.000000|1.000000
AEG099_680_9000|13|-10.704000|78.491997|30.231001|8.271000|59.418999|2.009000|1.000000|1.000000|1.000000
AEG099_680_9001|13|11.763000|76.252998|97.466003|-6.886000|27.351999|10.425000|1.000000|1.000000|1.000000
AEG099_680_9002|13|-32.324001|100.396004|-63.556999|1.405000|32.707001|4.678000|1.000000|1.000000|1.000000
AEG099_680_9003|13|70.304001|103.971001|27.895000|9.340000|54.784000|1.221000|1.000000|1.000000|1.000000
AEG099_680_9004|13|-15.312000|76.314003|52.234001|0.000000|-163.205994|0.000000|1.000000|1.000000|1.000000
AEG099_680_9005|13|31.951000|88.510002|67.522003|-6.477000|84.947998|3.681000|1.000000|1.000000|1.000000
AEG099_680_9006|13|50.328999|70.818001|-64.446999|0.000000|-155.686996|19.497000|1.000000|1.000000|1.000000
AEG099_680_9008|13|-68.592003|81.792000|6.064000|-11.337000|-141.531006|-3.362000|1.000000|1.000000|1.000000
AEG099_680_9010|13|5.735000|97.188004|-46.695999|-6.288000|-135.977005|-19.965000|1.000000|1.000000|1.000000
AEG099_680_9013|13|-118.129997|72.180000|0.199000|0.294000|10.131000|6.803000|1.000000|1.000000|1.000000
AEG099_680_9014|13|-93.070999|87.468002|-60.523998|0.559000|31.496000|10.480000|1.000000|1.000000|1.000000
AEG099_680_9015|13|-91.060997|96.019997|-118.431999|5.152000|7.053000|6.013000|1.000000|1.000000|1.000000
AEG099_680_9016|13|98.094002|94.666000|92.745003|-7.448000|148.343002|12.685000|1.000000|1.000000|1.000000
AEG099_680_9017|13|103.228996|86.933998|121.650002|6.490000|14.982000|-4.744000|1.000000|1.000000|1.000000
AEG099_685_9000|13|-76.499001|66.975998|79.573997|0.000000|99.306000|0.000000|1.000000|1.000000|1.000000
AEG099_690_9001|13|111.391998|112.736000|-28.969999|0.000000|92.581001|0.000000|1.000000|1.000000|1.000000
AEG099_690_9002|13|110.402000|112.610001|-27.465000|0.000000|92.581001|0.000000|1.000000|1.000000|1.000000
AEG099_720_9000|13|-39.875000|93.419998|-33.070000|13.722000|31.811001|0.479000|1.000000|1.000000|1.000000
AEG099_720_9001|13|-43.410000|92.303001|-28.065001|-2.837000|-90.052002|-11.605000|1.000000|1.000000|1.000000
AEG099_720_9002|13|3.221000|86.806000|-25.420000|0.000000|-79.574997|0.000000|1.000000|1.000000|1.000000
AEG099_720_9004|13|-1.940000|106.089996|-108.411003|2.557000|-50.312000|-0.341000|1.000000|1.000000|1.000000
AEG099_720_9005|13|90.195000|54.703999|-97.332001|-1.115000|-92.195000|14.028000|1.000000|1.000000|1.000000
AEG099_720_9006|13|11.971000|104.305000|-67.077003|-12.099000|157.253998|5.715000|1.000000|1.000000|1.000000
AEG099_720_9007|13|-95.605003|69.401001|50.025002|-1.724000|144.365005|1.664000|1.000000|1.000000|1.000000
AEG099_720_9008|13|3.550000|106.240997|-112.921997|-3.352000|110.432999|-0.954000|1.000000|1.000000|1.000000
AEG099_720_9009|13|-88.514000|70.367996|46.820999|4.946000|35.709000|2.388000|1.000000|1.000000|1.000000
AEG099_720_9010|13|-64.874001|102.681999|-82.231003|0.000000|40.820000|0.000000|1.000000|1.000000|1.000000
AEG099_720_9011|13|78.361000|92.806000|89.723000|-8.646000|-161.468002|-6.799000|1.000000|1.000000|1.000000
AEG099_720_9013|13|-68.813004|102.378998|-78.931000|0.000000|-149.817001|0.000000|1.000000|1.000000|1.000000
AEG099_720_9014|13|10.924000|76.698997|74.750999|0.000000|50.858002|0.000000|1.000000|1.000000|1.000000
AEG099_720_9015|13|49.813000|85.788002|102.583000|8.737000|-57.841000|3.344000|1.000000|1.000000|1.000000
AEG099_720_9016|13|-39.479000|69.954002|90.765999|-5.205000|120.732002|1.778000|1.000000|1.000000|1.000000
AEG099_720_9018|13|-35.153000|70.402000|93.349998|3.197000|-2.371000|4.948000|1.000000|1.000000|1.000000
AEG099_720_9025|13|80.757004|48.153999|122.329002|0.000000|53.970001|0.000000|1.000000|1.000000|1.000000
AEG099_720_9026|13|79.330002|48.002998|120.429001|0.000000|-166.029999|0.000000|1.000000|1.000000|1.000000
AEG099_720_9028|13|5.075000|86.196999|-21.233000|0.000000|88.970001|0.000000|1.000000|1.000000|1.000000
AEG099_720_9030|13|0.742000|86.533997|-19.615999|4.372000|28.695000|-3.168000|1.000000|1.000000|1.000000
AEG099_720_9032|13|64.374001|108.244003|-1.838000|0.000000|-169.466995|0.000000|1.000000|1.000000|1.000000
AEG099_720_9035|13|118.501999|99.459999|37.498001|10.742000|46.769001|-2.626000|1.000000|1.000000|1.000000
AEG099_720_9048|13|-125.780998|72.322998|-26.820000|1.504000|-30.562000|3.606000|1.000000|1.000000|1.000000
AEG099_720_9049|13|-89.594002|80.142998|-5.910000|10.430000|-65.879997|-0.915000|1.000000|1.000000|1.000000
AEG099_720_9052|13|-108.383003|89.830002|-94.696999|2.791000|74.101997|6.524000|1.000000|1.000000|1.000000
AEG099_720_9053|13|-76.125000|97.128998|-106.416000|7.758000|-137.231995|-10.041000|1.000000|1.000000|1.000000
AEG099_720_9054|13|-74.539001|97.466003|-109.311996|-7.259000|129.457993|-10.888000|1.000000|1.000000|1.000000
AEG099_720_9056|13|124.058998|62.830002|-79.137001|-24.882000|47.355000|-13.964000|1.000000|1.000000|1.000000
AEG099_720_9060|13|89.300003|53.396000|-100.973999|10.376000|-133.867996|10.982000|1.000000|1.000000|1.000000
AEG099_720_9062|13|64.764999|59.859001|-98.793999|10.176000|63.314999|-13.691000|1.000000|1.000000|1.000000
AEG099_720_9066|13|29.702000|83.366997|-24.660000|-14.067000|-55.146999|7.728000|1.000000|1.000000|1.000000
AEG099_760_9000|13|-35.105999|74.555000|41.349998|1.111000|-40.916000|-1.805000|1.000000|1.000000|1.000000
AEG099_760_9001|13|4.647000|107.980003|-82.550003|0.000000|-43.042000|0.000000|1.000000|1.000000|1.000000
AEG099_760_9002|13|53.467999|79.327003|-38.846001|-9.876000|154.876007|-0.000000|1.000000|1.000000|1.000000
AEG099_760_9003|13|-41.362000|71.461998|57.657001|-7.149000|93.619003|5.558000|1.000000|1.000000|1.000000
AEG099_760_9004|13|73.712997|109.867996|-30.212000|0.057000|23.421000|-3.729000|1.000000|1.000000|1.000000
AEG099_760_9005|13|82.152000|109.022003|-34.918999|0.043000|-78.801003|-1.033000|1.000000|1.000000|1.000000
AEG099_760_9006|13|110.737999|100.885002|33.362999|1.798000|16.093000|-4.008000|1.000000|1.000000|1.000000
AEG099_760_9007|13|40.567001|93.721001|47.904999|-10.104000|-160.548996|-8.363000|1.000000|1.000000|1.000000
AEG099_760_9009|13|127.847000|55.597000|-99.545998|9.824000|-137.119003|5.652000|1.000000|1.000000|1.000000
AEG099_802_9001|13|67.853996|108.599998|-5.627000|0.000000|42.778999|0.000000|1.000000|1.000000|1.000000
AEG099_990_9000|13|119.200996|117.373001|-37.550999|0.000000|-70.792000|0.000000|1.000000|1.000000|1.000000
AEG700_044_1000|13|-108.872551|68.450546|62.416725|3.726359|45.099274|1.309402|1.000000|1.000000|1.000000
AEG700_068_1009|13|19.752932|78.219978|112.295525|-14.803741|89.372124|2.639840|1.000000|1.000000|1.000000
AEG700_068_1010|13|19.585199|77.968506|120.056183|-12.722044|87.355675|1.232386|1.000000|1.000000|1.000000
AEG700_069_1007|13|19.283199|77.990723|124.414085|-13.935716|84.978088|-3.123555|1.000000|1.000000|1.000000
AEG801_006_7015|13|-90.336227|88.919319|-64.159645|10.125698|-100.077393|-12.134439|1.100000|1.100000|1.100000
AEG801_006_7016|13|-100.389374|88.517029|-74.816658|15.494121|-49.815498|1.018053|1.100000|1.100000|1.100000
AEG801_006_7017|13|-126.877296|74.728638|-50.545677|-10.927265|154.268967|-8.145317|1.100000|1.100000|1.100000
AEG801_006_7018|13|-128.493042|75.638191|-63.069698|4.855964|-2.462782|12.392558|1.200000|1.200000|1.200000
AEG801_006_7019|13|-123.887596|76.552040|-60.878510|1.077995|12.240409|15.137306|1.100000|1.100000|1.100000
AEG801_006_7020|13|-132.292999|75.197487|-66.797157|-9.610892|93.589134|7.416440|1.100000|1.100000|1.100000
AEG801_006_7022|13|-65.856956|102.656952|-76.715721|0.427269|-139.093460|-1.885639|1.100000|1.100000|1.100000
AEG801_006_7023|13|-41.452576|92.903320|-30.454033|11.593183|69.539146|11.876088|1.200000|1.200000|1.200000
AEG801_006_7025|13|-112.249977|75.624138|-24.323090|-14.706912|59.840557|15.987094|1.100000|1.100000|1.100000
AEG801_006_7028|13|-35.587944|71.928635|58.826260|-6.411962|81.831810|5.370224|1.100000|1.100000|1.100000
AEG801_006_7029|13|-108.123604|74.244690|7.172591|-11.562601|154.354263|-10.792676|1.100000|1.100000|1.100000
AEG801_006_7030|13|-110.008926|69.622566|38.105045|-5.356080|150.317368|0.238702|1.100000|1.100000|1.100000
AEG801_006_7033|13|-0.739258|106.457764|-105.519165|1.939501|-49.835876|5.646272|1.100000|1.100000|1.100000
AEG801_006_7036|13|7.875561|108.244659|-81.231888|0.886777|9.340585|10.501252|1.100000|1.100000|1.100000
AEG801_006_7037|13|3.772736|107.956947|-79.955368|-0.078709|-0.782188|4.572676|1.100000|1.100000|1.100000
AEG801_006_7038|13|0.791232|107.578667|-84.086060|-6.612003|94.605125|-1.241870|1.100000|1.100000|1.100000
AEG801_006_7041|13|80.806389|107.879837|0.653681|7.738194|-99.871666|0.117179|1.100000|1.100000|1.100000
AEG801_006_7042|13|74.368706|107.215645|5.492514|4.144695|-44.059338|-5.346998|1.100000|1.100000|1.100000
AEG801_006_7043|13|113.628563|112.969917|-28.376953|0.581905|167.966690|-7.489297|1.100000|1.100000|1.100000
AEG801_006_7044|13|114.796745|112.691360|-23.400810|-1.431716|151.696686|-7.527961|1.100000|1.100000|1.100000
AEG801_006_7045|13|106.871689|112.403091|-28.065727|-4.604892|176.799332|-5.105486|1.100000|1.100000|1.100000
AEG801_006_7046|13|80.458374|94.178719|85.932060|5.909369|-99.680519|-18.886108|1.100000|1.100000|1.100000
AEG801_006_7047|13|106.483849|86.728004|118.384361|14.083743|39.317703|-7.567755|1.100000|1.100000|1.100000
AEG801_006_7048|13|94.262360|102.115341|47.959099|-8.565651|153.345673|-6.047068|0.900000|0.900000|0.900000
AEG801_006_7049|13|110.569580|100.802002|37.022400|1.660856|155.353409|8.187403|1.100000|1.100000|1.100000
AEG801_006_7050|13|85.568604|106.392830|12.778013|0.663046|75.927208|12.365729|1.100000|1.100000|1.100000
AEG801_006_7051|13|95.214836|107.427246|10.780766|-2.090044|129.170059|-1.589030|1.100000|1.100000|1.100000
AEG801_006_7052|13|107.474152|111.324913|-1.765452|6.603073|95.670006|-7.653047|1.100000|1.100000|1.100000
AEG801_006_7053|13|24.869362|90.905449|54.554432|-12.426211|125.912766|7.294068|1.100000|1.100000|1.100000
AEG801_006_7054|13|-1.926378|87.356529|-22.772060|-10.237945|178.016907|11.383739|1.100000|1.100000|1.100000
AEG801_006_7055|13|1.977854|87.537025|-28.273746|-11.131271|-158.663788|10.337135|1.100000|1.100000|1.100000
AEG801_006_7056|13|-36.299915|74.967529|38.918076|-14.173141|-171.975677|-5.212302|1.200000|1.200000|1.200000
AEG801_006_7057|13|-32.049576|74.507530|41.771992|5.498958|-104.690781|-3.788721|1.100000|1.100000|1.100000
AEG801_006_7058|13|-40.865089|74.526978|41.026321|-0.805868|171.929062|13.443095|1.100000|1.100000|1.100000
AEG801_006_7059|13|-26.292042|73.474358|66.361786|-3.619024|-146.402817|-6.097377|1.100000|1.100000|1.100000
AEG801_006_7060|13|-1.773649|104.319412|-67.103958|-15.746067|156.428421|3.653467|1.100000|1.100000|1.100000
AEG801_006_7061|13|-66.351707|83.647659|0.665197|-17.978836|-155.808182|-7.159505|1.100000|1.100000|1.100000
AEG801_006_7064|13|-41.864552|94.174660|-35.167976|-15.362935|-157.523376|3.887689|0.900000|0.900000|0.900000
AEG801_006_7066|13|12.365614|77.085747|71.458321|-5.336263|151.911652|-4.701819|1.100000|1.100000|1.100000
AEG801_006_7067|13|31.629078|90.072861|60.181889|-9.754582|-165.888504|-8.906092|1.100000|1.100000|1.100000
AEG801_006_7068|13|13.125714|76.670151|102.472702|1.166214|-174.936050|-11.128258|1.100000|1.100000|1.100000
AEG801_006_7069|13|16.348522|77.495575|99.353966|-13.186018|92.739983|4.061561|1.100000|1.100000|1.100000
AEG801_006_7070|13|15.145831|77.538948|93.335274|-3.493284|89.227188|11.941548|1.100000|1.100000|1.100000
AEG801_006_7074|13|-17.191410|74.692879|68.490425|-8.901320|82.970673|5.482565|1.100000|1.100000|1.100000
AEG801_006_7075|13|2.958743|79.105598|32.745399|-17.078300|93.500504|10.252880|1.100000|1.100000|1.100000
AEG801_006_7076|13|-19.855494|76.152283|51.429569|-3.979710|81.957718|6.783007|1.100000|1.100000|1.100000
AEG801_006_7077|13|-17.165775|75.748512|56.753429|-8.939536|155.656891|-4.350680|1.100000|1.100000|1.100000
AEG801_006_7078|13|-18.122263|77.394257|41.086506|-7.343160|170.633667|-2.247612|1.100000|1.100000|1.100000
AEG801_006_7079|13|-5.413970|85.059059|-4.039481|-6.206479|-164.789856|-2.925157|1.100000|1.100000|1.100000
AEG801_006_7080|13|-9.007337|84.747215|-1.459520|6.398139|37.728054|4.852468|1.100000|1.100000|1.100000
AEG801_006_7081|13|-10.402050|83.407761|6.631598|-10.443277|156.657364|1.981684|1.100000|1.100000|1.100000
AEG801_006_7082|13|12.679200|85.681641|2.904481|-0.052469|37.631451|8.423264|1.100000|1.100000|1.100000
AEG801_006_7083|13|54.088539|79.117241|-40.254917|1.811803|-104.016068|6.335493|1.100000|1.100000|1.100000
AEG801_006_7084|13|131.564636|56.176220|-99.123970|8.715511|-101.051476|11.144684|1.100000|1.100000|1.100000
AEG801_006_7085|13|90.109627|56.544670|-93.656303|-14.443934|-46.330029|20.529911|1.100000|1.100000|1.100000
AEG801_006_7086|13|122.427315|61.265034|-83.301842|-7.710369|-48.264664|10.929204|1.100000|1.100000|1.100000
AEG801_006_7087|13|63.199146|68.608261|-64.974266|18.082296|164.603607|2.950259|1.100000|1.100000|1.100000
AEG801_006_7088|13|110.656586|46.864334|-127.116074|9.030137|114.281067|-10.875371|1.100000|1.100000|1.100000
AEG801_006_7089|13|118.855370|60.707458|-85.081314|14.559394|-161.731003|2.198775|0.900000|0.900000|0.900000
AEG801_006_7090|13|114.189186|50.429726|-112.847443|-9.008965|-50.787796|11.577499|1.100000|1.100000|1.100000
AEG801_006_7091|13|121.891838|63.043507|-78.515038|20.381741|159.266479|-13.932969|0.900000|0.900000|0.900000
AEG801_006_7095|13|-127.906891|69.902832|53.539139|-3.088717|-50.093849|-2.426138|1.200000|1.200000|1.200000
AEG801_006_7096|13|-125.483910|69.727570|45.799744|-4.311286|-101.555443|1.929255|1.100000|1.100000|1.100000
AEG801_006_7098|13|-120.240234|74.046410|-109.649048|0.317740|168.923569|-20.675159|1.100000|1.100000|1.100000
AEG801_006_7111|13|-45.626446|104.340767|-103.605980|-4.013386|24.353315|2.159487|1.100000|1.100000|1.100000
AEG801_006_7112|13|-47.051163|104.421776|-96.197182|-0.920178|155.909332|-1.888344|1.100000|1.100000|1.100000
AEG801_006_7113|13|-44.570866|104.264832|-106.403252|3.976946|-171.228363|-4.397723|0.900000|0.900000|0.900000
AEG801_006_7121|13|121.383545|100.017334|-63.403378|-8.496895|38.518639|-5.227353|1.100000|1.100000|1.100000
AEG801_006_7122|13|80.291519|108.766663|-37.598515|5.356535|145.901291|-0.212393|1.100000|1.100000|1.100000
AEG801_006_7123|13|86.000259|109.659904|-21.628120|-1.035898|75.573563|0.046527|0.900000|0.900000|0.900000
AEG801_006_7124|13|83.284584|109.185730|-33.098328|-1.231235|131.167648|-5.495092|1.100000|1.100000|1.100000
AEG801_006_7125|13|-114.902824|75.009712|-27.831516|-17.795752|93.386917|2.637465|1.100000|1.100000|1.100000
AEG801_006_7126|13|-106.495796|87.064758|-74.046921|12.958863|-24.486977|7.252814|1.100000|1.100000|1.100000
AEG801_006_7127|13|-90.964195|89.508102|-68.271538|-13.183051|95.772873|8.522520|1.100000|1.100000|1.100000
AEG801_006_7128|13|-93.759857|89.231758|-70.245407|6.681291|-116.792778|-14.314336|0.900000|0.900000|0.900000
AEG801_006_7129|13|-106.560646|83.302361|-49.950886|8.380288|-100.214699|-12.963864|1.100000|1.100000|1.100000
AEG801_006_7130|13|-73.524521|97.722748|-104.578117|0.151521|-176.131393|-10.861962|1.100000|1.100000|1.100000
AEG801_006_7131|13|1.431122|106.382027|-110.181824|2.429990|176.356949|-4.472365|1.100000|1.100000|1.100000
AEG801_006_7132|13|1.635011|106.021492|-119.823677|-0.068409|173.282303|-0.928321|1.100000|1.100000|1.100000
AEG801_006_7133|13|-49.611507|102.079582|-68.923164|-8.517248|173.845490|6.090671|1.100000|1.100000|1.100000
AEG801_006_7134|13|-46.810631|93.544075|-30.135864|-19.255592|-154.535507|-3.588591|1.100000|1.100000|1.100000
AEG801_006_7135|13|-39.918251|97.137825|-48.401718|11.100804|72.991516|14.018390|1.100000|1.100000|1.100000
AEG801_006_7136|13|-36.467190|97.842606|-52.072590|1.546602|-65.413231|-18.847153|1.100000|1.100000|1.100000
AEG801_006_7137|13|-34.475952|101.021233|-66.487373|5.106059|-65.695267|-11.093814|1.100000|1.100000|1.100000
AEG801_006_7138|13|13.029552|105.380859|-70.157951|-14.538746|157.105026|6.143974|1.100000|1.100000|1.100000
AEG801_006_7139|13|-122.226097|75.862892|-93.503700|-11.787951|90.333183|-5.763399|1.100000|1.100000|1.100000
AEG801_006_7140|13|43.395260|81.647934|-24.821833|10.311538|-149.803024|15.032509|1.100000|1.100000|1.100000
AEG801_006_7141|13|41.106693|82.356461|-23.479679|17.222488|169.858536|4.636415|1.100000|1.100000|1.100000
AEG801_006_7142|13|53.410065|107.282982|32.873409|7.311390|97.236557|0.438498|1.100000|1.100000|1.100000
AEG801_006_7143|13|138.761719|98.508621|19.189331|3.119675|65.332481|0.825278|1.100000|1.100000|1.100000
AEG801_006_7144|13|121.099617|102.397110|19.237125|12.697788|63.976013|8.826163|1.100000|1.100000|1.100000
AEG801_006_7145|13|90.523613|101.398209|49.210228|-2.803601|44.618858|10.874153|1.100000|1.100000|1.100000
AEG801_006_7146|13|109.874527|106.834961|8.536621|-4.122921|-24.182755|-9.373226|1.100000|1.100000|1.100000
AEG801_006_7147|13|112.855453|100.896965|29.603947|2.125173|-24.370228|-9.218825|1.100000|1.100000|1.100000
AEG801_006_7148|13|87.246513|100.458206|53.497002|5.346509|-102.549774|-8.294543|0.900000|0.900000|0.900000
AEG801_006_7149|13|82.042297|100.100258|52.479912|10.261733|-47.693890|-1.638705|0.900000|0.900000|0.900000
AEG801_006_7150|13|85.541878|100.801025|49.856640|9.416756|-39.072716|-1.689920|1.100000|1.100000|1.100000
AEG801_006_7151|13|84.138176|108.278641|-41.873905|6.553265|153.445618|-6.371333|0.900000|0.900000|0.900000
AEG801_006_7152|13|85.180672|108.922379|-38.019142|-8.272966|72.095993|-6.281783|1.100000|1.100000|1.100000
AEG801_006_7153|13|84.303818|109.494469|-28.016180|3.863947|-70.817848|3.269475|0.900000|0.900000|0.900000
AEG801_006_7154|13|72.413429|109.995171|-31.546734|-4.946315|-47.590591|-3.635757|0.900000|0.900000|0.900000
AEG801_006_7155|13|77.164291|109.498230|-30.505493|-6.080637|-69.090569|0.163105|1.100000|1.100000|1.100000
AEG801_006_7156|13|-35.565586|71.662476|63.522358|-5.297643|159.999451|-7.518677|1.100000|1.100000|1.100000
AEG801_006_7157|13|-124.204498|69.641113|54.733093|0.182475|15.974525|-5.544783|1.100000|1.100000|1.100000
AEG801_006_7158|13|-127.098236|69.807304|61.077713|-1.361814|-50.120892|-5.548311|1.100000|1.100000|1.100000
AEG801_006_7159|13|-106.611656|69.459152|41.790150|-3.415908|-162.879730|-4.576025|0.900000|0.900000|0.900000
AEG801_006_7160|13|-111.321236|73.195442|9.482279|13.315836|-108.212234|-6.893751|1.100000|1.100000|1.100000
AEG801_006_7161|13|-87.022591|80.886543|-4.580125|-10.734615|154.185791|-11.628582|1.100000|1.100000|1.100000
AEG801_006_7162|13|-89.489594|82.505997|-20.414658|-15.027411|96.548515|7.568039|1.100000|1.100000|1.100000
AEG801_006_7163|13|-88.602119|83.347946|-24.298258|-13.854237|145.756500|-6.331154|0.900000|0.900000|0.900000
AEG801_006_7164|13|-119.092201|72.962967|-15.360920|-12.616322|110.833961|-1.607603|1.100000|1.100000|1.100000
AEG801_006_7165|13|-107.810165|86.106964|-69.399933|-5.002160|-116.852486|-11.927367|0.900000|0.900000|0.900000
AEG801_006_7166|13|-71.337021|83.894699|0.554192|8.248108|69.816895|18.227919|1.100000|1.100000|1.100000
AEG801_006_7167|13|-40.647896|71.679970|55.515533|2.984218|-111.158867|-7.195354|1.100000|1.100000|1.100000
AEG801_006_7168|13|-80.925201|66.350731|82.300758|-3.863045|96.546295|7.182327|1.100000|1.100000|1.100000
AEG801_006_7169|13|-79.847313|67.084854|76.908707|-7.232610|147.365479|1.534825|1.100000|1.100000|1.100000
AEG801_006_7170|13|-77.950851|66.100662|85.577301|-8.514321|147.237717|0.610919|0.900000|0.900000|0.900000
AEG801_006_7171|13|-71.866096|66.145103|89.620308|-8.265069|146.956100|-1.633099|0.900000|0.900000|0.900000
AEG801_006_7172|13|-37.652184|70.911354|72.410500|-9.967743|81.437149|2.439689|1.100000|1.100000|1.100000
AEG801_006_7173|13|-35.526169|70.751831|86.282936|7.047144|-111.227638|-6.086552|0.900000|0.900000|0.900000
AEG801_006_7174|13|-40.494190|70.227463|75.988762|10.027864|-111.096603|-6.828133|0.900000|0.900000|0.900000
AEG801_006_7175|13|14.235194|77.126068|77.069305|2.169241|-153.802231|-7.965404|1.100000|1.100000|1.100000
AEG801_006_7176|13|-12.466000|85.225548|-4.338297|-6.125564|-128.656433|-6.855570|0.900000|0.900000|0.900000
AEG801_006_7177|13|92.649719|54.280815|-98.820862|16.327703|-140.819412|14.697420|1.100000|1.100000|1.100000
AEG801_006_7178|13|94.473099|56.111328|-94.830116|-18.752913|41.513752|-17.245928|1.100000|1.100000|1.100000
AEG801_006_7179|13|145.242371|62.778290|-87.629349|3.127434|-48.370171|8.328513|1.100000|1.100000|1.100000
AEG801_006_7180|13|63.891479|59.237274|-104.134933|19.288755|160.092682|16.139601|1.100000|1.100000|1.100000
AEG801_006_7181|13|61.834236|60.717716|-100.525146|17.424799|82.684479|-13.317504|1.100000|1.100000|1.100000
AEG801_006_7182|13|3.405100|86.426445|-19.072861|-2.283411|177.070572|2.815759|0.900000|0.900000|0.900000
AEG801_006_7183|13|6.704123|106.707123|-111.258766|4.898721|-116.809059|0.915546|0.900000|0.900000|0.900000
AEG801_006_7184|13|-55.476143|103.862839|-92.616814|-0.833228|-171.185547|-5.950858|0.900000|0.900000|0.900000
AEG801_006_7185|13|-50.633820|104.244583|-99.479767|-3.401325|86.689934|-1.350589|0.900000|0.900000|0.900000
AEG801_006_7186|13|-61.056366|65.996132|127.779037|-6.603686|95.958534|0.519804|1.100000|1.100000|1.100000
AEG801_006_7187|13|-56.006821|66.622208|126.787041|-4.575423|146.557053|-5.319707|0.900000|0.900000|0.900000
AEG801_006_7188|13|-64.206604|65.757797|122.376740|-3.919073|146.857742|-4.363440|1.200000|1.200000|1.200000
AEG801_006_7189|13|51.976257|87.722130|92.430397|10.332927|-101.038261|-9.593914|1.100000|1.100000|1.100000
AEG801_006_7190|13|81.433716|93.370605|89.884262|18.713327|-28.374502|8.051018|1.100000|1.100000|1.100000
AEG801_006_7191|13|109.397247|86.149460|115.480919|15.484476|108.495895|9.735399|1.100000|1.100000|1.100000
AEG801_006_7192|13|-64.219933|82.268303|5.130553|-15.440991|-158.587082|-7.315656|1.100000|1.100000|1.100000
AEG801_006_7193|13|-84.672020|77.863373|14.013930|-11.590712|-159.507614|-11.189419|1.100000|1.100000|1.100000
AEG801_006_7194|13|-88.120766|78.081070|11.693779|9.886725|26.582586|13.043093|0.900000|0.900000|0.900000
AEG801_006_7195|13|-58.728977|95.980560|-37.736130|-11.332592|-135.020996|-12.227490|1.100000|1.100000|1.100000
AEG801_006_7196|13|16.804327|77.483192|103.773361|-6.988766|149.373825|-13.758733|0.900000|0.900000|0.900000
AEG801_006_7197|13|38.053577|93.780312|46.670856|-8.620396|98.064407|17.730762|1.100000|1.100000|1.100000
AEG801_006_7198|13|40.950455|95.062805|43.714245|-17.319019|147.763153|3.951564|1.100000|1.100000|1.100000
AEG801_006_7199|13|42.419708|93.466484|49.933826|-14.344362|147.530273|1.747135|0.900000|0.900000|0.900000
AEG801_006_7200|13|-86.607925|82.452240|-15.326654|-6.403545|-171.991959|-11.936427|0.900000|0.900000|0.900000
AEG801_006_7202|13|-121.927414|73.217865|-26.976984|-9.546973|154.283127|-8.067663|1.100000|1.100000|1.100000
AEG801_006_7203|13|-124.229767|73.267639|-31.620502|3.960007|11.698911|11.623671|1.100000|1.100000|1.100000
AEG801_006_7204|13|-122.587685|71.162384|3.017126|-7.772380|154.713943|-8.711620|1.100000|1.100000|1.100000
AEG801_006_7205|13|-122.126228|71.529083|-1.771068|-8.845001|110.852158|-1.504290|1.100000|1.100000|1.100000
AEG801_006_7206|13|-105.095856|74.643929|15.178171|-16.401535|155.237152|-7.290306|1.100000|1.100000|1.100000
AEG801_006_7207|13|-72.097305|79.595490|13.430961|-16.453197|-156.579010|-9.721686|0.900000|0.900000|0.900000
AEG801_006_7208|13|-75.541428|80.687653|10.296868|6.863452|69.816895|18.227919|1.100000|1.100000|1.100000
AEG801_006_7209|13|-77.126862|78.075752|16.346848|13.452003|26.412355|13.891731|0.900000|0.900000|0.900000
AEG801_006_7210|13|-54.566753|94.620262|-32.825638|6.531792|69.103012|16.107639|1.100000|1.100000|1.100000
AEG801_006_7211|13|-105.443016|67.430008|74.079086|1.949718|96.527748|5.298998|1.200000|1.200000|1.200000
AEG801_006_7212|13|-102.230736|67.621384|70.714828|-3.664226|147.611786|4.154968|1.100000|1.100000|1.100000
AEG801_006_7213|13|-101.789917|66.942284|77.557770|-3.540016|147.727798|5.167694|0.900000|0.900000|0.900000
AEG801_006_7214|13|-96.926407|68.168930|64.130905|-4.607928|147.527588|2.674757|0.900000|0.900000|0.900000
AEG801_006_7215|13|-114.260399|67.640427|77.876602|3.485801|-8.232854|-4.745868|0.900000|0.900000|0.900000
AEG801_006_7216|13|-127.706039|67.382721|105.345879|5.053876|96.584900|3.484626|1.100000|1.100000|1.100000
AEG801_006_7217|13|-124.505753|67.317924|100.503937|0.564474|147.632339|6.117472|1.100000|1.100000|1.100000
AEG801_006_7218|13|-125.032753|66.959099|108.681351|0.424892|147.631409|6.236632|0.900000|0.900000|0.900000
AEG801_006_7219|13|-60.960983|66.155373|118.536598|4.007435|-132.056442|-4.429940|0.900000|0.900000|0.900000
AEG801_006_7220|13|-59.504585|66.387672|110.386230|-4.560335|146.583282|-4.992941|0.900000|0.900000|0.900000
AEG801_006_7221|13|-27.778320|79.105034|31.349287|-0.502300|-111.319183|-2.059601|1.200000|1.200000|1.200000
AEG801_006_7222|13|-32.166203|79.374527|29.450409|-3.613287|-104.205009|-6.400647|1.100000|1.100000|1.100000
AEG801_006_7223|13|-49.577351|74.939957|34.355633|5.309021|-110.624146|-18.411287|1.200000|1.200000|1.200000
AEG801_006_7224|13|-48.358593|76.403275|29.807487|4.633981|-104.098473|-18.111258|1.100000|1.100000|1.100000
AEG801_006_7225|13|-42.516064|80.382294|17.291046|-6.156597|97.681061|9.282721|1.100000|1.100000|1.100000
AEG801_006_7226|13|-41.057072|81.539215|11.760166|-11.373819|147.634857|3.144182|1.100000|1.100000|1.100000
AEG801_006_7227|13|-39.893791|80.197815|19.739834|-9.609610|147.327667|1.194109|0.900000|0.900000|0.900000
AEG801_006_7228|13|-35.983299|81.696449|12.370543|-10.354068|147.765381|3.559129|0.900000|0.900000|0.900000
AEG801_006_7229|13|-30.625351|74.498299|51.414902|1.511057|-104.714211|5.273071|1.100000|1.100000|1.100000
AEG801_006_7230|13|-12.403402|78.930283|29.293427|-5.297219|-118.480385|-6.001071|1.100000|1.100000|1.100000
AEG801_006_7231|13|-33.842968|70.867874|89.571732|-9.031834|95.871696|1.191812|1.100000|1.100000|1.100000
AEG801_006_7232|13|-31.642239|71.074303|93.740654|-5.623775|146.437653|-6.079733|0.900000|0.900000|0.900000
AEG801_006_7233|13|-39.432636|69.857300|94.958458|-5.949514|146.420883|-6.613213|0.900000|0.900000|0.900000
AEG801_006_7234|13|-92.119881|70.609383|44.634888|-11.462824|150.515060|1.575833|1.100000|1.100000|1.100000
AEG801_006_7235|13|-92.578262|69.878830|48.851967|1.481576|58.248413|8.935447|0.900000|0.900000|0.900000
AEG801_006_7236|13|-98.105003|69.624405|47.925720|2.676424|36.121170|6.370655|0.900000|0.900000|0.900000
AEG801_006_7237|13|-37.308014|92.630348|-31.193613|1.950920|103.142250|14.866151|0.900000|0.900000|0.900000
AEG801_006_7238|13|38.426506|106.682388|-68.098442|4.003119|30.636702|15.421773|1.000000|1.000000|1.000000
AEG801_006_7239|13|-41.617138|71.041924|61.552177|7.579107|-55.378513|-0.444631|1.100000|1.100000|1.100000
AEG801_006_7240|13|50.948196|88.097450|87.697525|-12.106587|99.603653|4.870252|1.200000|1.200000|1.200000
AEG801_006_7241|13|-119.397896|72.848610|-6.853745|-3.858320|-161.063828|-14.251981|1.100000|1.100000|1.100000
AEG801_011_7001|13|-16.538454|74.810799|68.384949|0.000000|-2.276208|0.000000|1.000000|1.000000|1.000000
AEG801_011_7003|13|-89.254654|82.855461|-22.191830|0.008934|-0.338882|0.014098|1.000000|1.000000|1.000000
AEG801_011_7004|13|-91.385033|89.339729|-67.836319|0.004617|-124.598076|-0.015009|1.000000|1.000000|1.000000
AEG801_011_7005|13|2.557617|106.051270|-119.514786|0.000000|-125.273895|0.000000|1.000000|1.000000|1.000000
AEG801_011_7006|13|-48.596802|101.940926|-68.757629|0.000000|-125.452545|0.000000|1.000000|1.000000|1.000000
AEG801_011_7007|13|-41.020676|71.055862|62.179665|0.006011|-91.759972|-0.004753|1.000000|1.000000|1.000000
AEG801_011_7008|13|-40.295357|74.525169|42.653568|-0.000696|177.642914|0.009070|1.000000|1.000000|1.000000
AEG801_011_7010|13|86.842278|106.272217|13.816101|0.000000|-91.338364|0.000000|1.000000|1.000000|1.000000
AEG801_011_7011|13|87.889038|100.669220|52.349503|-0.007212|176.283203|-0.006566|1.000000|1.000000|1.000000
AEG801_011_7012|13|121.583984|99.002930|38.292912|0.000000|86.995430|0.000000|1.000000|1.000000|1.000000
AEG801_011_7013|13|108.778549|107.031860|9.670044|0.000000|-3.004583|0.000000|1.000000|1.000000|1.000000
AEG801_011_7014|13|-30.625351|74.498299|51.414902|0.000000|87.599464|0.000000|1.000000|1.000000|1.000000
AEG801_011_7015|13|83.770180|108.785538|-38.117298|0.007213|177.022064|-0.004013|1.000000|1.000000|1.000000
AEG801_011_7016|13|-45.194088|93.599510|-30.916513|0.017431|0.948085|-0.008361|1.000000|1.000000|1.000000
AEG801_011_7017|13|-80.540932|66.628632|80.306770|0.007322|-0.610919|0.002759|1.000000|1.000000|1.000000
AEG801_011_7018|13|12.871498|77.054604|73.625458|0.002514|-2.578140|0.006912|1.000000|1.000000|1.000000
AEG801_011_7019|13|-9.544504|84.834351|-2.052277|0.008251|-2.214749|-0.000853|1.000000|1.000000|1.000000
AEG801_011_7020|13|122.427315|61.265034|-83.301842|0.042402|178.173325|-0.002970|1.000000|1.000000|1.000000
AEG801_011_7021|13|-49.256042|104.334244|-98.166412|0.002486|-125.429871|-0.001047|1.000000|1.000000|1.000000
AEG801_011_7022|13|-63.198708|82.132744|5.638135|0.016857|0.712963|0.001393|1.000000|1.000000|1.000000
AEG801_011_7023|13|-77.407341|78.131027|16.085052|0.018278|-1.099016|0.006147|1.000000|1.000000|1.000000
AEG801_011_7024|13|15.393677|77.135391|102.935051|-0.000265|-2.549099|0.012622|1.000000|1.000000|1.000000
AEG801_011_7025|13|40.142147|94.685410|44.610729|0.015928|-0.723547|0.004726|1.000000|1.000000|1.000000
AEG801_011_7026|13|-127.098236|69.807304|61.077713|0.001776|-0.519221|-0.005896|1.000000|1.000000|1.000000
AEG801_011_7027|13|-102.773605|67.132332|76.060501|0.005410|-0.495568|-0.002496|1.000000|1.000000|1.000000
AEG801_011_7028|13|-38.471859|70.731293|73.690292|0.011775|-91.985130|-0.000240|1.000000|1.000000|1.000000
AEG801_011_7029|13|-127.232582|67.416733|103.775169|2.798520|-0.477130|-5.455983|1.000000|1.000000|1.000000
AEG801_011_7030|13|-61.028908|66.039291|125.848785|0.001175|-0.678188|0.006448|1.000000|1.000000|1.000000
AEG801_011_7031|13|-48.567963|76.293983|30.070124|-0.016844|176.359833|-0.008278|1.000000|1.000000|1.000000
AEG801_011_7032|13|-42.419838|80.632843|15.940208|0.010600|-1.032616|0.004535|1.000000|1.000000|1.000000
AEG801_011_7033|13|51.267967|88.456963|86.167587|-0.019184|174.271790|-0.011863|1.000000|1.000000|1.000000
AEG801_015_7002|13|-124.881340|75.187065|-50.813316|0.005300|6.594057|0.012836|1.000002|1.000002|1.000002
AEG801_015_7003|13|-127.170822|75.822701|-61.655167|0.008089|151.408890|-0.011456|1.000002|1.000002|1.000001
AEG801_015_7005|13|6.499352|108.157295|-79.755852|0.000003|-55.267891|0.000005|1.000002|1.000002|1.000002
AEG801_015_7006|13|-30.626986|74.508705|42.273113|0.000000|169.888016|-0.000002|1.000002|1.000002|1.000002
AEG801_015_7007|13|-40.559032|74.526245|40.823677|-0.000001|30.744949|-0.000005|1.000002|1.000002|1.000002
AEG801_015_7008|13|17.454477|77.716072|100.154411|0.000001|-34.973740|0.000002|1.000002|1.000002|1.000002
AEG801_015_7012|13|106.731392|86.695488|118.083885|0.015733|53.927155|-0.003881|1.000002|1.000002|1.000001
AEG801_015_7013|13|52.562725|78.954018|-41.061531|-0.000001|173.230850|-0.000001|1.000002|1.000002|1.000002
AEG801_015_7014|13|145.242371|62.778278|-87.629379|-0.000004|49.845863|-0.000008|1.000002|1.000002|1.000002
AEG801_015_7015|13|-121.862572|73.543488|-30.089813|0.004917|6.096657|0.011528|1.000002|1.000002|1.000002
AEG801_015_7016|13|-121.470345|72.410660|-7.001545|-0.013983|174.090805|0.001774|1.000003|1.000002|1.000002
AEG801_015_7017|13|-126.768166|69.849419|51.593719|0.003284|-81.157463|-0.003414|1.000002|1.000002|1.000002
AEG801_016_7065|13|-132.394119|75.122391|-66.479721|0.012240|126.800865|0.000710|1.000000|1.000000|1.000000
AEG801_016_7068|13|-106.825363|69.384766|42.885242|-0.002650|84.370567|0.003880|1.000000|1.000000|1.000000
AEG801_016_7069|13|1.499843|107.877754|-81.788391|0.000000|-46.798565|0.000000|1.000000|1.000000|1.000000
AEG801_016_7070|13|106.744606|111.389389|-2.029853|-0.003808|29.492781|-0.009567|1.000000|1.000000|1.000000
AEG801_016_7071|13|-34.761055|74.704361|40.211521|-0.008631|116.729721|0.011748|1.000000|1.000000|1.000000
AEG801_016_7073|13|12.939200|77.006523|75.213737|-0.004786|53.351158|0.005956|1.000000|1.000000|1.000000
AEG801_016_7074|13|15.114291|77.205452|99.241280|0.000000|47.503101|0.000000|1.000000|1.000000|1.000000
AEG801_016_7076|13|-12.033873|78.806412|30.139343|0.000000|28.038834|0.000000|1.000000|1.000000|1.000000
AEG801_016_7077|13|56.701187|78.844276|-42.859005|0.000000|116.141930|0.000000|1.000000|1.000000|1.000000
AEG801_016_7079|13|65.097992|59.199257|-102.243050|-0.007664|12.430177|-0.021686|1.000000|1.000000|1.000000
AEG801_016_7080|13|7.151047|106.736336|-111.304504|0.000000|19.165922|0.000000|1.000000|1.000000|1.000000
AEG801_016_7081|13|-119.927956|73.954620|-110.586029|0.000000|-136.285400|0.000000|1.000000|1.000000|1.000000
AEG801_016_7082|13|54.161648|107.154839|33.275898|0.000000|30.822157|0.000000|1.000000|1.000000|1.000000
AEG801_016_7083|13|-122.182419|71.247726|2.883080|-0.002648|30.103403|0.011666|1.000000|1.000000|1.000000
AEG801_016_7084|13|-72.097305|79.595490|13.430961|0.013059|28.470388|0.014207|1.000000|1.000000|1.000000
AEG801_016_7085|13|-54.134495|94.911057|-33.774918|0.015108|26.391335|0.007404|1.000000|1.000000|1.000000
AEG801_016_7086|13|-62.014774|66.036110|119.469849|-0.005971|84.492203|0.001284|1.000000|1.000000|1.000000
AEG801_016_7087|13|-50.053490|75.095093|33.629349|0.012895|26.003508|0.010491|1.000000|1.000000|1.000000
AEG801_016_7088|13|-27.312309|73.469650|65.494942|-0.005017|-135.861679|0.009289|1.000000|1.000000|1.000000
AEG801_016_7089|13|-36.487564|92.784332|-32.093376|0.014862|25.550703|0.001776|1.000000|1.000000|1.000000
AEG801_016_7090|13|14.380093|105.114861|-69.244576|0.014617|-95.139397|0.005847|1.000000|1.000000|1.000000
AEG801_016_7091|13|-86.017334|78.018227|12.882568|0.010355|-112.679520|0.012622|1.000000|1.000000|1.000000
AEG801_250_7020|13|-72.174202|97.996140|-104.511307|0.009617|-120.487518|-0.008345|0.700000|0.700000|0.700000
AEG801_250_7024|13|-126.509773|74.940536|-51.718601|0.013742|-63.445477|-0.000255|1.000000|1.000000|1.000000
AEG801_250_7025|13|-131.665115|75.207062|-65.882454|-0.000375|30.985209|0.013934|0.800000|0.800000|0.800000
AEG801_250_7029|13|-64.859268|102.704338|-77.400055|-0.002360|51.280735|0.004781|0.700000|0.700000|0.700000
AEG801_250_7031|13|-111.695969|73.063614|10.362602|-0.000006|26.570581|0.000027|0.700000|0.700000|0.700000
AEG801_250_7034|13|-35.068451|71.949066|59.440338|0.000000|26.945606|0.000000|0.600000|0.600000|0.600000
AEG801_250_7035|13|-37.334446|71.711319|59.020462|0.000000|-134.842804|0.000000|0.900000|0.900000|0.900000
AEG801_250_7038|13|-106.779465|69.506256|41.275032|-0.002330|78.829758|0.005683|0.700000|0.700000|0.700000
AEG801_250_7042|13|5.604067|106.603745|-111.767136|0.000005|-10.684698|-0.000001|0.625775|0.625775|0.625775
AEG801_250_7043|13|1.296631|106.418701|-110.538765|0.000000|81.675980|0.000000|1.000000|1.000000|1.000000
AEG801_250_7044|13|-0.994050|106.393059|-106.359924|0.000000|-94.929672|0.000000|0.700000|0.700000|0.700000
AEG801_250_7047|13|0.433532|107.594460|-81.498421|0.000000|31.851221|0.000000|1.000000|1.000000|1.000000
AEG801_250_7051|13|81.290947|107.946213|0.443716|0.007103|-93.943054|-0.000034|0.550000|0.550000|0.550000
AEG801_250_7053|13|74.400269|107.358444|4.279905|0.002268|-57.279633|-0.006570|0.650000|0.650000|0.650000
AEG801_250_7054|13|76.030022|107.432861|3.329405|0.000000|81.829163|0.000000|1.000000|1.000000|1.000000
AEG801_250_7055|13|106.871681|112.403091|-28.065727|-0.014836|53.698322|-0.001736|1.000000|1.000000|1.000000
AEG801_250_7056|13|114.982765|112.691177|-24.207895|-0.013289|42.827419|-0.006427|0.600000|0.600000|0.600000
AEG801_250_7057|13|107.428841|112.592865|-29.991356|-0.004722|122.522736|-0.008827|0.600000|0.600000|0.600000
AEG801_250_7061|13|53.502689|88.371735|89.928391|0.008469|-118.762276|-0.011966|0.600000|0.600000|0.600000
AEG801_250_7062|13|105.716278|86.877686|118.806824|0.000000|-6.468843|0.000000|0.800000|0.800000|0.800000
AEG801_250_7063|13|81.077248|93.553665|88.685310|-0.007333|84.994911|0.014808|1.000000|1.000000|1.000000
AEG801_250_7064|13|80.918785|93.931404|87.136429|0.000005|-14.340349|-0.000001|0.625775|0.625775|0.625775
AEG801_250_7067|13|111.829735|100.649719|36.433651|-0.008009|-115.161980|0.001284|0.550000|0.550000|0.550000
AEG801_250_7068|13|110.201065|100.842796|37.374516|-0.006312|-62.326145|-0.005482|0.900000|0.900000|0.900000
AEG801_250_7070|13|85.568604|106.392807|12.778023|0.000000|156.476334|0.000000|0.600000|0.600000|0.600000
AEG801_250_7071|13|107.474152|111.324913|-1.765452|0.000000|25.383009|0.000000|1.000000|1.000000|1.000000
AEG801_250_7072|13|24.448540|90.847939|54.694775|-0.010706|-149.178925|-0.009916|0.550000|0.550000|0.550000
AEG801_250_7073|13|25.939224|91.159622|53.747826|0.022731|-79.787079|-0.011972|1.000000|1.000000|1.000000
AEG801_250_7075|13|-2.277130|87.238380|-21.936432|-0.011140|-165.340652|0.006912|0.700000|0.700000|0.700000
AEG801_250_7076|13|2.540033|87.431122|-28.812498|-0.013882|-91.028236|-0.003894|0.625775|0.625775|0.625775
AEG801_250_7078|13|13.106207|85.657822|3.791748|-0.007533|156.799942|-0.004537|0.600000|0.600000|0.600000
AEG801_250_7079|13|1.782228|87.400398|-27.015234|0.009152|2.825021|-0.012017|1.000000|1.000000|1.000000
AEG801_250_7080|13|-32.894146|74.508148|41.949310|0.000000|-172.369629|0.000000|0.900000|0.900000|0.900000
AEG801_250_7082|13|-26.292042|73.474358|66.361786|0.000000|-56.255676|0.000000|0.550000|0.550000|0.550000
AEG801_250_7084|13|-1.172468|104.332558|-67.133064|0.000000|-61.401653|0.000000|0.900000|0.900000|0.900000
AEG801_250_7086|13|-66.803688|83.364456|1.550097|-0.018691|-174.831009|-0.000873|0.700000|0.700000|0.700000
AEG801_250_7088|13|-67.574455|83.614571|0.861774|0.018442|25.889177|0.007103|1.000000|1.000000|1.000000
AEG801_250_7095|13|-39.466145|97.242310|-48.959190|0.015709|-7.640378|-0.009083|0.900000|0.900000|0.900000
AEG801_250_7096|13|-36.899223|97.374100|-50.423531|-0.004011|122.180580|0.016903|0.550000|0.550000|0.550000
AEG801_250_7101|13|4.621220|79.468079|32.880539|0.003169|19.521826|0.021501|0.700000|0.700000|0.700000
AEG801_250_7103|13|95.199905|55.783264|-95.502922|-0.015341|-51.111855|0.019862|0.800000|0.800000|0.800000
AEG801_250_7104|13|144.409653|62.567146|-88.360176|0.014507|-119.474777|-0.006871|0.800000|0.800000|0.800000
AEG801_250_7105|13|92.231148|54.091103|-99.298759|0.000847|-95.485291|0.021010|0.700000|0.700000|0.700000
AEG801_250_7106|13|91.474014|56.040939|-94.847443|-0.005580|78.968552|-0.024537|1.000000|1.000000|1.000000
AEG801_250_7107|13|62.660492|68.533264|-65.418221|-0.013894|-65.083504|0.011721|0.600000|0.600000|0.600000
AEG801_250_7111|13|63.833824|59.775711|-101.669731|0.014541|169.340958|0.017212|0.625775|0.625775|0.625775
AEG801_250_7114|13|-124.204163|69.628754|46.372044|-0.003982|-120.334709|0.002705|0.600000|0.600000|0.600000
AEG801_250_7115|13|-124.940735|69.712448|54.750530|-0.004981|-58.726692|-0.001416|0.650000|0.650000|0.650000
AEG801_250_7116|13|-127.906891|69.902832|53.539139|0.000000|82.782082|0.000000|1.000000|1.000000|1.000000
AEG801_250_7120|13|-119.640594|74.154732|-109.118492|0.000000|-23.494217|0.000000|0.600000|0.600000|0.600000
AEG801_250_7128|13|118.774658|100.438965|-60.935116|0.000000|157.998764|0.000000|0.800000|0.800000|0.800000
AEG801_250_7129|13|53.192200|107.320686|32.684265|0.000000|27.967659|0.000000|0.700000|0.700000|0.700000
AEG801_250_7130|13|93.671936|102.441689|43.543251|0.000000|-119.982040|0.000000|0.700000|0.700000|0.700000
AEG801_250_7131|13|-121.721245|73.215164|-26.482929|0.012540|-63.520844|0.000683|1.000000|1.000000|1.000000
AEG801_250_7132|13|-123.297943|73.494278|-32.071640|0.000000|30.985209|0.012458|0.700000|0.700000|0.700000
AEG801_250_7133|13|-121.398239|71.613976|-0.666560|-0.003217|27.246199|0.012349|0.700000|0.700000|0.700000
AEG801_250_7134|13|-119.397903|72.848618|-6.853744|-0.009983|-171.121689|-0.013888|1.000000|1.000000|1.000000
AEG801_250_7135|13|-73.389496|80.151955|11.671478|0.017185|-159.901764|0.008715|0.700000|0.700000|0.700000
AEG801_250_7136|13|-54.951172|94.162956|-31.367519|-0.017099|-160.706512|-0.005346|0.700000|0.700000|0.700000
AEG801_250_7137|13|-63.617340|65.838036|121.134850|-0.005731|79.005127|0.001967|0.700000|0.700000|0.700000
AEG801_250_7138|13|-48.628834|75.039642|34.624454|-0.010399|-162.719543|-0.017859|0.700000|0.700000|0.700000
AEG801_250_7139|13|-37.844543|92.422340|-30.148069|-0.015140|-160.530869|0.000683|0.600000|0.600000|0.600000
AEG801_250_7140|13|13.162553|105.334213|-70.005264|-0.014957|-161.952438|-0.004839|0.700000|0.700000|0.700000
AEG801_250_7141|13|-87.076118|80.786163|-3.524162|-0.005131|-72.352966|0.014699|0.800000|0.800000|0.800000
AEG801_250_7142|13|-84.922340|78.036964|13.233118|-0.000012|-160.987076|-0.000011|0.600000|0.600000|0.600000
AEG801_253_7005|13|-74.004646|97.620766|-105.418022|-0.010616|168.822144|0.000109|1.000000|1.000000|1.000000
AEG801_253_7008|13|-107.155670|86.906487|-73.911224|-0.012764|96.064369|0.007704|0.700000|0.700000|0.700000
AEG801_253_7009|13|-66.493309|102.652847|-77.640533|-0.001459|28.706377|0.001749|0.900000|0.900000|0.900000
AEG801_253_7012|13|-1.486818|106.482430|-104.728218|-5.190549|-149.185623|-3.095417|0.700000|0.700000|0.700000
AEG801_253_7014|13|114.417755|113.134727|-21.954475|0.018715|-148.246979|-0.003352|1.000000|1.000000|1.000000
AEG801_253_7015|13|73.269409|107.237846|5.494629|0.000301|95.358490|0.006803|0.700000|0.700000|0.700000
AEG801_253_7017|13|79.426987|107.906601|1.844646|0.012021|131.616013|-0.017666|1.000000|1.000000|1.000000
AEG801_253_7018|13|81.838074|93.089760|91.677246|-0.019706|109.669388|0.005109|0.800000|0.800000|0.800000
AEG801_253_7019|13|51.263332|87.759651|91.002815|0.000683|28.477329|0.013660|1.000000|1.000000|1.000000
AEG801_253_7020|13|2.352180|78.906281|33.021591|-0.016974|71.055176|0.009070|0.700000|0.700000|0.700000
AEG801_253_7021|13|110.385872|85.815552|115.760658|-0.007157|-168.947372|0.020928|0.900000|0.900000|0.900000
AEG801_253_7022|13|11.933129|85.604584|2.782787|0.003579|12.121019|0.007431|1.000000|1.000000|1.000000
AEG801_253_7024|13|3.947316|86.401314|-19.018339|0.002295|12.679071|-0.001437|0.800000|0.800000|0.800000
AEG801_253_7025|13|-0.975897|87.185127|-23.077003|-0.011164|-95.703316|-0.008431|0.900000|0.900000|0.900000
AEG801_253_7026|13|-71.270439|83.572426|1.378984|0.016502|38.793999|0.011475|1.000000|1.000000|1.000000
AEG801_253_7027|13|-57.055805|96.058395|-38.013145|0.014125|-29.068056|-0.007913|0.800000|0.800000|0.800000
AEG801_253_7028|13|25.025213|81.302101|-40.091396|-5.873597|-127.602577|15.779622|1.000000|1.000000|1.000000
AEG801_253_7030|13|94.070816|54.237877|-98.917831|0.001503|93.419258|-0.022499|0.700000|0.700000|0.700000
AEG801_253_7032|13|-124.070602|69.676636|56.166332|0.004426|143.892822|0.004016|0.900000|0.900000|0.900000
AEG801_253_7033|13|-126.574684|69.781342|44.510975|0.004071|95.365402|-0.001296|1.000000|1.000000|1.000000
AEG801_253_7035|13|120.516960|99.891106|-64.016655|0.000000|13.279061|0.000000|1.000000|1.000000|1.000000
AEG801_253_7036|13|-112.856224|72.798561|9.567814|0.000027|160.456451|-0.014714|1.000000|1.000000|1.000000
AEG801_253_7037|13|38.426498|106.682404|-68.098450|0.000000|13.422688|0.000000|0.900000|0.900000|0.900000
AEG801_253_7038|13|94.428864|102.441689|42.857964|0.000000|92.123192|0.000000|1.000000|1.000000|1.000000
AEG801_253_7039|13|-34.642384|71.858704|62.130459|0.003278|-142.879333|-0.008249|0.800000|0.800000|0.800000
AEG801_253_7040|13|-39.463749|71.716866|56.325600|0.000956|36.022598|0.007759|1.000000|1.000000|1.000000
AEG801_253_7041|13|138.020065|98.530365|19.550262|0.000000|-104.018723|0.000000|1.000000|1.000000|1.000000
AEG801_253_7042|13|127.291992|104.358711|-12.940254|0.000000|-41.071732|0.000000|1.000000|1.000000|1.000000
AEG801_253_7043|13|-87.635468|80.723289|-4.706974|-0.005840|-3.139374|0.014234|1.000000|1.000000|1.000000
AEG801_253_7044|13|-39.328186|96.798241|-47.429329|0.016529|147.366348|0.002350|0.900000|0.900000|0.900000
AEG801_253_7045|13|-124.459755|73.081963|-30.335678|-0.011049|-95.459175|0.004918|0.900000|0.900000|0.900000
AEG801_253_7046|13|-122.629379|71.374664|-1.420404|-0.006612|159.021744|-0.010466|1.000000|1.000000|1.000000
AEG801_253_7047|13|-105.085518|74.918930|14.038940|-0.021532|7.435946|0.005136|0.900000|0.900000|0.900000
AEG801_253_7048|13|-102.334938|67.391777|73.148407|-0.003302|-66.969803|0.004781|1.100000|1.100000|1.100000
AEG801_253_7049|13|-27.778320|79.105034|31.349287|-0.000764|35.978012|-0.006680|1.000000|1.000000|1.000000
AEG801_253_7050|13|-18.855499|75.897919|54.067509|-0.002725|104.888016|-0.009779|1.100000|1.100000|1.100000
AEG801_253_7051|13|-92.474129|70.388870|45.689060|0.009207|119.014206|0.005273|0.900000|0.900000|0.900000
AEG801_253_7052|13|-2.966858|104.029312|-66.061012|0.013906|148.511780|0.007459|0.900000|0.900000|0.900000
AEG801_255_7002|13|-42.236301|92.472908|-30.622374|0.000000|21.272678|0.000000|1.000000|1.000000|1.000000
AEG801_255_7004|13|113.628571|112.969925|-28.376949|-0.003439|23.894268|0.011174|1.000000|1.000000|1.000000
AEG801_255_7005|13|131.564636|56.176220|-99.123970|0.000000|24.695259|0.000000|1.000000|1.000000|1.000000
AEG801_255_7006|13|-113.735664|74.789001|-25.882347|0.003333|148.564758|-0.019205|1.000000|1.000000|1.000000
AEG801_257_7002|13|-128.493042|75.638191|-63.069698|0.000000|27.585173|0.000000|1.000000|1.000000|1.000000
AEG801_257_7003|13|5.134949|108.025574|-80.463951|0.000000|28.402418|0.000000|1.000000|1.000000|1.000000
AEG801_257_7004|13|-36.322132|74.927101|39.069893|-0.014451|-175.233749|-0.004400|1.000000|1.000000|1.000000
