m364200_0000|0|0.000000|0.000000|0.000000|0.000000|0.000000|0.000000|1.000000|1.000000|1.000000
m364201_0000|0|0.000000|0.000000|0.000000|0.000000|0.000000|0.000000|1.000000|1.000000|1.000000
m364203_0000|0|0.000000|0.000000|0.000000|0.000000|0.000000|0.000000|1.000000|1.000000|1.000000
c0100_9000|2|23.322001|237.598999|-120.156998|0.000000|-90.117996|0.000000|1.000000|1.000000|1.000000
c2274_9005|2|-98.515999|237.591003|-94.846001|0.000000|23.266001|0.000000|1.000000|1.000000|1.000000
c2275_9016|2|-121.560997|238.070999|-83.596001|-0.000000|-84.237000|-0.839000|1.000000|1.000000|1.000000
c3470_9000|2|-4.184000|243.903000|104.565002|0.000000|18.105000|0.000000|1.000000|1.000000|1.000000
c3470_9001|2|5.926000|241.949234|111.299004|0.000000|-12.154000|0.000000|1.000000|1.000000|1.000000
c3470_9002|2|5.601000|242.453384|107.081001|0.000000|-149.436005|0.000000|1.000000|1.000000|1.000000
c3470_9003|2|0.813000|241.998901|113.460999|0.000000|-53.771000|0.000000|1.000000|1.000000|1.000000
c3900_9000|2|28.153000|237.610992|-124.972000|0.000000|116.683998|0.000000|1.000000|1.000000|1.000000
c3900_9001|2|-83.203003|238.533005|20.042000|0.000000|-96.638000|0.000000|1.000000|1.000000|1.000000
c4140_9000|2|21.945999|237.559998|9.305000|0.000000|-91.452003|0.000000|1.000000|1.000000|1.000000
c4140_9001|2|19.676001|237.559998|13.133000|0.000000|-84.674004|0.000000|1.000000|1.000000|1.000000
c4140_9002|2|19.202999|237.733002|0.561000|0.000000|-103.582001|0.000000|1.000000|1.000000|1.000000
c4140_9003|2|4.576000|237.559998|18.202999|0.000000|120.653000|0.000000|1.000000|1.000000|1.000000
c4140_9004|2|8.321000|237.559998|2.402000|0.000000|38.147999|0.000000|1.000000|1.000000|1.000000
c4300_9000|2|93.813004|237.559998|48.155998|0.000000|0.000000|0.000000|1.000000|1.000000|1.000000
c4381_9000|2|26.936001|237.619003|-125.859001|0.000000|129.932007|0.000000|1.000000|1.000000|1.000000
c4381_9001|2|22.833000|237.613998|-122.075996|0.000000|129.932007|0.000000|1.000000|1.000000|1.000000
c4381_9002|2|28.423000|237.604996|-124.156998|0.000000|129.932007|0.000000|1.000000|1.000000|1.000000
c4381_9003|2|25.433001|237.570007|-119.081001|0.000000|129.932007|0.000000|1.000000|1.000000|1.000000
c4381_9004|2|-80.696999|237.751999|13.823000|0.000000|-171.373001|0.000000|1.000000|1.000000|1.000000
c4381_9005|2|-78.641998|237.632004|16.827999|0.000000|118.626999|0.000000|1.000000|1.000000|1.000000
c6010_9000|2|-120.505562|382.712250|-10.411699|1.538000|-1.728000|0.000000|1.000000|1.000000|1.000000
c6010_9001|2|-112.969559|364.356415|-74.608704|-0.000000|-13.566000|-0.000000|1.000000|1.000000|1.000000
h364200|5|0.000000|0.000000|0.000000|0.000000|0.000000|0.000000|1.000000|1.000000|1.000000
h364201|5|0.000000|0.000000|0.000000|0.000000|0.000000|0.000000|1.000000|1.000000|1.000000
h364250|5|0.000000|0.000000|0.000000|0.000000|0.000000|0.000000|1.000000|1.000000|1.000000
h364251|5|0.000000|0.000000|0.000000|0.000000|0.000000|0.000000|1.000000|1.000000|1.000000
h364252|5|0.000000|0.000000|0.000000|0.000000|0.000000|0.000000|1.000000|1.000000|1.000000
h364253|5|0.000000|0.000000|0.000000|0.000000|0.000000|0.000000|1.000000|1.000000|1.000000
h364254|5|0.000000|0.000000|0.000000|0.000000|0.000000|0.000000|1.000000|1.000000|1.000000
AEG099_060_9000|9|113.867996|237.574005|-37.611000|0.000000|-87.552002|0.000000|1.000000|1.000000|1.000000
AEG099_620_9000|9|18.612000|237.559006|11.088000|0.000000|-61.777000|0.000000|1.000000|1.000000|1.000000
AEG099_812_9000|9|77.848000|237.908005|16.888000|-0.709000|153.878006|27.134001|1.000000|1.000000|1.000000
AEG099_812_9001|9|78.307999|238.606995|15.736000|-3.450000|-70.038002|-8.640000|1.000000|1.000000|1.000000
AEG099_812_9002|9|93.571999|238.087006|53.666000|89.958000|106.251999|37.644001|1.000000|1.000000|1.000000
AEG099_812_9003|9|23.969999|238.255997|54.270000|-84.559998|-114.777000|-67.813004|1.000000|1.000000|1.000000
AEG099_812_9004|9|37.382999|238.141006|-42.942001|38.726002|-51.006001|31.381001|1.000000|1.000000|1.000000
c0000_9000|10|115.060997|237.688995|-37.978001|0.000000|98.765999|0.000000|1.000000|1.000000|1.000000
c1000_9000|10|113.867996|237.274002|-37.611000|0.000000|-137.552002|0.000000|1.000000|1.000000|1.000000
h364201_0000|11|0.000000|0.000000|0.000000|0.000000|0.000000|0.000000|1.000000|1.000000|1.000000
AEG001_290_7000|13|-63.378609|239.790085|-108.174431|-1.820853|129.252472|5.188566|1.000000|1.000000|1.000000
AEG001_290_7001|13|-64.472221|239.147202|-99.928154|3.039379|38.386078|4.216877|1.000000|1.000000|1.000000
AEG001_290_7002|13|-48.708954|238.114761|-95.195503|-0.579167|120.818207|7.015480|1.000000|1.000000|1.000000
AEG001_290_7003|13|-116.267334|379.609955|-21.931959|2.382507|92.502144|-14.305905|1.000000|1.000000|1.000000
AEG001_290_7004|13|-83.787582|238.160904|-38.279663|-2.147622|-86.619446|-0.074695|0.900000|0.900000|0.900000
AEG001_290_7005|13|-95.596352|376.350189|-32.502079|-13.677230|-20.047335|3.963723|0.800000|0.800000|0.800000
AEG001_290_7006|13|-77.639626|237.871735|-31.182253|4.116036|107.323845|0.672009|1.000000|1.000000|1.000000
AEG001_290_7007|13|-23.580051|237.744385|-113.827011|-0.766179|-79.785538|-1.523355|1.000000|1.000000|1.000000
AEG001_290_7008|13|-46.618382|239.572266|-119.229729|3.339907|36.392624|-2.520378|1.000000|1.000000|1.000000
AEG001_290_7009|13|-59.627323|239.947647|-112.598373|2.864636|-9.198787|-2.837857|1.000000|1.000000|1.000000
AEG001_290_7010|13|-51.947403|239.701736|-113.274445|-2.648391|160.370804|3.015528|0.831134|0.831134|0.831134
AEG001_290_7011|13|-70.952477|238.588791|-99.784294|3.201774|-26.282219|5.056990|0.800000|0.800000|0.800000
AEG001_290_7012|13|-120.993774|384.346497|-3.818741|-0.356863|-101.907700|13.702618|1.000000|1.000000|1.000000
AEG001_290_7013|13|-99.646523|359.209412|-91.056511|-10.032840|-61.307316|11.725631|1.000000|1.000000|1.000000
AEG001_290_7015|13|-55.198208|239.328552|-106.125427|2.460480|89.198639|4.085464|0.850000|0.850000|0.850000
AEG001_290_7016|13|-104.336815|352.871704|-117.637596|12.658580|150.914886|-5.570259|0.850000|0.850000|0.850000
AEG001_290_7017|13|-97.040695|355.088837|-107.206940|5.471938|-127.676414|12.283905|1.000000|1.000000|1.000000
AEG001_290_7018|13|-92.430786|238.016632|-2.798770|0.164744|93.722977|1.179792|1.000000|1.000000|1.000000
AEG001_290_7019|13|-99.434433|369.447754|-58.128696|18.767773|173.472931|-1.781455|1.000000|1.000000|1.000000
AEG001_290_7020|13|-99.528473|378.498962|-24.308279|13.898125|175.994568|0.308041|0.831134|0.831134|0.831134
AEG001_290_7021|13|-112.753136|370.607788|-54.459526|14.924976|-154.231720|7.637245|0.831134|0.831134|0.831134
AEG001_290_7022|13|-112.509415|371.640900|-50.928516|-10.711434|47.136124|-12.331653|1.000000|1.000000|1.000000
AEG001_290_7023|13|-107.538658|363.343201|-77.723808|4.423671|-114.719215|15.708013|1.000000|1.000000|1.000000
AEG001_290_7024|13|-109.390099|364.198090|-74.965973|-2.637846|75.172935|-16.319666|0.850000|0.850000|0.850000
AEG001_290_7025|13|-99.637665|377.675903|-27.638195|-9.923886|39.740459|-10.055931|1.000000|1.000000|1.000000
AEG001_290_7026|13|-108.345345|373.093201|-45.693020|11.888981|139.525543|-9.753403|1.000000|1.000000|1.000000
AEG001_290_7027|13|-105.592697|353.475800|-115.237663|-2.218461|75.664795|-13.275800|0.850000|0.850000|0.850000
AEG001_290_7029|13|-4.920003|237.815277|-126.370796|1.372103|88.888710|1.695718|0.800000|0.800000|0.800000
AEG001_290_7030|13|-86.154045|239.227249|21.545164|11.362951|121.537178|-2.829280|1.000000|1.000000|1.000000
AEG001_290_7031|13|-82.460365|239.774185|36.802765|-5.275085|2.977098|-15.656898|1.000000|1.000000|1.000000
AEG001_290_7032|13|-45.047581|238.090073|-97.667786|7.834882|31.048374|-1.882966|1.000000|1.000000|1.000000
AEG001_290_7033|13|-75.540047|237.787811|-65.773178|-0.958617|-141.398804|1.948981|1.000000|1.000000|1.000000
AEG001_290_7034|13|-76.331955|238.048340|-47.638687|0.825442|128.548981|1.807569|1.000000|1.000000|1.000000
AEG001_290_7035|13|-96.212509|242.679871|-122.764137|9.641087|39.837105|-2.940420|1.000000|1.000000|1.000000
AEG001_290_7226|13|-104.228729|237.852020|76.502449|1.669188|100.743858|0.950598|1.000000|1.000000|1.000000
AEG001_290_7295|13|-91.562744|238.446198|-32.659893|-2.197175|17.353884|-2.352323|1.000000|1.000000|1.000000
AEG001_290_7296|13|-92.856964|238.176941|-10.671095|2.242870|17.264103|0.129309|1.000000|1.000000|1.000000
AEG001_290_7297|13|-95.462730|238.479889|-25.963829|-1.450386|19.171558|3.210080|1.000000|1.000000|1.000000
AEG001_290_7298|13|-84.628082|238.175278|-51.826080|-1.215674|38.576431|0.102671|1.000000|1.000000|1.000000
AEG001_290_7299|13|119.225136|237.728973|-118.907990|-0.482557|160.026779|0.486501|0.831134|0.831134|0.831134
AEG001_290_7300|13|123.208107|237.674316|-25.123245|0.000305|-149.374069|-0.000340|1.000000|1.000000|1.000000
AEG001_290_7301|13|108.520126|237.674316|-33.149334|-0.000007|150.107224|0.000000|0.800000|0.800000|0.800000
AEG001_290_7302|13|126.390388|237.674301|-27.838703|0.000000|89.773590|0.000000|1.000000|1.000000|1.000000
AEG001_290_7303|13|106.535172|237.674301|-30.200310|0.000000|89.773590|0.000000|1.000000|1.000000|1.000000
AEG001_290_7304|13|111.341202|237.728973|-52.289055|-0.482557|160.026779|0.486501|0.831134|0.831134|0.831134
AEG001_290_7305|13|109.778069|237.674316|-19.393417|0.000000|-170.338989|0.000027|0.800000|0.800000|0.800000
AEG001_290_7306|13|6.777630|241.035980|126.418289|9.633164|119.903893|10.582395|1.000000|1.000000|1.000000
AEG001_290_7307|13|6.223419|241.695068|113.683838|-3.706254|151.862579|5.057809|1.000000|1.000000|1.000000
AEG001_290_7308|13|12.091218|240.723221|124.266510|0.282005|89.954689|2.266202|1.000000|1.000000|1.000000
AEG001_290_7309|13|21.049644|238.047119|94.696762|5.204331|150.461655|-1.857379|1.000000|1.000000|1.000000
AEG001_290_7310|13|27.078892|240.014648|102.352539|-7.019339|-150.002823|5.851805|1.000000|1.000000|1.000000
AEG001_290_7311|13|114.882072|237.756454|-121.004913|0.490435|-54.518787|-0.248219|0.800000|0.800000|0.800000
AEG001_290_7312|13|115.107971|237.776871|-123.602386|0.054642|36.092232|0.472595|1.000000|1.000000|1.000000
AEG001_290_7314|13|-121.381332|237.781006|85.226814|0.088984|7.520813|1.592910|1.000000|1.000000|1.000000
AEG001_290_7315|13|-114.085434|237.855484|84.473167|-0.765301|179.457260|0.285283|1.000000|1.000000|1.000000
AEG001_290_7316|13|-116.313553|238.282227|71.131584|-4.401202|179.477036|0.945817|1.000000|1.000000|1.000000
AEG001_290_7317|13|17.223356|238.143555|95.374763|-4.172091|-29.513470|2.159842|1.000000|1.000000|1.000000
AEG001_290_7318|13|40.810818|238.036133|115.577110|-4.451904|-60.101463|-1.134288|1.000000|1.000000|1.000000
AEG001_290_7319|13|37.961220|238.275894|114.099747|0.884974|173.877747|6.138756|0.895977|0.895977|0.895977
AEG001_290_7320|13|-35.214085|239.161148|-125.844360|5.771019|-0.947564|-3.104689|1.000000|1.000000|1.000000
AEG004_174_7000|13|92.677361|234.592010|53.317738|0.000000|-157.123245|0.000000|1.000000|1.000000|1.000000
AEG004_174_7001|13|2.430312|236.105499|4.573498|11.607169|-62.030373|-11.045837|1.000000|1.000000|1.000000
AEG004_174_7002|13|2.054049|236.199753|10.362597|-32.053036|34.738632|5.841725|1.000000|1.000000|1.000000
AEG004_174_7004|13|15.365482|236.493942|1.298002|13.208684|68.815926|7.331798|1.000000|1.000000|1.000000
AEG004_174_7006|13|15.068817|235.726837|17.421701|26.889772|17.031322|-5.931835|1.000000|1.000000|1.000000
AEG004_174_7007|13|78.959435|235.972717|14.180042|0.000000|46.174042|0.000000|1.000000|1.000000|1.000000
AEG004_174_7008|13|17.579115|236.375778|6.915878|-50.450153|-36.543510|-2.955230|1.000000|1.000000|1.000000
AEG004_174_7063|13|66.449394|234.677719|11.815975|-9.671641|-31.242641|-0.000000|1.000000|1.000000|1.000000
AEG004_174_7083|13|-11.154099|235.472977|-3.185785|0.000000|59.298950|0.000000|1.000000|1.000000|1.000000
AEG004_174_7090|13|93.346207|235.589661|53.873756|0.000000|-81.743065|0.000000|1.000000|1.000000|1.000000
AEG004_174_7185|13|23.489136|235.801361|53.629036|-3.748897|-77.576523|-10.982105|1.000000|1.000000|1.000000
AEG004_174_7187|13|36.244698|235.246323|-42.351120|4.946997|49.606838|0.158324|1.000000|1.000000|1.000000
AEG004_174_7190|13|20.534103|234.384995|55.118702|7.771746|108.581673|-4.334635|1.000000|1.000000|1.000000
AEG004_175_7003|13|13.367062|233.428528|15.036259|3.544864|116.312469|30.413334|1.000000|1.000000|1.000000
AEG004_175_7004|13|5.659463|236.901932|11.554562|24.696871|-69.559776|1.959937|1.000000|1.000000|1.000000
AEG004_176_7000|13|4.041226|236.098618|5.648178|3.402664|72.946800|-1.045044|1.000000|1.000000|1.000000
AEG004_176_7001|13|9.419357|236.772781|11.542482|-13.418846|149.134033|-9.716964|1.000000|1.000000|1.000000
AEG004_176_7002|13|12.310452|236.184814|15.215127|15.540924|15.364038|9.841758|1.000000|1.000000|1.000000
AEG004_176_7003|13|14.407778|236.854645|11.497040|12.918567|58.616241|7.895892|1.000000|1.000000|1.000000
AEG004_176_7004|13|11.253294|238.396851|9.866791|0.000000|72.915764|0.000000|1.000000|1.000000|1.000000
AEG004_176_7005|13|3.274116|236.683228|12.959871|-1.504512|-5.227318|9.078279|1.000000|1.000000|1.000000
AEG004_176_7006|13|15.313963|236.793823|7.016205|0.000000|-17.084251|-7.770692|1.000000|1.000000|1.000000
AEG004_176_7007|13|15.094604|235.799805|17.920063|0.000000|-30.656445|0.000000|1.000000|1.000000|1.000000
AEG004_176_7008|13|5.567290|235.925446|9.786339|-3.440067|-1.062596|-11.047372|1.000000|1.000000|1.000000
AEG004_176_7009|13|15.896416|235.863876|1.681003|-6.076685|29.834475|-7.014460|1.000000|1.000000|1.000000
AEG004_176_7011|13|12.061533|236.878967|6.713095|0.000000|-91.045815|0.000000|1.000000|1.000000|1.000000
AEG004_176_7013|13|78.667023|235.921524|15.290273|9.923226|104.542305|1.327297|1.000000|1.000000|1.000000
AEG004_176_7116|13|93.346214|235.589661|53.873695|0.000000|86.474953|0.000000|1.000000|1.000000|1.000000
AEG004_177_7000|13|16.115686|237.448547|-0.938661|0.000000|175.969391|0.000000|1.000000|1.000000|1.000000
AEG004_177_7001|13|15.738358|237.947418|17.062183|10.152695|132.437485|-8.218063|1.000000|1.000000|1.000000
AEG004_177_7002|13|6.936698|237.545731|14.021357|0.000000|-160.338531|0.000000|1.000000|1.000000|1.000000
AEG004_177_7003|13|0.579792|237.410965|9.077751|0.000000|97.072975|0.000000|1.000000|1.000000|1.000000
AEG004_177_7004|13|7.363088|237.545731|8.476410|0.000000|-19.983501|0.000000|1.000000|1.000000|1.000000
AEG004_177_7005|13|13.069856|237.430298|2.124559|0.000000|-27.079674|0.000000|1.000000|1.000000|1.000000
AEG004_177_7014|13|80.077835|237.410965|16.124056|0.000000|-84.152443|0.000000|1.000000|1.000000|1.000000
AEG004_177_7017|13|75.870163|237.447220|15.700498|0.000000|-130.234634|0.000000|1.000000|1.000000|1.000000
AEG004_177_7018|13|92.069489|237.398666|52.230545|0.000000|8.724016|0.000000|1.000000|1.000000|1.000000
AEG004_177_7044|13|22.040951|237.448547|3.318731|0.000000|-46.402824|0.000000|1.000000|1.000000|1.000000
AEG004_177_7057|13|80.726418|237.309219|12.684022|-7.103396|-143.234879|-5.772353|1.000000|1.000000|1.000000
AEG004_177_7059|13|25.071594|237.464783|55.011604|0.000000|-114.293205|0.000000|1.000000|1.000000|1.000000
AEG004_177_7112|13|67.264046|237.448547|12.849770|0.000000|78.641029|0.000000|1.000000|1.000000|1.000000
AEG004_177_7113|13|66.493507|237.430298|10.897310|0.000000|-124.408028|0.000000|1.000000|1.000000|1.000000
AEG004_177_7134|13|-53.307579|237.448547|80.589828|0.000000|146.190826|0.000000|1.000000|1.000000|1.000000
AEG004_177_7135|13|117.866058|237.430298|29.147720|0.000000|146.329620|0.000000|1.000000|1.000000|1.000000
AEG004_177_7145|13|21.321306|237.363647|55.444256|0.000000|4.826940|0.000000|1.000000|1.000000|1.000000
AEG004_177_7166|13|-23.500092|237.285263|-1.137886|2.142029|-4.526896|-4.120463|1.000000|1.000000|1.000000
AEG004_177_7168|13|-11.490463|237.302856|-3.947849|0.000000|-67.796318|0.000000|1.000000|1.000000|1.000000
AEG004_177_7294|13|24.167419|237.363647|52.558670|0.000000|-77.775383|0.000000|1.000000|1.000000|1.000000
AEG004_177_7299|13|36.537193|237.317200|-40.582378|2.710136|128.682968|-3.957403|1.000000|1.000000|1.000000
AEG004_177_7303|13|74.175537|237.410965|13.557693|0.000000|-102.876022|0.000000|1.000000|1.000000|1.000000
AEG004_177_7305|13|-67.699753|237.290955|-25.884567|-1.478461|83.808731|8.038777|1.000000|1.000000|1.000000
AEG004_177_7306|13|-9.876068|237.411484|-2.843290|0.000000|-2.302710|0.000000|1.000000|1.000000|1.000000
AEG004_177_7314|13|101.245895|237.279266|-67.491364|0.000000|-56.087799|0.000000|1.000000|1.000000|1.000000
AEG004_177_7318|13|-15.019081|237.430298|-102.573677|0.000000|172.345840|0.000000|1.000000|1.000000|1.000000
AEG004_177_7322|13|7.962383|237.411484|16.933598|0.000000|127.774780|0.000000|1.000000|1.000000|1.000000
AEG004_177_7325|13|92.077171|237.464783|57.255020|0.000000|-114.280807|0.000000|1.000000|1.000000|1.000000
AEG004_178_7000|13|12.162608|237.697784|9.926981|-2.346823|76.952110|-7.421831|1.000000|1.000000|1.000000
AEG004_904_7001|13|123.406662|237.767334|99.645500|13.564844|-50.778309|-110.999695|1.000000|1.000000|1.000000
AEG004_904_7004|13|3.482622|237.767334|41.704693|-166.435150|14.721665|-69.000320|1.000000|1.000001|1.000000
AEG004_904_7005|13|-15.005589|237.767334|24.745712|13.564821|74.721710|-110.999695|1.000000|1.000000|1.000000
AEG004_904_7006|13|-34.268761|237.876953|118.055695|10.649902|27.581362|-139.584991|1.000000|1.000000|1.000000
AEG004_904_7011|13|-33.029648|237.767334|104.385330|-166.435150|-59.778316|-69.000343|1.000000|1.000000|1.000000
AEG004_904_7017|13|-71.556137|237.767334|80.801888|13.564847|50.721676|-110.999649|1.000000|1.000000|1.000000
AEG004_904_7018|13|114.470001|237.363525|74.577057|0.000000|-56.500000|0.000000|1.000000|1.000000|1.000000
AEG004_904_7023|13|48.361393|237.876953|125.711151|-169.350098|-31.956106|-40.414982|1.000000|1.000000|1.000000
AEG004_904_7027|13|49.614483|237.767334|120.723511|-166.435150|-66.778313|-69.000343|1.000000|1.000000|1.000000
AEG004_904_7028|13|-55.071747|237.767334|122.989677|-166.435150|39.221672|-69.000320|1.000000|1.000000|1.000000
AEG004_904_7031|13|77.221626|237.767334|12.174171|-166.614273|33.771030|-55.432926|1.000000|1.000000|1.000000
AEG004_904_7040|13|115.261833|237.767334|59.824844|13.564837|1.596020|-110.999710|1.000000|1.000001|1.000000
AEG004_904_7047|13|32.800365|237.767334|1.539543|13.564847|50.721676|-110.999649|1.000000|1.000000|1.000000
AEG004_904_7049|13|30.618309|237.767334|84.755241|13.564810|0.721615|-110.999695|1.000000|1.000000|1.000000
AEG004_904_7050|13|45.718399|237.767334|58.494183|13.564855|-6.278291|-110.999680|1.000000|1.000001|1.000000
AEG004_904_7052|13|-107.236549|237.767334|-25.125439|13.564838|-9.778306|-110.999664|1.000000|1.000000|1.000000
AEG004_904_7054|13|-107.697983|237.767334|-57.022522|-166.435181|-72.778313|-69.000343|1.000000|1.000000|1.000000
AEG004_904_7056|13|-99.618454|237.767334|-63.967140|-166.435150|5.016319|-69.000298|1.000000|1.000000|1.000000
AEG004_904_7058|13|-134.993469|237.363968|25.483871|0.002376|87.583755|0.004271|1.000000|1.000000|1.000000
AEG004_904_7059|13|-117.977394|237.767334|-32.000084|-166.435150|-65.778297|-69.000328|1.000000|1.000000|1.000000
AEG004_904_7060|13|-70.691925|237.876953|-65.080215|10.649928|-22.616875|-139.585007|1.000000|1.000000|1.000000
AEG004_904_7061|13|-108.706238|237.985352|-92.285301|-171.477325|-85.435661|-5.626879|1.000000|1.000000|1.000000
AEG004_904_7062|13|-122.161652|237.454529|-39.872780|-0.284472|154.520905|0.495333|1.000000|1.000000|1.000000
AEG004_904_7063|13|-6.225539|237.767334|-67.589561|-166.435165|-36.278332|-69.000313|1.000000|1.000000|1.000000
AEG004_904_7064|13|-54.350525|237.876953|-63.700386|10.649908|-28.616869|-139.585022|1.000000|1.000000|1.000000
AEG004_904_7065|13|-26.820631|237.767334|-74.902840|-166.435165|20.221663|-69.000313|1.000000|1.000000|1.000000
AEG004_904_7067|13|-51.975796|237.767334|-75.182320|13.564831|36.721680|-110.999695|1.000000|1.000000|1.000000
AEG004_904_7068|13|-4.448084|237.876953|-89.054596|10.649917|78.383125|-139.585007|1.000000|1.000000|1.000000
AEG004_904_7069|13|-27.554962|237.767334|-63.228081|13.564841|-78.278305|-110.999680|1.000000|1.000000|1.000000
AEG004_904_7070|13|42.333504|237.876953|-109.778564|-169.350082|79.847809|-40.414989|1.000000|1.000000|1.000000
AEG004_904_7071|13|-2.956947|237.876953|-110.815605|-169.350082|36.383099|-40.414982|1.000000|1.000000|1.000000
AEG004_904_7072|13|34.025780|237.876953|-84.507118|10.649930|23.383087|-139.585007|1.000000|1.000000|1.000000
AEG004_904_7074|13|110.164978|237.767334|-77.531418|13.564804|73.221649|-110.999680|1.000000|1.000000|1.000000
AEG004_904_7075|13|64.822701|237.876953|-91.420403|-169.350098|-47.068054|-40.414989|1.000000|1.000000|1.000000
AEG004_904_7076|13|81.643570|237.767334|-51.484238|-166.435150|-44.248501|-69.000343|1.000000|1.000000|1.000000
AEG004_904_7077|13|105.512520|238.233047|-93.849899|20.661955|68.336586|-138.718857|1.000000|1.000000|1.000000
AEG004_904_7079|13|-4.149021|238.225525|-125.296539|-165.146988|-27.635015|-34.503357|1.000000|1.000000|1.000000
AEG004_904_7080|13|-62.635994|237.558472|-76.274895|-23.544891|67.427345|-47.257889|1.000000|1.000000|1.000000
AEG004_904_7082|13|-87.641708|237.772491|-91.931389|-75.427887|-114.020508|-69.752480|1.000000|1.000000|1.000000
AEG004_904_7083|13|-39.787937|237.676254|-94.900215|-9.793502|-95.907722|6.499833|1.000000|1.000000|1.000000
AEG004_904_7084|13|121.562042|237.676254|-117.573669|-9.793513|-119.645119|6.499835|1.000000|1.000000|1.000000
AEG004_904_7085|13|114.749924|237.638428|-111.150070|-8.798367|111.188751|-75.405899|1.000000|1.000000|1.000000
AEG004_904_7086|13|112.482956|237.676254|-53.131363|-9.793513|-119.645119|6.499835|1.000000|1.000000|1.000000
AEG004_904_7087|13|106.865990|237.638428|-44.531136|-8.798368|111.188751|-75.405899|1.000000|1.000000|1.000000
AEG004_904_7088|13|100.656235|237.638428|-19.805244|-2.841515|1.121875|-74.719521|1.000000|1.000000|1.000000
AEG004_904_7089|13|106.883377|237.676254|-17.183159|-9.793504|124.531975|6.499835|1.000000|1.000000|1.000000
AEG004_904_7090|13|-78.430923|237.876953|-94.133095|-157.588837|-64.141899|-57.073063|1.000000|1.000000|1.000000
AEG004_904_7091|13|-87.058090|237.767334|-108.853271|-166.435150|84.721664|-69.000343|1.000000|1.000000|1.000000
AEG004_904_7092|13|-142.301254|237.454529|-80.291267|-4.672340|98.678452|-3.133547|1.000000|1.000000|1.000000
AEG004_904_7093|13|-144.718750|237.767334|-78.577583|-148.053879|85.850273|-64.511482|1.000000|1.000000|1.000000
AEG004_904_7094|13|-119.397820|237.767334|-73.888832|-166.435165|-11.204693|-69.000320|1.000000|1.000000|1.000000
AEG004_904_7095|13|-78.716423|237.454529|-78.826393|-0.284472|146.756683|0.495334|1.000000|1.000000|1.000000
AEG004_904_7096|13|16.263384|237.767334|-83.774567|13.564813|58.475647|-110.999672|1.000000|1.000000|1.000000
AEG004_904_7097|13|-68.870049|237.876953|-22.814548|10.649908|-28.616869|-139.585022|1.000000|1.000000|1.000000
AEG004_904_7098|13|-83.073013|237.876953|-97.214821|-169.684967|1.239759|-25.511564|1.000000|1.000000|1.000000
AEG004_904_7099|13|-120.261818|238.017090|6.015175|14.166606|-87.674416|-137.293533|1.000000|1.000000|1.000000
AEG004_904_7100|13|-114.207352|237.669128|30.805241|-34.020916|-3.411895|-62.888470|1.000000|1.000000|1.000000
AEG004_904_7101|13|-121.530678|238.357025|-89.436401|36.320057|-8.220977|-108.611618|1.000000|1.000000|1.000000
AEG004_904_7102|13|-101.331161|238.017090|8.033218|10.448634|40.984192|-150.889618|1.000000|1.000000|1.000000
AEG004_904_7103|13|-106.271957|237.575790|23.338596|-5.581019|-84.067223|-75.013176|1.000000|1.000000|1.000000
AEG004_904_7104|13|-122.110420|237.575790|39.526196|-5.581031|39.965816|-75.013184|1.000000|1.000000|1.000000
AEG004_904_7105|13|98.545547|237.767334|42.513763|-98.742836|80.598221|78.584938|1.000000|1.000001|1.000000
AEG004_904_7106|13|30.668602|237.876953|-21.927599|10.649931|-17.569284|-139.584991|1.000000|1.000000|1.000000
AEG004_904_7107|13|107.062653|237.876953|-61.746052|-169.350082|49.729137|-40.415005|1.000000|1.000000|1.000000
AEG004_904_7115|13|-26.303030|237.767334|6.165394|-166.435150|-66.778313|-69.000343|1.000000|1.000000|1.000000
AEG004_904_7116|13|97.251701|237.638428|24.211630|-2.841519|10.422838|-74.719505|1.000000|1.000000|1.000000
AEG004_904_7124|13|85.425613|237.363525|90.541153|0.000000|-147.996399|0.000000|1.000000|1.000000|1.000000
AEG004_904_7125|13|97.918358|237.363525|78.901993|0.000000|-67.511261|0.000000|1.000000|1.000000|1.000000
AEG004_904_7144|13|92.199203|237.876953|-47.056667|34.893330|-55.725082|-159.065933|1.000000|1.000000|1.000000
AEG004_904_7145|13|-48.771473|237.876953|6.972122|-169.350098|-73.883156|-40.414989|1.000000|1.000000|1.000000
AEG004_904_7146|13|-29.837553|237.889069|20.010571|-169.793716|-58.105137|47.633324|1.000000|1.000000|1.000000
AEG004_904_7147|13|-8.261343|237.889069|-30.318596|-169.793716|-83.059937|47.633324|1.000000|1.000000|1.000000
AEG004_904_7148|13|36.007687|237.889069|-44.904835|-169.793716|-84.957672|47.633316|1.000000|1.000000|1.000000
AEG004_904_7149|13|72.414261|237.889069|-20.822897|10.206300|28.431141|132.366684|1.000000|1.000000|1.000000
AEG004_904_7150|13|85.011299|237.638428|17.263462|-12.153527|-147.912582|15.684281|1.000000|1.000000|1.000000
AEG004_904_7151|13|63.925064|237.469467|27.270504|-12.033212|-69.874870|-41.983055|1.000000|1.000000|1.000000
AEG004_904_7152|13|88.762642|237.764206|-5.796071|-157.820953|83.689278|52.752338|1.000000|1.000000|1.000000
AEG004_904_7153|13|90.255196|237.767334|12.363564|81.257164|53.604637|101.415062|1.000000|1.000001|1.000000
AEG004_904_7154|13|30.661825|237.889069|59.253677|-169.793716|-54.118423|47.633316|1.000000|1.000000|1.000000
AEG004_907_7005|13|47.346062|237.363342|27.772896|-0.000001|113.947449|-0.000001|1.000000|1.000000|1.000000
AEG004_907_7006|13|63.063911|237.363342|63.003307|-0.000001|23.947443|-0.000001|1.000000|1.000000|1.000000
AEG004_907_7007|13|4.019512|237.363342|72.176308|-0.000001|23.947443|-0.000001|1.000000|1.000000|1.000000
AEG004_907_7008|13|-33.981476|237.363342|40.648136|-0.000001|-66.052536|-0.000001|1.000000|1.000000|1.000000
AEG004_907_7009|13|117.964081|237.363342|59.058899|-0.000001|35.602364|-0.000001|1.000000|1.000000|1.000000
AEG004_907_7010|13|90.252678|237.363342|35.207352|-0.000001|161.626968|-0.000001|1.000000|1.000000|1.000000
AEG004_907_7011|13|29.897921|237.363342|-22.424948|-0.000001|113.947449|-0.000001|1.000000|1.000000|1.000000
AEG004_907_7012|13|-4.134644|237.363342|-104.109573|-0.000001|23.947405|-0.000001|1.000000|1.000000|1.000000
AEG004_907_7013|13|49.383934|237.363342|-114.397827|-0.000001|23.947443|-0.000001|1.000000|1.000000|1.000000
AEG004_907_7014|13|116.433510|237.363342|-95.510178|-0.000001|-66.052643|-0.000001|1.000000|1.000000|1.000000
AEG004_907_7016|13|6.602876|237.363342|-49.293751|-0.000001|-156.052673|-0.000001|1.000000|1.000000|1.000000
AEG004_907_7017|13|79.287247|237.363342|10.963881|-1.923915|-71.711159|-5.089473|1.000000|1.000000|1.000000
AEG004_907_7018|13|73.580498|237.363342|111.388756|-0.000001|-38.482265|-0.000001|1.000000|1.000000|1.000000
AEG004_907_7019|13|82.100708|237.363342|89.136963|-0.000001|141.517654|-0.000001|1.000000|1.000000|1.000000
AEG004_907_7032|13|16.407505|237.363342|-82.884201|-0.000001|133.090515|-0.000001|1.000000|1.000000|1.000000
AEG004_907_7033|13|-8.938326|237.363342|-67.233742|-0.000001|113.947304|-0.000001|1.000000|1.000000|1.000000
AEG004_907_7034|13|-23.718636|237.363342|-22.000774|-0.000001|-66.052788|-0.000001|1.000000|1.000000|1.000000
AEG004_907_7035|13|-68.696114|237.363342|13.088116|-0.000001|113.947304|-0.000001|1.000000|1.000000|1.000000
AEG004_907_7036|13|45.541004|237.363342|-69.513916|-0.000001|-61.645683|-0.000001|1.000000|1.000000|1.000000
AEG004_907_7037|13|79.285713|237.363342|-52.820633|-0.000001|-150.897125|-0.000001|1.000000|1.000000|1.000000
AEG004_907_7038|13|-53.706085|237.363342|121.687202|-0.000001|71.229187|-0.000001|1.000000|1.000000|1.000000
AEG004_939_7011|13|31.075811|237.363525|-116.925812|0.000000|148.230621|0.000000|1.000000|1.000000|1.000000
AEG004_939_7012|13|97.529617|237.363525|-101.931870|0.000000|58.230587|0.000000|1.000000|1.000000|1.000000
AEG004_939_7014|13|111.768097|237.363525|-79.319382|0.000000|-121.769485|0.000000|1.000000|1.000000|1.000000
AEG004_939_7015|13|32.925537|237.363525|-93.577065|0.000000|148.230469|0.000000|1.000000|1.000000|1.000000
AEG004_939_7016|13|10.721397|237.363525|-91.802673|0.000000|58.230438|0.000000|1.000000|1.000000|1.000000
AEG004_939_7017|13|-15.567577|237.363525|-84.113785|0.000000|-31.769598|0.000000|1.000000|1.000000|1.000000
AEG004_939_7018|13|-44.993267|237.363525|-67.699806|0.000000|-121.769638|0.000000|1.000000|1.000000|1.000000
AEG004_939_7019|13|-26.225258|237.363525|-66.185150|0.000000|148.230331|0.000000|1.000000|1.000000|1.000000
AEG004_939_7020|13|-63.788383|237.363525|-58.297329|0.000000|58.230293|0.000000|1.000000|1.000000|1.000000
AEG004_939_7021|13|-103.445488|237.363525|-100.361031|0.000000|-31.769745|0.000000|1.000000|1.000000|1.000000
AEG004_939_7022|13|-143.778091|237.363525|-81.798653|0.000000|-121.769791|0.000000|1.000000|1.000000|1.000000
AEG004_939_7023|13|-123.865631|237.363525|-42.720085|0.000000|148.230194|0.000000|1.000000|1.000000|1.000000
AEG004_939_7024|13|-126.637589|237.363525|31.366890|0.000000|58.230156|0.000000|1.000000|1.000000|1.000000
AEG004_939_7025|13|-93.757675|237.363525|101.120514|0.000000|-31.769894|0.000000|1.000000|1.000000|1.000000
AEG004_939_7026|13|-58.531593|237.363525|116.225151|0.000000|-121.769936|0.000000|1.000000|1.000000|1.000000
AEG004_939_7027|13|-35.125862|237.363525|123.018150|0.000000|148.230042|0.000000|1.000000|1.000000|1.000000
AEG004_939_7028|13|-19.622986|237.363525|88.020424|0.000000|58.230000|0.000000|1.000000|1.000000|1.000000
AEG004_939_7029|13|91.978256|237.363525|57.735336|0.000000|-31.770041|0.000000|1.000000|1.000000|1.000000
AEG004_939_7030|13|73.850075|237.363525|109.435745|0.000000|-121.770073|0.000000|1.000000|1.000000|1.000000
AEG004_939_7031|13|98.902229|237.363525|112.909004|0.000000|148.229889|0.000000|1.000000|1.000000|1.000000
AEG004_939_7032|13|114.045334|237.363525|18.702742|0.000000|84.509361|0.000000|1.000000|1.000000|1.000000
AEG004_939_7033|13|1.796660|237.363525|-8.556841|0.000000|7.974668|0.000000|1.000000|1.000000|1.000000
AEG004_939_7034|13|59.501999|237.363525|18.238010|0.000000|-82.025383|0.000000|1.000000|1.000000|1.000000
AEG004_939_7035|13|72.163712|237.363525|-103.314995|0.000000|129.104736|0.000000|1.000000|1.000000|1.000000
AEG004_939_7038|13|9.831668|237.363525|-36.088226|0.000000|58.230587|0.000000|1.000000|1.000000|1.000000
AEG004_939_7041|13|90.586571|237.363525|103.704880|0.000000|10.567517|0.000000|1.000000|1.000000|1.000000
AEG004_939_7042|13|97.471611|237.363525|-73.503670|0.000000|-118.809174|0.000000|1.000000|1.000000|1.000000
AEG004_939_7055|13|88.194008|237.363525|-111.414536|0.000000|103.335548|0.000000|1.000000|1.000000|1.000000
AEG004_939_7056|13|69.634476|237.363525|-9.801041|0.000000|153.515900|0.000000|1.000000|1.000000|1.000000
AEG004_939_7057|13|88.298203|237.363525|-35.050308|0.000000|-72.114708|0.000000|1.000000|1.000000|1.000000
AEG004_939_7058|13|91.136330|237.363525|-64.785294|0.000000|-35.825607|0.000000|1.000000|1.000000|1.000000
AEG004_939_7059|13|37.741978|237.363525|-22.892521|0.000000|132.968506|0.000000|1.000000|1.000000|1.000000
AEG004_939_7060|13|0.221642|237.363525|-60.264492|0.000000|-31.769453|0.000000|1.000000|1.000000|1.000000
AEG004_939_7061|13|-8.008593|237.363525|-49.240074|0.000000|-150.094269|0.000000|1.000000|1.000000|1.000000
AEG004_939_7062|13|-43.629910|237.363525|-36.146309|0.000000|-69.827194|0.000000|1.000000|1.000000|1.000000
AEG004_939_7063|13|-57.568085|237.363525|-12.629196|0.000000|-159.827240|0.000000|1.000000|1.000000|1.000000
AEG004_939_7064|13|55.092960|237.363525|-48.970673|0.000000|-47.031559|0.000000|1.000000|1.000000|1.000000
AEG004_939_7065|13|19.455841|237.363525|46.682362|0.000000|-31.770041|0.000000|1.000000|1.000000|1.000000
AEG097_032_1000|13|0.000000|237.662994|0.000000|0.000000|0.000000|0.000000|1.000000|1.000000|1.000000
AEG099_075_9000|13|-5.644000|244.985992|100.657997|6.100000|-46.598999|-12.300000|1.000000|1.000000|1.000000
AEG099_374_9000|13|92.636002|237.544998|49.236000|0.000000|62.116001|0.000000|1.000000|1.000000|1.000000
AEG099_650_9000|13|-89.369003|237.591003|-93.668999|0.000000|-97.117996|0.000000|1.000000|1.000000|1.000000
AEG099_650_9001|13|-94.837997|237.591003|-68.301003|0.000000|-10.055000|0.000000|1.000000|1.000000|1.000000
AEG099_650_9002|13|-94.414001|237.591003|-63.077000|0.000000|-151.167007|0.000000|1.000000|1.000000|1.000000
AEG099_650_9003|13|-97.046997|237.591003|-64.025002|0.000000|-50.973000|0.000000|1.000000|1.000000|1.000000
AEG099_650_9004|13|-109.296997|237.591003|-118.695999|0.000000|151.481003|0.000000|1.000000|1.000000|1.000000
AEG099_650_9005|13|-111.165001|237.591003|-115.830002|0.000000|157.677002|0.000000|1.000000|1.000000|1.000000
AEG099_650_9006|13|-107.267998|237.591003|-114.683998|0.000000|-155.009995|0.000000|1.000000|1.000000|1.000000
AEG099_650_9007|13|-115.926003|237.565002|14.328000|0.000000|-142.365997|0.000000|1.000000|1.000000|1.000000
AEG099_651_9000|13|4.148000|242.197006|110.525002|0.000000|162.554993|0.000000|1.000000|1.000000|1.000000
AEG099_680_9000|13|-81.448997|239.322998|48.834999|6.242000|125.943001|4.425000|1.000000|1.000000|1.000000
AEG099_680_9001|13|-79.491997|238.996002|50.985001|-0.000000|19.270000|-4.773000|1.000000|1.000000|1.000000
AEG099_680_9002|13|-76.771004|237.852997|-67.283997|5.338000|-170.291000|-0.692000|1.000000|1.000000|1.000000
AEG099_680_9003|13|19.695000|237.832993|92.846001|3.406000|136.550003|-2.780000|1.000000|1.000000|1.000000
AEG099_680_9004|13|-110.303001|363.248993|-77.777000|6.960000|169.524002|-0.857000|1.000000|1.000000|1.000000
AEG099_685_9000|13|-119.250000|238.195999|71.640999|0.000000|-66.191002|0.000000|1.000000|1.000000|1.000000
AEG099_685_9001|13|-118.431000|238.121994|73.644997|0.000000|-178.460999|0.000000|1.000000|1.000000|1.000000
AEG099_685_9002|13|-122.987000|238.050003|74.183998|-5.000000|121.357002|-0.000000|1.000000|1.000000|1.000000
AEG099_685_9003|13|-120.228996|238.085007|74.289001|0.000000|84.117996|0.000000|1.000000|1.000000|1.000000
AEG099_691_9000|13|112.886002|237.690002|-22.297001|0.000000|130.438995|0.000000|1.000000|1.000000|1.000000
AEG099_723_9000|13|44.145000|237.720993|115.431999|0.000000|82.791000|0.000000|1.000000|1.000000|1.000000
AEG099_723_9001|13|-24.076000|237.574005|93.026001|0.000000|-144.904007|0.000000|1.000000|1.000000|1.000000
AEG099_723_9002|13|-23.964001|237.589005|90.402000|0.000000|-49.139000|0.000000|1.000000|1.000000|1.000000
AEG099_730_9000|13|-43.874001|239.445007|-122.371002|-3.082000|-82.471001|-1.947000|1.000000|1.000000|1.000000
AEG099_730_9001|13|-40.506001|239.311005|-123.764000|1.306000|118.264999|3.233000|1.000000|1.000000|1.000000
AEG099_730_9002|13|-37.203999|238.033005|-105.392998|6.233000|24.080999|-2.148000|1.000000|1.000000|1.000000
AEG099_730_9003|13|-69.442001|238.388000|-91.511002|-2.345000|178.617996|-2.170000|1.000000|1.000000|1.000000
AEG099_730_9004|13|-94.989998|238.063004|-7.355000|-0.967000|136.563995|-0.401000|1.000000|1.000000|1.000000
AEG099_730_9005|13|-95.176003|238.345001|-30.160999|0.529000|-4.140000|1.804000|1.000000|1.000000|1.000000
AEG099_730_9006|13|-83.531998|238.192001|-43.825001|-0.000000|136.100998|0.711000|1.000000|1.000000|1.000000
AEG099_730_9007|13|-89.732002|238.123993|-4.996000|-4.190000|-52.987000|0.000000|1.000000|1.000000|1.000000
AEG099_730_9008|13|-108.497002|237.925003|82.714996|1.601000|63.648998|2.282000|1.000000|1.000000|1.000000
AEG099_730_9009|13|-109.916000|237.770996|84.587997|-0.574000|-58.122002|-3.109000|1.000000|1.000000|1.000000
AEG099_730_9010|13|39.195999|238.000000|101.503998|5.813000|116.394997|0.000000|1.000000|1.000000|1.000000
AEG099_730_9011|13|21.434000|240.003998|119.664001|-3.194000|-45.918999|-0.582000|1.000000|1.000000|1.000000
AEG099_730_9012|13|18.299999|240.304993|120.022003|-1.973000|-152.701004|2.232000|1.000000|1.000000|1.000000
AEG099_730_9013|13|104.848999|237.626007|-26.289000|0.000000|84.233002|0.000000|1.000000|1.000000|1.000000
AEG099_730_9014|13|126.773003|237.574997|-20.631001|0.000000|-149.626007|0.000000|1.000000|1.000000|1.000000
AEG099_730_9015|13|-115.398003|372.139008|-49.769001|-1.997000|89.139000|-10.405000|1.000000|1.000000|1.000000
AEG099_730_9016|13|-116.355003|373.114990|-46.102001|-6.589000|-49.173000|12.354000|1.000000|1.000000|1.000000
AEG099_730_9017|13|-99.224998|376.451996|-32.174999|-7.607000|-45.410999|10.157000|1.000000|1.000000|1.000000
AEG099_730_9018|13|-107.828003|354.243988|-112.139000|-9.142000|-40.585999|1.530000|1.000000|1.000000|1.000000
AEG099_730_9019|13|-98.390999|354.102997|-111.555000|-10.461000|-0.145000|-0.746000|1.000000|1.000000|1.000000
AEG099_750_9000|13|-79.594002|244.313995|-123.138000|0.000000|-128.794006|0.000000|1.000000|1.000000|1.000000
AEG099_750_9001|13|123.411003|237.748001|-26.340000|0.000000|149.731995|0.000000|1.000000|1.000000|1.000000
AEG099_750_9002|13|10.524000|240.960999|125.339996|-1.783000|-88.694000|0.000000|1.000000|1.000000|1.000000
AEG099_750_9003|13|85.335999|237.565002|31.771999|0.000000|25.819000|0.000000|1.000000|1.000000|1.000000
AEG099_750_9004|13|-13.274000|237.647995|-2.014000|0.000000|-60.226002|0.000000|1.000000|1.000000|1.000000
AEG099_750_9005|13|63.550999|237.569000|-87.030998|0.000000|0.808000|0.000000|1.000000|1.000000|1.000000
AEG099_760_9000|13|25.136000|240.121002|105.457001|0.000000|50.167999|-1.169000|1.000000|1.000000|1.000000
AEG099_760_9001|13|-114.542999|238.186996|72.837997|0.000000|8.057000|1.579000|1.000000|1.000000|1.000000
AEG099_760_9002|13|-116.781998|237.643005|9.154000|0.000000|153.929993|1.261000|1.000000|1.000000|1.000000
AEG099_760_9003|13|-95.940002|242.559998|-122.146004|11.777000|26.452000|2.762000|1.000000|1.000000|1.000000
AEG099_760_9004|13|12.658000|237.645004|-39.083000|0.000000|-141.748993|0.000000|1.000000|1.000000|1.000000
AEG099_760_9005|13|85.025002|237.671005|-52.818001|0.476000|153.169006|-1.151000|1.000000|1.000000|1.000000
AEG099_760_9006|13|88.785004|237.639999|-38.299999|-0.736000|139.003998|0.102000|1.000000|1.000000|1.000000
AEG099_760_9007|13|-53.978001|239.488998|-108.526001|-3.977000|94.634003|4.200000|1.000000|1.000000|1.000000
AEG099_760_9008|13|-101.996002|359.226013|-91.528000|3.628000|-132.496994|11.501000|1.000000|1.000000|1.000000
AEG099_812_9005|13|14.920000|238.164993|0.341000|65.351997|-70.141998|44.348999|1.000000|1.000000|1.000000
AEG099_812_9006|13|3.386000|238.639999|5.188000|-16.745001|44.356998|-26.657000|1.000000|1.000000|1.000000
AEG099_812_9007|13|6.116000|238.158005|5.356000|-17.044001|-66.307999|-2.741000|1.000000|1.000000|1.000000
AEG099_812_9008|13|15.405000|239.227005|8.185000|91.644997|57.131001|25.548000|1.000000|1.000000|1.000000
AEG099_812_9009|13|12.000000|237.970001|16.535000|-20.341999|122.389000|-4.555000|1.000000|1.000000|1.000000
AEG099_812_9010|13|78.171997|238.632004|15.603000|0.000000|131.893997|0.000000|1.000000|1.000000|1.000000
AEG099_812_9011|13|93.681000|237.613998|52.083000|0.000000|-173.095001|0.000000|1.000000|1.000000|1.000000
AEG099_812_9012|13|25.101000|237.559998|53.083000|0.000000|-102.600998|0.000000|1.000000|1.000000|1.000000
AEG099_812_9013|13|35.964001|238.035004|-40.928001|0.000000|-128.085007|0.000000|1.000000|1.000000|1.000000
AEG099_812_9014|13|18.127001|237.919006|8.488000|0.000000|61.895000|0.000000|1.000000|1.000000|1.000000
AEG099_812_9015|13|3.311000|238.813995|13.610000|0.000000|-97.793999|0.000000|1.000000|1.000000|1.000000
AEG099_812_9016|13|-9.060000|237.559998|-3.306000|0.000000|84.800003|0.000000|1.000000|1.000000|1.000000
AEG801_006_7000|13|-57.680660|239.605652|-108.574890|-0.755476|-68.472527|-4.491658|0.774300|0.774300|0.774300
AEG801_006_7001|13|-111.777863|382.388947|-9.983689|-4.326040|-83.206131|12.983344|1.000000|1.000000|1.000000
AEG801_006_7002|13|-110.518639|385.120758|2.425920|-4.921106|-83.306473|11.781422|1.000000|1.000000|1.000000
AEG801_006_7004|13|-96.429054|380.444672|-15.878132|-0.222316|83.259102|-12.677194|1.000000|1.000000|1.000000
AEG801_006_7005|13|-75.459991|238.235794|-115.724983|5.331291|-14.186187|6.154685|0.774300|0.774300|0.774300
AEG801_006_7006|13|-102.836685|360.071198|-88.588142|-14.280345|13.850697|-6.629548|0.842800|0.842800|0.842800
AEG801_006_7007|13|-115.452606|378.972992|-24.316845|14.048277|-170.644730|4.091119|0.842800|0.842800|0.842800
AEG801_006_7008|13|-92.086159|375.158173|-37.488785|-14.198988|-1.861401|5.820086|1.000000|1.000000|1.000000
AEG801_006_7009|13|-124.620758|371.238434|-52.644882|-16.949984|9.061858|-3.733856|1.000000|1.000000|1.000000
AEG801_006_7010|13|-84.425079|238.210037|-48.258083|-0.116928|-31.345730|0.422133|0.774300|0.774300|0.774300
AEG801_006_7011|13|-119.137375|383.527252|-6.833480|-13.698282|-1.869714|-2.569139|0.774300|0.774300|0.774300
AEG801_006_7012|13|-114.485558|385.561768|3.289680|-12.532645|-2.010306|-3.173347|0.774300|0.774300|0.774300
AEG801_006_7013|13|-70.059303|237.861694|-83.637695|0.680123|-80.568382|0.112070|1.000000|1.000000|1.000000
AEG801_006_7014|13|-27.821007|237.918457|-114.116821|-1.261502|-59.037983|-3.515421|1.000000|1.000000|1.000000
AEG801_006_7015|13|-89.528999|383.410492|-1.595201|-4.478261|-56.726894|11.793879|1.000000|1.000000|1.000000
AEG801_006_7016|13|-114.749054|366.554871|-67.345146|14.556306|146.724731|-9.495622|1.000000|1.000000|1.000000
AEG801_006_7017|13|-111.839981|380.610657|-17.318550|0.205754|81.562164|-14.030477|1.000000|1.000000|1.000000
AEG801_006_7018|13|-51.205200|239.868958|-125.028778|0.000000|-81.800468|0.000000|1.000000|1.000000|1.000000
AEG801_006_7019|13|-53.760376|238.275482|-94.624283|6.010158|28.120413|0.449700|1.000000|1.000000|1.000000
AEG801_006_7020|13|-86.820892|237.874695|-2.288673|0.380988|-4.276809|-1.959126|0.774300|0.774300|0.774300
AEG801_006_7021|13|-59.438202|239.389587|-104.548805|1.213916|105.482414|4.547540|1.000000|1.000000|1.000000
AEG801_006_7022|13|-94.934456|374.627014|-39.341179|-8.374878|-55.305820|11.402480|0.774300|0.774300|0.774300
AEG801_006_7023|13|-97.280746|364.323914|-71.764702|9.896340|-141.039886|16.173616|1.000000|1.000000|1.000000
AEG801_006_7024|13|-73.037819|237.957047|-47.288090|1.275797|110.541313|0.633514|1.000000|1.000000|1.000000
AEG801_006_7025|13|-90.195572|351.897491|-120.131485|8.569891|-117.097595|8.772257|1.000000|1.000000|1.000000
AEG801_006_7026|13|-35.861572|238.247070|-109.530357|5.349732|15.831367|-3.942050|1.000000|1.000000|1.000000
AEG801_006_7027|13|-75.442543|239.242722|-110.074471|-3.837146|-171.010880|-14.245409|1.000000|1.000000|1.000000
AEG801_006_7028|13|-79.092285|244.572845|-124.639091|0.568681|83.612427|9.870061|1.000000|1.000000|1.000000
AEG801_006_7029|13|-90.859573|238.429749|-16.982050|1.694160|110.558014|3.875313|1.000000|1.000000|1.000000
AEG801_006_7030|13|-95.467255|238.291168|-13.746744|2.239619|20.477564|2.349968|1.000000|1.000000|1.000000
AEG801_006_7795|13|122.872978|237.674301|-43.524246|-0.000002|-78.514412|-0.000002|1.000000|1.000000|1.000000
AEG801_006_7796|13|118.779144|237.674301|-19.344835|0.000000|105.559891|0.000000|1.000000|1.000000|1.000000
AEG801_006_7797|13|121.817261|237.674301|-39.937622|0.000000|110.392860|0.000000|1.000000|1.000000|1.000000
AEG801_006_7798|13|110.714767|237.713669|-22.335449|-0.163769|-5.792314|1.209955|0.990418|0.990418|0.990418
AEG801_006_7799|13|4.096953|241.400131|117.192871|-0.137643|-78.335175|-6.466385|1.000000|1.000000|1.000000
AEG801_006_7800|13|7.618435|242.506104|103.866272|8.848729|105.054733|6.546436|1.000000|1.000000|1.000000
AEG801_006_7801|13|22.397736|240.393463|105.078751|5.733999|111.201706|5.764434|1.000000|1.000000|1.000000
AEG801_006_7802|13|29.553011|238.926987|124.310394|6.136516|105.266129|4.610679|1.000000|1.000000|1.000000
AEG801_006_7803|13|25.136017|239.495590|123.918816|-6.472660|-78.170723|-3.035858|1.000000|1.000000|1.000000
AEG801_006_7804|13|8.537626|238.059189|93.540276|-4.498049|15.614388|-2.160885|1.000000|1.000000|1.000000
AEG801_011_7000|13|-34.319462|238.260941|-111.638153|0.000000|1.993295|0.000000|1.000000|1.000000|1.000000
AEG801_011_7001|13|-75.516693|237.801437|-64.088287|0.000000|0.924944|0.000000|1.000000|1.000000|1.000000
AEG801_011_7002|13|-80.456772|244.822952|-126.252831|0.000000|0.639934|0.000000|1.000000|1.000000|1.000000
AEG801_011_7003|13|-35.628143|238.984741|-123.867676|0.000000|-179.029663|0.000000|1.000000|1.000000|1.000000
AEG801_011_7004|13|-84.680641|238.187500|-41.469360|0.000000|-89.112770|0.000000|1.000000|1.000000|1.000000
AEG801_011_7005|13|-97.450378|238.108124|-11.139373|0.000000|-179.477036|0.000000|1.000000|1.000000|1.000000
AEG801_011_7006|13|-97.619904|238.320984|-25.709564|0.000000|0.554601|0.000000|1.000000|1.000000|1.000000
AEG801_011_7007|13|-61.919373|239.331909|-102.732269|0.000000|91.961166|0.000000|1.000000|1.000000|1.000000
AEG801_011_7042|13|-123.157791|238.196533|72.667229|0.000000|21.902719|0.000000|1.000000|1.000000|1.000000
AEG801_011_7043|13|-114.739594|237.844727|85.426018|0.000000|179.965927|0.000000|1.000000|1.000000|1.000000
AEG801_011_7044|13|8.041046|237.968994|92.406960|0.000000|91.004234|0.000000|1.000000|1.000000|1.000000
AEG801_011_7045|13|25.587189|239.418701|124.696159|0.000000|0.903433|0.000000|1.000000|1.000000|1.000000
AEG801_011_7046|13|39.312042|238.040283|115.236946|0.000000|0.852644|0.000000|1.000000|1.000000|1.000000
AEG801_015_7001|13|-46.878639|238.299072|-98.414581|0.000000|-143.025848|0.000000|1.000000|1.000000|1.000000
AEG801_015_7002|13|-34.054169|239.023071|-125.156128|0.000000|151.824829|0.000000|1.000000|1.000000|1.000000
AEG801_015_7003|13|-83.728966|238.157715|-39.264767|0.000000|126.976540|0.000000|1.000000|1.000000|1.000000
AEG801_015_7004|13|-96.237701|238.131470|-10.224783|0.000000|-91.831528|0.000000|1.000000|1.000000|1.000000
AEG801_015_7005|13|-63.153446|239.513550|-104.934883|0.000000|36.758801|0.000000|1.000000|1.000000|1.000000
AEG801_015_7006|13|-114.388748|237.883545|83.531990|0.000000|93.983040|0.000000|1.000000|1.000000|1.000000
AEG801_015_7007|13|5.987511|241.171249|125.731949|0.000000|-142.255295|0.000000|1.000000|1.000000|1.000000
AEG801_015_7008|13|23.451012|240.515259|103.503708|0.000000|128.182587|0.000000|1.000000|1.000000|1.000000
AEG801_016_7000|13|-49.160240|238.036423|-94.294754|0.000000|151.631607|0.000000|1.000000|1.000000|1.000000
AEG801_016_7001|13|-55.916443|239.600250|-109.538155|0.000000|-9.607100|0.000000|1.000000|1.000000|1.000000
AEG801_016_7002|13|-84.559525|239.011124|22.201263|0.000000|150.682602|0.000000|1.000000|1.000000|1.000000
AEG801_016_7003|13|-24.368374|237.743896|-113.217224|0.000000|-118.321869|0.000000|1.000000|1.000000|1.000000
AEG801_016_7004|13|-77.461151|237.836548|-32.794674|0.000000|-155.538956|0.000000|1.000000|1.000000|1.000000
AEG801_016_7005|13|-91.839333|238.122925|-9.354827|0.000000|24.471439|0.000000|1.000000|1.000000|1.000000
AEG801_016_7006|13|-95.623787|238.472198|-25.569519|0.000000|-65.630699|0.000000|1.000000|1.000000|1.000000
AEG801_016_7007|13|-77.404007|244.275269|-122.751961|0.000000|61.653736|0.000000|1.000000|1.000000|1.000000
AEG801_016_7113|13|121.817261|237.674301|-39.937622|0.009098|-10.243235|-0.007082|1.000000|1.000000|1.000000
AEG801_016_7114|13|6.853301|241.507797|115.595703|0.000000|-10.126079|0.000000|1.000000|1.000000|1.000000
AEG801_016_7115|13|24.327911|239.617920|123.086060|0.000000|-95.787628|0.000000|1.000000|1.000000|1.000000
AEG801_016_7116|13|-29.537437|238.091553|-115.654129|0.000000|151.675644|0.000000|1.000000|1.000000|1.000000
AEG801_016_7117|13|-44.298431|239.302872|-119.753052|0.000000|48.911350|0.000000|1.000000|1.000000|1.000000
AEG801_016_7118|13|-75.625778|237.812973|-67.747086|0.000000|61.877708|0.000000|1.000000|1.000000|1.000000
AEG801_016_7125|13|-115.433456|238.158936|72.304695|0.000000|-39.218140|0.000000|1.000000|1.000000|1.000000
AEG801_016_7126|13|10.364532|238.031494|93.474869|0.000000|169.866089|0.000000|1.000000|1.000000|1.000000
AEG801_060_7000|13|120.572495|237.363342|16.896923|0.000000|163.499969|0.000000|1.000000|1.000000|1.000000
AEG801_060_7001|13|-49.469044|237.363419|52.983471|0.000000|-115.000031|0.000000|1.000000|1.000000|1.000000
AEG801_060_7002|13|31.379398|237.363342|33.268356|0.000000|-114.999977|0.000000|1.000000|1.000000|1.000000
AEG801_060_7003|13|26.298172|237.363342|-16.170116|0.000000|163.499969|0.000000|1.000000|1.000000|1.000000
AEG801_060_7004|13|-0.583656|237.363342|37.791340|0.000000|-114.999977|0.000000|1.000000|1.000000|1.000000
AEG801_060_7005|13|-15.237182|237.368027|56.064396|-0.010139|-115.000031|-0.026075|1.000000|1.000000|1.000000
AEG801_060_7006|13|-74.849976|237.383926|76.519958|0.101059|163.499969|-0.082207|1.000000|1.000000|1.000000
AEG801_060_7007|13|-79.376389|237.411728|94.202705|-0.053181|-115.000084|-0.023433|1.000000|1.000000|1.000000
AEG801_060_7008|13|87.786034|237.363342|-7.952957|0.000000|163.499969|0.000000|1.000000|1.000000|1.000000
AEG801_060_7009|13|50.767944|237.363342|50.675476|0.000000|168.500046|0.000000|1.000000|1.000000|1.000000
AEG801_060_7010|13|21.920961|237.363342|1.338480|0.000000|163.499969|0.000000|1.000000|1.000000|1.000000
AEG801_060_7011|13|29.789351|237.363342|-23.669401|0.000000|86.976173|0.000000|1.000000|1.000000|1.000000
AEG801_060_7012|13|-12.939221|237.367355|57.144211|-0.016135|-115.000031|-0.022855|1.000000|1.000000|1.000000
AEG801_060_7013|13|-64.837013|233.025986|14.910942|0.000000|40.499958|0.000000|1.000000|1.000000|1.000000
AEG801_060_7014|13|-63.195648|233.025986|16.848839|0.000000|40.499958|0.000000|1.000000|1.000000|1.000000
AEG801_060_7016|13|-10.134573|237.363342|-28.488659|0.000000|-8.000067|0.000000|1.000000|1.000000|1.000000
AEG801_060_7017|13|-10.367880|237.363342|-26.437931|0.000000|-8.000067|0.000000|1.000000|1.000000|1.000000
AEG801_060_7018|13|-35.807865|237.363342|-34.913559|0.000000|-8.000067|0.000000|1.000000|1.000000|1.000000
AEG801_060_7019|13|61.905823|237.363342|-86.447586|0.000000|-100.000099|0.000000|1.000000|1.000000|1.000000
AEG801_060_7020|13|55.983566|237.363342|-65.823631|0.000000|-100.000099|0.000000|1.000000|1.000000|1.000000
AEG801_060_7021|13|58.482735|237.363342|-65.372330|0.000000|-100.000099|0.000000|1.000000|1.000000|1.000000
AEG801_060_7023|13|-36.459152|237.363342|-7.251793|0.000000|8.000045|0.000000|1.000000|1.000000|1.000000
AEG801_060_7024|13|11.766409|237.363342|-49.052048|0.000000|-143.499954|0.000000|1.000000|1.000000|1.000000
AEG801_060_7025|13|101.172707|237.363342|-65.729195|0.000000|33.500034|0.000000|1.000000|1.000000|1.000000
AEG801_060_7026|13|65.066360|237.363342|46.798500|0.000000|-42.499969|0.000000|1.000000|1.000000|1.000000
AEG801_060_7027|13|-70.065231|237.363342|-26.964666|0.000000|110.000015|0.000000|1.000000|1.000000|1.000000
AEG801_060_7028|13|-133.028854|237.363464|101.470192|0.000000|105.000000|0.000000|1.000000|1.000000|1.000000
AEG801_060_7029|13|-130.464279|237.363586|100.748451|0.000000|105.000000|0.000000|1.000000|1.000000|1.000000
AEG801_060_7030|13|-105.238258|237.364365|124.052185|0.000000|105.000000|0.000000|1.000000|1.000000|1.000000
AEG801_060_7031|13|-59.231270|237.363342|120.566093|0.000000|105.000000|0.000000|1.000000|1.000000|1.000000
AEG801_060_7032|13|-61.687004|237.363342|121.213280|0.000000|105.000000|0.000000|1.000000|1.000000|1.000000
AEG801_060_7033|13|91.495453|237.363342|36.334824|0.000000|-132.499954|0.000000|1.000000|1.000000|1.000000
AEG801_060_7035|13|-5.382679|237.363342|-111.454933|0.000000|36.499989|0.000000|1.000000|1.000000|1.000000
AEG801_060_7036|13|-4.967587|237.363342|-103.317093|0.000000|36.499989|0.000000|1.000000|1.000000|1.000000
AEG801_060_7037|13|46.618668|237.363342|-97.193680|0.000000|169.999878|0.000000|1.000000|1.000000|1.000000
AEG801_060_7038|13|115.977722|237.363342|46.825798|0.000000|73.499939|0.000000|1.000000|1.000000|1.000000
AEG801_060_7039|13|116.203476|237.363342|48.346031|0.000000|-16.500101|0.000000|1.000000|1.000000|1.000000
AEG801_060_7040|13|-30.291403|237.363342|25.172398|0.000000|163.499969|0.000000|1.000000|1.000000|1.000000
AEG801_060_7042|13|113.151779|237.603943|19.071901|0.000000|169.999878|0.000000|1.000000|1.000000|1.000000
AEG801_060_7045|13|-46.416714|237.363342|63.660492|0.000000|169.999878|0.000000|1.000000|1.000000|1.000000
AEG801_060_7049|13|73.120743|237.363342|109.897598|0.000000|78.500053|0.000000|1.000000|1.000000|1.000000
AEG801_060_7050|13|81.901894|237.363342|90.124268|0.000000|78.500053|0.000000|1.000000|1.000000|1.000000
AEG801_060_7051|13|99.523888|237.363342|77.394897|0.000000|-11.499928|0.000000|1.000000|1.000000|1.000000
AEG801_060_7052|13|95.131485|237.363342|-77.875145|0.000000|33.500034|0.000000|1.000000|1.000000|1.000000
AEG801_060_7053|13|109.701088|237.363342|-95.849144|0.000000|-56.499954|0.000000|1.000000|1.000000|1.000000
AEG801_060_7054|13|-54.304802|237.363342|100.907768|0.000000|-44.811985|0.000000|1.000000|1.000000|1.000000
AEG801_060_7090|13|91.827904|237.363342|-108.216988|0.000000|-104.355156|0.000000|1.000000|1.000000|1.000000
AEG801_060_7091|13|98.086655|237.363342|-101.198479|0.000000|165.644882|0.000000|1.000000|1.000000|1.000000
AEG801_060_7092|13|67.723335|237.363342|-5.846852|0.000000|113.786270|0.000000|1.000000|1.000000|1.000000
AEG801_060_7093|13|91.313805|237.363342|-45.251457|0.000000|-111.844261|0.000000|1.000000|1.000000|1.000000
AEG801_060_7094|13|91.648964|237.363342|-64.188797|0.000000|71.588692|0.000000|1.000000|1.000000|1.000000
AEG801_060_7095|13|41.188480|237.363342|-23.960474|0.000000|-74.722351|0.000000|1.000000|1.000000|1.000000
AEG801_060_7096|13|4.386145|237.363342|-74.935791|0.000000|36.499989|0.000000|1.000000|1.000000|1.000000
AEG801_060_7097|13|8.450550|237.363342|-88.256149|0.000000|-53.500061|0.000000|1.000000|1.000000|1.000000
AEG801_060_7098|13|17.407833|237.363342|-82.242668|0.000000|-53.500061|0.000000|1.000000|1.000000|1.000000
AEG801_060_7099|13|-8.269926|237.363342|-52.838768|0.000000|2.214710|0.000000|1.000000|1.000000|1.000000
AEG801_060_7100|13|-26.298576|237.363342|-22.443542|0.000000|-98.000099|0.000000|1.000000|1.000000|1.000000
AEG801_060_7101|13|-16.087055|237.363342|-72.799965|0.000000|-98.000099|0.000000|1.000000|1.000000|1.000000
AEG801_060_7102|13|-39.786911|237.363342|-59.651218|0.000000|171.999863|0.000000|1.000000|1.000000|1.000000
AEG801_060_7103|13|-47.220985|237.363342|-36.497116|0.000000|82.481674|0.000000|1.000000|1.000000|1.000000
AEG801_060_7104|13|-57.754539|237.363342|-13.085173|0.000000|20.000031|0.000000|1.000000|1.000000|1.000000
AEG801_060_7105|13|56.005787|237.363342|-47.790371|0.000000|-18.411354|0.000000|1.000000|1.000000|1.000000
AEG801_060_7106|13|73.135880|237.363342|-41.883549|0.000000|71.588692|0.000000|1.000000|1.000000|1.000000
AEG801_060_7107|13|83.601639|237.363342|17.253271|0.000000|-132.499954|0.000000|1.000000|1.000000|1.000000
AEG801_060_7108|13|18.432491|237.363342|45.911118|0.000000|-114.999977|0.000000|1.000000|1.000000|1.000000
AEG801_060_7109|13|59.006973|237.363342|17.931725|0.000000|137.500015|0.000000|1.000000|1.000000|1.000000
AEG801_060_7110|13|64.801910|237.363342|25.942642|0.000000|-42.500061|0.000000|1.000000|1.000000|1.000000
AEG801_060_7111|13|45.337460|237.363342|50.921410|0.000000|-132.499954|0.000000|1.000000|1.000000|1.000000
AEG801_060_7112|13|-34.475594|237.363342|119.888863|0.000000|105.000000|0.000000|1.000000|1.000000|1.000000
AEG801_060_7113|13|-54.804955|237.363342|121.983086|0.000000|105.000000|0.000000|1.000000|1.000000|1.000000
AEG801_060_7114|13|-46.577785|237.411728|87.123871|-0.053181|154.999939|-0.023433|1.000000|1.000000|1.000000
AEG801_060_7115|13|61.893230|237.363342|-16.790985|0.000000|-164.722321|0.000000|1.000000|1.000000|1.000000
AEG801_060_7116|13|110.652519|237.363342|-65.352097|0.000000|158.155716|0.000000|1.000000|1.000000|1.000000
AEG801_060_7117|13|105.709152|237.363342|20.105116|0.000000|163.499969|0.000000|1.000000|1.000000|1.000000
AEG801_060_7118|13|90.561081|237.363342|10.358671|0.000000|73.499939|0.000000|1.000000|1.000000|1.000000
AEG801_060_7119|13|97.653053|237.363342|-91.319038|0.000000|-18.108488|0.000000|1.000000|1.000000|1.000000
AEG801_061_7001|13|112.414864|237.363525|11.853456|0.000000|-133.499969|0.000000|1.000000|1.000000|1.000000
AEG801_061_7002|13|3.063592|237.363525|70.491669|0.000000|-32.179989|0.000000|1.000000|1.000000|1.000000
AEG801_061_7004|13|-1.970196|237.363525|37.581905|0.000000|15.000144|0.000000|1.000000|1.000000|1.000000
AEG801_061_7005|13|-45.268425|237.363449|53.751472|0.000000|15.000144|0.000000|1.000000|1.000000|1.000000
AEG801_061_7006|13|-1.391697|237.363525|40.171570|0.000000|-164.999878|0.000000|1.000000|1.000000|1.000000
AEG801_061_7007|13|-12.598614|237.363525|-3.441277|0.000000|105.000160|0.000000|1.000000|1.000000|1.000000
AEG801_061_7008|13|29.930393|237.363525|30.469017|0.000000|-51.999989|0.000000|1.000000|1.000000|1.000000
AEG801_061_7009|13|90.279602|237.363525|42.944271|0.000000|128.500000|0.000000|1.000000|1.000000|1.000000
AEG801_061_7010|13|52.006474|237.363525|-3.185442|0.000000|113.500130|0.000000|1.000000|1.000000|1.000000
AEG801_061_7011|13|20.261013|237.363525|51.640118|0.000000|-164.999878|0.000000|1.000000|1.000000|1.000000
AEG801_061_7012|13|-36.380466|237.365662|31.771973|-0.008263|15.000148|0.017977|1.000000|1.000000|1.000000
AEG801_061_7013|13|-14.529737|237.366394|59.784382|-0.018924|-164.999878|-0.005765|1.000000|1.000000|1.000000
AEG801_061_7014|13|-72.300278|237.378983|73.723862|-0.043126|-66.499832|0.112343|1.000000|1.000000|1.000000
AEG801_061_7015|13|-79.001755|237.412659|90.671234|-0.028297|-52.000023|-0.027652|1.000000|1.000000|1.000000
AEG801_061_7016|13|-11.049061|237.363525|-4.502129|0.000000|-164.999878|0.000000|1.000000|1.000000|1.000000
AEG801_061_7017|13|-21.483109|237.363525|90.494370|0.000000|128.500000|0.000000|1.000000|1.000000|1.000000
AEG801_061_7018|13|85.618698|237.363525|-7.609458|0.000000|113.500130|0.000000|1.000000|1.000000|1.000000
AEG801_061_7019|13|91.583069|237.363525|-10.293194|0.000000|-66.499886|0.000000|1.000000|1.000000|1.000000
AEG801_061_7021|13|49.358791|237.363525|-1.432978|0.000000|-66.499886|0.000000|1.000000|1.000000|1.000000
AEG801_061_7022|13|65.834488|237.363525|-19.685738|0.000000|113.500130|0.000000|1.000000|1.000000|1.000000
AEG801_061_7023|13|28.250864|237.363525|-17.509975|0.000000|-66.499886|0.000000|1.000000|1.000000|1.000000
AEG801_061_7025|13|49.339066|237.363525|53.096817|0.000000|-128.500015|0.000000|1.000000|1.000000|1.000000
AEG801_061_7029|13|-52.700462|237.365723|83.543159|-0.019046|-66.499901|-0.005348|1.000000|1.000000|1.000000
AEG801_061_7030|13|-55.669197|236.504196|81.106926|0.000000|113.500130|0.000000|1.000000|1.000000|1.000000
AEG801_061_7032|13|110.216385|237.363525|78.407120|0.000000|23.999989|0.000000|1.000000|1.000000|1.000000
AEG801_061_7033|13|35.325569|237.363525|80.030190|0.000000|-61.499878|0.000000|1.000000|1.000000|1.000000
AEG801_061_7034|13|31.124805|237.363525|60.385216|0.000000|118.500137|0.000000|1.000000|1.000000|1.000000
AEG801_061_7035|13|52.776878|237.363525|80.786026|0.000000|128.500000|0.000000|1.000000|1.000000|1.000000
AEG801_061_7036|13|-62.296539|233.026169|13.170071|0.000000|-9.499882|0.000000|1.000000|1.000000|1.000000
AEG801_061_7039|13|-7.565166|237.363525|-27.805235|0.000000|-57.999889|0.000000|1.000000|1.000000|1.000000
AEG801_061_7040|13|-34.318535|237.363525|-37.437244|0.000000|-57.999889|0.000000|1.000000|1.000000|1.000000
AEG801_061_7041|13|-37.660954|237.363525|-32.116684|0.000000|122.000114|0.000000|1.000000|1.000000|1.000000
AEG801_061_7042|13|56.914162|237.363525|-63.166870|0.000000|-149.999878|0.000000|1.000000|1.000000|1.000000
AEG801_061_7048|13|-54.666809|237.363525|8.135992|0.000000|-41.999855|0.000000|1.000000|1.000000|1.000000
AEG801_061_7049|13|-35.805473|237.363525|-3.072698|0.000000|138.000137|0.000000|1.000000|1.000000|1.000000
AEG801_061_7050|13|-47.529186|237.363525|9.243490|0.000000|138.000137|0.000000|1.000000|1.000000|1.000000
AEG801_061_7051|13|24.349646|237.363525|-67.371605|0.000000|166.500168|0.000000|1.000000|1.000000|1.000000
AEG801_061_7052|13|11.070807|237.363525|-52.804058|0.000000|-13.499862|0.000000|1.000000|1.000000|1.000000
AEG801_061_7053|13|24.155809|237.363525|-64.202415|0.000000|-13.499862|0.000000|1.000000|1.000000|1.000000
AEG801_061_7054|13|83.266769|237.363525|-50.712845|0.000000|-16.499861|0.000000|1.000000|1.000000|1.000000
AEG801_061_7055|13|110.256195|237.363525|-91.203789|0.000000|163.500122|0.000000|1.000000|1.000000|1.000000
AEG801_061_7056|13|102.023331|237.363525|-60.840218|0.000000|163.500122|0.000000|1.000000|1.000000|1.000000
AEG801_061_7057|13|50.775585|237.363525|31.677275|0.000000|-92.499870|0.000000|1.000000|1.000000|1.000000
AEG801_061_7058|13|83.694809|237.363525|29.668306|0.000000|87.500130|0.000000|1.000000|1.000000|1.000000
AEG801_061_7059|13|53.753044|237.363525|20.540565|0.000000|87.500130|0.000000|1.000000|1.000000|1.000000
AEG801_061_7060|13|43.970036|237.363525|-48.832886|0.000000|-152.999893|0.000000|1.000000|1.000000|1.000000
AEG801_061_7061|13|38.840084|237.363525|-39.759819|0.000000|27.000109|0.000000|1.000000|1.000000|1.000000
AEG801_061_7062|13|-66.388023|237.363525|-77.055191|0.000000|10.781143|0.000000|1.000000|1.000000|1.000000
AEG801_061_7063|13|-24.318113|237.363525|-64.596359|0.000000|128.500000|0.000000|1.000000|1.000000|1.000000
AEG801_061_7064|13|-79.328934|237.363525|-9.442109|0.000000|60.000126|0.000000|1.000000|1.000000|1.000000
AEG801_061_7065|13|-69.258835|237.363525|-23.958010|0.000000|-119.999908|0.000000|1.000000|1.000000|1.000000
AEG801_061_7066|13|-60.134857|237.363525|-18.828056|0.000000|-119.999908|0.000000|1.000000|1.000000|1.000000
AEG801_061_7067|13|-133.528702|237.363434|98.374207|0.000000|55.000111|0.000000|1.000000|1.000000|1.000000
AEG801_061_7068|13|-102.573776|237.364655|125.334236|0.000000|55.000111|0.000000|1.000000|1.000000|1.000000
AEG801_061_7070|13|-62.164589|237.363525|118.170822|0.000000|55.000111|0.000000|1.000000|1.000000|1.000000
AEG801_061_7073|13|7.916979|237.363525|-90.318542|0.000000|-13.246014|0.000000|1.000000|1.000000|1.000000
AEG801_061_7074|13|31.140387|237.363525|-120.249542|0.000000|-98.650383|0.000000|1.000000|1.000000|1.000000
AEG801_061_7075|13|-38.483128|237.363525|-90.303116|0.000000|-63.237343|0.000000|1.000000|1.000000|1.000000
AEG801_061_7101|13|-35.566986|237.363342|39.800934|0.000000|93.500107|0.000000|1.000000|1.000000|1.000000
AEG801_061_7102|13|88.645111|237.363525|57.222366|0.000000|28.500160|0.000000|1.000000|1.000000|1.000000
AEG801_061_7103|13|116.662643|237.363525|59.918205|0.000000|-49.844902|0.000000|1.000000|1.000000|1.000000
AEG801_061_7104|13|88.461464|237.363525|55.190048|0.000000|28.500160|0.000000|1.000000|1.000000|1.000000
AEG801_061_7105|13|59.794064|237.363525|23.838770|0.000000|177.500153|0.000000|1.000000|1.000000|1.000000
AEG801_061_7106|13|120.321999|237.363525|1.714604|0.000000|93.271912|0.000000|1.000000|1.000000|1.000000
AEG801_061_7107|13|66.758591|237.363525|-98.928116|0.000000|57.628265|0.000000|1.000000|1.000000|1.000000
AEG801_061_7108|13|48.143948|237.363525|-113.393967|0.000000|171.349655|0.000000|1.000000|1.000000|1.000000
AEG801_061_7109|13|117.960335|237.363525|-92.269562|0.000000|-106.499832|0.000000|1.000000|1.000000|1.000000
AEG801_061_7110|13|63.341831|237.363525|53.210617|0.000000|177.500153|0.000000|1.000000|1.000000|1.000000
AEG801_061_7111|13|-7.347996|237.363525|62.966026|0.000000|64.713440|0.000000|1.000000|1.000000|1.000000
AEG801_061_7113|13|14.587642|237.363525|-38.219009|0.000000|-119.178757|0.000000|1.000000|1.000000|1.000000
AEG801_061_7114|13|-25.893187|237.363525|5.212360|0.000000|-66.499886|0.000000|1.000000|1.000000|1.000000
AEG801_061_7116|13|-23.771393|237.363525|60.487183|0.000000|-149.999878|0.000000|1.000000|1.000000|1.000000
AEG801_061_7120|13|78.000999|237.363525|10.944477|0.000000|-87.939384|0.000000|1.000000|1.000000|1.000000
AEG801_061_7124|13|123.448395|237.363525|27.885666|0.000000|120.000114|0.000000|1.000000|1.000000|1.000000
AEG801_061_7125|13|-44.825024|237.363525|62.236942|0.000000|113.500130|0.000000|1.000000|1.000000|1.000000
AEG801_061_7126|13|-31.936077|237.363525|24.315889|0.000000|113.500130|0.000000|1.000000|1.000000|1.000000
AEG801_061_7131|13|91.346443|237.363525|103.588989|0.000000|70.837776|0.000000|1.000000|1.000000|1.000000
AEG801_061_7132|13|95.278511|237.363525|108.133888|0.000000|70.837776|0.000000|1.000000|1.000000|1.000000
AEG801_061_7133|13|69.221680|237.363525|111.744827|0.000000|26.338436|0.000000|1.000000|1.000000|1.000000
AEG801_061_7134|13|73.737404|237.363525|94.281410|0.000000|-19.162212|0.000000|1.000000|1.000000|1.000000
AEG801_061_7135|13|60.040123|237.363525|66.544762|0.000000|160.837830|0.000000|1.000000|1.000000|1.000000
AEG801_061_7136|13|97.787521|237.363525|78.078186|0.000000|70.837776|0.000000|1.000000|1.000000|1.000000
AEG801_061_7137|13|94.699104|237.363525|-73.468582|0.000000|50.716236|0.000000|1.000000|1.000000|1.000000
AEG801_061_7138|13|71.353958|237.363525|-102.362587|0.000000|-32.371750|0.000000|1.000000|1.000000|1.000000
AEG801_061_7139|13|-25.978371|237.364792|83.533737|0.000000|23.500122|0.000000|1.000000|1.000000|1.000000
AEG801_061_7189|13|90.427834|237.363525|-112.859367|0.000000|-87.138947|0.000000|1.000000|1.000000|1.000000
AEG801_061_7190|13|98.509956|237.363525|-102.995094|0.000000|-177.138947|0.000000|1.000000|1.000000|1.000000
AEG801_061_7191|13|72.838242|237.363525|-8.951139|0.000000|-146.213959|0.000000|1.000000|1.000000|1.000000
AEG801_061_7192|13|70.597771|237.363525|-9.540239|0.000000|-146.213959|0.000000|1.000000|1.000000|1.000000
AEG801_061_7193|13|87.811020|237.363525|-35.921291|0.000000|-11.844457|0.000000|1.000000|1.000000|1.000000
AEG801_061_7194|13|86.665413|237.363525|-37.934826|0.000000|-11.844457|0.000000|1.000000|1.000000|1.000000
AEG801_061_7195|13|90.662155|237.363525|-49.260208|0.000000|-101.844444|0.000000|1.000000|1.000000|1.000000
AEG801_061_7196|13|93.436546|237.363525|-64.434235|0.000000|88.804893|0.000000|1.000000|1.000000|1.000000
AEG801_061_7197|13|39.696079|237.363525|-25.278576|0.000000|-57.506107|0.000000|1.000000|1.000000|1.000000
AEG801_061_7198|13|4.702127|237.363525|-72.776939|0.000000|-13.246014|0.000000|1.000000|1.000000|1.000000
AEG801_061_7199|13|1.404089|237.363525|-59.410072|0.000000|-103.245995|0.000000|1.000000|1.000000|1.000000
AEG801_061_7200|13|-9.891232|237.363525|-51.682903|0.000000|19.430969|0.000000|1.000000|1.000000|1.000000
AEG801_061_7201|13|-24.641579|237.363525|-20.816013|0.000000|166.754028|0.000000|1.000000|1.000000|1.000000
AEG801_061_7202|13|-41.332466|237.363525|-58.898342|0.000000|166.754028|0.000000|1.000000|1.000000|1.000000
AEG801_061_7203|13|-46.355854|237.363525|-34.703743|0.000000|99.697960|0.000000|1.000000|1.000000|1.000000
AEG801_061_7204|13|45.262539|237.363525|-70.998657|0.000000|-149.999878|0.000000|1.000000|1.000000|1.000000
AEG801_061_7205|13|80.766693|237.363525|-53.118481|0.000000|120.748703|0.000000|1.000000|1.000000|1.000000
AEG801_061_7206|13|54.197254|237.363525|-47.302422|0.000000|163.500183|0.000000|1.000000|1.000000|1.000000
AEG801_061_7207|13|83.249390|237.363525|15.596489|0.000000|-2.499894|0.000000|1.000000|1.000000|1.000000
AEG801_061_7208|13|89.497421|237.363525|36.132454|0.000000|-2.499894|0.000000|1.000000|1.000000|1.000000
AEG801_061_7209|13|20.003605|237.363525|47.651417|0.000000|105.000160|0.000000|1.000000|1.000000|1.000000
AEG801_061_7210|13|29.717304|237.363525|37.722656|0.000000|64.713440|0.000000|1.000000|1.000000|1.000000
AEG801_061_7211|13|-36.162857|237.363525|117.815559|0.000000|55.000111|0.000000|1.000000|1.000000|1.000000
AEG801_061_7212|13|-66.079948|237.363525|127.637695|0.000000|-34.999905|0.000000|1.000000|1.000000|1.000000
AEG801_061_7213|13|-27.715206|237.364792|99.739906|0.000000|-66.499886|0.000000|1.000000|1.000000|1.000000
AEG801_061_7214|13|-40.488853|237.363525|79.701828|0.000000|5.634151|0.000000|1.000000|1.000000|1.000000
AEG801_061_7215|13|75.450546|237.363525|-41.513527|0.000000|-101.844444|0.000000|1.000000|1.000000|1.000000
AEG801_061_7216|13|110.663956|237.363525|-67.245193|0.000000|-39.283772|0.000000|1.000000|1.000000|1.000000
AEG801_061_7217|13|107.519157|237.363525|20.082088|0.000000|136.500046|0.000000|1.000000|1.000000|1.000000
AEG801_061_7218|13|91.966095|237.363525|9.270454|0.000000|-92.499916|0.000000|1.000000|1.000000|1.000000
AEG801_061_7219|13|-16.739038|237.363525|-101.941078|0.000000|166.754028|0.000000|1.000000|1.000000|1.000000
AEG801_061_7220|13|94.675545|237.363525|-92.150421|0.000000|-169.888870|0.000000|1.000000|1.000000|1.000000
AEG801_061_7221|13|-91.997971|237.412659|100.198822|-0.028297|-142.000000|-0.027652|1.000000|1.000000|1.000000
AEG801_064_7378|13|-123.440201|237.363983|41.071716|0.000000|163.533020|0.000000|1.000000|1.000000|1.000000
AEG801_111_7005|13|-55.462864|239.937027|-115.283455|0.000000|56.253040|0.000000|0.799009|0.799009|0.799009
AEG801_111_7006|13|-43.794159|239.524902|-124.153343|0.000000|-33.757500|0.000000|0.799009|0.799009|0.799009
AEG801_111_7007|13|-48.044399|238.300507|-97.483391|0.000000|-123.757507|0.000000|0.799009|0.799009|0.799009
AEG801_111_7008|13|-97.030670|238.264893|-14.659293|0.000000|-123.761269|0.000000|0.799010|0.799009|0.799009
AEG801_111_7009|13|-95.476898|238.488342|-23.940668|0.000000|146.238724|0.000000|0.799009|0.799009|0.799009
AEG801_111_7021|13|-118.561722|237.858154|83.688484|0.000000|-14.658800|0.000000|1.000000|1.000000|1.000000
AEG801_111_7022|13|16.545681|237.899658|94.016113|0.000000|-123.619553|0.000000|0.799009|0.799009|0.799009
AEG801_210_7035|13|67.389587|237.916214|-20.180031|0.000000|-94.500008|0.000000|1.000000|1.000000|1.000000
AEG801_210_7037|13|22.592537|237.916214|53.653107|0.000000|48.984627|0.000000|1.000000|1.000000|1.000000
AEG801_210_7038|13|-0.809441|237.916214|38.758774|0.000000|76.999931|0.000000|1.000000|1.000000|1.000000
AEG801_210_7039|13|30.211689|237.916214|31.806915|0.000000|167.000015|0.000000|1.000000|1.000000|1.000000
AEG801_210_7040|13|-12.025997|237.916214|-3.061928|0.000000|167.000015|0.000000|1.000000|1.000000|1.000000
AEG801_210_7041|13|52.425632|237.916214|81.523575|0.000000|90.499954|0.000000|1.000000|1.000000|1.000000
AEG801_210_7042|13|50.312027|237.916214|52.674892|0.000000|90.499985|0.000000|1.000000|1.000000|1.000000
AEG801_210_7044|13|-73.386116|237.916214|73.960655|0.033632|-94.500053|0.117206|1.000000|1.000000|1.000000
AEG801_210_7045|13|-53.834705|237.916214|81.453140|0.000000|175.499954|0.000000|1.000000|1.000000|1.000000
AEG801_210_7046|13|50.557011|237.916214|-2.467279|0.000000|175.500000|0.000000|1.000000|1.000000|1.000000
AEG801_210_7047|13|25.866970|237.916214|-17.729370|0.000000|-94.500008|0.000000|1.000000|1.000000|1.000000
AEG801_210_7048|13|110.826843|237.916214|10.767146|0.000000|85.500008|0.000000|1.000000|1.000000|1.000000
AEG801_210_7049|13|77.267334|237.916214|13.728181|0.000000|81.608238|0.000000|1.000000|1.000000|1.000000
AEG801_210_7050|13|90.190247|237.916214|-8.514725|0.000000|-4.500012|0.000000|1.000000|1.000000|1.000000
AEG801_210_7051|13|-79.529518|237.916214|92.331604|-0.017436|167.000031|0.041637|1.000000|1.000000|1.000000
AEG801_210_7052|13|-36.098232|237.916214|33.322262|0.027102|-103.000008|0.006939|1.000000|1.000000|1.000000
AEG801_210_7053|13|-14.788122|237.916214|58.172638|0.027539|-12.999991|-0.004947|1.000000|1.000000|1.000000
AEG801_210_7054|13|-67.238739|237.916214|19.041718|0.000000|142.500031|0.000000|1.000000|1.000000|1.000000
AEG801_210_7055|13|-47.812740|237.916214|52.174583|0.000000|-127.500000|0.000000|1.000000|1.000000|1.000000
AEG801_210_7056|13|-9.030122|237.916214|-27.086514|0.000000|94.000053|0.000000|1.000000|1.000000|1.000000
AEG801_210_7057|13|-37.255836|237.916214|-34.769016|0.000000|-176.000031|0.000000|1.000000|1.000000|1.000000
AEG801_210_7058|13|56.962624|237.916214|-63.902245|0.000000|2.000023|0.000000|1.000000|1.000000|1.000000
AEG801_210_7059|13|62.658730|237.916214|-87.690109|0.000000|91.999954|0.000000|1.000000|1.000000|1.000000
AEG801_210_7062|13|-47.458954|237.916214|11.395271|0.000000|20.000013|0.000000|1.000000|1.000000|1.000000
AEG801_210_7063|13|-34.481659|237.916214|-4.926951|0.000000|110.000023|0.000000|1.000000|1.000000|1.000000
AEG801_210_7064|13|24.050892|237.916214|-65.781815|0.000000|-131.499985|0.000000|1.000000|1.000000|1.000000
AEG801_210_7065|13|10.600601|237.916214|-51.783764|0.000000|-41.499996|0.000000|1.000000|1.000000|1.000000
AEG801_210_7066|13|84.950218|237.916214|-50.092308|0.000000|45.500011|0.000000|1.000000|1.000000|1.000000
AEG801_210_7067|13|99.700455|237.916214|-67.304062|0.000000|135.500000|0.000000|1.000000|1.000000|1.000000
AEG801_210_7068|13|51.270927|237.916214|31.382547|0.000000|-30.500002|0.000000|1.000000|1.000000|1.000000
AEG801_210_7069|13|84.799660|237.916214|30.781059|0.000000|59.500011|0.000000|1.000000|1.000000|1.000000
AEG801_210_7070|13|37.734566|237.916214|-40.892662|0.000000|-91.000008|0.000000|1.000000|1.000000|1.000000
AEG801_210_7071|13|-77.777802|237.916214|-9.536830|0.000000|121.999992|0.000000|1.000000|1.000000|1.000000
AEG801_210_7072|13|-69.542778|237.916214|-25.723833|0.000000|-148.000000|0.000000|1.000000|1.000000|1.000000
AEG801_210_7073|13|-132.239441|237.916214|99.435104|0.000000|-153.000000|0.000000|1.000000|1.000000|1.000000
AEG801_210_7075|13|-60.930611|237.916214|119.238495|0.000000|-153.000000|0.000000|1.000000|1.000000|1.000000
AEG801_210_7076|13|-104.089455|237.916214|125.021919|-0.009807|167.000015|-0.006229|1.000000|1.000000|1.000000
AEG801_210_7077|13|-24.330151|237.916214|-75.252151|0.000000|138.500031|0.000000|1.000000|1.000000|1.000000
AEG801_210_7078|13|-41.445908|237.916214|-72.909485|0.000000|-131.499985|0.000000|1.000000|1.000000|1.000000
AEG801_210_7079|13|-15.382397|237.916214|-100.963455|0.000000|-41.499920|0.000000|1.000000|1.000000|1.000000
AEG801_210_7080|13|40.079578|237.916214|-107.443436|0.000000|138.500031|0.000000|1.000000|1.000000|1.000000
AEG801_210_7081|13|-57.792267|237.916214|-64.751785|0.000000|-131.499893|0.000000|1.000000|1.000000|1.000000
AEG801_210_7082|13|73.322884|237.916214|93.358055|0.000000|-28.206373|0.000000|1.000000|1.000000|1.000000
AEG801_210_7083|13|112.749802|237.916214|54.981247|0.000000|-30.500002|0.000000|1.000000|1.000000|1.000000
AEG801_210_7096|13|76.290817|237.916214|-112.247772|0.000000|-38.479286|0.000000|1.000000|1.000000|1.000000
AEG801_210_7097|13|-35.805790|237.916214|119.572762|0.000000|117.000038|0.000000|1.000000|1.000000|1.000000
AEG801_210_7098|13|96.396500|237.916214|-91.522324|0.000000|45.500011|0.000000|1.000000|1.000000|1.000000
AEG801_220_7243|13|-21.217716|237.363525|89.614609|0.000000|103.499947|0.000000|1.000000|1.000000|1.000000
AEG801_220_7244|13|-26.327480|237.363525|90.299500|0.000000|-166.499985|0.000000|1.500000|1.500000|1.500000
AEG801_220_7245|13|-22.075798|237.363525|93.196587|0.000000|13.499997|0.000000|1.250000|1.250000|1.250000
AEG801_220_7246|13|-30.075819|237.363525|98.631058|0.000000|-76.500008|0.000000|1.250000|1.250000|1.250000
AEG801_220_7247|13|125.175102|237.363281|27.020338|0.000000|16.499975|0.000000|0.900000|0.900000|0.900000
AEG801_220_7251|13|-2.083275|237.363281|82.141205|0.000000|16.499975|0.000000|0.900000|0.900000|0.900000
AEG801_220_7252|13|90.813080|237.363525|43.434719|0.000000|-166.499985|0.000000|1.500000|1.500000|1.500000
AEG801_220_7253|13|-8.976192|237.363281|63.044819|0.000000|-73.500038|0.000000|1.000000|1.000000|1.000000
AEG801_220_7254|13|-46.695328|237.363647|88.028961|0.000000|-134.732513|0.000000|1.250000|1.250000|1.250000
AEG801_220_7256|13|-26.746502|237.363525|100.172989|0.000000|103.499947|0.000000|1.000000|1.000000|1.000000
AEG801_220_7257|13|112.509293|237.363525|79.999619|0.000000|-1.000004|0.000000|1.000000|1.000000|1.000000
AEG801_220_7258|13|113.716736|237.363525|71.973862|0.000000|-91.000008|0.000000|1.250000|1.250000|1.250000
AEG801_220_7259|13|91.306778|237.363525|41.905266|0.000000|103.499947|0.000000|1.000000|1.000000|1.000000
AEG801_220_7260|13|88.304619|237.363525|40.459702|0.000000|13.499997|0.000000|1.250000|1.250000|1.250000
AEG801_220_7261|13|62.259850|237.363525|50.006500|0.000000|173.500015|0.000000|1.250000|1.250000|1.250000
AEG801_220_7262|13|62.289722|237.363525|54.381374|0.000000|-6.500000|0.000000|1.000000|1.000000|1.000000
AEG801_220_7263|13|117.825333|237.363281|28.581831|0.000000|16.499975|0.000000|0.900000|0.900000|0.900000
AEG801_220_7264|13|113.848190|237.363525|19.244402|0.000000|-50.220566|0.000000|1.250000|1.250000|1.250000
AEG801_220_7265|13|111.430283|237.363525|19.061773|0.000000|129.779404|0.000000|1.000000|1.000000|1.000000
AEG801_220_7268|13|-66.998718|237.363525|99.946083|0.000000|-76.500008|0.000000|1.250000|1.250000|1.250000
AEG801_220_7269|13|-71.290512|237.363525|99.089622|0.000000|103.499947|0.000000|1.000000|1.000000|1.000000
AEG801_220_7271|13|59.822422|237.363281|65.046196|0.000000|21.499969|0.000000|1.500000|1.500000|1.500000
AEG801_220_7272|13|111.097763|237.363525|75.900208|0.000000|88.999977|0.000000|1.500000|1.500000|1.500000
AEG801_220_7273|13|-61.642693|237.458206|-61.719147|-0.149629|-28.849281|0.155510|1.000000|1.000000|1.000000
AEG801_220_7274|13|-63.831421|237.363525|-76.088791|0.000000|75.781158|0.000000|1.500000|1.500000|1.500000
AEG801_220_7276|13|-65.091858|237.463394|-59.191776|0.145428|151.150803|-0.166635|1.250000|1.250000|1.250000
AEG801_220_7277|13|-67.168671|237.363525|-77.353592|0.000000|-14.218906|0.000000|1.000000|1.000000|1.000000
AEG801_220_7278|13|-23.350431|237.363525|-67.214989|0.000000|103.499947|0.000000|1.000000|1.000000|1.000000
AEG801_220_7279|13|-20.431322|237.363525|-85.456772|0.000000|103.499947|0.000000|1.000000|1.000000|1.000000
AEG801_220_7280|13|-26.965834|237.363525|-64.822006|0.000000|-166.499985|0.000000|1.500000|1.500000|1.500000
AEG801_220_7281|13|-16.139528|237.363525|-84.600311|0.000000|-76.500008|0.000000|1.250000|1.250000|1.250000
AEG801_220_7282|13|-31.422850|237.363525|-66.374474|0.000000|13.499997|0.000000|1.250000|1.250000|1.250000
AEG801_220_7283|13|8.778404|237.363525|-87.663055|0.000000|-38.246037|0.000000|1.000000|1.000000|1.000000
AEG801_220_7284|13|10.135874|237.363525|-91.780685|0.000000|51.754005|0.000000|1.500000|1.500000|1.500000
AEG801_220_7285|13|14.597058|237.363525|-93.321121|0.000000|-128.246017|0.000000|1.250000|1.250000|1.250000
AEG801_220_7286|13|-92.232956|237.363525|99.046616|0.000000|78.689461|0.000000|1.250000|1.250000|1.250000
AEG801_220_7287|13|-90.836456|237.363525|101.527283|0.000000|-101.310593|0.000000|1.000000|1.000000|1.000000
AEG801_220_7288|13|28.562458|237.363525|-119.178123|0.000000|-123.650398|0.000000|1.000000|1.000000|1.000000
AEG801_220_7289|13|32.775612|237.363525|-118.154930|0.000000|-33.650391|0.000000|1.500000|1.500000|1.500000
AEG801_220_7290|13|-39.963276|237.363525|-87.936089|0.000000|-88.237373|0.000000|1.000000|1.000000|1.000000
AEG801_220_7291|13|-35.936668|237.363525|-89.543579|0.000000|1.762671|0.000000|1.500000|1.500000|1.500000
AEG801_220_7292|13|1.809453|237.363525|-7.823820|0.000000|-126.755348|0.000000|1.250000|1.250000|1.250000
AEG801_220_7293|13|1.141556|237.363525|-10.166951|0.000000|53.244598|0.000000|1.000000|1.000000|1.000000
AEG801_220_7294|13|53.747566|237.363525|20.815760|0.000000|143.244675|0.000000|1.250000|1.250000|1.250000
AEG801_220_7295|13|83.142563|237.363525|-11.765538|0.000000|84.203026|0.000000|1.000000|1.000000|1.000000
AEG801_220_7296|13|84.348984|237.363525|-8.944918|0.000000|-95.796936|0.000000|1.250000|1.250000|1.250000
AEG801_220_7297|13|73.804459|237.363525|-72.564636|0.000000|22.280256|0.000000|1.000000|1.000000|1.000000
AEG801_220_7298|13|70.663635|237.363525|-71.353058|0.000000|-157.719711|0.000000|1.250000|1.250000|1.250000
AEG801_220_7299|13|-33.106918|237.363525|-7.243467|0.000000|154.472794|0.000000|1.250000|1.250000|1.250000
AEG801_220_7300|13|60.530396|237.363525|22.695772|0.000000|103.500015|0.000000|1.500000|1.500000|1.500000
AEG801_220_7301|13|89.295074|237.363525|58.454853|0.000000|5.727412|0.000000|1.250000|1.250000|1.250000
AEG801_220_7302|13|56.409210|237.363525|25.321520|0.000000|39.779396|0.000000|1.000000|1.000000|1.000000
AEG801_220_7303|13|122.463242|237.363525|1.654889|0.000000|68.271858|0.000000|1.000000|1.000000|1.000000
AEG801_220_7304|13|118.772438|237.363525|-0.193912|0.000000|-21.728098|0.000000|1.250000|1.250000|1.250000
AEG801_220_7305|13|120.375999|237.363525|2.908187|0.000000|158.271912|0.000000|1.500000|1.500000|1.500000
AEG801_220_7306|13|-6.063316|237.363525|-112.363609|0.000000|-79.790291|0.000000|1.000000|1.000000|1.000000
AEG801_220_7307|13|-5.013808|237.363525|-110.879364|0.000000|100.209747|0.000000|1.500000|1.500000|1.500000
AEG801_220_7308|13|69.864365|237.363525|-102.235336|0.000000|-57.371738|0.000000|1.250000|1.250000|1.250000
AEG801_220_7309|13|66.296738|237.363525|-100.008804|0.000000|122.628273|0.000000|1.500000|1.500000|1.500000
AEG801_220_7310|13|67.710297|237.363525|-97.730637|0.000000|32.628242|0.000000|1.000000|1.000000|1.000000
AEG801_220_7311|13|110.716202|237.363525|-89.690369|0.000000|176.069321|0.000000|1.000000|1.000000|1.000000
AEG801_220_7312|13|71.364464|237.363525|108.708466|0.000000|83.500107|0.000000|1.250000|1.250000|1.250000
AEG801_220_7313|13|77.630913|237.363525|96.161804|0.000000|146.979904|0.000000|1.250000|1.250000|1.250000
AEG801_220_7314|13|79.888023|237.363525|98.083900|0.000000|-123.020096|0.000000|1.000000|1.000000|1.000000
AEG801_220_7315|13|114.235245|237.363525|46.347130|0.000000|128.657440|0.000000|1.000000|1.000000|1.000000
AEG801_220_7316|13|117.071793|237.363525|47.515602|0.000000|-51.342541|0.000000|1.250000|1.250000|1.250000
AEG801_220_7320|13|-43.560398|237.363525|61.390221|0.000000|69.452271|0.000000|1.000000|1.000000|1.000000
AEG801_220_7322|13|-45.664005|237.363525|62.666042|0.000000|-15.996889|0.000000|1.250000|1.250000|1.250000
AEG801_220_7325|13|-5.224787|237.363525|61.945560|0.000000|42.011929|0.000000|1.000000|1.000000|1.000000
AEG801_220_7327|13|-24.422365|237.363525|3.664326|0.000000|-23.395403|0.000000|1.500000|1.500000|1.500000
AEG801_220_7328|13|-26.666241|237.363525|4.312329|0.000000|-113.395493|0.000000|1.000000|1.000000|1.000000
AEG801_220_7329|13|-30.391508|237.363525|26.221687|0.000000|66.604599|0.000000|1.250000|1.250000|1.250000
AEG801_220_7330|13|94.968254|237.363525|107.825897|0.000000|48.065071|0.000000|1.250000|1.250000|1.250000
AEG801_220_7331|13|93.076500|237.363525|101.294296|0.000000|116.512344|0.000000|1.000000|1.000000|1.000000
AEG801_220_7332|13|68.717636|237.363525|112.480453|0.000000|146.979904|0.000000|1.000000|1.000000|1.000000
AEG801_220_7333|13|81.864037|237.363525|87.923882|0.000000|98.215263|0.000000|1.250000|1.250000|1.250000
AEG801_220_7334|13|94.968582|237.363525|-74.707092|0.000000|106.460831|0.000000|1.250000|1.250000|1.250000
AEG801_220_7335|13|95.260902|237.363525|-77.175293|0.000000|-67.719749|0.000000|1.000000|1.000000|1.000000
AEG801_220_7336|13|109.825745|237.363525|-95.313393|0.000000|112.280266|0.000000|1.000000|1.000000|1.000000
AEG801_220_7391|13|91.280930|237.363525|-109.173058|0.000000|154.425049|0.000000|1.000000|1.000000|1.000000
AEG801_220_7392|13|90.857399|237.363525|-112.201805|0.000000|-31.394354|0.000000|1.250000|1.250000|1.250000
AEG801_220_7393|13|70.387337|237.363525|-9.573156|0.000000|-168.986633|0.000000|1.250000|1.250000|1.250000
AEG801_220_7394|13|87.934639|237.363525|-35.747841|0.000000|-34.617149|0.000000|1.250000|1.250000|1.250000
AEG801_220_7395|13|39.801647|237.363525|-25.397518|0.000000|-1.761553|0.000000|1.250000|1.250000|1.250000
AEG801_220_7396|13|41.566093|237.363525|-23.504246|0.000000|-175.942108|0.000000|1.000000|1.000000|1.000000
AEG801_220_7397|13|5.405161|237.363525|-72.814468|0.000000|-25.447683|0.000000|1.500000|1.500000|1.500000
AEG801_220_7398|13|4.927834|237.363525|-75.905914|0.000000|-128.246017|0.000000|1.000000|1.000000|1.000000
AEG801_220_7399|13|2.033788|237.363525|-59.016472|0.000000|51.754025|0.000000|1.250000|1.250000|1.250000
AEG801_220_7400|13|-7.740155|237.363525|-53.103493|0.000000|-99.005051|0.000000|1.000000|1.000000|1.000000
AEG801_220_7401|13|-9.983237|237.363525|-51.812626|0.000000|75.175499|0.000000|1.250000|1.250000|1.250000
AEG801_220_7402|13|-26.917612|237.363525|-23.197769|0.000000|152.059280|0.000000|1.250000|1.250000|1.250000
AEG801_220_7403|13|-47.392338|237.363525|-37.064018|0.000000|-18.738091|0.000000|1.000000|1.000000|1.000000
AEG801_220_7404|13|-46.499264|237.363525|-34.634995|0.000000|155.442474|0.000000|1.250000|1.250000|1.250000
AEG801_220_7405|13|-60.395088|237.363525|-20.190308|0.000000|-57.105099|0.000000|1.000000|1.000000|1.000000
AEG801_220_7406|13|76.366699|237.363525|-41.159222|0.000000|55.382744|0.000000|1.250000|1.250000|1.250000
AEG801_220_7407|13|72.359039|237.363525|-41.573101|0.000000|-53.034882|0.000000|1.000000|1.000000|1.000000
AEG801_220_7408|13|30.375284|237.363525|37.873703|0.000000|-137.988037|0.000000|1.000000|1.000000|1.000000
AEG801_220_7409|13|45.831436|237.363525|51.203392|0.000000|132.011932|0.000000|1.000000|1.000000|1.000000
AEG801_220_7410|13|44.936081|237.363525|54.026489|0.000000|119.458725|0.000000|1.250000|1.250000|1.250000
AEG801_220_7411|13|-27.239645|237.363281|26.729237|0.000000|-73.500038|0.000000|1.000000|1.000000|1.000000
AEG801_220_7412|13|-55.242882|237.363525|121.566574|0.000000|140.705322|0.000000|1.250000|1.250000|1.250000
AEG801_220_7413|13|-39.430401|237.363525|80.796677|0.000000|-17.067354|0.000000|1.000000|1.000000|1.000000
AEG801_220_7414|13|-40.385551|237.363281|77.419350|0.000000|137.420700|0.000000|1.250000|1.250000|1.250000
AEG801_220_7415|13|62.192360|237.363525|-16.284763|0.000000|-53.034882|0.000000|1.000000|1.000000|1.000000
AEG801_220_7416|13|110.545807|237.363525|-67.826599|0.000000|112.280266|0.000000|1.000000|1.000000|1.000000
AEG801_220_7417|13|105.250893|237.363525|19.817354|0.000000|39.779396|0.000000|1.000000|1.000000|1.000000
AEG801_220_7418|13|91.807938|237.363525|9.397135|0.000000|-50.220615|0.000000|1.000000|1.000000|1.000000
AEG801_220_7419|13|100.735245|237.363525|-102.717712|0.000000|86.069328|0.000000|1.000000|1.000000|1.000000
AEG801_230_7243|13|-1.596451|237.413635|84.189125|0.000000|-73.500061|0.000000|1.000000|1.000000|1.000000
AEG801_230_7244|13|123.103424|236.895020|28.752443|0.000000|-73.500061|0.000000|1.000000|1.000000|1.000000
AEG801_230_7245|13|59.781429|237.366547|67.611404|0.000000|-68.500038|0.000000|1.000000|1.000000|1.000000
AEG801_230_7246|13|52.918827|237.363342|19.566523|0.000000|-102.000061|0.000000|1.000000|1.000000|1.000000
AEG801_230_7247|13|88.355164|237.422668|55.685555|0.000000|-158.500031|0.000000|1.000000|1.000000|1.000000
AEG801_230_7248|13|92.069809|237.355774|36.655273|0.000000|40.563709|0.000000|1.000000|1.000000|1.000000
AEG801_230_7249|13|44.615654|237.355774|-47.040260|0.000000|-139.436249|0.000000|1.000000|1.000000|1.000000
AEG801_230_7250|13|108.978012|237.355774|-91.418999|0.000000|116.471558|0.000000|1.000000|1.000000|1.000000
AEG801_230_7251|13|105.978043|237.355774|-61.121147|0.000000|-8.799146|0.000000|1.000000|1.000000|1.000000
AEG801_230_7252|13|69.757973|237.355774|107.060173|0.000000|-49.436275|0.000000|1.000000|1.000000|1.000000
AEG801_230_7253|13|64.219940|237.422668|51.893654|0.000000|111.499954|0.000000|1.000000|1.000000|1.000000
AEG801_230_7254|13|-6.134235|237.355774|62.930656|0.000000|81.200897|0.000000|1.000000|1.000000|1.000000
AEG801_230_7256|13|14.457854|237.355774|-39.175297|0.000000|-105.615120|0.000000|1.000000|1.000000|1.000000
AEG801_230_7257|13|92.179703|237.422668|108.133621|0.000000|-116.162392|0.000000|1.000000|1.000000|1.000000
AEG801_230_7258|13|95.751862|237.363342|-73.444145|0.000000|-138.783905|0.000000|1.000000|1.000000|1.000000
AEG801_230_7271|13|89.429184|237.363342|-112.612640|0.000000|83.360901|0.000000|1.000000|1.000000|1.000000
AEG801_230_7272|13|73.431000|237.422668|-8.093758|0.000000|26.785891|0.000000|1.000000|1.000000|1.000000
AEG801_230_7273|13|86.863800|237.422668|-38.958111|0.000000|161.155365|0.000000|1.000000|1.000000|1.000000
AEG801_230_7274|13|38.223217|237.363342|-24.544640|0.000000|112.993706|0.000000|1.000000|1.000000|1.000000
AEG801_230_7275|13|-9.509188|237.363342|-50.082272|0.000000|-170.069244|0.000000|1.000000|1.000000|1.000000
AEG801_230_7276|13|-25.397366|237.363342|-21.535225|0.000000|99.930786|0.000000|1.000000|1.000000|1.000000
AEG801_230_7277|13|-44.713673|237.363342|-34.809692|0.000000|-89.802269|0.000000|1.000000|1.000000|1.000000
AEG801_230_7278|13|-59.301186|237.363342|-17.477932|0.000000|-48.928272|0.000000|1.000000|1.000000|1.000000
AEG801_230_7279|13|-41.648727|237.355774|79.970825|0.000000|22.121614|0.000000|1.000000|1.000000|1.000000
AEG801_230_7280|13|89.662750|237.422668|10.588326|0.000000|-102.219604|0.000000|1.000000|1.000000|1.000000
AEG801_231_7250|13|97.544098|237.363525|106.628975|0.005956|131.954575|-0.044687|0.750000|0.750000|0.750000
AEG801_231_7251|13|119.224121|237.363525|30.195742|0.005956|131.954575|-0.044687|0.750000|0.750000|0.750000
AEG801_231_7252|13|1.104923|237.363525|71.302689|0.005956|131.954575|-0.044687|0.750000|0.750000|0.750000
AEG801_231_7256|13|85.618866|237.363525|115.413795|0.005956|-117.545410|-0.044687|0.750000|0.750000|0.750000
AEG801_231_7257|13|-33.671474|237.363525|115.641220|0.005956|131.954575|-0.044687|0.750000|0.750000|0.750000
AEG801_231_7258|13|-47.749893|237.363525|125.140770|0.005956|-117.545410|-0.044687|0.750000|0.750000|0.750000
AEG801_231_7261|13|51.779720|237.363525|113.582542|0.005956|-117.545410|-0.044687|0.750000|0.750000|0.750000
AEG801_231_7262|13|-69.644005|237.363525|-68.117264|0.005956|41.454563|-0.044687|0.750000|0.750000|0.750000
AEG801_231_7263|13|-91.238663|237.363525|-64.925224|0.005956|151.954590|-0.044687|0.750000|0.750000|0.750000
AEG801_231_7264|13|-133.096741|237.364395|19.953072|-0.006830|-123.545433|-0.002343|0.750000|0.750000|0.750000
AEG801_231_7265|13|-41.201855|237.363525|-60.132278|0.005956|5.954576|-0.044687|0.750000|0.750000|0.750000
AEG801_231_7266|13|-23.325220|237.363525|-60.667961|0.005956|-136.545395|-0.044687|0.750000|0.750000|0.750000
AEG801_231_7267|13|33.035904|237.363525|-85.044731|0.005956|-45.576202|-0.044687|0.750000|0.750000|0.750000
AEG801_231_7268|13|70.136024|237.363525|-74.006226|0.005956|-78.045418|-0.044687|0.750000|0.750000|0.750000
AEG801_231_7270|13|-95.656769|237.363525|-90.923492|0.005956|171.454559|-0.044687|0.750000|0.750000|0.750000
AEG801_231_7271|13|-135.247986|237.363525|-96.036110|0.005956|107.753372|-0.044687|0.750000|0.750000|0.750000
AEG801_231_7272|13|-0.199191|237.363525|-90.289497|0.005956|81.708611|-0.044687|0.750000|0.750000|0.750000
AEG801_231_7273|13|-83.177521|237.363525|-97.333633|0.005956|81.454552|-0.044687|0.750000|0.750000|0.750000
AEG801_231_7274|13|-108.063965|237.364395|22.447605|-0.006830|146.454590|-0.002343|0.750000|0.750000|0.750000
AEG801_231_7275|13|-121.845863|237.364395|41.509918|-0.006830|-89.512375|-0.002343|0.750000|0.750000|0.750000
AEG801_231_7277|13|32.139774|237.363342|-7.431702|0.005956|66.954582|-0.044687|0.750000|0.750000|0.750000
AEG801_231_7278|13|-7.214155|237.363342|-67.708000|0.005956|-23.045403|-0.044687|0.750000|0.750000|0.750000
AEG801_231_7279|13|63.219879|237.363525|-92.070740|0.005956|152.582901|-0.044687|0.750000|0.750000|0.750000
AEG801_231_7280|13|120.241867|237.363525|46.874786|0.005956|-100.530968|-0.044687|0.750000|0.750000|0.750000
AEG801_250_7000|13|-52.959286|239.300949|-107.263336|0.000000|-102.482262|0.000000|0.591304|0.591304|0.591304
AEG801_250_7001|13|-55.809231|239.437622|-107.282578|0.000000|99.950035|0.000000|1.000000|1.000000|1.000000
AEG801_250_7002|13|-49.432133|238.292358|-96.240311|0.000000|-157.705353|0.000000|0.681270|0.681270|0.681270
AEG801_250_7003|13|-26.690155|237.881836|-113.613014|0.000000|91.907257|0.000000|0.622091|0.622091|0.622091
AEG801_250_7004|13|-85.405411|238.931503|20.440088|0.000000|156.511780|0.000000|0.600000|0.600000|0.600000
AEG801_250_7005|13|-44.802456|239.433350|-118.606689|0.000000|-167.543488|0.000000|1.000000|1.000000|1.000000
AEG801_250_7006|13|-39.075409|239.349869|-125.766731|0.000000|102.222282|0.000000|0.824504|0.824504|0.824504
AEG801_250_7007|13|-78.742760|244.382736|-123.460564|0.000000|167.874207|0.000000|0.591304|0.591304|0.591304
AEG801_250_7008|13|-77.769501|237.885742|-30.710262|0.000000|12.532227|0.000000|1.000000|1.000000|1.000000
AEG801_250_7009|13|-82.376190|238.111572|-37.491455|0.000000|-77.472504|0.000000|0.792880|0.792880|0.792880
AEG801_250_7010|13|-90.349091|238.343536|-15.290499|0.000000|-77.467812|0.000000|0.903812|0.903812|0.903812
AEG801_250_7011|13|-93.087204|238.148224|-9.788374|0.000000|102.538834|0.000000|0.739299|0.739299|0.739299
AEG801_250_7103|13|122.360527|237.674301|-24.239700|-0.000007|-101.868759|-0.000008|0.591304|0.591304|0.591304
AEG801_250_7104|13|123.905411|237.674301|-25.887924|0.000000|100.322815|0.000000|1.000000|1.000000|1.000000
AEG801_250_7105|13|3.226105|241.781723|114.220093|0.000000|-103.739883|0.000000|0.591304|0.591304|0.591304
AEG801_250_7106|13|11.130106|240.962891|125.094032|0.000000|10.236367|0.000000|1.000000|1.000000|1.000000
AEG801_250_7107|13|18.108915|238.030777|93.892090|0.000000|-101.939812|0.000000|0.591304|0.591304|0.591304
AEG801_250_7108|13|-30.142607|238.036011|-113.653915|0.000000|1.907225|0.000000|0.500000|0.500000|0.500000
AEG801_250_7109|13|-74.913239|237.742783|-66.630707|0.000000|-164.884201|0.000000|0.540165|0.540165|0.540165
AEG801_250_7275|13|-116.578384|238.328369|70.582764|0.000000|-70.397507|0.000000|0.600000|0.600000|0.600000
AEG801_250_7276|13|6.545353|240.952164|127.670135|0.000000|-80.516655|0.000000|0.711061|0.711061|0.711061
AEG801_253_7000|13|-59.626968|239.947632|-112.598389|0.000000|-143.284027|0.000000|0.700000|0.700000|0.700000
AEG801_253_7001|13|-54.388153|239.594376|-110.332268|0.000000|-123.585991|0.000000|0.700000|0.700000|0.700000
AEG801_253_7002|13|-51.485706|238.177200|-94.585236|0.000000|87.259163|0.000000|0.700000|0.700000|0.700000
AEG801_253_7003|13|-48.065895|239.673706|-119.686279|0.000000|50.552250|0.000000|1.000000|1.000000|1.000000
AEG801_253_7004|13|-22.501436|237.702148|-112.686035|0.000000|118.862740|0.000000|0.600000|0.600000|0.600000
AEG801_253_7005|13|-82.946754|239.661148|34.744812|0.000000|-131.461731|0.000000|0.756063|0.756063|0.756063
AEG801_253_7006|13|-56.251740|239.448059|-107.172813|0.000000|-100.709709|0.000000|1.000000|1.000000|1.000000
AEG801_253_7007|13|-99.110893|359.209412|-91.581963|-0.013616|-54.730301|0.011666|1.000000|1.000000|1.000000
AEG801_253_7009|13|-33.770912|237.989502|-108.526543|0.000004|-54.590149|0.000002|0.720318|0.720317|0.720317
AEG801_253_7010|13|-75.228729|237.994400|-46.286320|0.000000|120.120491|0.000000|0.900000|0.900000|0.900000
AEG801_253_7011|13|-95.450615|242.748184|-123.430229|0.000002|149.286911|-0.000001|0.720317|0.720317|0.720317
AEG801_253_7092|13|122.205605|237.674301|-38.422798|-0.010192|-122.978539|-0.006086|0.700000|0.700000|0.700000
AEG801_253_7093|13|123.719391|237.674316|-24.020216|-0.000001|50.718933|-0.000000|0.720317|0.720317|0.720317
AEG801_253_7094|13|106.535172|237.674301|-30.200310|-0.002447|139.296631|0.009125|0.756063|0.756063|0.756063
AEG801_253_7095|13|124.802872|237.674301|-28.183046|-0.000007|-100.126877|-0.000008|1.000000|1.000000|1.000000
AEG801_253_7096|13|22.282646|240.652847|105.095337|0.000000|-123.982796|0.000000|0.700000|0.700000|0.700000
AEG801_253_7098|13|12.201405|240.709518|126.322464|0.000000|-100.725426|0.000000|1.000000|1.000000|1.000000
AEG801_253_7099|13|6.850029|241.145660|125.249931|0.000000|160.420425|0.000000|0.700000|0.700000|0.700000
AEG801_253_7100|13|19.701048|238.018326|94.977287|0.000000|-33.230877|0.000000|0.897330|0.897330|0.897330
AEG801_253_7180|13|-44.253017|239.648941|-126.426018|-0.000002|50.231365|-0.000001|0.720317|0.720317|0.720317
AEG801_253_7181|13|-77.367386|237.867310|-29.008055|0.000000|-95.432198|0.000000|0.900000|0.900000|0.900000
AEG801_253_7182|13|-92.946579|238.447556|-16.257429|0.000000|16.771368|0.000000|0.900000|0.900000|0.900000
AEG801_253_7183|13|-37.463013|238.455551|-111.275383|0.000000|50.712189|0.000000|1.000000|1.000000|1.000000
AEG801_253_7184|13|-120.686752|237.820297|83.487068|0.000000|90.682693|0.000000|0.699911|0.699911|0.699911
AEG801_254_7006|13|-46.312134|240.214996|-130.723633|0.000000|82.927147|0.000000|1.000000|1.000000|1.000000
AEG801_255_7001|13|-53.690521|239.757263|-113.254028|0.000000|146.172531|0.000000|1.000000|1.000000|1.000000
AEG801_255_7006|13|4.276646|241.453079|115.722267|0.000000|92.887505|0.000000|1.000000|1.000000|1.000000
AEG801_255_7025|13|-124.995941|237.963150|71.130142|0.000000|-120.066765|0.000000|0.862191|0.862191|0.862191
AEG801_257_7000|13|-46.285858|239.600449|-121.623291|0.000000|156.869263|0.000000|1.000000|1.000000|1.000000
AEG801_257_7001|13|-95.122772|238.253784|-12.789982|0.000000|66.862282|0.000000|1.000000|1.000000|1.000000
