m413500_0000|0|0.000000|0.000000|0.000000|0.000000|0.000000|0.000000|1.000000|1.000000|1.000000
m413502_0000|0|0.000000|0.000000|0.000000|0.000000|0.000000|0.000000|1.000000|1.000000|1.000000
c0100_9000|2|-75.849998|27.629999|-44.840000|0.000000|-67.239998|0.000000|1.000000|1.000000|1.000000
c1000_9000|2|-54.959999|26.337999|-23.135000|0.000000|16.733999|0.000000|1.000000|1.000000|1.000000
c2271_9000|2|9.817000|0.126000|76.152000|-2.813000|-175.434006|2.610000|1.000000|1.000000|1.000000
c2271_9001|2|-16.191000|0.431000|87.033997|-0.498000|93.176003|3.123000|1.000000|1.000000|1.000000
c2271_9002|2|-4.810000|0.083000|99.931999|-0.421000|83.931999|0.265000|1.000000|1.000000|1.000000
c2271_9003|2|-9.203000|0.100000|102.986000|0.473000|164.533005|0.000000|1.000000|1.000000|1.000000
c2271_9004|2|-12.626000|-0.143000|110.518997|-0.742000|111.877998|2.296000|1.000000|1.000000|1.000000
c2271_9005|2|-2.667000|0.056000|105.181000|2.066000|-32.661999|-1.372000|1.000000|1.000000|1.000000
c2271_9006|2|8.180000|-0.342000|102.500000|-0.902000|-162.953995|2.654000|1.000000|1.000000|1.000000
c4180_9000|2|-60.042000|27.511000|-70.318001|0.000000|77.565002|0.000000|1.000000|1.000000|1.000000
c4180_9001|2|-97.996002|30.733999|-56.258999|0.000000|-145.250000|0.000000|1.000000|1.000000|1.000000
c4180_9002|2|-71.269089|28.313726|-0.967466|0.000000|134.988007|0.000000|1.000000|1.000000|1.000000
c4191_9000|2|-78.271004|20.034000|-122.435997|8.567000|96.374001|9.409000|1.000000|1.000000|1.000000
c6060_9000|2|-38.230862|21.167591|-5.169209|0.000000|150.496002|0.000000|1.000000|1.000000|1.000000
c6060_9002|2|-39.590862|21.807180|-6.698209|4.496000|151.447006|-0.000000|1.000000|1.000000|1.000000
c6060_9003|2|-41.915863|21.843128|-4.884209|0.000000|-111.478996|0.000000|1.000000|1.000000|1.000000
c6060_9005|2|-23.287971|13.858426|20.954958|-0.000000|134.895996|-0.000000|1.000000|1.000000|1.000000
c6060_9006|2|-26.290970|15.780802|13.796961|-0.000000|156.447006|0.000000|1.000000|1.000000|1.000000
c6060_9007|2|-115.861000|29.825001|-27.759001|-4.486000|-48.584000|-4.996000|1.000000|1.000000|1.000000
c6060_9008|2|-120.987000|31.063000|-32.561001|-10.379000|-90.671997|-3.610000|1.000000|1.000000|1.000000
c6060_9009|2|-118.669998|30.632000|-32.450001|-10.987000|-111.114998|0.288000|1.000000|1.000000|1.000000
c6070_9000|2|23.778999|20.507000|38.811001|0.000000|-148.061996|0.000000|1.000000|1.000000|1.000000
c6070_9001|2|26.438999|20.132000|37.868000|0.000000|-179.115005|0.000000|1.000000|1.000000|1.000000
c6070_9002|2|26.389999|19.608000|35.773998|0.000000|145.897995|0.000000|1.000000|1.000000|1.000000
c6070_9003|2|18.027943|17.017607|-27.249834|0.000000|-48.743000|0.000000|1.000000|1.000000|1.000000
c6070_9004|2|19.805424|16.744267|-25.693722|0.000000|-26.404472|0.000000|1.000000|1.000000|1.000000
c6070_9005|2|-12.288000|27.674000|-67.782997|0.000000|-71.303001|0.000000|1.000000|1.000000|1.000000
c6070_9006|2|-16.305000|27.149000|-69.018997|0.000000|-69.232002|0.000000|1.000000|1.000000|1.000000
c6070_9007|2|-14.154000|27.566000|-68.014000|0.000000|25.260000|0.000000|1.000000|1.000000|1.000000
c6070_9008|2|-45.734001|12.649000|-123.754997|0.000000|-77.945999|0.000000|1.000000|1.000000|1.000000
c6070_9009|2|-43.123001|12.401000|-122.800003|0.000000|-24.080000|0.000000|1.000000|1.000000|1.000000
c6070_9010|2|-38.553001|11.378000|-118.272003|0.000000|-57.360001|0.000000|1.000000|1.000000|1.000000
c6070_9011|2|-40.837002|12.002000|-123.424004|0.000000|25.816000|0.000000|1.000000|1.000000|1.000000
c6070_9012|2|-104.026001|27.316000|-120.787003|0.000000|82.755997|0.000000|1.000000|1.000000|1.000000
c6070_9013|2|-103.595001|27.105000|-119.581001|0.000000|46.750999|0.000000|1.000000|1.000000|1.000000
c6070_9014|2|-136.343002|35.623001|-55.801998|0.000000|60.647999|0.000000|1.000000|1.000000|1.000000
c6070_9015|2|-134.880997|34.622002|-59.638000|0.000000|100.234001|0.000000|1.000000|1.000000|1.000000
c6070_9016|2|-133.983002|34.560001|-57.814999|0.000000|57.487999|0.000000|1.000000|1.000000|1.000000
c6070_9017|2|-94.112999|33.430000|10.602000|0.000000|121.876999|0.000000|1.000000|1.000000|1.000000
c6070_9018|2|-92.237999|32.640999|13.957000|0.000000|51.231998|0.000000|1.000000|1.000000|1.000000
c6070_9019|2|-92.178001|33.478001|10.775000|0.000000|110.462997|0.000000|1.000000|1.000000|1.000000
c6090_9000|2|-36.176998|6.739000|-104.275002|0.000000|-71.546997|0.000000|1.000000|1.000000|1.000000
c6100_9000|2|-23.773001|24.649000|-53.660999|7.098000|99.936996|0.000000|1.000000|1.000000|1.000000
c6100_9001|2|-21.211000|24.289000|-53.450001|0.000000|96.402000|0.000000|1.000000|1.000000|1.000000
c6100_9002|2|-22.298000|24.372999|-52.002998|7.086000|64.488998|0.000000|1.000000|1.000000|1.000000
c6100_9003|2|-16.818001|15.871000|9.542000|0.000000|99.936996|-0.000000|1.000000|1.000000|1.000000
c6100_9004|2|-14.256000|15.650000|9.753000|0.000000|96.402000|0.000000|1.000000|1.000000|1.000000
c6100_9005|2|-15.342000|15.429000|11.201000|0.000000|64.488998|0.000000|1.000000|1.000000|1.000000
c6100_9006|2|-81.389999|29.285000|1.557000|6.944000|99.936996|0.000000|1.000000|1.000000|1.000000
c6100_9007|2|-78.828003|29.011000|1.768000|0.000000|96.402000|0.000000|1.000000|1.000000|1.000000
c6100_9008|2|-79.914001|29.242001|3.216000|3.914000|64.488998|0.000000|1.000000|1.000000|1.000000
c6100_9009|2|-126.917000|32.890999|-44.153999|9.435000|99.936996|0.000000|1.000000|1.000000|1.000000
c6100_9010|2|-124.355003|32.415001|-43.943001|9.749000|96.402000|0.000000|1.000000|1.000000|1.000000
c6100_9011|2|-125.441002|32.518002|-42.494999|10.796000|64.488998|-0.000000|1.000000|1.000000|1.000000
c0000_9000|4|-7.122131|0.456213|86.449867|0.000000|22.589001|0.000000|1.000000|1.000000|1.000000
c0000_9001|4|-52.310001|26.389999|-22.000000|0.000000|28.110001|0.000000|1.000000|1.000000|1.000000
h413500|5|0.000000|0.000000|0.000000|0.000000|0.000000|0.000000|1.000000|1.000000|1.000000
h413501|5|0.000000|0.000000|0.000000|0.000000|0.000000|0.000000|1.000000|1.000000|1.000000
h413550|5|0.000000|0.000000|0.000000|0.000000|0.000000|0.000000|1.000000|1.000000|1.000000
h413551|5|0.000000|0.000000|0.000000|0.000000|0.000000|0.000000|1.000000|1.000000|1.000000
h413552|5|0.000000|0.000000|0.000000|0.000000|0.000000|0.000000|1.000000|1.000000|1.000000
h413553|5|0.000000|0.000000|0.000000|0.000000|0.000000|0.000000|1.000000|1.000000|1.000000
AEG099_620_9001|9|-77.014999|28.094999|-45.986000|-20.000000|-65.171997|0.000000|1.000000|1.000000|1.000000
AEG099_610_9000|10|-29.117001|5.783000|-124.245003|2.200000|28.618000|-6.000000|1.000000|1.000000|1.000000
c3200_9000|10|-66.211998|11.361448|41.731998|0.000000|-113.526001|0.000000|1.000000|1.000000|1.000000
c6060_9004|10|-29.085968|15.325230|17.063959|-4.317000|150.496002|-0.000000|1.000000|1.000000|1.000000
h413501_0000|11|0.000000|0.000000|0.000000|0.000000|0.000000|0.000000|1.000000|1.000000|1.000000
AEG001_290_7003|13|-97.232498|28.777542|-48.785995|0.533602|146.306915|4.149531|0.900000|0.900000|0.900000
AEG001_290_7004|13|-29.622459|5.914310|-110.900414|-7.090641|175.025925|14.646523|0.900000|0.900000|0.900000
AEG001_290_7005|13|-80.368050|29.674284|8.484262|8.383867|158.997177|0.958193|0.900000|0.900000|0.900000
AEG001_290_7006|13|-73.704277|29.095562|10.757272|9.919292|-114.010933|13.913099|0.900000|0.900000|0.900000
AEG001_290_7127|13|-53.728149|8.559975|51.988255|-17.007635|-110.100632|-8.086358|1.100000|1.100000|1.100000
AEG001_290_7128|13|-42.578465|14.279477|23.980061|-6.702352|-107.687622|-13.161901|1.100000|1.100000|1.100000
AEG001_290_7129|13|-12.903747|16.269283|6.668506|-7.084410|-107.575783|-12.461413|1.100000|1.100000|1.100000
AEG001_290_7130|13|-11.407648|15.127713|11.308800|-6.865154|-107.314690|-9.736147|1.100000|1.100000|1.100000
AEG001_290_7132|13|6.852127|13.483460|16.986366|0.045052|-106.500893|1.945784|1.100000|1.100000|1.100000
AEG001_290_7133|13|-8.541197|5.121758|53.729942|-5.961911|-106.820709|-6.289264|1.100000|1.100000|1.100000
AEG001_290_7134|13|27.293823|3.781322|45.790298|3.929982|-42.814320|-3.913039|1.100000|1.100000|1.100000
AEG001_290_7135|13|36.549065|7.451200|36.318619|4.761710|-108.166573|12.973645|1.100000|1.100000|1.100000
AEG001_290_7137|13|-37.789722|13.234550|27.032070|-7.326431|-107.835136|-13.071553|0.900000|0.900000|0.900000
AEG001_290_7138|13|12.789883|12.941788|-7.680121|-12.336290|-107.806992|-8.424274|0.900000|0.900000|0.900000
AEG001_290_7141|13|-58.424313|27.338631|-31.234867|0.274656|163.461517|2.733054|0.900000|0.900000|0.900000
AEG001_290_7142|13|-74.162231|28.191977|-2.049733|3.816409|-161.495697|5.990541|1.100000|1.100000|1.100000
AEG001_290_7143|13|-47.702816|8.899702|47.550999|0.734163|106.783531|13.956316|0.900000|0.900000|0.900000
AEG001_290_7147|13|-126.214088|32.334213|-37.728912|0.730830|166.370926|11.307652|1.100000|1.100000|1.100000
AEG001_290_7149|13|-80.262772|28.086027|-87.558327|0.996879|103.711296|6.026713|0.900000|0.900000|0.900000
AEG001_290_7150|13|-85.211800|28.063757|-41.774086|0.938222|-61.006561|-2.695927|1.100000|1.100000|1.100000
AEG001_290_7151|13|-61.367977|27.624029|-49.693787|0.537591|-115.116104|2.093098|0.900000|0.900000|0.900000
AEG001_290_7152|13|-74.451874|27.485113|-62.721436|-0.008688|-117.913078|0.788778|1.100000|1.100000|1.100000
AEG001_290_7153|13|-76.665703|28.313263|-89.363930|-5.842328|-162.905930|-1.226519|1.100000|1.100000|1.100000
AEG001_290_7154|13|-94.385910|26.791121|-111.017906|2.560966|-161.800766|0.453634|1.100000|1.100000|1.100000
AEG001_290_7155|13|-92.233902|26.665682|-112.790726|1.182552|-124.876312|3.679068|0.900000|0.900000|0.900000
AEG001_290_7156|13|-78.428520|19.552685|-117.367378|-10.526587|-163.454071|16.707981|1.100000|1.100000|1.100000
AEG001_290_7157|13|-12.027229|4.597080|-72.519669|9.163275|-163.065109|11.446989|1.100000|1.100000|1.100000
AEG001_290_7158|13|-87.578407|27.919685|-62.108692|4.587320|132.714020|2.487392|1.100000|1.100000|1.100000
AEG001_290_7159|13|-82.167465|27.437845|-68.721886|2.417614|-161.920242|2.339258|1.100000|1.100000|1.100000
AEG001_290_7160|13|22.754892|17.346746|31.923195|16.113676|-106.544418|8.360998|1.100000|1.100000|1.100000
AEG001_290_7161|13|-6.032780|15.143642|8.238892|-10.054570|-106.763611|-6.006526|1.100000|1.100000|1.100000
AEG001_290_7162|13|-64.694778|27.863016|-51.273758|-3.907461|-151.746277|8.204067|1.100000|1.100000|1.100000
AEG001_290_7163|13|-65.129219|27.523802|-62.082474|-0.639040|-115.988991|-1.258339|1.100000|1.100000|1.100000
AEG001_290_7164|13|-50.980789|11.465414|35.710213|-10.660495|-142.139923|-8.496921|1.100000|1.100000|1.100000
AEG001_290_7165|13|-53.753708|11.269925|36.556828|-2.000165|101.821434|9.172480|0.900000|0.900000|0.900000
AEG001_290_7166|13|-49.272350|8.005310|52.172226|-12.478892|-142.761734|-0.112777|0.900000|0.900000|0.900000
AEG001_290_7167|13|-60.602528|10.787926|36.574631|-0.005694|-111.213470|-0.011188|1.100000|1.100000|1.100000
AEG001_290_7168|13|-47.866539|10.123405|41.981094|1.079990|101.703621|12.661696|0.900000|0.900000|0.900000
AEG001_290_7169|13|-45.943523|9.233464|45.467140|11.830327|-8.224521|-6.158350|1.100000|1.100000|1.100000
AEG001_290_7170|13|-38.626007|14.170212|23.633524|11.350436|-29.837940|-10.165116|1.100000|1.100000|1.100000
AEG001_290_7171|13|-72.142746|27.307343|-10.687561|1.628235|-160.284073|5.957428|1.100000|1.100000|1.100000
AEG001_290_7172|13|-57.069744|25.790342|-11.785778|10.498055|74.153427|6.628508|0.900000|0.900000|0.900000
AEG001_290_7173|13|-76.946800|28.344032|-4.152637|7.183966|153.993835|4.440170|0.900000|0.900000|0.900000
AEG001_290_7174|13|-54.178608|27.497341|-47.067940|0.645808|-148.644821|4.078770|1.100000|1.100000|1.100000
AEG001_290_7175|13|-52.910210|27.342260|-50.276516|0.919890|118.591179|-0.555896|0.900000|0.900000|0.900000
AEG001_290_7176|13|-48.511372|26.863413|-63.455673|-6.094357|-162.117126|5.514258|1.100000|1.100000|1.100000
AEG001_290_7177|13|-68.520226|26.948946|-10.483115|-6.713170|-102.786560|-0.957117|0.900000|0.900000|0.900000
AEG001_290_7178|13|-77.618118|27.573502|-15.686066|0.022567|154.879684|0.536607|0.900000|0.900000|0.900000
AEG001_290_7181|13|8.423346|14.329605|-11.409074|2.621290|153.811523|16.646757|0.900000|0.900000|0.900000
AEG001_290_7184|13|-56.553455|27.352184|-54.691853|-1.557704|-113.348816|1.479556|0.900000|0.900000|0.900000
AEG001_290_7185|13|-55.112686|27.337238|-35.536766|0.772303|69.560631|0.969750|0.900000|0.900000|0.900000
AEG001_290_7186|13|-84.597603|28.103420|-52.070045|-0.424591|-75.694855|5.004370|0.900000|0.900000|0.900000
AEG001_290_7187|13|-72.446251|27.629656|-38.728127|5.005654|117.075027|4.798563|0.900000|0.900000|0.900000
AEG001_290_7188|13|-67.667664|27.553110|-48.467613|7.181751|70.003433|18.187895|0.900000|0.900000|0.900000
AEG001_290_7189|13|-77.751724|27.731087|-49.255791|2.986131|-5.172018|-11.639681|1.100000|1.100000|1.100000
AEG001_290_7190|13|-75.404541|27.602673|-55.709873|12.748796|-1.170712|-17.872396|0.900000|0.900000|0.900000
AEG001_290_7191|13|23.147223|3.795777|46.005680|1.716126|-77.493828|-4.852991|0.900000|0.900000|0.900000
AEG001_290_7192|13|-65.532616|27.442036|-47.637058|16.647465|-8.396460|3.386545|0.900000|0.900000|0.900000
AEG001_290_7193|13|-63.742844|11.057178|37.197617|0.005109|40.855129|0.000820|0.900000|0.900000|0.900000
AEG001_290_7194|13|23.516314|3.400456|49.377052|-7.010158|159.674438|2.999355|0.900000|0.900000|0.900000
AEG001_290_7195|13|-18.423492|10.174724|37.445732|-13.407029|163.837585|2.817644|0.900000|0.900000|0.900000
AEG001_290_7196|13|39.193424|6.679438|32.255676|4.375226|-116.895096|9.858395|0.900000|0.900000|0.900000
AEG001_290_7197|13|-98.978737|29.591705|-67.215103|5.202479|146.306915|4.149532|0.900000|0.900000|0.900000
AEG001_290_7198|13|-86.616730|28.268833|-46.755531|-1.292330|152.779144|-1.085461|0.900000|0.900000|0.900000
AEG001_290_7199|13|-88.106415|28.291595|-49.967602|-1.262438|-115.114464|2.090857|0.900000|0.900000|0.900000
AEG001_290_7200|13|-121.112793|31.668209|-41.696400|-4.255668|-177.494934|10.180835|0.900000|0.900000|0.900000
AEG001_290_7201|13|-33.258972|24.017601|-23.014109|-6.118401|164.021606|13.611528|0.900000|0.900000|0.900000
AEG001_290_7202|13|-25.907681|20.093428|-7.735916|8.153170|-14.484344|-9.220689|0.900000|0.900000|0.900000
AEG001_290_7203|13|-81.071754|27.919767|-57.188694|3.150193|161.071960|-14.924961|0.900000|0.900000|0.900000
AEG003_316_9000|13|13.701000|1.968000|34.876999|0.000000|26.378000|0.000000|1.000000|1.000000|1.000000
AEG004_371_1001|13|-59.320255|26.794922|-59.369583|0.000000|134.999878|0.000000|1.000000|1.000000|1.000000
AEG004_371_1002|13|-58.240074|24.189941|-35.549988|0.000000|44.999966|0.000000|1.000000|1.000000|1.000000
AEG004_373_1004|13|-74.941895|26.794922|-29.824356|0.000000|134.999985|0.000000|1.000000|1.000000|1.000000
AEG004_373_1005|13|-65.282234|26.794922|-65.331528|0.000000|-45.000031|0.000000|1.000000|1.000000|1.000000
AEG004_503_1000|13|-64.165558|26.519234|-30.115080|0.000000|-134.999924|0.000000|1.000000|1.000000|1.000000
AEG004_503_1001|13|-78.795464|26.519234|-67.372353|0.000000|45.000065|0.000000|1.000000|1.000000|1.000000
AEG004_503_1004|13|-86.899918|26.794922|-41.782288|0.000000|134.999985|0.000000|1.000000|1.000000|1.000000
AEG004_503_1005|13|-53.324226|26.794922|-53.373592|0.000000|-45.000031|0.000000|1.000000|1.000000|1.000000
AEG004_504_1000|13|-52.862320|26.519234|-41.484047|0.000000|-134.999924|0.000000|1.000000|1.000000|1.000000
AEG004_504_1001|13|-90.043839|26.519234|-56.130943|0.000027|45.000031|0.000000|1.000000|1.000000|1.000000
AEG004_505_1000|13|-84.453705|26.519234|-61.713997|0.000000|-134.999924|0.000000|1.000000|1.000000|1.000000
AEG004_505_1003|13|-80.922897|26.794922|-35.805355|0.000000|-45.000008|0.000000|1.000000|1.000000|1.000000
AEG004_506_1000|13|-57.911934|26.519234|-46.488846|0.000000|-44.999878|-0.000000|1.000000|1.000000|1.000000
AEG004_506_1002|13|-84.388344|27.610741|-50.709389|-16.926210|134.005692|1.605777|1.000000|1.000000|1.000000
AEG004_506_1003|13|-64.432060|23.493999|-58.413727|66.262909|-17.679333|-10.940327|1.000000|1.000000|1.000000
AEG004_508_1000|13|-59.912601|26.519234|-44.153011|0.000000|45.000031|0.000000|1.000000|1.000000|1.000000
AEG004_800_1000|13|13.687340|2.000002|34.936691|0.000000|-159.999969|0.000000|1.000000|1.000000|1.000000
AEG004_904_1008|13|-3.481216|-0.158280|102.308304|-1.007613|-117.005798|-10.342541|1.000000|1.000000|1.000000
AEG004_904_1009|13|15.224262|-0.210667|74.266350|0.000055|-40.277344|-0.000017|1.000000|1.000000|1.000000
AEG004_904_1010|13|27.922043|-0.070569|65.435104|3.660359|-105.916550|-52.852985|1.000000|1.000000|1.000000
AEG004_904_1011|13|2.916044|0.832427|68.949875|-3.345397|152.960876|6.715934|1.000000|1.000000|1.000000
AEG004_904_1012|13|-25.142427|0.478594|84.165428|-8.021154|151.270309|3.352913|1.000000|1.000000|1.000000
AEG004_904_1013|13|11.332582|0.598962|63.336670|5.176358|55.782238|14.766788|1.000000|1.000000|1.000000
AEG004_904_1014|13|100.614380|-0.287778|117.622375|-1.721446|69.451309|-8.000961|1.000000|1.000000|1.000000
AEG004_904_1015|13|80.264145|-0.454582|120.393440|-0.446807|-146.223709|-12.555226|1.000000|1.000000|1.000000
AEG007_078_1000|13|-66.014481|32.078873|-81.880646|41.222702|-13.393072|171.818115|1.000000|1.000000|1.000000
AEG007_094_1000|13|-66.014481|32.078876|-81.880646|41.222706|-13.393082|171.818130|1.000000|1.000000|1.000000
AEG007_395_1000|13|-66.014481|32.078873|-81.880646|41.222702|-13.393072|171.818115|1.000000|1.000000|1.000000
AEG007_435_1000|13|-87.462433|27.564957|-53.351311|-1.604061|-43.040375|-3.342013|1.000000|1.000000|1.000000
AEG007_435_1003|13|-78.816948|28.397936|-41.891979|-15.939580|136.127304|3.536918|1.000000|1.000000|1.000000
AEG007_435_1005|13|-67.992050|27.333078|-62.648369|-0.000114|-129.883072|-0.000345|1.000000|1.000000|1.000000
AEG007_435_1006|13|-68.156158|27.574341|-34.315567|-4.329829|-40.326073|9.500659|1.000000|1.000000|1.000000
AEG007_435_1007|13|-60.632969|27.307869|-49.171143|4.824190|155.607651|-1.272055|1.000000|1.000000|1.000000
AEG007_435_1008|13|-73.503502|27.591532|-39.197430|-10.622565|-45.235844|-4.496292|1.000000|1.000000|1.000000
AEG007_435_1010|13|-66.363937|27.528873|-49.022530|0.583408|-118.687897|-6.413229|1.000000|1.000000|1.000000
AEG007_435_1012|13|-69.630333|27.879427|-51.243160|-9.277370|124.733124|11.486355|1.000000|1.000000|1.000000
AEG007_435_1013|13|-57.293003|27.349810|-57.142067|0.348394|122.265442|-0.222610|1.000000|1.000000|1.000000
AEG007_435_1016|13|-78.781723|27.530199|-34.340683|0.001967|-31.066566|0.000410|1.000000|1.000000|1.000000
AEG007_436_1002|13|-63.617893|27.531227|-55.298824|-4.364215|-34.690544|-1.184219|1.000000|1.000000|1.000000
AEG007_438_1019|13|-55.422638|27.340588|-51.963112|-0.170796|49.836678|-0.205771|1.000000|1.000000|1.000000
AEG007_438_1021|13|-73.214256|27.482498|-38.241535|-0.003883|-140.450775|0.007650|1.000001|1.000000|1.000000
AEG007_438_1022|13|-76.737312|27.785479|-38.550354|10.012977|-60.593628|-8.823960|1.000000|1.000000|1.000000
AEG007_438_1023|13|-78.841629|27.384430|-66.434204|0.003224|130.291779|-0.000732|1.000000|1.000000|1.000000
AEG007_438_1025|13|-67.834351|27.087341|-47.783203|-8.476940|-179.042206|-0.008229|1.000001|1.000000|1.000000
AEG007_438_1027|13|-70.562630|27.123095|-53.435513|-5.968521|119.431763|-13.807748|1.000001|1.000000|0.999999
AEG007_439_1002|13|-84.078499|27.537510|-61.224915|-4.339737|-133.384109|-0.104616|1.000000|1.000000|1.000000
AEG007_439_1004|13|-60.140743|27.243462|-43.266533|-8.489095|151.521255|-2.807702|1.000000|1.000001|1.000001
AEG007_439_1006|13|-81.393875|27.373875|-37.226479|1.469064|-40.770348|0.065570|1.000000|1.000001|1.000001
AEG007_587_1000|13|-75.579033|27.530018|-44.925125|-0.007679|151.664001|0.002677|1.000000|1.000000|1.000000
AEG092_104_1000|13|14.457748|3.000002|39.977173|0.000000|-170.000000|0.000000|1.000000|1.000000|1.000000
AEG099_610_9001|13|-29.117001|5.783000|-124.245003|2.200000|28.618000|-6.000000|1.000000|1.000000|1.000000
AEG099_620_9000|13|-130.384995|33.393002|-43.438999|-5.000000|-75.000000|-5.000000|1.000000|1.000000|1.000000
AEG099_620_9002|13|-73.168999|44.624001|-94.551003|0.000000|49.827999|-0.000000|1.000000|1.000000|1.000000
AEG099_680_9000|13|-7.918000|4.575000|56.507000|4.904000|-14.224000|-5.196000|1.000000|1.000000|1.000000
AEG099_680_9001|13|-77.578003|19.219999|-118.045998|-8.819000|-61.587002|0.000000|1.000000|1.000000|1.000000
AEG099_680_9003|13|-96.352997|28.483999|-46.006001|0.512000|37.433998|-2.838000|1.000000|1.000000|1.000000
AEG099_680_9004|13|-64.005997|10.833000|38.112999|0.000000|-45.487999|0.000000|1.000000|1.000000|1.000000
AEG099_680_9005|13|-36.311001|13.596000|25.246000|5.854000|83.696999|8.947000|1.000000|1.000000|1.000000
AEG099_680_9007|13|-32.862000|22.642000|-17.364000|-1.494000|114.945000|7.191000|1.000000|1.000000|1.000000
AEG099_680_9008|13|-16.811001|23.655001|-55.395000|3.899000|99.349998|5.592000|1.000000|1.000000|1.000000
AEG099_685_9000|13|39.049000|6.988000|34.165001|0.000000|98.956001|0.000000|1.000000|1.000000|1.000000
AEG099_690_9000|13|-77.139000|28.865999|2.568000|0.000000|52.581001|0.000000|1.000000|1.000000|1.000000
AEG099_690_9001|13|-82.149002|29.677000|4.056000|0.000000|127.581001|0.000000|1.000000|1.000000|1.000000
AEG099_690_9002|13|-14.136000|4.321000|-79.942001|0.000000|144.335999|0.000000|1.000000|1.000000|1.000000
AEG099_690_9003|13|-14.660000|4.486000|-78.499001|0.000000|47.581001|0.000000|1.000000|1.000000|1.000000
AEG099_720_9000|13|-91.510002|26.822001|-110.934998|0.000000|158.970001|0.000000|1.000000|1.000000|1.000000
AEG099_720_9001|13|-50.966000|7.739000|53.612000|3.862000|113.970001|1.537000|1.000000|1.000000|1.000000
AEG099_720_9002|13|13.837000|14.957000|31.202000|6.938000|-116.331001|1.981000|1.000000|1.000000|1.000000
AEG099_720_9003|13|-12.366000|15.213000|10.803000|6.445000|11.635000|0.000000|1.000000|1.000000|1.000000
AEG099_720_9004|13|-13.834000|16.452999|6.580000|0.000000|-175.535995|0.000000|1.000000|1.000000|1.000000
AEG099_720_9005|13|-4.515000|14.577000|9.817000|5.045000|-18.443001|-5.121000|1.000000|1.000000|1.000000
AEG099_720_9006|13|-46.870998|8.557000|48.105999|0.000000|6.667000|0.000000|1.000000|1.000000|1.000000
AEG099_720_9007|13|-52.352001|27.226000|-48.442001|0.000000|31.211000|0.000000|1.000000|1.000000|1.000000
AEG099_720_9011|13|-75.636002|27.593000|-26.004999|0.000000|-117.359001|0.000000|1.000000|1.000000|1.000000
AEG099_720_9015|13|-66.617996|26.698999|-10.897000|5.239000|62.908001|0.000000|1.000000|1.000000|1.000000
AEG099_720_9017|13|-70.080002|27.149000|-9.125000|-3.211000|-70.255997|1.566000|1.000000|1.000000|1.000000
AEG099_720_9018|13|-3.183000|19.591000|-34.341000|-9.826000|-130.807999|-0.092000|1.000000|1.000000|1.000000
AEG099_720_9019|13|-100.003998|29.445000|-72.233002|-5.984000|-31.674000|-5.685000|1.000000|1.000000|1.000000
AEG099_720_9021|13|-90.039001|28.059999|-62.134998|0.774000|-167.819000|6.511000|1.000000|1.000000|1.000000
AEG099_720_9023|13|-31.448000|6.226000|-110.184998|-7.676000|-170.731003|8.766000|1.000000|1.000000|1.000000
AEG099_720_9026|13|-123.653000|32.298000|-45.706001|6.789000|91.848999|2.993000|1.000000|1.000000|1.000000
AEG099_720_9028|13|-126.266998|32.556000|-43.485001|0.000000|-92.734001|0.000000|1.000000|1.000000|1.000000
AEG099_760_9000|13|-66.975998|27.211000|-68.990997|0.258000|108.387001|-3.143000|1.000000|1.000000|1.000000
AEG099_760_9001|13|-56.557999|27.042999|-67.588997|-0.731000|-169.080002|1.804000|1.000000|1.000000|1.000000
AEG099_760_9002|13|-66.957001|17.094999|20.389000|-0.000000|87.985001|6.428000|1.000000|1.000000|1.000000
AEG099_760_9003|13|-72.500000|28.290001|-88.716003|-5.459000|-153.235992|-1.812000|1.000000|1.000000|1.000000
AEG700_101_1005|13|-7.626763|-0.019979|103.685860|0.217391|-52.042004|-1.294197|1.000000|1.000000|1.000000
AEG801_006_7509|13|-56.686859|27.319061|-61.591328|1.005131|16.415592|-2.561681|1.100000|1.100000|1.100000
AEG801_006_7510|13|-59.844601|27.040403|-69.568718|-1.306343|29.410030|-2.680937|1.100000|1.100000|1.100000
AEG801_006_7511|13|-64.075577|27.167202|-68.726807|1.784018|112.831482|-2.082498|0.900000|0.900000|0.900000
AEG801_006_7512|13|-90.623276|28.248154|-43.333111|0.575156|113.355553|2.883105|0.900000|0.900000|0.900000
AEG801_006_7513|13|-31.442356|5.914014|-107.351791|4.796895|140.364258|15.093981|0.900000|0.900000|0.900000
AEG801_006_7514|13|-9.866450|15.660730|8.127581|-9.198710|-109.932632|-9.130176|1.100000|1.100000|1.100000
AEG801_006_7515|13|-6.688515|15.779917|4.313319|2.951215|122.575584|11.204160|1.100000|1.100000|1.100000
AEG801_006_7516|13|-37.614986|19.302149|4.393436|-13.793841|-116.782509|-7.198825|0.900000|0.900000|0.900000
AEG801_006_7518|13|13.506271|14.525782|27.584425|-4.955176|-13.359832|8.397963|1.100000|1.100000|1.100000
AEG801_006_7519|13|-5.915548|11.428657|35.356033|1.852538|-109.277603|-9.098708|0.900000|0.900000|0.900000
AEG801_006_7520|13|16.932096|15.952213|31.632000|16.823877|-111.177109|8.847145|0.900000|0.900000|0.900000
AEG801_006_7521|13|-12.012194|18.112888|-4.090909|-12.097755|-115.300575|4.426591|0.900000|0.900000|0.900000
AEG801_006_7522|13|11.897157|13.975121|23.819881|4.426455|-109.963997|3.713110|0.900000|0.900000|0.900000
AEG801_006_7523|13|-35.677216|24.157593|-21.636955|-12.210776|-109.855598|-7.202435|0.900000|0.900000|0.900000
AEG801_006_7524|13|-3.938443|20.225424|-37.577457|-12.561896|-116.605247|-0.592169|0.900000|0.900000|0.900000
AEG801_006_7525|13|-20.720167|21.550106|-21.090666|-12.513143|-114.124519|-4.111251|0.900000|0.900000|0.900000
AEG801_006_7526|13|-85.976982|29.529106|-1.855124|0.716460|-165.432922|8.834742|1.100000|1.100000|1.100000
AEG801_006_7527|13|-79.608307|29.309620|4.773029|5.762302|169.827072|5.347874|0.900000|0.900000|0.900000
AEG801_006_7528|13|-75.756088|28.977654|6.108224|8.592979|152.339706|-1.067080|1.100000|1.100000|1.100000
AEG801_006_7529|13|-68.746048|17.208494|20.705759|-8.152069|-156.632111|-0.013387|0.900000|0.900000|0.900000
AEG801_006_7533|13|-3.122353|5.554030|47.836578|-2.249184|150.139893|10.284135|1.100000|1.100000|1.100000
AEG801_006_7534|13|-7.465552|5.584428|50.909286|-10.838332|-174.618454|5.398173|0.900000|0.900000|0.900000
AEG801_006_7535|13|-3.758875|5.037472|52.022514|-0.365110|125.638351|9.331978|0.900000|0.900000|0.900000
AEG801_006_7536|13|-35.313293|7.866081|47.985508|-10.130285|148.524857|10.188949|1.100000|1.100000|1.100000
AEG801_006_7537|13|-3.285094|11.380036|38.733898|-2.743086|-176.449188|-5.272458|0.900000|0.900000|0.900000
AEG801_006_7538|13|-37.910023|7.328513|50.843830|-4.748120|126.935226|13.706523|0.900000|0.900000|0.900000
AEG801_006_7539|13|-37.512226|16.504906|14.923380|-17.511419|-174.888351|5.036827|0.900000|0.900000|0.900000
AEG801_006_7540|13|-17.715845|17.082230|3.942933|-7.011601|147.830475|10.102670|1.100000|1.100000|1.100000
AEG801_006_7541|13|-19.994591|17.896772|0.596923|-11.403410|-175.156586|4.801596|0.900000|0.900000|0.900000
AEG801_006_7542|13|9.292759|13.303049|14.253114|3.895612|125.076874|0.510078|0.900000|0.900000|0.900000
AEG801_006_7546|13|-42.154160|20.405443|3.197042|-4.944147|150.439972|16.100721|1.100000|1.100000|1.100000
AEG801_006_7548|13|-23.964312|19.989943|-8.162102|-1.207643|124.352432|11.089960|0.900000|0.900000|0.900000
AEG801_006_7549|13|-27.005661|24.447153|-34.171486|2.969083|151.143005|10.427841|1.100000|1.100000|1.100000
AEG801_006_7550|13|-38.661602|24.443909|-20.561144|-14.146859|-139.760742|-0.228342|0.900000|0.900000|0.900000
AEG801_006_7552|13|-20.968046|23.990767|-52.330891|1.366639|150.453705|7.128477|1.100000|1.100000|1.100000
AEG801_006_7553|13|-12.403790|22.738041|-50.322037|4.893175|125.260017|7.762757|0.900000|0.900000|0.900000
AEG801_006_7554|13|-24.588589|24.414049|-52.172207|-6.907647|-88.366890|-0.454308|0.900000|0.900000|0.900000
AEG801_006_7555|13|-98.577682|29.409508|-70.425964|11.039935|125.632576|2.876657|0.900000|0.900000|0.900000
AEG801_006_7556|13|-123.711494|32.180630|-42.834389|2.275191|148.084885|11.112939|1.100000|1.100000|1.100000
AEG801_006_7558|13|-88.691765|27.614477|-78.188255|0.006202|-172.101624|0.001229|0.900000|0.900000|0.900000
AEG801_006_7560|13|-72.869469|27.169378|-71.311569|2.682680|151.110931|-0.386862|1.100000|1.100000|1.100000
AEG801_006_7561|13|-89.302605|27.892891|-66.612755|2.857396|-171.130478|5.104721|0.900000|0.900000|0.900000
AEG801_006_7562|13|-56.391182|12.112072|-106.848450|1.187059|149.297699|16.071241|1.100000|1.100000|1.100000
AEG801_006_7563|13|-54.245331|11.041237|-102.696251|-8.876501|-170.839417|13.975743|0.900000|0.900000|0.900000
AEG801_006_7564|13|-47.760437|9.502033|-103.472794|5.611848|124.393303|16.124823|0.900000|0.900000|0.900000
AEG801_006_7718|13|-54.103882|7.784595|55.928349|-10.844782|175.210129|9.696081|1.100000|1.100000|1.100000
AEG801_006_7719|13|-46.171978|13.917741|26.066557|-12.958404|176.412735|2.951926|1.100000|1.100000|1.100000
AEG801_006_7720|13|-15.899737|10.685146|35.582184|-10.408575|137.024719|6.796503|1.100000|1.100000|1.100000
AEG801_006_7721|13|-16.965652|9.437580|40.573673|-7.019458|-124.888794|-12.734589|0.900000|0.900000|0.900000
AEG801_006_7722|13|-12.742288|5.597432|52.728657|-11.782884|176.861511|3.282343|1.100000|1.100000|1.100000
AEG801_006_7723|13|39.106491|3.773242|47.143967|-11.597782|176.387711|-0.840411|1.100000|1.100000|1.100000
AEG801_006_7724|13|35.543213|6.733952|32.544041|9.791215|176.322250|0.799761|1.100000|1.100000|1.100000
AEG801_006_7725|13|-25.217819|19.456163|-4.557721|-11.623305|-149.439484|-1.193565|1.100000|1.100000|1.100000
AEG801_006_7726|13|-14.029987|18.797005|-6.888739|-11.568237|-142.614105|1.313528|1.100000|1.100000|1.100000
AEG801_006_7728|13|-51.075142|27.308489|-36.954792|-2.093972|177.436829|1.756588|1.100000|1.100000|1.100000
AEG801_006_7729|13|-64.849869|27.497637|-27.374659|2.237624|107.463997|-0.739382|1.100000|1.100000|1.100000
AEG801_006_7731|13|-72.460686|27.650372|-26.823936|0.877570|161.472870|-0.234010|1.100000|1.100000|1.100000
AEG801_006_7733|13|-123.047798|31.776199|-37.878765|3.275076|151.512482|11.826227|0.900000|0.900000|0.900000
AEG801_006_7734|13|-133.669632|33.811874|-39.766865|-6.682259|169.777557|22.267839|0.900000|0.900000|0.900000
AEG801_006_7735|13|-126.306931|32.738087|-46.451294|9.648516|120.493965|9.306268|0.900000|0.900000|0.900000
AEG801_006_7736|13|-127.829391|32.813484|-40.646816|12.034519|120.356117|10.714956|1.100000|1.100000|1.100000
AEG801_006_7737|13|-69.194946|28.266584|-88.601601|-7.529344|120.859474|0.708154|1.100000|1.100000|1.100000
AEG801_006_7738|13|-69.498062|27.661425|-34.230602|5.812245|129.637955|-3.720869|1.100000|1.100000|1.100000
AEG801_006_7739|13|-78.030083|27.607708|-28.063925|1.259815|161.480469|0.469425|1.100000|1.100000|1.100000
AEG801_006_7740|13|-90.234901|28.021126|-39.185780|-3.342724|-135.568588|-1.446087|1.100000|1.100000|1.100000
AEG801_006_7741|13|-58.232594|27.493212|-50.446068|4.339520|131.672867|0.571441|1.100000|1.100000|1.100000
AEG801_006_7742|13|-79.373169|27.456537|-63.864964|-1.647606|153.497452|1.089579|1.100000|1.100000|1.100000
AEG801_006_7743|13|-87.189606|27.901382|-56.429852|5.129308|153.222763|4.833261|1.100000|1.100000|1.100000
AEG801_006_7744|13|-56.283932|27.436916|-42.060143|-4.576819|122.198570|2.011218|1.100000|1.100000|1.100000
AEG801_006_7746|13|-97.810699|26.970331|-110.338684|9.381045|123.335442|-9.311747|1.100000|1.100000|1.100000
AEG801_006_7747|13|-58.481838|13.134050|-110.723114|6.929826|125.203911|15.027506|1.100000|1.100000|1.100000
AEG801_006_7748|13|-85.502808|21.869930|-116.519302|11.923080|150.248566|15.020351|1.100000|1.100000|1.100000
AEG801_006_7749|13|-83.014168|21.076822|-118.961639|-3.213918|-170.168793|18.187731|0.900000|0.900000|0.900000
AEG801_006_7750|13|-11.290535|4.235323|-77.772537|1.541492|-171.298065|2.088289|0.900000|0.900000|0.900000
AEG801_006_7751|13|-14.396439|4.609295|-75.020744|5.349678|150.789413|2.595663|1.100000|1.100000|1.100000
AEG801_006_7752|13|-39.355099|6.579701|-84.595055|7.051924|150.492172|6.629190|1.100000|1.100000|1.100000
AEG801_006_7753|13|-102.173698|30.163279|-68.647095|7.638582|121.575333|2.323385|1.100000|1.100000|1.100000
AEG801_006_7754|13|-86.220642|27.499252|-69.667915|0.058139|-130.963242|4.987568|1.100000|1.100000|1.100000
AEG801_006_7755|13|19.902035|16.259809|29.983509|12.159459|-179.351685|-13.176992|1.100000|1.100000|1.100000
AEG801_006_7756|13|-82.102524|28.348217|-43.459602|-6.204619|-172.985931|-7.530015|0.900000|0.900000|0.900000
AEG801_006_7757|13|-64.142380|27.476574|-33.485710|8.167021|167.585068|5.488767|1.100000|1.100000|1.100000
AEG801_006_7758|13|-57.142365|11.268424|35.122677|-14.192141|166.828827|-5.389838|0.900000|0.900000|0.900000
AEG801_006_7759|13|-50.504044|10.818905|39.007198|-8.773127|152.771042|5.785908|0.900000|0.900000|0.900000
AEG801_006_7760|13|-60.368443|27.399166|-28.050938|-0.387873|-174.445587|2.366087|1.100000|1.100000|1.100000
AEG801_006_7761|13|-83.864098|27.740412|-22.529568|0.844676|168.141434|2.289535|0.900000|0.900000|0.900000
AEG801_006_7762|13|-59.371346|25.893166|-10.391430|2.066843|120.640854|11.914828|1.100000|1.100000|1.100000
AEG801_006_7763|13|-58.982018|25.435694|-7.674173|-2.107742|148.521744|11.458108|0.900000|0.900000|0.900000
AEG801_006_7764|13|-41.299198|26.051163|-28.034422|-2.610034|148.656540|7.792288|0.900000|0.900000|0.900000
AEG801_006_7765|13|-53.929012|26.962244|-65.712921|1.744977|168.651123|2.298413|0.900000|0.900000|0.900000
AEG801_006_7766|13|-45.187939|26.609892|-69.034073|1.739676|120.855103|-0.882051|1.100000|1.100000|1.100000
AEG801_006_7767|13|-86.873291|27.896967|-25.038982|2.773084|148.844009|2.337892|0.900000|0.900000|0.900000
AEG801_006_7768|13|-99.637245|27.800056|-35.146381|-5.839729|168.825378|1.509199|0.900000|0.900000|0.900000
AEG801_006_7769|13|-100.052887|27.374374|-30.966377|-2.217898|118.115761|5.144854|1.100000|1.100000|1.100000
AEG801_006_7770|13|-1.108171|18.792252|-29.845985|8.539131|111.626579|10.151438|0.900000|0.900000|0.900000
AEG801_006_7771|13|2.150158|18.000685|-28.821375|-3.729986|169.857605|12.886299|0.900000|0.900000|0.900000
AEG801_006_7772|13|-0.165307|18.938442|-32.898964|7.000862|119.230446|11.438437|1.100000|1.100000|1.100000
AEG801_006_7773|13|-59.255077|27.373831|-43.666950|-8.063532|130.355453|1.177225|0.900000|0.900000|0.900000
AEG801_006_7774|13|-79.499336|27.667576|-36.325455|-2.974247|161.516312|2.140390|1.100000|1.100000|1.100000
AEG801_006_7775|13|-68.995468|27.118723|-71.398232|2.131839|-160.527176|1.323718|1.100000|1.100000|1.100000
AEG801_006_7776|13|38.558083|3.493284|49.508347|-4.092773|125.504929|5.933303|0.900000|0.900000|0.900000
AEG801_006_7777|13|11.480013|13.479996|-9.831587|-17.181810|-142.553024|-0.297053|1.100000|1.100000|1.100000
AEG801_010_7001|13|-35.163200|24.226604|-22.429245|0.010737|1.559906|-0.008927|1.000000|1.000000|1.000000
AEG801_010_7002|13|-38.412258|19.433626|4.313734|0.012813|0.868117|-0.009574|1.000000|1.000000|1.000000
AEG801_010_7003|13|-62.402130|11.053197|37.293995|0.004481|1.087612|-0.003168|1.000000|1.000000|1.000000
AEG801_011_7039|13|-55.005627|8.098615|55.584221|0.027621|86.188774|0.013551|1.000000|1.000000|1.000000
AEG801_011_7040|13|-42.578465|14.279477|23.980061|0.003169|87.241333|0.013770|1.000000|1.000000|1.000000
AEG801_011_7041|13|-15.672088|10.822683|34.988071|-0.008761|124.942276|0.008825|1.000000|1.000000|1.000000
AEG801_011_7042|13|-12.002472|5.441782|53.473915|0.004945|88.649330|0.012404|0.900000|0.900000|0.900000
AEG801_011_7044|13|40.431717|3.572223|48.918694|-0.003511|93.326477|0.011393|1.000000|1.000000|1.000000
AEG801_011_7045|13|35.636070|6.981311|33.844414|0.016529|90.740242|-0.014674|1.000000|1.000000|1.000000
AEG801_011_7046|13|13.506271|14.525782|27.584425|-0.001687|124.262756|-0.008002|1.000000|1.000000|1.000000
AEG801_011_7047|13|-18.697517|17.663889|1.119818|-0.000001|119.968094|0.012212|1.000000|1.000000|1.000000
AEG801_011_7048|13|-64.889740|27.514177|-26.600641|0.001257|89.949532|-0.000733|1.000000|1.000000|1.000000
AEG801_011_7049|13|-49.878635|27.337591|-37.485985|0.000956|90.172081|-0.000007|1.000000|1.000000|1.000000
AEG801_011_7050|13|-41.428791|20.268215|3.176750|0.015108|21.773197|-0.005580|1.000000|1.000000|1.000000
AEG801_011_7051|13|-74.889084|28.209110|-2.898460|-0.001359|34.041389|-0.007320|1.000000|1.000000|1.000000
AEG801_011_7055|13|-124.312569|32.086166|-39.223679|0.011092|71.622437|-0.001089|1.000000|1.000000|1.000000
AEG801_011_7056|13|-68.396729|28.362091|-89.442924|0.003962|32.843571|0.004180|1.000000|1.000000|1.000000
AEG801_011_7058|13|-72.058334|27.162371|-71.163361|-0.001146|44.292519|-0.002456|1.000000|1.000000|1.000000
AEG801_011_7059|13|-57.128899|27.445217|-42.760525|0.001830|34.282360|0.004617|1.000000|1.000000|1.000000
AEG801_011_7060|13|-45.943523|9.233464|45.467140|0.056363|47.899326|-0.025599|1.000000|1.000000|1.000000
AEG801_011_7061|13|-82.566330|20.917341|-119.786652|0.007049|31.904715|-0.003158|1.000000|1.000000|1.000000
AEG801_011_7062|13|-14.473381|4.662418|-74.233124|-6.257383|29.844679|-7.988431|1.000000|1.000000|1.000000
AEG801_011_7063|13|-39.283672|6.568932|-83.395485|-0.000400|29.993090|-0.010954|1.000000|1.000000|1.000000
AEG801_011_7064|13|-103.024742|30.295334|-69.690865|0.002814|35.203594|-0.010766|1.000000|1.000000|1.000000
AEG801_011_7065|13|20.213173|16.243187|29.592472|-0.014111|89.043785|-0.011626|1.000000|1.000000|1.000000
AEG801_011_7066|13|-59.371365|25.893166|-10.391433|0.009562|34.194115|-0.000795|1.000000|1.000000|1.000000
AEG801_011_7067|13|-44.427448|26.556194|-70.142586|0.001066|34.464127|-0.003345|1.000000|1.000000|1.000000
AEG801_011_7068|13|-100.793190|27.311302|-30.373087|0.005710|27.737837|0.004071|1.000000|1.000000|1.000000
AEG801_011_7070|13|-6.032780|15.143642|8.238892|-0.001433|120.108795|0.011229|1.000000|1.000000|1.000000
AEG801_011_7071|13|-5.268979|5.438970|50.262817|0.006174|88.585991|0.011120|1.000000|1.000000|1.000000
AEG801_011_7072|13|0.515907|18.542980|-30.870489|0.012458|34.703732|-0.006453|1.000000|1.000000|1.000000
AEG801_015_7002|13|-60.411243|27.038826|-69.921761|-0.001535|29.143518|-0.002299|1.000002|1.000002|1.000002
AEG801_015_7003|13|-57.335403|27.354601|-62.504078|-0.002679|-109.410591|0.000645|1.000002|1.000002|1.000002
AEG801_016_7003|13|-56.274731|27.299709|-60.756359|-0.001185|-28.360794|-0.002211|1.000000|1.000000|1.000000
AEG801_016_7004|13|-90.432159|28.046337|-39.534103|0.003224|48.442188|0.001667|1.000000|1.000000|1.000000
AEG801_016_7005|13|-29.728142|5.893499|-110.525848|0.015518|75.052879|0.004617|1.000000|1.000000|1.000000
AEG801_016_7006|13|-75.840874|28.872341|4.577034|-0.003456|53.619148|-0.008590|1.000000|1.000000|1.000000
AEG801_016_7007|13|-133.105530|33.638687|-38.655922|0.020682|55.398220|-0.004219|1.000000|1.000000|1.000000
AEG801_016_7008|13|-50.947556|11.028534|37.915443|0.006939|53.871586|0.007732|1.000000|1.000000|1.000000
AEG801_250_7014|13|-60.015461|27.099213|-68.310486|-0.000618|49.940952|-0.002686|1.000000|1.000000|1.000000
AEG801_250_7015|13|-91.061020|28.134193|-40.825260|0.003169|0.707263|0.001366|0.700000|0.700000|0.700000
AEG801_250_7016|13|-31.142174|5.945125|-108.185371|0.015764|72.671379|0.001967|0.700000|0.700000|0.700000
AEG801_250_7017|13|-10.687746|15.614626|8.835449|0.005191|82.435173|0.011748|1.000000|1.000000|1.000000
AEG801_250_7018|13|-6.722656|15.884768|5.195313|-0.007726|-85.197304|-0.008142|0.800000|0.800000|0.800000
AEG801_250_7019|13|-81.096680|29.626919|6.743412|0.007786|47.877365|-0.017368|0.600000|0.600000|0.600000
AEG801_250_7020|13|-75.756088|28.977654|6.108225|-0.004631|55.572746|-0.009290|1.000000|1.000000|1.000000
AEG801_250_7214|13|-128.046783|32.852272|-40.639271|0.015054|56.869495|-0.006414|1.000000|1.000000|1.000000
AEG801_250_7215|13|-133.785980|33.844887|-39.953972|0.022540|45.692131|-0.007086|0.600000|0.600000|0.600000
AEG801_250_7216|13|-53.930622|11.544483|35.146065|0.007896|44.647644|0.009316|0.600000|0.600000|0.600000
AEG801_250_7217|13|-53.205605|11.214464|36.897472|0.005437|53.924320|0.007650|1.000000|1.000000|1.000000
AEG801_250_7218|13|-54.156441|8.161896|53.051147|0.015464|44.356419|0.002158|0.600000|0.600000|0.600000
AEG801_250_7219|13|-60.084042|11.040676|36.080330|-0.006329|-82.716606|-0.012159|0.600000|0.600000|0.600000
AEG801_253_7091|13|-52.500992|8.161896|52.540833|-0.016079|-141.346649|-0.001370|1.100000|1.100000|1.100000
AEG801_253_7092|13|-45.793571|14.335011|24.270014|-0.012610|-145.263321|-0.005767|1.100000|1.100000|1.100000
AEG801_253_7093|13|-11.714602|15.414559|9.971658|-0.011212|-143.038895|-0.003591|1.100000|1.100000|1.100000
AEG801_253_7094|13|-17.184677|16.945246|4.402533|-0.000928|-71.576897|-0.012242|0.900000|0.900000|0.900000
AEG801_253_7095|13|-10.254597|5.646405|51.761528|-0.012630|108.904144|-0.002650|0.900000|0.900000|0.900000
AEG801_253_7096|13|39.072910|3.921168|45.879486|-0.009558|-143.620773|-0.009822|1.100000|1.100000|1.100000
AEG801_253_7097|13|-72.460686|27.650372|-26.823936|-0.000894|6.775002|-0.000164|0.900000|0.900000|0.900000
AEG801_253_7098|13|-51.101173|27.337269|-36.786938|0.000082|-140.179565|-0.000093|1.100000|1.100000|1.100000
AEG801_253_7099|13|-64.142380|27.476574|-33.485710|0.003415|-147.552612|0.006256|0.900000|0.900000|0.900000
AEG801_253_7100|13|-73.628937|28.196077|-1.131895|0.004043|163.537247|0.003333|0.900000|0.900000|0.900000
AEG801_253_7101|13|-50.588337|11.548323|35.369396|0.003880|-13.948404|0.013059|1.100000|1.100000|1.100000
AEG801_253_7102|13|-126.268906|32.902279|-46.442463|0.012458|73.836723|0.000492|0.900000|0.900000|0.900000
AEG801_253_7103|13|-125.086761|32.338207|-40.963402|0.000656|163.685318|0.012786|1.100000|1.100000|1.100000
AEG801_253_7107|13|-68.746048|17.208494|20.705759|0.007896|71.202423|0.007158|1.100000|1.100000|1.100000
AEG801_253_7108|13|-78.428520|19.552685|-117.367378|0.019070|73.858566|-0.000011|1.100000|1.100000|1.100000
AEG801_253_7109|13|-12.255562|4.546320|-73.624130|2.069984|72.302345|-4.476185|0.900000|0.900000|0.900000
AEG801_253_7110|13|-11.236108|4.380800|-75.256073|-0.001831|-28.009499|0.004399|1.100000|1.100000|1.100000
AEG801_253_7111|13|-100.911293|29.947186|-67.756981|0.006639|74.204834|-0.004205|1.100000|1.100000|1.100000
AEG801_253_7113|13|22.238920|16.787689|29.956743|0.019507|-138.091095|-0.008999|1.100000|1.100000|1.100000
AEG801_253_7114|13|-6.165870|15.846057|3.273175|-0.011625|106.850761|0.002186|0.900000|0.900000|0.900000
AEG801_253_7115|13|-64.855118|27.535995|-62.582005|-0.000681|119.800713|0.001229|0.900000|0.900000|0.900000
AEG801_253_7116|13|-61.200455|11.058074|36.488552|0.021064|-45.338215|-0.027184|1.100000|1.100000|1.100000
AEG801_253_7118|13|-80.368050|29.674284|8.484261|0.010600|-118.933250|0.011611|1.100000|1.100000|1.100000
AEG801_253_7120|13|-20.998266|24.004051|-52.567337|-0.000418|164.645462|0.007240|0.900000|0.900000|0.900000
AEG801_253_7121|13|-45.237671|26.609034|-68.018997|0.003907|164.257645|0.005109|1.100000|1.100000|1.100000
AEG801_255_7002|13|-85.976997|29.529108|-1.855122|0.002240|22.822943|-0.014124|1.000000|1.000000|1.000000
AEG801_257_7002|13|-64.075584|27.167204|-68.726807|-0.001197|46.332157|-0.002467|1.000000|1.000000|1.000000
