m374402_0000|0|0.000000|0.000000|0.000000|0.000000|0.000000|0.000000|1.000000|1.000000|1.000000
c0000_9000|2|-61.282001|239.278000|56.662998|0.000000|-100.000000|0.000000|1.000000|1.000000|1.000000
c0000_9001|2|-60.216000|239.356003|56.459999|0.000000|106.900002|0.000000|1.000000|1.000000|1.000000
c0100_9000|2|-95.402000|237.378998|-3.140000|0.000000|-120.921997|0.000000|1.000000|1.000000|1.000000
c0100_9001|2|-82.324997|237.615005|88.579002|0.000000|132.932007|0.000000|1.000000|1.000000|1.000000
c1000_9000|2|-30.059999|237.570007|-97.820000|0.000000|141.679993|0.000000|1.000000|1.000000|1.000000
c1000_9001|2|-122.162003|237.764008|7.510000|0.000000|-70.000000|0.000000|1.000000|1.000000|1.000000
c2275_9000|2|-118.060997|237.574997|6.483000|0.000000|152.697006|0.000000|1.000000|1.000000|1.000000
c2275_9001|2|-116.961998|237.574997|8.626000|0.000000|39.377998|0.000000|1.000000|1.000000|1.000000
c2275_9002|2|-111.740997|237.574997|-31.125999|0.000000|-71.375000|0.000000|1.000000|1.000000|1.000000
c2275_9003|2|-110.834000|237.574997|-28.174000|0.000000|40.210999|0.000000|1.000000|1.000000|1.000000
c2275_9004|2|-112.441002|237.574997|-29.169001|0.000000|-136.072006|0.000000|1.000000|1.000000|1.000000
c2275_9005|2|-88.468002|237.574997|-19.490999|0.000000|-31.421000|0.000000|1.000000|1.000000|1.000000
c2275_9006|2|-75.272003|237.574005|-21.250999|0.000000|135.276993|0.000000|1.000000|1.000000|1.000000
c2275_9007|2|-61.111000|237.574997|7.024000|0.000000|-20.652000|0.000000|1.000000|1.000000|1.000000
c2275_9008|2|-58.022999|237.574997|7.753000|0.000000|81.911003|0.000000|1.000000|1.000000|1.000000
c2275_9009|2|-59.172001|237.574997|9.321000|0.000000|-7.125000|0.000000|1.000000|1.000000|1.000000
c2275_9010|2|35.200001|237.576004|-51.051998|0.000000|2.546000|0.000000|1.000000|1.000000|1.000000
c2275_9011|2|34.888000|237.576004|-53.716000|0.000000|-95.774002|0.000000|1.000000|1.000000|1.000000
c2275_9012|2|40.049999|237.576004|-51.993000|0.000000|86.283997|0.000000|1.000000|1.000000|1.000000
c2275_9013|2|40.535000|237.576004|-66.524002|0.000000|130.785995|0.000000|1.000000|1.000000|1.000000
c3470_9000|2|-100.642998|237.363998|126.211998|0.000000|55.903000|0.000000|1.000000|1.000000|1.000000
c3470_9001|2|-98.042000|237.363998|118.945999|0.000000|125.903000|0.000000|1.000000|1.000000|1.000000
c3470_9002|2|-109.554001|237.363998|130.576996|0.000000|-11.251000|0.000000|1.000000|1.000000|1.000000
c3470_9003|2|-117.306000|237.363998|123.043999|0.000000|-101.250999|0.000000|1.000000|1.000000|1.000000
c3470_9006|2|-12.695000|239.442993|-37.514000|0.000000|107.388000|0.000000|1.000000|1.000000|1.000000
c3470_9007|2|-23.111000|239.203003|-37.296001|0.000000|-89.502998|0.000000|1.000000|1.000000|1.000000
c3470_9008|2|78.320000|239.453995|-79.518997|0.000000|-78.230003|0.000000|1.000000|1.000000|1.000000
c3470_9009|2|79.773003|238.457001|-85.287003|0.000000|-9.853000|0.000000|1.000000|1.000000|1.000000
c3470_9010|2|91.214996|237.375000|-78.792000|0.000000|-101.775002|0.000000|1.000000|1.000000|1.000000
c3470_9011|2|-96.642998|237.363998|-4.394000|0.000000|-119.066002|0.000000|1.000000|1.000000|1.000000
c3470_9012|2|-97.906998|237.365005|-6.377000|0.000000|-120.109001|0.000000|1.000000|1.000000|1.000000
c3470_9013|2|-99.376999|237.363998|-3.493000|0.000000|-108.359001|0.000000|1.000000|1.000000|1.000000
c3470_9014|2|-101.121002|237.363998|-6.674000|0.000000|-110.535004|0.000000|1.000000|1.000000|1.000000
c3470_9015|2|-80.782997|237.574005|89.445000|0.000000|70.760002|0.000000|1.000000|1.000000|1.000000
c3470_9016|2|-78.750999|237.580002|91.498001|0.000000|85.138000|0.000000|1.000000|1.000000|1.000000
c3470_9017|2|-77.652000|237.585007|87.324997|0.000000|70.514000|0.000000|1.000000|1.000000|1.000000
c4191_9000|2|-117.929001|237.557007|117.861000|0.000000|-86.313004|0.000000|1.000000|1.000000|1.000000
c4480_9000|2|62.109001|237.878006|12.255000|0.000000|132.832001|0.000000|1.000000|1.000000|1.000000
c4481_9000|2|66.766998|237.878006|14.240000|-0.000000|-115.306999|0.000000|1.000000|1.000000|1.000000
c4481_9001|2|-0.618000|237.492996|-9.215000|0.000000|-86.521004|0.000000|1.000000|1.000000|1.000000
c4481_9003|2|23.004000|237.378998|34.716999|0.000000|82.968002|0.000000|1.000000|1.000000|1.000000
c4481_9005|2|50.174999|237.878006|10.255000|0.000000|166.559998|0.000000|1.000000|1.000000|1.000000
c4481_9006|2|67.168999|237.378998|50.046001|0.000000|-117.778999|0.000000|1.000000|1.000000|1.000000
c4481_9007|2|52.695999|237.878006|9.029000|0.000000|14.216000|0.000000|1.000000|1.000000|1.000000
c4481_9008|2|53.067001|237.378998|20.631001|0.000000|177.414993|0.000000|1.000000|1.000000|1.000000
c4481_9012|2|25.167000|237.378998|34.480000|0.000000|82.968002|0.000000|1.000000|1.000000|1.000000
c4481_9013|2|24.257000|237.378998|37.209000|0.000000|82.968002|0.000000|1.000000|1.000000|1.000000
c4481_9016|2|-2.017000|237.498993|-6.577000|0.000000|-86.521004|0.000000|1.000000|1.000000|1.000000
c4481_9017|2|-8.648000|237.505005|-3.667000|0.000000|-86.521004|0.000000|1.000000|1.000000|1.000000
c4481_9020|2|58.674999|237.878006|7.814000|0.000000|166.559998|0.000000|1.000000|1.000000|1.000000
c4481_9021|2|76.494003|237.378998|4.962000|0.000000|166.559998|0.000000|1.000000|1.000000|1.000000
c0000_9002|4|25.117170|237.663315|-13.114193|0.000000|98.188004|0.000000|1.000000|1.000000|1.000000
c0000_9003|4|-29.190001|237.580002|-100.839996|0.000000|157.710007|0.000000|1.000000|1.000000|1.000000
h374400|5|0.000000|0.000000|0.000000|0.000000|0.000000|0.000000|1.000000|1.000000|1.000000
h374453|5|0.000000|0.000000|0.000000|0.000000|0.000000|0.000000|1.000000|1.000000|1.000000
AEG099_691_9000|9|55.606998|237.716995|12.977000|0.000000|87.274002|0.000000|1.000000|1.000000|1.000000
AEG099_691_9002|9|52.250999|237.662994|12.996000|0.000000|37.273998|0.000000|1.000000|1.000000|1.000000
c3470_9004|10|-45.481998|239.533997|-18.601999|0.000000|-65.602997|0.000000|1.000000|1.000000|1.000000
c3470_9005|10|-45.481998|239.533997|-18.601999|0.000000|-65.602997|0.000000|1.000000|1.000000|1.000000
c3470_9018|10|-45.481998|239.533997|-18.601999|0.000000|-65.602997|0.000000|1.000000|1.000000|1.000000
c3470_9019|10|-45.481998|239.533997|-18.601999|0.000000|-65.602997|0.000000|1.000000|1.000000|1.000000
AEG003_323_1029|13|31.903879|236.980560|47.277840|-6.968575|126.878662|0.361672|1.000000|1.000000|1.000000
AEG003_323_1030|13|-18.182201|237.222107|-129.702805|0.000000|-92.129654|0.000000|1.000000|1.000000|1.000000
AEG003_323_1031|13|-14.712829|237.710388|-87.138184|-0.008837|-84.309280|0.044888|1.000000|1.000000|1.000000
AEG003_323_1032|13|82.684021|237.213959|120.954979|-0.008837|112.744751|0.044888|1.000000|1.000000|1.000000
AEG003_323_1033|13|48.276890|236.980560|70.083092|-6.968574|136.016556|0.361671|1.000000|1.000000|1.000000
AEG004_904_7000|13|101.097229|237.767334|122.728790|13.564836|-76.916496|-110.999672|1.000000|1.000000|1.000000
AEG004_904_7005|13|49.237213|237.735306|-36.189053|-8.430696|-113.386971|-5.191094|1.000000|1.000000|1.000000
AEG004_904_7007|13|132.140976|238.124741|-95.085175|-23.177963|-126.959641|4.360894|1.000000|1.000000|1.000000
AEG004_904_7009|13|27.819578|237.363998|-62.323479|-0.000028|175.335541|0.000011|1.000000|1.000000|1.000000
AEG004_904_7010|13|101.644905|237.491043|-67.445015|-3.445227|139.681992|0.505827|1.000000|1.000000|1.000000
AEG004_904_7011|13|5.460777|237.489319|8.723015|-0.218381|-77.954285|-0.352754|1.000000|1.000000|1.000000
AEG004_904_7012|13|0.285339|238.650146|-14.972946|8.869310|112.770050|45.289925|1.000000|1.000000|1.000000
AEG004_904_7017|13|-101.907013|237.456009|29.910120|-12.995297|170.112854|-34.934772|1.000000|1.000000|1.000000
AEG004_904_7022|13|36.835075|237.505356|-109.158379|-3.912852|-165.887009|0.073611|1.000000|1.000000|1.000000
AEG004_904_7023|13|63.874016|237.876953|127.441299|-169.350082|-56.676914|-40.414989|1.000000|1.000000|1.000000
AEG004_904_7024|13|-14.533688|237.275955|-60.848522|-0.000002|-69.901489|0.000012|1.000000|1.000000|1.000000
AEG004_904_7025|13|-65.462540|237.505356|-41.205589|-3.912852|-67.328590|0.073613|1.000000|1.000000|1.000000
AEG004_904_7026|13|-66.891388|237.363480|-58.234077|-0.000006|-159.909897|0.000009|1.000000|1.000000|1.000000
AEG004_904_7028|13|-101.294846|237.491043|-28.448427|-3.445226|150.686295|0.505827|1.000000|1.000000|1.000000
AEG004_904_7029|13|71.739288|237.363098|70.201187|0.273562|94.631775|0.123306|1.000000|1.000000|1.000000
AEG004_904_7030|13|94.552139|237.363098|70.622864|0.273562|94.631775|0.123306|1.000000|1.000000|1.000000
AEG004_904_7031|13|121.763901|237.767334|88.192947|-166.435165|-64.428429|-69.000320|1.000000|1.000000|1.000000
AEG004_904_7035|13|87.455292|237.876953|104.702393|10.649905|-5.000976|-139.585007|1.000000|1.000000|1.000000
AEG004_904_7043|13|-118.821327|237.363098|59.544506|0.273564|125.701202|0.123309|1.000000|1.000000|1.000000
AEG004_904_7045|13|-69.002464|237.505356|22.183308|-3.912851|-99.483963|0.073614|1.000000|1.000000|1.000000
AEG004_907_7000|13|-32.545933|237.519714|-96.144943|0.087153|-39.026581|0.643677|1.000000|1.000000|1.000000
AEG004_907_7001|13|-28.517273|237.552338|19.513857|0.014507|-39.022091|-0.416377|1.000000|1.000000|1.000000
AEG004_939_7000|13|117.816620|237.363525|64.189575|0.000000|0.000000|0.000000|1.000000|1.000000|1.000000
AEG004_939_7001|13|97.655121|237.363525|67.504990|0.000000|-90.000000|0.000000|1.000000|1.000000|1.000000
AEG004_939_7002|13|109.568367|237.363525|79.569229|0.000000|180.000000|0.000000|1.000000|1.000000|1.000000
AEG004_939_7003|13|114.082657|237.363525|84.795212|0.000000|90.000000|0.000000|1.000000|1.000000|1.000000
AEG004_939_7004|13|102.450562|237.363525|104.820480|0.000000|-0.000010|0.000000|1.000000|1.000000|1.000000
AEG004_939_7005|13|122.090660|237.363525|116.305679|0.000000|-90.000023|0.000000|1.000000|1.000000|1.000000
AEG004_939_7006|13|101.584953|237.363525|120.043991|0.000000|180.000000|0.000000|1.000000|1.000000|1.000000
AEG004_939_7007|13|76.548424|237.363525|86.943741|0.000000|90.000023|0.000000|1.000000|1.000000|1.000000
AEG004_939_7008|13|59.830856|237.363525|88.336784|0.000000|0.000035|0.000000|1.000000|1.000000|1.000000
AEG004_939_7009|13|58.246532|237.363525|125.310532|0.000000|-89.999947|0.000000|1.000000|1.000000|1.000000
AEG004_939_7010|13|8.178146|237.363525|113.692749|0.000000|-179.999924|0.000000|1.000000|1.000000|1.000000
AEG004_939_7011|13|-71.963432|237.363525|52.859100|0.000000|-179.999924|0.000000|1.000000|1.000000|1.000000
AEG004_939_7012|13|-113.133835|237.363525|86.324821|0.000000|90.000031|0.000000|1.000000|1.000000|1.000000
AEG099_053_9000|13|-122.162003|237.563995|7.510000|0.000000|-70.000000|0.000000|1.000000|1.000000|1.000000
AEG099_070_2000|13|-23.069820|237.594742|-102.996811|0.000000|-96.699203|0.000000|1.000000|1.000000|1.000000
AEG099_071_2000|13|-23.069828|237.594742|-102.996811|0.000000|-96.699188|0.000000|1.000000|1.000000|1.000000
AEG099_090_9001|13|-30.059999|237.570007|-97.820000|0.000000|137.000000|0.000000|1.000000|1.000000|1.000000
AEG099_401_9000|13|-59.953999|239.352005|56.511002|0.000000|0.000000|0.000000|1.000000|1.000000|1.000000
AEG099_620_9000|13|82.096001|238.522995|-82.163002|12.000000|144.050003|8.000000|1.000000|1.000000|1.000000
AEG099_620_9001|13|-6.365000|242.375000|41.661999|0.000000|-3.302000|-0.100000|1.000000|1.000000|1.000000
AEG099_651_9000|13|-105.584999|237.574005|-30.065001|0.000000|-4.161000|0.000000|1.000000|1.000000|1.000000
AEG099_691_9001|13|55.347000|237.662994|10.488000|0.000000|37.273998|0.000000|1.000000|1.000000|1.000000
AEG099_723_9000|13|-4.182000|237.574997|-42.230999|0.000000|57.104000|0.000000|1.000000|1.000000|1.000000
AEG099_750_9000|13|49.304001|237.598007|14.058000|0.000000|-160.509003|0.000000|1.000000|1.000000|1.000000
AEG099_750_9001|13|-44.212002|237.636002|36.983002|0.000000|130.520996|0.000000|1.000000|1.000000|1.000000
AEG099_760_9000|13|69.163002|237.651001|-85.125000|0.000000|178.384995|0.000000|1.000000|1.000000|1.000000
AEG099_760_9002|13|94.282997|237.638000|97.584999|0.000000|24.382000|0.000000|1.000000|1.000000|1.000000
AEG099_760_9003|13|-68.445000|237.636002|-90.001999|0.000000|-35.027000|0.000000|1.000000|1.000000|1.000000
AEG099_760_9004|13|-72.231003|237.651993|-95.793999|0.000000|-101.463997|0.000000|1.000000|1.000000|1.000000
AEG099_760_9005|13|-79.170998|237.638000|20.288000|0.000000|-175.100006|0.000000|1.000000|1.000000|1.000000
AEG099_760_9006|13|-111.967003|237.654007|94.790001|0.000000|158.960007|0.000000|1.000000|1.000000|1.000000
AEG099_760_9007|13|-100.418999|237.634003|94.499001|0.000000|-92.259003|0.000000|1.000000|1.000000|1.000000
AEG801_060_7001|13|55.847126|237.400803|0.259853|-0.235161|-81.000702|-0.258849|1.500000|1.500000|1.500000
AEG801_060_7002|13|32.255398|237.363998|52.237110|0.000000|48.000092|0.000000|1.500000|1.500000|1.500000
AEG801_060_7003|13|55.765381|237.363998|40.283001|0.000000|-48.999950|0.000000|1.500000|1.500000|1.500000
AEG801_060_7004|13|117.750404|237.557114|-36.600048|0.475682|75.997231|0.798012|1.500000|1.500000|1.500000
AEG801_060_7005|13|-116.536270|237.364029|93.327339|0.000000|-143.000122|-0.000004|1.500000|1.500000|1.500000
AEG801_060_7006|13|-115.726318|237.363754|-15.975586|0.000000|-2.000053|0.000000|1.500000|1.500000|1.500000
AEG801_060_7007|13|-70.835266|237.363998|70.969788|-0.001200|150.997513|0.001912|1.500000|1.500000|1.500000
AEG801_060_7009|13|-115.389397|237.419937|72.216545|-0.042730|76.997314|0.238264|1.500000|1.500000|1.500000
AEG801_060_7010|13|86.979950|237.364014|50.363300|0.000000|-10.000268|-0.000004|1.500000|1.500000|1.500000
AEG801_060_7011|13|-103.330322|237.364014|120.469254|0.000000|75.000099|0.000000|1.500000|1.500000|1.500000
AEG801_060_7012|13|-79.387695|237.551285|28.973389|0.976635|-179.994217|-0.734390|1.500000|1.500000|1.500000
AEG801_060_7013|13|-99.036240|237.363907|49.300655|0.010573|20.000011|-0.004918|1.500000|1.500000|1.500000
AEG801_060_7014|13|-53.127220|237.558746|6.187227|0.589719|83.995850|0.788450|1.500000|1.500000|1.500000
AEG801_060_7016|13|-73.774971|237.527786|23.574455|-1.122811|60.993008|-0.733714|1.500000|1.500000|1.500000
AEG801_060_7017|13|-17.661850|237.663589|32.463379|-0.070818|110.999725|-0.091052|1.500000|1.500000|1.500000
AEG801_060_7018|13|-4.163026|237.363998|-37.335571|0.000000|-150.000061|0.000000|1.500000|1.500000|1.500000
AEG801_060_7021|13|-15.700974|237.599915|-7.599604|-25.649767|108.339333|-2.856905|1.500000|1.500000|1.500000
AEG801_060_7022|13|84.358459|237.364029|54.784199|0.000000|-100.000313|0.000000|1.500000|1.500000|1.500000
AEG801_060_7024|13|9.525900|237.363998|66.248413|-0.000015|127.000130|0.000000|1.500000|1.500000|1.500000
AEG801_060_7025|13|-34.846664|237.663330|49.718750|0.000000|133.999924|0.000000|1.500000|1.500000|1.500000
AEG801_060_7026|13|-46.718414|237.363998|59.646381|0.000000|-119.000259|-0.000004|1.500000|1.500000|1.500000
AEG801_060_7027|13|-60.506187|237.523636|49.433685|17.014168|151.584091|-4.012784|1.500000|1.500000|1.500000
AEG801_060_7028|13|23.466232|237.365250|18.334026|-0.093328|-166.315277|0.048057|1.500000|1.500000|1.500000
AEG801_060_7031|13|28.742126|237.363434|-82.208832|0.000000|85.999756|0.000000|1.500000|1.500000|1.500000
AEG801_060_7032|13|63.377045|237.363998|28.403774|0.000000|124.999962|0.000000|1.500000|1.500000|1.500000
AEG801_060_7034|13|21.133072|237.663589|36.077148|-0.070818|89.999741|-0.091052|1.500000|1.500000|1.500000
AEG801_060_7039|13|-108.677277|237.363480|-58.255234|0.000000|76.000038|0.000000|1.500000|1.500000|1.500000
AEG801_060_7041|13|34.546005|237.392151|3.115721|-0.372434|133.998093|0.141166|1.500000|1.500000|1.500000
AEG801_060_7042|13|8.686477|237.439697|-19.880917|-0.201524|89.998688|-0.522809|1.500000|1.500000|1.500000
AEG801_060_7043|13|55.610939|237.363983|-66.906532|0.000000|175.999786|-0.000004|1.500000|1.500000|1.500000
AEG801_060_7045|13|-41.615463|237.663330|37.979980|0.000000|-155.000031|0.000000|1.500000|1.500000|1.500000
AEG801_060_7046|13|-44.372803|237.663330|33.463379|0.000000|45.000061|0.000000|1.500000|1.500000|1.500000
AEG801_060_7047|13|-103.134331|237.363983|84.779579|0.000000|126.999786|0.000000|1.500000|1.500000|1.500000
AEG801_060_7048|13|36.994770|237.461609|-6.881527|-0.315637|118.998878|0.137396|1.500000|1.500000|1.500000
AEG801_060_7049|13|-45.389282|237.363510|-27.180916|-0.000000|-155.000031|0.000000|1.500000|1.500000|1.500000
AEG801_060_7050|13|112.697708|237.593246|-37.062363|-0.567568|-110.001274|-0.456634|1.500000|1.500000|1.500000
AEG801_060_7052|13|-85.775383|237.558716|-2.943958|0.000000|47.999748|0.000000|1.500000|1.500000|1.500000
AEG801_060_7053|13|-74.706955|237.371048|55.120277|0.111578|-62.004021|-0.368663|1.500000|1.500000|1.500000
AEG801_060_7054|13|126.252235|239.383621|-87.731331|-4.417083|16.503599|-13.151498|1.500000|1.500000|1.500000
AEG801_060_7055|13|-0.820434|237.506607|9.898541|-0.283344|-159.000031|-0.037796|1.500000|1.500000|1.500000
AEG801_060_7056|13|-93.692139|237.663315|-59.940918|0.000000|-83.999954|0.000000|1.500000|1.500000|1.500000
AEG801_060_7057|13|34.917934|237.444199|-4.411558|0.091060|-161.000122|-0.070818|1.500000|1.500000|1.500000
AEG801_060_7059|13|105.887711|237.663330|22.794434|0.000000|124.999962|0.000000|1.500000|1.500000|1.500000
AEG801_060_7060|13|3.580017|237.503418|7.492942|0.068083|130.999710|0.310336|1.500000|1.500000|1.500000
AEG801_060_7061|13|-4.300507|237.506195|-6.509774|0.307359|-179.999969|-0.124814|1.500000|1.500000|1.500000
AEG801_060_7063|13|-83.686279|237.663315|73.447754|0.000000|-72.999939|0.000000|1.500000|1.500000|1.500000
AEG801_060_7065|13|103.688995|237.365829|-86.779427|0.034315|-140.000061|0.034206|1.500000|1.500000|1.500000
AEG801_060_7066|13|-107.817566|237.363983|47.261761|0.000000|61.002079|0.000000|1.500000|1.500000|1.500000
AEG801_060_7068|13|-93.549179|237.663315|-122.572510|0.000000|-41.999969|0.000000|1.500000|1.500000|1.500000
AEG801_060_7069|13|-29.283512|237.565262|17.573130|-0.275685|-115.999451|0.020463|1.500000|1.500000|1.500000
AEG801_060_7070|13|19.798660|237.663589|-61.665283|-0.070818|153.999710|-0.091051|1.500000|1.500000|1.500000
AEG801_060_7071|13|78.002350|237.363388|-108.816544|0.000000|-116.000221|-0.000004|1.500000|1.500000|1.500000
AEG801_060_7073|13|92.079636|237.363419|-122.168060|0.000000|153.999756|0.000000|1.500000|1.500000|1.500000
AEG801_060_7074|13|-4.648993|237.401962|-125.015625|-1.995887|23.999136|-0.195748|1.500000|1.500000|1.500000
AEG801_060_7075|13|-93.433220|237.428421|40.056137|0.257362|151.007080|-1.899995|1.500000|1.500000|1.500000
AEG801_060_7076|13|77.380875|237.663330|-20.244629|0.000000|-155.000031|0.000000|1.500000|1.500000|1.500000
AEG801_060_7077|13|-35.423771|237.475616|-92.813492|0.039888|83.996666|0.763123|1.500000|1.500000|1.500000
AEG801_060_7078|13|-64.874985|237.663315|-89.518188|0.000000|-75.999992|0.000000|1.500000|1.500000|1.500000
AEG801_060_7082|13|-7.049057|237.663315|-118.890381|0.000000|-135.999924|0.000000|1.500000|1.500000|1.500000
AEG801_060_7083|13|69.851707|237.363358|-102.980850|0.000000|-118.000031|0.000000|1.500000|1.500000|1.500000
AEG801_060_7086|13|73.205063|237.425369|-28.011719|0.554939|-10.575011|-0.516713|1.500000|1.500000|1.500000
AEG801_060_7087|13|72.424454|237.363373|-125.464561|0.000000|-116.000221|-0.000004|1.500000|1.500000|1.500000
AEG801_060_7088|13|-30.544647|237.465515|27.398304|0.350225|83.995796|0.797821|1.500000|1.500000|1.500000
AEG801_060_7089|13|16.250063|237.363419|-117.580315|0.000000|-75.999992|0.000000|1.500000|1.500000|1.500000
AEG801_060_7091|13|-22.822111|237.363983|-54.225212|0.000055|-78.000984|0.000027|1.500000|1.500000|1.500000
AEG801_060_7093|13|122.325470|237.365753|-104.860847|0.044560|-116.000221|-0.095951|1.500000|1.500000|1.500000
AEG801_060_7095|13|133.260742|237.363968|-93.099075|0.000000|-118.000031|0.000000|1.500000|1.500000|1.500000
AEG801_060_7096|13|109.848282|237.449768|94.404907|0.391097|-110.001556|0.391397|1.500000|1.500000|1.500000
AEG801_060_7098|13|-122.150055|237.663330|14.000422|0.000000|111.779800|0.000000|1.500000|1.500000|1.500000
AEG801_060_7101|13|-104.135796|237.363998|0.077488|0.000000|159.388947|0.000000|1.500000|1.500000|1.500000
AEG801_060_7103|13|-70.371582|237.465515|20.969410|0.350225|47.027641|0.797821|1.500000|1.500000|1.500000
AEG801_060_7104|13|54.813511|237.364029|52.462841|0.000000|-150.478241|0.000000|1.500000|1.500000|1.500000
AEG801_060_7105|13|57.275761|237.364014|57.827148|0.000000|-60.478210|-0.000004|1.500000|1.500000|1.500000
AEG801_061_7000|13|-103.008224|237.663300|52.842171|0.016311|107.000122|-0.114192|1.000000|1.000000|1.000001
AEG801_061_7001|13|-101.267044|237.364014|49.792057|-0.000000|56.999767|-0.000000|1.000000|1.000000|1.000000
AEG801_061_7005|13|-112.407021|237.663330|55.956024|0.000000|139.000015|0.000000|1.000000|1.000000|1.000000
AEG801_061_7006|13|-45.082275|237.663330|38.007324|0.000000|-174.000015|0.000000|1.000000|1.000000|1.000000
AEG801_061_7007|13|-48.504883|237.663330|38.647949|0.000000|-10.999974|0.000000|1.000000|1.000000|1.000000
AEG801_061_7008|13|-46.430908|237.663330|35.318848|0.000000|-42.000015|0.000000|1.000000|1.000000|1.000000
AEG801_061_7011|13|-100.402527|237.663315|97.103516|0.000000|-92.000008|0.000000|1.000000|1.000000|1.000000
AEG801_061_7013|13|-102.875977|237.364014|98.383347|0.000000|40.000008|0.000000|1.000000|1.000000|1.000000
AEG801_061_7015|13|-104.989014|237.663315|86.963379|0.016310|173.000092|-0.114192|1.000000|1.000000|1.000000
AEG801_061_7016|13|-109.629967|237.364014|95.731003|-0.000030|123.001137|0.000055|1.000000|1.000000|1.000000
AEG801_061_7017|13|-120.734818|237.364029|93.945892|-0.000000|-74.000046|0.000000|1.000000|1.000000|1.000000
AEG801_061_7020|13|50.279556|237.663330|14.754883|0.000000|-100.000069|0.000000|1.000000|1.000000|1.000000
AEG801_061_7021|13|40.259377|237.477921|-7.794150|-0.150346|62.999226|0.269437|1.000000|1.000000|1.000000
AEG801_061_7022|13|47.323502|237.663330|15.310059|0.000000|31.999973|0.000000|1.000000|1.000000|1.000000
AEG801_061_7023|13|55.130142|237.663330|15.081055|0.000000|-49.999863|0.000000|1.000000|1.000000|1.000000
AEG801_061_7024|13|30.514908|237.663330|50.967392|0.000000|-171.000031|0.000000|1.000000|1.000000|1.000000
AEG801_061_7025|13|49.836349|237.364014|49.766441|0.000000|94.999969|0.000000|1.000000|1.000000|1.000000
AEG801_061_7026|13|29.706314|237.663330|47.601425|0.000000|-39.000038|0.000000|1.000000|1.000000|1.000000
AEG801_061_7027|13|31.785660|237.663330|55.659775|0.000000|-120.999847|0.000000|1.000000|1.000000|1.000000
AEG801_061_7028|13|69.818390|237.364014|-82.495483|0.000000|-150.000092|0.000000|1.000000|1.000000|1.000000
AEG801_061_7029|13|71.514839|237.877899|-79.068794|0.000000|13.000000|0.000000|1.000000|1.000000|1.000000
AEG801_061_7031|13|66.542534|237.410522|-57.898815|0.253892|-100.000671|0.271814|1.000000|1.000000|1.000000
AEG801_061_7035|13|80.567810|237.405136|-31.416313|-0.372138|-97.537575|-0.473197|1.000000|1.000000|1.000000
AEG801_061_7037|13|121.254295|237.363525|113.197723|0.000000|-81.884872|0.000000|1.000000|1.000000|1.000000
AEG801_061_7038|13|-44.377930|237.663330|-49.999146|0.000000|-174.000015|0.000000|1.000000|1.000000|1.000000
AEG801_061_7039|13|-37.001404|237.363632|-67.524857|0.016392|-10.999975|0.011065|1.000000|1.000000|1.000000
AEG801_061_7042|13|90.500946|237.363388|-120.002357|-0.001011|-159.999863|-0.000151|1.000000|1.000000|1.000000
AEG801_061_7043|13|88.381630|237.363358|-115.309174|0.000765|149.999847|-0.000699|1.000000|1.000000|1.000000
AEG801_061_7044|13|95.960548|237.364029|-107.788010|-0.000000|-47.000019|0.000000|1.000000|1.000000|1.000000
AEG801_061_7045|13|104.307266|237.364197|-89.781883|-0.011265|51.000065|-0.016262|1.000000|1.000000|1.000000
AEG801_061_7047|13|105.454552|237.439224|-63.280098|-0.078137|134.999908|-0.507462|1.000000|1.000000|1.000000
AEG801_061_7049|13|102.797623|237.421768|-68.635063|-0.137756|-111.999924|0.263618|1.000000|1.000000|1.000000
AEG801_061_7050|13|80.135117|237.420029|-62.443085|-0.437706|80.902245|-0.519122|1.000000|1.000000|1.000000
AEG801_061_7052|13|59.564213|237.400146|-55.295292|0.342548|-148.999863|-0.007725|1.000000|1.000000|1.000000
AEG801_061_7053|13|57.286377|237.408524|-52.008831|0.079339|-67.000206|0.325008|1.000000|1.000000|1.000000
AEG801_061_7054|13|117.519272|237.391113|-12.015014|0.231844|51.000393|-0.177641|1.000000|1.000000|1.000000
AEG801_061_7055|13|117.932632|237.382080|-4.152948|0.098245|132.999664|0.211872|1.000000|1.000000|1.000000
AEG801_061_7056|13|82.000259|237.663315|25.826660|0.016310|-169.999908|-0.114192|1.000000|1.000000|1.000000
AEG801_061_7060|13|69.147324|237.364014|22.519928|0.000000|38.000008|0.000000|1.000000|1.000000|1.000000
AEG801_061_7062|13|71.877884|237.363998|4.112082|0.000000|9.000116|0.000000|1.000000|1.000000|1.000000
AEG801_061_7063|13|53.401138|237.663315|-72.173340|0.016310|132.000107|-0.114192|1.000000|1.000000|1.000000
AEG801_061_7067|13|54.403091|237.669449|-47.020996|-0.076997|163.999756|-0.085890|1.000000|1.000000|1.000000
AEG801_061_7069|13|6.992203|237.663315|-18.081543|0.016310|136.000122|-0.114192|1.000000|1.000000|0.999999
AEG801_061_7070|13|1.853273|237.472275|-13.224720|-0.139333|69.999207|-0.362893|1.000000|1.000000|1.000000
AEG801_061_7071|13|-3.555725|237.495132|-8.545125|0.162285|-111.000778|0.367792|1.000000|1.000000|1.000000
AEG801_061_7072|13|9.259368|237.466354|9.390086|-0.343641|177.001358|0.329898|1.000000|1.000000|1.000000
AEG801_061_7073|13|12.024032|237.458542|8.437993|-0.015990|127.000252|0.494752|1.000000|1.000000|1.000000
AEG801_061_7074|13|14.922182|237.408615|12.823027|-0.140838|-70.000282|-0.535295|1.000000|1.000000|1.000000
AEG801_061_7075|13|-6.719913|237.498093|13.043677|0.152614|-35.000076|-0.242820|1.000000|1.000000|1.000000
AEG801_061_7076|13|37.519302|237.663330|3.892090|0.000000|47.000034|0.000000|1.000000|1.000000|1.000000
AEG801_061_7077|13|65.103775|237.663330|0.303223|0.000000|-135.999893|0.000000|1.000000|1.000000|1.000000
AEG801_061_7078|13|63.660904|237.663330|3.680176|0.000000|-53.999985|0.000000|1.000000|1.000000|1.000000
AEG801_061_7080|13|22.437515|237.669449|38.733887|-0.076997|85.999771|-0.085890|1.000000|1.000000|1.000000
AEG801_061_7081|13|18.890396|237.670975|42.450195|0.098737|-111.000076|0.059614|1.000000|1.000000|1.000000
AEG801_061_7083|13|-56.351425|237.386902|46.687927|-0.350471|146.666504|0.367601|1.000000|1.000000|1.000000
AEG801_061_7085|13|-35.054916|237.663330|46.770996|0.000000|-34.999851|0.000000|1.000000|1.000000|1.000000
AEG801_061_7086|13|-31.464584|237.663330|47.542969|0.000000|47.000034|0.000000|1.000000|1.000000|1.000000
AEG801_061_7088|13|-15.134262|237.669449|34.512207|-0.076997|106.999802|-0.085890|1.000000|1.000000|1.000000
AEG801_061_7089|13|55.271683|237.670975|-18.963287|0.098737|-90.000084|0.059614|1.000000|1.000000|1.000000
AEG801_061_7090|13|-11.903594|237.364014|-33.058323|0.000000|41.000118|0.000000|1.000000|1.000000|1.000000
AEG801_061_7091|13|-3.768188|237.364014|-40.059387|0.000000|123.000031|0.000000|1.000000|1.000000|1.000000
AEG801_061_7092|13|-102.354126|237.363495|-29.496758|0.000000|78.000076|0.000000|1.000000|1.000000|1.000000
AEG801_061_7093|13|-100.359093|237.363495|-51.412262|0.000000|159.999908|0.000000|1.000000|1.000000|1.000000
AEG801_061_7094|13|-126.757202|237.364014|11.161971|0.000000|-170.999908|0.000000|1.000000|1.000000|1.000000
AEG801_061_7099|13|-57.227539|237.663330|5.468750|0.000000|-84.999901|0.000000|1.000000|1.000000|1.000000
AEG801_061_7100|13|-54.892223|237.558731|7.773177|0.704083|-2.997515|-0.404123|1.000000|1.000000|1.000000
AEG801_061_7103|13|-77.727043|237.373657|13.874863|0.094503|-67.000221|0.170372|1.000000|1.000000|1.000000
AEG801_061_7104|13|-80.065804|237.437622|23.837646|1.351012|-148.998230|-0.171755|1.000000|1.000000|1.000000
AEG801_061_7105|13|-122.163696|237.663315|82.128235|0.000000|-144.000031|0.000000|1.000000|1.000000|1.000000
AEG801_061_7109|13|-108.421753|237.367798|76.442032|0.021037|-91.999901|-0.096648|1.000000|1.000000|1.000000
AEG801_061_7110|13|-126.225906|237.363953|118.198708|0.000000|-9.999617|0.000000|1.000000|1.000000|1.000000
AEG801_061_7111|13|-96.777100|237.663315|-63.352051|0.000000|56.999996|0.000000|1.000000|1.000000|1.000000
AEG801_061_7112|13|-104.730949|237.363495|-58.104908|0.000000|-140.000000|0.000000|1.000000|1.000000|1.000000
AEG801_061_7113|13|-93.839111|237.663315|-62.708008|0.000000|-171.000031|0.000000|1.000000|1.000000|1.000000
AEG801_061_7114|13|-98.909424|237.663315|-55.376953|0.000000|107.000084|0.000000|1.000000|1.000000|1.000000
AEG801_061_7115|13|69.429779|237.363388|-126.172668|0.000000|-159.999863|-0.000001|1.000000|1.000000|1.000000
AEG801_061_7116|13|55.462234|237.363419|-120.405403|-0.000770|149.999847|0.000683|1.000000|1.000000|1.000000
AEG801_061_7117|13|74.417633|237.363403|-117.096535|0.000000|-47.000019|-0.000000|1.000000|1.000000|1.000000
AEG801_061_7118|13|21.421873|237.364014|-61.149406|0.000000|-159.999863|-0.000001|1.000000|1.000000|1.000000
AEG801_061_7119|13|22.658989|237.952728|-63.267258|-28.194708|157.446945|28.902761|1.000000|1.000000|1.000000
AEG801_061_7120|13|-33.352264|237.482971|27.008137|0.537672|-47.003555|-0.896501|1.000000|1.000000|1.000000
AEG801_061_7121|13|107.537743|237.590012|-35.251892|0.180399|81.000046|0.668074|1.000000|1.000000|1.000000
AEG801_061_7122|13|115.931793|237.384201|-86.577187|0.166766|163.476578|-0.164841|1.000000|1.000000|1.000000
AEG801_061_7124|13|118.805603|237.530548|-34.726410|0.034971|71.999741|0.915601|1.000000|1.000000|1.000000
AEG801_061_7125|13|86.277275|237.372681|-27.323639|-0.031801|-124.999931|-0.189415|1.000000|1.000000|1.000000
AEG801_061_7128|13|-77.524841|237.558716|1.586868|-0.000000|-153.000015|0.000000|1.000000|1.000000|1.000000
AEG801_061_7129|13|29.884138|237.364014|-63.868294|-0.000000|-47.013988|-0.000000|1.000000|1.000000|1.000000
AEG801_061_7130|13|-65.635437|237.363495|-48.244247|0.000082|78.000076|0.000055|1.000000|1.000000|1.000000
AEG801_061_7131|13|-76.841919|237.663330|-98.217041|0.000000|159.999954|0.000000|1.000000|1.000000|1.000000
AEG801_061_7132|13|66.015869|237.363403|-101.916206|0.000000|73.000099|0.000000|1.000000|1.000000|1.000000
AEG801_061_7133|13|9.524902|237.364014|-57.206299|0.000000|154.999908|0.000000|1.000000|1.000000|1.000000
AEG801_061_7134|13|43.807877|237.663315|2.175781|0.016310|155.000137|-0.114192|1.000000|1.000000|1.000000
AEG801_061_7135|13|47.825455|237.669449|1.563965|-0.076997|104.999825|-0.085890|1.000000|1.000000|1.000001
AEG801_061_7136|13|45.681656|237.670975|6.232910|0.098737|-92.000076|0.059614|1.000000|1.000000|1.000000
AEG801_061_7137|13|-82.528564|237.663315|58.698730|0.016310|-105.999947|-0.114192|1.000000|1.000000|1.000000
AEG801_061_7138|13|-81.517197|237.383591|55.883175|-1.318320|-155.999252|-0.010026|1.000000|1.000000|1.000000
AEG801_061_7139|13|-69.686981|237.436295|49.686451|1.661949|6.993430|-0.207555|1.000000|1.000000|1.000000
AEG801_061_7142|13|85.831207|237.363998|39.448242|0.000000|59.089092|-0.000008|1.000000|1.000000|1.000000
AEG801_061_7143|13|106.143326|237.663330|19.850098|0.000000|-43.999851|0.000000|1.000000|1.000000|1.000000
AEG801_061_7144|13|109.568619|237.663330|21.174316|0.000000|38.000008|0.000000|1.000000|1.000000|1.000000
AEG801_061_7145|13|-34.586670|237.663315|96.858765|0.000000|-92.000008|0.000000|1.000000|1.000000|1.000000
AEG801_061_7147|13|-37.436646|237.663315|97.820190|0.000000|40.000008|0.000000|1.000000|1.000000|1.000000
AEG801_061_7149|13|-6.260605|237.663315|-123.421143|0.000000|4.999952|0.000000|1.000000|1.000000|1.000000
AEG801_061_7150|13|-22.969345|237.663315|-79.406860|0.000000|167.999969|0.000000|1.000000|1.000000|1.000000
AEG801_061_7151|13|-4.958969|237.663315|-120.709473|0.000000|136.999924|0.000000|1.000000|1.000000|1.000000
AEG801_061_7152|13|-7.013550|237.363403|-127.919540|0.000000|55.000092|0.000000|1.000000|1.000000|1.000000
AEG801_061_7154|13|-34.127537|237.497086|-97.514130|0.383665|-131.706039|0.110622|1.000000|1.000000|1.000000
AEG801_061_7156|13|-73.005356|237.663315|-94.036743|0.000000|115.000031|0.000000|1.000000|1.000000|1.000000
AEG801_061_7157|13|-98.123901|237.663315|-123.043213|0.000000|98.999855|0.000000|1.000000|1.000000|1.000000
AEG801_061_7158|13|-47.288208|237.371262|-108.826996|0.516620|-98.000031|0.000000|1.000000|1.000000|1.000000
AEG801_061_7159|13|-95.509750|237.663315|-124.530762|0.000000|-129.000076|0.000000|1.000000|1.000000|1.000000
AEG801_061_7161|13|15.489883|237.663315|-120.279175|0.000000|64.999840|0.000000|1.000000|1.000000|1.000000
AEG801_061_7162|13|13.631439|237.363403|-121.962196|0.013251|-132.000061|0.014699|1.000000|1.000000|1.000000
AEG801_061_7163|13|18.258057|237.363403|-120.408859|0.000000|-163.000107|0.000000|1.000000|1.000000|1.000000
AEG801_061_7164|13|10.209854|237.663315|-125.952271|0.000000|115.000031|0.000000|1.000000|1.000000|1.000000
AEG801_061_7166|13|-36.925278|237.669434|-3.447754|-0.076997|43.999786|-0.085890|1.000000|1.000000|1.000000
AEG801_061_7167|13|-33.733627|237.670959|-6.316406|0.098737|-153.000076|0.059614|1.000000|1.000000|1.000000
AEG801_061_7169|13|-44.155460|237.395950|0.276134|-0.283884|-2.999607|0.158351|1.000000|1.000000|1.000000
AEG801_061_7171|13|-90.219131|237.364014|92.171188|0.000000|-77.000046|0.000000|1.000000|1.000000|1.000000
AEG801_061_7172|13|-1.117146|238.918732|-14.679045|-13.150434|-111.766914|-6.357321|1.000000|1.000000|1.000000
AEG801_061_7173|13|-97.642021|237.368973|45.080429|-1.212442|56.996422|-0.347099|1.000000|1.000000|1.000000
AEG801_061_7174|13|-12.888916|237.364029|-60.541290|-0.000000|163.999817|-0.000000|1.000000|1.000000|1.000000
AEG801_061_7175|13|-9.233151|237.364014|-51.880959|-0.000006|-145.999939|-0.000005|1.000000|1.000000|0.999999
AEG801_061_7176|13|0.914200|237.364609|-29.675983|0.024753|-111.000244|0.035189|1.000000|1.000000|1.000000
AEG801_061_7177|13|-8.121187|237.364029|-65.804871|-0.000000|163.999756|-0.000000|1.000000|1.000000|1.000000
AEG801_061_7178|13|110.420204|237.364059|-105.238846|-0.000445|73.000099|0.001585|1.000000|1.000000|1.000000
AEG801_061_7180|13|134.154877|237.420074|-99.842751|0.244029|-77.000565|0.264957|1.000000|1.000000|1.000000
AEG801_061_7181|13|60.697620|237.663330|123.104111|0.000000|31.999973|0.000000|1.000000|1.000000|1.000000
AEG801_061_7182|13|68.504265|237.663330|122.875107|0.000000|-49.999863|0.000000|1.000000|1.000000|1.000000
AEG801_061_7183|13|63.653675|237.663330|122.548935|0.000000|-100.000069|0.000000|1.000000|1.000000|1.000000
AEG801_061_7184|13|79.065475|237.663330|88.704536|0.000000|135.398590|0.000000|1.000000|1.000000|1.000000
AEG801_061_7185|13|94.881584|237.663330|92.885262|0.000000|53.398766|0.000000|1.000000|1.000000|1.000000
AEG801_061_7186|13|92.572449|237.663330|96.643219|0.000000|3.398573|0.000000|1.000000|1.000000|1.000000
AEG801_061_7187|13|110.785294|237.420029|90.709213|-0.437706|80.902245|-0.519122|1.000000|1.000000|1.000000
AEG801_061_7191|13|100.935577|237.670975|104.075989|0.098737|-109.055588|0.059614|1.000000|1.000000|1.000000
AEG801_061_7193|13|69.688766|237.383591|71.686737|-1.318320|-107.018768|-0.010026|1.000000|1.000000|1.000000
AEG801_061_7194|13|71.149277|237.663315|74.297699|0.016310|-57.019402|-0.114192|1.000000|1.000000|1.000000
AEG801_061_7195|13|92.501617|237.383591|72.108414|-1.318320|-107.018768|-0.010026|1.000000|1.000000|1.000000
AEG801_061_7197|13|60.895916|237.663315|106.401260|0.016311|59.643406|-0.114192|1.000000|1.000000|0.999999
AEG801_061_7198|13|83.637054|237.383591|85.643776|-1.318320|-124.074310|-0.010026|1.000000|1.000000|1.000000
AEG801_061_7199|13|47.025497|237.383591|74.779305|-1.318320|-107.018768|-0.010026|1.000000|1.000000|1.000000
AEG801_061_7201|13|-118.055298|237.663315|56.610622|0.016310|56.678631|-0.114192|1.000000|1.000000|1.000000
AEG801_061_7202|13|-122.404488|237.663330|15.694246|0.000000|55.779770|0.000000|1.000000|1.000000|1.000000
AEG801_061_7203|13|-121.256317|237.663330|16.623362|0.000000|24.779724|0.000000|1.000000|1.000000|1.000000
AEG801_061_7206|13|-105.864822|237.364014|24.273954|0.000000|14.505237|0.000000|1.000000|1.000000|1.000000
AEG801_061_7210|13|56.397186|237.663315|54.513828|0.016310|-104.477852|-0.114192|1.000000|1.000000|0.999999
AEG801_210_7000|13|-45.082275|237.907501|38.006348|0.000000|-156.999954|0.000000|1.000000|1.000000|1.000000
AEG801_210_7001|13|-99.984314|237.907486|96.787109|0.000000|-70.132263|0.000000|1.000000|1.000000|1.000000
AEG801_210_7002|13|50.279068|237.907501|14.754883|0.000000|-82.999992|0.000000|1.000000|1.000000|1.000000
AEG801_210_7003|13|30.514664|237.907501|50.967392|0.000000|-153.999985|0.000000|1.000000|1.000000|1.000000
AEG801_210_7004|13|66.211441|237.907486|-84.720932|0.000000|-132.999985|0.000000|1.000000|1.000000|1.000000
AEG801_210_7005|13|84.223282|237.907501|-28.764771|0.000000|-156.999954|0.000000|1.000000|1.000000|1.000000
AEG801_210_7006|13|-44.378174|237.907501|-49.999634|0.000000|-156.999954|0.000000|1.000000|1.000000|1.000000
AEG801_210_7007|13|-80.784668|237.907486|18.273163|0.000000|-116.644485|0.000000|1.000000|1.000000|1.000000
AEG801_210_7008|13|-122.163940|237.907486|82.127747|0.000000|-126.999908|0.000000|1.000000|1.000000|1.000000
AEG801_210_7009|13|-96.776611|237.907486|-63.351562|0.000000|74.000000|0.000000|1.000000|1.000000|1.000000
AEG801_210_7010|13|-34.587158|237.907486|96.858521|0.000000|-74.999939|0.000000|1.000000|1.000000|1.000000
AEG801_210_7011|13|-6.260483|237.907486|-123.420654|0.000000|22.000010|0.000000|1.000000|1.000000|1.000000
AEG801_210_7012|13|-68.404037|237.907486|-92.466187|0.000000|81.999939|0.000000|1.000000|1.000000|1.000000
AEG801_210_7013|13|-98.123413|237.907486|-123.042969|0.000000|115.999969|0.000000|1.000000|1.000000|1.000000
AEG801_210_7014|13|15.490372|237.907486|-120.278931|0.000000|81.999939|0.000000|1.000000|1.000000|1.000000
AEG801_210_7015|13|63.653187|237.907501|122.548935|0.000000|-82.999992|0.000000|1.000000|1.000000|1.000000
AEG801_210_7016|13|92.809593|237.907501|98.923660|0.000000|20.398643|0.000000|1.000000|1.000000|1.000000
AEG801_210_7018|13|115.435898|237.607452|117.472443|0.000000|2.978226|0.000000|1.000000|1.000000|1.000000
AEG801_210_7020|13|83.378975|237.874969|86.132477|0.000000|61.012569|0.000000|1.000000|1.000000|1.000000
AEG801_210_7021|13|-109.701668|237.907486|18.731520|0.000000|-100.494682|0.000000|1.000000|1.000000|1.000000
AEG801_220_7000|13|-79.478584|237.427048|22.710203|0.274082|145.505524|-1.449894|1.500000|1.500000|1.500000
AEG801_220_7001|13|22.909218|237.363525|125.039352|0.000000|8.440001|0.000000|1.500000|1.500000|1.500000
AEG801_220_7002|13|-101.305710|237.666504|49.404049|0.085541|-129.000046|0.077372|1.000000|1.000000|1.000000
AEG801_220_7003|13|-113.946571|237.208649|55.115082|0.000000|-155.999954|0.000000|1.000000|1.000000|1.000000
AEG801_220_7004|13|117.140396|237.363525|88.116302|0.000000|138.960556|0.000000|1.250000|1.250000|1.250000
AEG801_220_7005|13|-46.935303|237.663330|35.948730|0.000000|23.000053|0.000000|1.000000|1.000000|1.000000
AEG801_220_7006|13|111.772675|237.363525|82.028793|0.000000|-131.039398|0.000000|1.000000|1.000000|1.000000
AEG801_220_7007|13|-102.698914|237.663315|98.652344|0.000000|105.000076|0.000000|1.000000|1.000000|1.000000
AEG801_220_7008|13|115.819199|237.363525|83.585327|0.000000|-41.039448|0.000000|1.500000|1.500000|1.500000
AEG801_220_7009|13|-83.777344|237.272995|70.436035|0.000000|-164.999924|-0.000000|1.512775|1.512775|1.512775
AEG801_220_7010|13|-102.825439|237.666519|84.993652|0.085541|-63.000080|0.077372|1.512775|1.512774|1.512775
AEG801_220_7012|13|47.790298|237.663330|15.968750|0.000000|97.000015|0.000000|1.512775|1.512775|1.512775
AEG801_220_7013|13|111.733185|237.363525|114.101166|0.000000|67.116096|0.000000|1.000000|1.000000|1.000000
AEG801_220_7014|13|55.130142|237.273010|15.081055|-0.000000|-172.999969|-0.000000|1.512775|1.512775|1.512775
AEG801_220_7015|13|99.597061|237.363525|120.989822|0.000000|139.499603|0.000000|1.500000|1.500000|1.500000
AEG801_220_7016|13|98.233307|237.363525|116.471497|0.000000|-40.500374|0.000000|1.250000|1.250000|1.250000
AEG801_220_7017|13|28.556656|237.663330|49.009384|0.000000|26.000034|0.000000|1.512775|1.512775|1.512775
AEG801_220_7019|13|31.785660|237.273010|55.659775|-0.000000|116.000015|-0.000000|1.512775|1.512775|1.512775
AEG801_220_7020|13|55.663837|237.364014|-81.153053|0.000000|47.000027|0.000000|1.000000|1.000000|1.000000
AEG801_220_7021|13|71.514839|237.877899|-79.068794|-0.000000|136.999985|-0.000000|1.512775|1.512775|1.512775
AEG801_220_7022|13|80.327614|237.590027|-30.502762|-0.016550|-30.334602|0.014671|1.000000|1.000000|1.000000
AEG801_220_7023|13|87.285049|237.472153|-27.366089|-0.000000|113.000031|-0.000000|1.512775|1.512775|1.512775
AEG801_220_7024|13|-46.230957|237.663330|-52.057251|0.000000|23.000053|0.000000|1.512775|1.512775|1.512775
AEG801_220_7025|13|-43.354477|237.273010|-45.246704|-0.000000|113.000031|-0.000000|1.000000|1.000000|1.000000
AEG801_220_7026|13|91.402908|237.363403|-121.839592|-0.000000|-37.252117|-0.000000|1.000000|1.000000|1.000000
AEG801_220_7027|13|103.047188|237.364304|-89.487465|0.000027|-161.999924|0.000000|1.000000|1.000000|1.000000
AEG801_220_7028|13|105.412903|237.440308|-63.018425|0.000464|-101.000778|0.000219|1.000000|1.000000|1.000000
AEG801_220_7029|13|117.574036|237.363525|107.644501|0.000000|163.115143|0.000000|1.250000|1.250000|1.250000
AEG801_220_7030|13|119.132935|237.363525|114.982300|0.000000|-106.884865|0.000000|1.000000|1.000000|1.000000
AEG801_220_7031|13|123.462128|237.363525|114.746674|0.000000|-16.884840|0.000000|1.500000|1.500000|1.500000
AEG801_220_7032|13|81.146240|237.373795|-69.325905|0.000273|-131.999985|0.000027|1.512775|1.512775|1.512775
AEG801_220_7033|13|58.157486|237.208649|-53.197754|0.000000|-2.000006|0.000000|1.000000|1.000000|1.000000
AEG801_220_7034|13|115.910645|237.399292|-12.635250|-0.000111|-161.999619|0.000328|1.000000|1.000000|1.000000
AEG801_220_7035|13|83.493179|237.666519|23.310059|0.085541|-46.000076|0.077372|1.512776|1.512775|1.512775
AEG801_220_7036|13|68.834976|237.208649|22.914551|0.000000|103.000061|0.000000|1.000000|1.000000|1.000000
AEG801_220_7037|13|124.438431|237.418503|-81.732521|-0.000122|96.999672|-0.000753|1.000000|1.000000|1.000000
AEG801_220_7038|13|53.321709|237.363571|-69.580063|0.085541|175.999649|0.077372|1.000000|1.000000|0.999999
AEG801_220_7039|13|53.198502|237.666519|-46.168457|0.085541|-22.000042|0.077372|1.000000|1.000000|1.000000
AEG801_220_7040|13|7.887682|237.450302|-18.422512|-0.000500|-5.999476|0.000246|1.512775|1.512775|1.512774
AEG801_220_7041|13|12.024032|237.458542|8.437993|0.085541|-59.000069|0.077372|1.000000|1.000000|1.000000
AEG801_220_7042|13|37.065689|237.208649|4.241211|0.000000|112.000015|0.000000|1.000000|1.000000|1.000000
AEG801_220_7043|13|63.404312|237.208649|3.168457|0.000000|11.000003|0.000000|1.512775|1.512775|1.512775
AEG801_220_7044|13|21.353287|237.666519|37.732910|0.085541|-100.000053|0.077372|1.512775|1.512775|1.512774
AEG801_220_7045|13|-56.948730|237.666519|46.526367|0.085541|-39.000065|0.077372|1.000000|1.000000|1.000000
AEG801_220_7046|13|-31.918198|237.208649|47.892090|0.000000|112.000015|0.000000|1.000000|1.000000|1.000000
AEG801_220_7047|13|-16.505112|237.666519|33.966309|0.085541|-79.000069|0.077372|1.000000|1.000000|1.000000
AEG801_220_7048|13|-4.860046|237.364014|-39.905300|0.000000|-172.000000|0.000000|1.000000|1.000000|1.000000
AEG801_220_7049|13|-126.413620|237.208649|12.185129|0.000000|-24.000019|0.000000|1.000000|1.000000|1.000000
AEG801_220_7050|13|-74.551758|237.666504|24.617676|0.085541|-129.000046|0.077372|1.512776|1.512775|1.512775
AEG801_220_7051|13|-56.070557|237.208649|8.592285|0.000000|62.000004|0.000000|1.512775|1.512775|1.512775
AEG801_220_7052|13|-78.367432|237.023956|14.379883|0.000000|-2.000020|0.000000|1.000000|1.000000|1.000000
AEG801_220_7053|13|-79.358276|237.272995|26.896729|0.000000|87.999977|-0.000000|1.000000|1.000000|1.000000
AEG801_220_7054|13|-124.797485|237.663315|81.272278|0.000000|53.000107|0.000000|1.512775|1.512775|1.512775
AEG801_220_7055|13|-107.604980|237.185516|76.517090|0.000000|54.999966|0.000000|1.000000|1.000000|1.000000
AEG801_220_7056|13|-94.011475|237.663315|-63.496582|0.000000|-105.999985|0.000000|1.000000|1.000000|1.000000
AEG801_220_7057|13|-98.909424|236.712082|-55.376953|-0.000000|-15.999990|-0.000000|1.000000|1.000000|1.000000
AEG801_220_7058|13|69.271851|237.363388|-125.921654|-0.000000|-36.000034|-0.000000|1.000000|1.000000|1.000000
AEG801_220_7059|13|20.874283|237.666519|-61.146362|0.085541|-36.000076|0.077372|1.000000|1.000000|1.000000
AEG801_220_7060|13|112.697678|237.593231|-37.062366|-0.697294|-132.001404|-0.210742|1.000000|1.000000|1.000000
AEG801_220_7061|13|120.150093|237.548645|-35.673450|0.219823|-114.003784|-0.938775|1.512775|1.512775|1.512775
AEG801_220_7062|13|-73.778137|237.666504|1.263033|0.085541|-142.000061|0.077372|1.512775|1.512775|1.512774
AEG801_220_7063|13|-76.343018|237.208649|-97.936035|0.000000|-135.000015|0.000000|1.000000|1.000000|1.000000
AEG801_220_7064|13|46.474380|237.666519|0.970703|0.085541|-81.000053|0.077372|1.512775|1.512775|1.512775
AEG801_220_7065|13|-81.813965|237.666519|55.502930|0.085541|17.999924|0.077372|1.512775|1.512775|1.512774
AEG801_220_7066|13|84.148697|237.666519|54.336426|0.085541|69.999939|0.077372|1.512775|1.512775|1.512774
AEG801_220_7067|13|109.065689|237.208649|21.448730|0.000000|103.000061|0.000000|1.000000|1.000000|1.000000
AEG801_220_7068|13|-36.882812|237.663315|98.407349|0.000000|105.000076|0.000000|1.000000|1.000000|1.000000
AEG801_220_7069|13|-29.737915|237.272995|96.506714|0.000000|-164.999924|-0.000000|1.000000|1.000000|1.000000
AEG801_220_7070|13|-4.443710|237.663315|-121.330811|0.000000|-157.999969|0.000000|1.000000|1.000000|1.000000
AEG801_220_7071|13|-7.201035|237.272995|-128.190918|0.000000|-67.999985|-0.000000|1.000000|1.000000|1.000000
AEG801_220_7072|13|-65.685898|237.663315|-92.994751|0.000000|-98.000046|0.000000|1.512775|1.512775|1.512775
AEG801_220_7073|13|-73.005356|237.272995|-94.036743|0.000000|-8.000045|-0.000000|1.000000|1.000000|1.000000
AEG801_220_7074|13|-96.165405|237.663315|-125.001221|0.000000|-64.000031|0.000000|1.000000|1.000000|1.000000
AEG801_220_7075|13|-102.816406|237.272995|-121.772217|-0.000000|25.999983|-0.000000|1.000000|1.000000|1.000000
AEG801_220_7076|13|18.208511|237.663315|-120.807495|0.000000|-98.000046|0.000000|1.512775|1.512775|1.512775
AEG801_220_7077|13|10.209854|237.272995|-125.952271|0.000000|-8.000045|-0.000000|1.512775|1.512775|1.512775
AEG801_220_7078|13|-33.784653|237.493927|-7.008301|0.085541|-92.000053|0.077372|1.000000|1.000000|1.000000
AEG801_220_7079|13|-13.147705|237.364029|-59.810558|-0.000000|-21.999998|-0.000001|1.251550|1.251550|1.251550
AEG801_220_7080|13|-7.022872|237.364044|-65.674324|0.000000|102.412628|0.000000|0.700000|0.700000|0.700000
AEG801_220_7081|13|68.504265|237.273010|122.875107|-0.000000|-172.999969|-0.000000|1.512775|1.512775|1.512775
AEG801_220_7082|13|61.164417|237.663330|123.762802|0.000000|97.000015|0.000000|1.512775|1.512775|1.512775
AEG801_220_7083|13|94.674995|237.273010|93.080544|-0.000000|-69.601341|-0.000000|1.512775|1.512775|1.512775
AEG801_220_7084|13|79.039207|237.663330|89.316391|0.000000|-159.601364|0.000000|1.512775|1.512775|1.512775
AEG801_220_7085|13|123.692032|237.373795|72.113289|0.000273|-131.999985|0.000027|1.512775|1.512775|1.512775
AEG801_220_7088|13|69.207092|237.666519|71.661087|0.085541|66.980431|0.077372|1.512776|1.512775|1.512774
AEG801_220_7089|13|92.019958|237.666519|72.082764|0.085541|66.980431|0.077372|1.512776|1.512775|1.512774
AEG801_220_7090|13|61.846828|237.666519|109.168709|0.085541|-176.356735|0.077372|1.512775|1.512775|1.512775
AEG801_220_7091|13|48.410431|237.666519|76.058586|0.085541|23.889362|0.077372|1.512775|1.512775|1.512774
AEG801_220_7092|13|-119.688972|237.666519|59.448730|0.085541|-179.321503|0.077372|1.512775|1.512775|1.512774
AEG801_220_7093|13|-120.876328|237.663330|17.335239|0.000000|89.779800|0.000000|1.000000|1.000000|1.000000
AEG801_220_7094|13|-105.820786|237.663315|24.592970|0.000000|79.505302|0.000000|1.000000|1.000000|1.000000
AEG801_220_7095|13|-93.494431|237.666504|38.953793|0.085541|-29.091951|0.077372|1.000000|1.000000|1.000000
AEG801_220_7096|13|53.310581|237.666519|52.549164|0.085541|19.522026|0.077372|1.512776|1.512775|1.512774
AEG801_230_7000|13|-103.008469|237.663315|52.842171|-0.000000|-105.999992|-0.000000|1.000000|1.000000|1.000000
AEG801_230_7001|13|-104.989014|237.663330|86.963379|-0.000000|-40.000023|-0.000000|1.000000|1.000000|1.000000
AEG801_230_7002|13|89.913597|237.363403|-120.165131|0.000000|-13.000031|-0.000000|1.000000|1.000000|1.000000
AEG801_230_7003|13|104.248581|237.439682|-61.474049|0.352738|-78.001457|0.335936|1.000000|1.000000|1.000000
AEG801_230_7004|13|82.000015|237.663330|25.826660|0.000000|-23.000023|-0.000000|1.000000|1.000000|1.000000
AEG801_230_7005|13|52.955074|237.663330|-72.044823|-0.000000|-81.000031|-0.000000|1.000000|1.000000|1.000000
AEG801_230_7006|13|52.858170|237.663330|-43.261719|0.000000|0.999994|-0.000000|1.000000|1.000000|1.000000
AEG801_230_7007|13|7.513950|237.663330|-17.465679|0.000000|-77.000015|-0.000000|1.000000|1.000000|1.000000
AEG801_230_7008|13|10.069595|237.663330|9.609863|0.000000|-36.000011|-0.000000|1.000000|1.000000|1.000000
AEG801_230_7009|13|18.439468|237.663330|38.003906|0.000000|-77.000015|-0.000000|1.000000|1.000000|1.000000
AEG801_230_7010|13|-58.124023|237.663330|49.206543|0.000000|-16.000004|-0.000000|1.000000|1.000000|1.000000
AEG801_230_7011|13|-19.486069|237.663330|35.227539|0.000000|-56.000004|-0.000000|1.000000|1.000000|1.000000
AEG801_230_7012|13|-77.231689|237.663315|23.441895|-0.000000|-105.999992|-0.000000|1.000000|1.000000|1.000000
AEG801_230_7013|13|71.973282|237.363388|-125.502647|0.000000|-13.000031|-0.000000|1.000000|1.000000|1.000000
AEG801_230_7014|13|116.673401|237.539673|-35.083729|-0.596273|-112.002052|-0.759469|1.250000|1.250000|1.250000
AEG801_230_7015|13|-83.791260|237.575897|-1.710205|-0.000000|-119.000023|-0.000000|1.000000|1.000000|1.000000
AEG801_230_7016|13|43.807632|237.663330|2.175781|-0.000000|-58.000015|-0.000000|1.000000|1.000000|1.000000
AEG801_230_7017|13|-82.528564|237.663330|58.699219|-0.000000|40.999989|-0.000000|1.000000|1.000000|1.000000
AEG801_230_7018|13|87.065445|237.663330|54.575195|-0.000000|92.999969|-0.000000|1.000000|1.000000|1.000000
AEG801_230_7019|13|-38.645981|237.663330|37.471191|0.000000|-56.000004|-0.000000|1.000000|1.000000|1.000000
AEG801_230_7020|13|-52.796280|237.539383|3.305180|0.000000|-119.000023|0.000000|1.000000|1.000000|1.000000
AEG801_230_7021|13|71.149643|237.663330|74.298019|-0.000000|89.980492|-0.000000|1.000000|1.000000|1.000000
AEG801_230_7022|13|93.962509|237.663330|74.719696|-0.000000|89.980492|-0.000000|1.000000|1.000000|1.000000
AEG801_230_7023|13|60.895809|237.663330|106.401031|-0.000000|-153.356705|-0.000000|1.000000|1.000000|1.000000
AEG801_230_7024|13|-118.055145|237.663330|56.610157|-0.000000|-156.321442|-0.000000|1.000000|1.000000|1.000000
AEG801_230_7026|13|-111.439026|237.364258|-14.760624|0.000000|10.779759|0.000000|1.000000|1.000000|1.000000
AEG801_230_7027|13|55.552181|237.663330|56.918587|0.000000|42.522064|-0.000000|1.000000|1.000000|1.000000
AEG801_231_7000|13|-70.307861|237.363281|51.271973|0.000000|171.999985|0.000000|1.000000|1.000000|1.000000
AEG801_231_7001|13|-113.862061|237.363281|84.390625|0.000000|-117.000008|0.000000|1.000000|1.000000|1.000000
