m524100_0000|0|0.000000|0.000000|0.000000|0.000000|0.000000|0.000000|1.000000|1.000000|1.000000
m524101_0000|0|0.000000|0.000000|0.000000|0.000000|0.000000|0.000000|1.000000|1.000000|1.000000
c0100_9000|2|-138.356003|228.190002|-132.585007|0.000000|42.939999|0.000000|1.000000|1.000000|1.000000
c1000_9000|2|23.462999|219.011993|6.632000|0.000000|-7.552000|0.000000|1.000000|1.000000|1.000000
c1000_9001|2|-113.594002|248.315002|130.878006|0.000000|0.000000|0.000000|1.000000|1.000000|1.000000
c3150_9002|2|8.289000|221.356995|115.716003|-0.486000|-8.995000|0.034000|1.000000|1.000000|1.000000
c3160_9002|2|8.397000|218.798004|115.000999|-2.364000|-9.111000|-0.000000|1.000000|1.000000|1.000000
c3330_9000|2|-61.431999|202.199997|36.445999|0.000000|82.563004|0.000000|1.000000|1.000000|1.000000
c3730_9000|2|46.841000|224.470001|-14.344000|0.000000|91.699997|0.000000|1.000000|1.000000|1.000000
c4500_9000|2|-113.587997|248.473007|137.470993|0.000000|178.294998|0.000000|1.000000|1.000000|1.000000
c6001_9000|2|-78.537529|234.397125|-102.627296|0.000000|-12.405000|0.000000|1.000000|1.000000|1.000000
c6001_9001|2|-74.875618|234.133362|-102.016808|0.000000|7.382000|0.000000|1.000000|1.000000|1.000000
c6001_9002|2|-15.471229|244.112946|-77.974052|0.000000|-12.405000|0.000000|1.000000|1.000000|1.000000
c6001_9003|2|-13.940808|244.226715|-77.759857|0.000000|7.382000|0.000000|1.000000|1.000000|1.000000
c6001_9004|2|-10.491978|244.327164|-77.473824|0.000000|-33.105000|0.000000|1.000000|1.000000|1.000000
c6001_9005|2|34.189789|249.611786|-56.422470|0.000000|-102.207573|0.000000|1.000000|1.000000|1.000000
c6001_9006|2|38.710537|250.010620|-51.851261|0.000000|-72.874626|0.000000|1.000000|1.000000|1.000000
c6001_9007|2|39.889847|248.671722|-55.858723|0.000000|-118.664955|0.000000|1.000000|1.000000|1.000000
c6001_9008|2|74.900795|222.139404|-66.729691|0.000000|-12.405000|0.000000|1.000000|1.000000|1.000000
c6001_9009|2|76.054085|221.927765|-65.585709|0.000000|7.382000|0.000000|1.000000|1.000000|1.000000
c6001_9010|2|113.339767|221.849197|-28.816168|0.000000|-57.404999|0.000000|1.000000|1.000000|1.000000
c6001_9011|2|111.598770|222.330734|-26.857166|0.000000|-37.618000|0.000000|1.000000|1.000000|1.000000
c6001_9012|2|111.606773|221.857330|-28.891165|0.000000|-78.105003|0.000000|1.000000|1.000000|1.000000
c6001_9013|2|100.176750|220.121811|30.638081|0.000000|-117.404999|0.000000|1.000000|1.000000|1.000000
c6001_9014|2|98.717148|220.543701|32.326500|0.000000|-102.923111|0.000000|1.000000|1.000000|1.000000
c6010_9000|2|33.160625|219.000015|60.867340|0.000000|-154.386002|0.000000|1.000000|1.000000|1.000000
c6010_9001|2|-2.957000|219.000885|33.198002|-0.000000|44.952999|-0.000000|1.000000|1.000000|1.000000
c6010_9002|2|-62.087002|202.047745|37.900002|0.000000|114.250000|0.000000|1.000000|1.000000|1.000000
c6010_9003|2|-118.996628|190.568832|29.447002|-0.000000|31.318001|0.000000|1.000000|1.000000|1.000000
c6010_9004|2|95.518997|218.999985|17.544001|-0.000000|-115.777000|0.000000|1.000000|1.000000|1.000000
c6010_9005|2|47.321999|220.999985|-31.034000|-3.512000|123.028999|0.000000|1.000000|1.000000|1.000000
c6081_9000|2|-121.829002|233.621994|6.039000|0.000000|-64.422997|0.000000|1.000000|1.000000|1.000000
c6081_9001|2|-130.802002|215.785004|18.410999|0.000000|146.151993|0.000000|1.000000|1.000000|1.000000
c6081_9002|2|-138.600998|202.645004|7.692000|0.000000|139.046005|0.000000|1.000000|1.000000|1.000000
c0000_9000|4|22.521999|219.020996|7.942000|0.000000|-35.884998|0.000000|1.000000|1.000000|1.000000
h524100|5|0.000000|0.000000|0.000000|0.000000|0.000000|0.000000|1.000000|1.000000|1.000000
h524101|5|0.000000|0.000000|0.000000|0.000000|0.000000|0.000000|1.000000|1.000000|1.000000
h524150|5|0.000000|0.000000|0.000000|0.000000|0.000000|0.000000|1.000000|1.000000|1.000000
h524151|5|0.000000|0.000000|0.000000|0.000000|0.000000|0.000000|1.000000|1.000000|1.000000
h524152|5|0.000000|0.000000|0.000000|0.000000|0.000000|0.000000|1.000000|1.000000|1.000000
h524153|5|0.000000|0.000000|0.000000|0.000000|0.000000|0.000000|1.000000|1.000000|1.000000
AEG099_653_9001|9|64.219002|221.014999|-14.654000|0.000000|-43.827999|0.000000|1.000000|1.000000|1.000000
AEG099_653_9002|9|70.963997|221.014999|-23.239000|0.000000|141.287994|0.000000|1.000000|1.000000|1.000000
AEG099_653_9003|9|65.372002|221.014999|-19.929001|0.000000|-81.267998|0.000000|1.000000|1.000000|1.000000
AEG099_800_9000|9|-84.449997|258.223999|-2.750000|0.000000|35.009998|0.000000|1.000000|1.000000|1.000000
AEG099_810_9000|9|16.150999|218.716995|137.886002|0.000000|27.636999|0.000000|1.000000|1.000000|1.000000
c3150_9000|10|-98.931000|250.778000|22.389999|-0.129000|178.078003|0.048000|1.000000|1.000000|1.000000
c3150_9001|10|-120.866997|250.761002|183.100998|-0.013000|6.941000|0.027000|1.000000|1.000000|1.000000
c3160_9000|10|-98.952003|248.235992|23.159000|-0.463000|177.934998|0.000000|1.000000|1.000000|1.000000
c3160_9001|10|-120.962997|248.181000|182.315002|0.000000|6.914000|0.000000|1.000000|1.000000|1.000000
c3670_9000|10|-27.576000|209.386002|28.684999|0.000000|59.931000|0.000000|1.000000|1.000000|1.000000
c3670_9001|10|-29.082001|208.996002|19.563000|0.000000|136.076996|0.000000|1.000000|1.000000|1.000000
c3670_9002|10|-13.840000|212.744995|23.531000|0.000000|43.325001|0.000000|1.000000|1.000000|1.000000
c3670_9003|10|16.341999|219.072006|3.794000|-0.418000|163.600998|-0.000000|1.000000|1.000000|1.000000
c3670_9004|10|30.247999|219.056000|3.282000|-1.704000|64.496002|1.343000|1.000000|1.000000|1.000000
c3670_9005|10|30.587999|219.001007|9.650000|-0.824000|109.398003|0.000000|1.000000|1.000000|1.000000
c3670_9006|10|21.521999|219.063995|13.661000|0.484000|97.472000|0.000000|1.000000|1.000000|1.000000
c3670_9007|10|25.926001|219.039001|-7.644000|0.288000|171.802002|-1.379000|1.000000|1.000000|1.000000
c3670_9008|10|46.431999|220.662994|5.459000|-7.913000|116.751999|-0.969000|1.000000|1.000000|1.000000
c3670_9009|10|41.264000|220.251999|-0.086000|-7.130000|135.554001|-3.466000|1.000000|1.000000|1.000000
c3670_9010|10|39.227001|219.069000|19.016001|-5.647000|73.132004|4.640000|1.000000|1.000000|1.000000
c3670_9011|10|36.023998|219.031006|31.652000|0.000000|39.980000|0.447000|1.000000|1.000000|1.000000
c3670_9012|10|29.676001|219.014999|26.610001|0.000000|60.136002|0.000000|1.000000|1.000000|1.000000
c3670_9013|10|52.276001|220.800003|16.921000|0.263000|34.374001|5.004000|1.000000|1.000000|1.000000
c3670_9014|10|61.308998|221.016006|6.005000|0.000000|120.503998|0.000000|1.000000|1.000000|1.000000
c3670_9015|10|75.369003|221.011993|-1.297000|0.000000|92.841003|0.000000|1.000000|1.000000|1.000000
c3670_9016|10|83.103996|221.016006|-5.465000|0.000000|-24.950001|0.000000|1.000000|1.000000|1.000000
c3702_9000|10|48.185001|224.451996|-17.489000|0.000000|116.735001|0.000000|1.000000|1.000000|1.000000
c4300_9000|10|-108.999001|194.945007|30.356001|0.000000|-86.281998|0.000000|1.000000|1.000000|1.000000
c4300_9001|10|-111.432999|195.130997|29.191999|0.000000|-100.723999|0.000000|1.000000|1.000000|1.000000
c4300_9002|10|-111.772003|194.968994|32.026001|0.000000|-84.103996|0.000000|1.000000|1.000000|1.000000
c4300_9003|10|-109.320000|194.897003|32.200001|0.000000|-72.588997|0.000000|1.000000|1.000000|1.000000
c4300_9004|10|-14.167000|213.832001|42.282001|0.000000|-116.281998|0.000000|1.000000|1.000000|1.000000
c4300_9005|10|-15.689000|213.548996|40.053001|0.000000|-130.723999|0.000000|1.000000|1.000000|1.000000
c4300_9006|10|-17.333000|213.233994|42.377998|0.000000|-114.103996|0.000000|1.000000|1.000000|1.000000
c4300_9007|10|-15.350000|213.669006|43.729000|0.000000|-102.588997|0.000000|1.000000|1.000000|1.000000
c4380_9000|10|-120.350998|248.016998|-25.528999|0.000000|160.643997|0.000000|1.000000|1.000000|1.000000
c4380_9001|10|-123.598000|247.638000|-31.283001|0.000000|154.108994|0.000000|1.000000|1.000000|1.000000
c4380_9002|10|-115.010002|247.654007|-31.472000|0.000000|157.231003|0.000000|1.000000|1.000000|1.000000
c4380_9003|10|-117.912003|247.154007|-35.922001|0.000000|154.416000|0.000000|1.000000|1.000000|1.000000
c4380_9004|10|-111.792000|247.007996|-38.676998|0.000000|166.188004|0.000000|1.000000|1.000000|1.000000
c4380_9005|10|-121.586998|246.414993|-41.480999|0.000000|162.815994|0.000000|1.000000|1.000000|1.000000
c4380_9006|10|-126.758003|248.544006|-35.546001|0.000000|163.501999|0.000000|1.000000|1.000000|1.000000
c4380_9007|10|-130.061005|248.408005|-22.158001|0.000000|156.781006|0.000000|1.000000|1.000000|1.000000
c4380_9008|10|-122.022003|248.102997|-11.620000|0.000000|166.240005|0.000000|1.000000|1.000000|1.000000
c4550_9000|10|-85.411003|233.971359|-96.624001|0.000000|43.362000|0.000000|1.000000|1.000000|1.000000
c4550_9001|10|-95.627998|239.502243|-78.005997|0.000000|-158.382004|0.000000|1.000000|1.000000|1.000000
c4550_9002|10|-109.052002|247.819229|-30.129000|0.000000|109.231003|0.000000|1.000000|1.000000|1.000000
c4550_9003|10|-85.240997|248.015488|-21.162001|0.000000|-42.035000|0.000000|1.000000|1.000000|1.000000
c4550_9004|10|-49.879002|250.111893|-49.449001|0.000000|-123.325996|0.000000|1.000000|1.000000|1.000000
c4550_9005|10|0.234000|244.887024|-30.652000|0.000000|-53.230000|0.000000|1.000000|1.000000|1.000000
c4630_9000|10|53.053368|218.999985|40.803108|14.031000|88.787491|0.000000|1.000000|1.000000|1.000000
c6060_9000|10|-121.668999|230.272690|-114.531998|0.000000|25.610001|0.000000|1.000000|1.000000|1.000000
c6060_9001|10|-122.177002|230.723938|-111.848000|0.000000|19.243000|0.000000|1.000000|1.000000|1.000000
c6060_9002|10|-120.919998|231.015091|-110.169998|3.206000|-23.809000|0.000000|1.000000|1.000000|1.000000
c6060_9003|10|-117.031998|245.860718|-47.339001|-13.113000|25.610001|0.000000|1.000000|1.000000|1.000000
c6060_9004|10|-117.541000|246.174759|-44.655998|0.000000|19.243000|0.000000|1.000000|1.000000|1.000000
c6060_9005|10|-116.282997|246.432144|-42.977001|-7.807000|-23.809000|0.000000|1.000000|1.000000|1.000000
c6060_9006|10|-114.841003|246.185989|-45.723999|-13.002000|27.915001|0.000000|1.000000|1.000000|1.000000
c6060_9007|10|-12.087379|243.821182|-58.369888|3.733000|25.610001|0.000000|1.000000|1.000000|1.000000
c6060_9008|10|-12.595379|243.816742|-55.685890|0.000000|19.243000|0.000000|1.000000|1.000000|1.000000
c6060_9009|10|3.061000|245.134155|-19.240999|1.948000|25.610001|0.000000|1.000000|1.000000|1.000000
c6060_9010|10|2.553000|245.089722|-16.556999|0.000000|19.243000|-0.000000|1.000000|1.000000|1.000000
c6060_9011|10|3.810000|245.199692|-14.879000|-0.000000|-23.809000|0.000000|1.000000|1.000000|1.000000
c6060_9012|10|5.252000|245.325851|-17.625999|-16.836000|27.915001|0.000000|1.000000|1.000000|1.000000
AEG001_348_7000|13|-109.610367|192.310822|24.625494|-10.639313|79.330551|2.028238|1.000000|1.000000|1.000000
AEG001_348_7001|13|-91.704590|195.918350|34.633091|-12.552947|80.122337|6.050838|1.000000|1.000000|1.000000
AEG001_348_7002|13|-77.940529|198.863525|29.701181|-10.807136|79.272079|2.072579|1.000000|1.000000|1.000000
AEG001_348_7003|13|-59.586998|202.572998|44.769093|-11.727139|79.306717|2.246450|1.000000|1.000000|1.000000
AEG001_348_7004|13|-40.922909|206.756104|26.702940|-12.110068|79.319954|2.309532|1.000000|1.000000|1.000000
AEG001_348_7005|13|-19.343807|211.256348|27.080688|-13.972859|79.271202|2.131429|1.000000|1.000000|1.000000
AEG001_348_7006|13|8.250857|218.239700|6.497130|-9.787087|79.879883|4.478527|1.000000|1.000000|1.000000
AEG001_348_7007|13|32.868774|219.101776|-0.979851|-2.479498|79.576866|1.344263|1.000000|1.000000|1.000000
AEG001_348_7008|13|-116.150055|231.194839|-107.222549|-6.016431|-60.411022|8.897823|1.000000|1.000000|1.000000
AEG001_348_7009|13|-94.864853|233.408157|-96.297592|7.776278|-102.044083|10.814622|1.000000|1.000000|1.000000
AEG001_348_7010|13|-64.571785|237.867188|-83.564095|2.855649|-90.925232|12.484877|1.000000|1.000000|1.000000
AEG001_348_7011|13|-33.361816|241.947510|-66.205696|-4.666137|108.860977|-1.717328|1.000000|1.000000|1.000000
AEG001_348_7012|13|26.144043|247.153809|-57.891121|1.460977|-163.003159|-4.782034|1.000000|1.000000|1.000000
AEG001_348_7013|13|12.458742|245.956299|-26.833076|-4.638948|111.860191|-1.866827|1.000000|1.000000|1.000000
AEG001_348_7014|13|-48.125603|248.664780|-26.399843|15.183267|117.856964|8.013887|1.000000|1.000000|1.000000
AEG001_348_7015|13|-77.821770|255.365753|-4.391172|-2.139094|-125.312241|-0.357957|1.000000|1.000000|1.000000
AEG001_348_7016|13|-114.260628|235.998154|-84.446289|-6.273258|66.507057|-13.792871|1.000000|1.000000|1.000000
AEG001_348_7017|13|-102.894218|239.923737|-70.757568|-21.065931|9.165923|2.294069|1.000000|1.000000|1.000000
AEG001_348_7018|13|-104.430733|245.968506|-35.589035|4.528060|145.523407|-3.344035|1.000000|1.000000|1.000000
AEG003_063_1000|13|-97.290619|248.041641|80.699547|0.000000|6.953494|0.000000|1.000000|1.000000|1.000000
AEG004_042_1003|13|28.190132|231.759964|-69.177048|133.260864|-32.742218|37.358013|1.000000|1.000000|1.000000
AEG004_042_1005|13|-36.733471|236.043045|-3.833682|-47.728447|73.383850|159.837555|1.000000|1.000000|1.000000
AEG004_043_1000|13|-55.943954|238.846298|-75.489944|65.940346|82.587219|57.002045|1.000000|1.000000|1.000000
AEG004_043_1001|13|-60.934296|243.296234|-72.528275|-165.650925|-43.837711|-36.979927|1.000000|1.000000|1.000000
AEG004_043_1002|13|-31.252876|243.779022|-52.897064|1.472562|68.057716|136.330124|1.000000|1.000000|1.000000
AEG004_043_1003|13|-70.146904|216.201950|16.360359|-54.701981|32.414021|151.696564|1.000000|1.000000|1.000000
AEG004_043_1006|13|-67.863083|204.844315|21.666985|25.194822|-60.096710|-166.551620|1.000000|1.000000|1.000000
AEG004_043_1007|13|-2.533566|221.938507|-3.117653|-38.515087|54.083202|147.991089|1.000000|1.000000|1.000000
AEG004_043_1009|13|-12.576595|216.104187|35.686752|51.970963|67.094391|40.736301|1.000000|1.000000|1.000000
AEG004_043_1011|13|-34.025688|206.575455|28.520323|-9.408899|58.590553|62.936348|1.000000|1.000000|1.000000
AEG004_043_1012|13|43.807316|216.131470|36.817238|-62.067848|-99.349251|-58.570389|1.000000|1.000000|1.000000
AEG004_043_1013|13|-48.521717|247.139328|-33.260391|116.543655|-58.468838|64.099403|1.000000|1.000000|1.000000
AEG004_043_1014|13|-86.109009|250.060043|2.124032|-18.266336|15.005591|39.446331|1.000000|1.000000|1.000000
AEG004_043_1015|13|-3.848734|216.271835|67.717285|50.037254|30.553669|137.380356|1.000000|1.000000|1.000000
AEG004_043_1016|13|25.373793|216.929718|81.924850|85.025543|3.396727|-175.217651|1.000000|1.000000|1.000000
AEG004_048_1000|13|-47.297474|251.056610|-42.534718|9.140870|-160.250870|-8.574661|1.000000|1.000000|1.000000
AEG004_048_1036|13|-127.170517|242.185104|-20.280512|9.999534|-123.947090|10.527998|1.000000|1.000000|1.000000
AEG004_048_1037|13|-121.661232|240.757355|-30.152044|8.043587|-80.338150|14.780472|1.000000|1.000000|1.000000
AEG004_048_1038|13|-55.730583|247.246338|-70.308746|4.611470|-38.439774|16.928595|1.000000|1.000000|1.000000
AEG004_048_1039|13|-45.604610|250.345734|-53.356487|9.252557|-75.355942|8.449573|1.000000|1.000000|1.000000
AEG004_048_1040|13|-65.172287|245.528610|-66.619064|5.336673|161.837265|-12.905566|1.000000|1.000000|1.000000
AEG004_048_1041|13|-95.601639|236.229309|-87.914223|0.177719|107.940643|-20.544449|1.000000|1.000000|1.000000
AEG004_048_1042|13|-90.935974|237.119186|-86.487427|-19.311356|15.322395|-0.457034|1.000000|1.000000|1.000000
AEG004_048_1043|13|-51.349499|237.519638|-87.526001|10.707444|159.051529|-7.058437|1.000000|1.000000|1.000000
AEG004_048_1044|13|28.302998|247.135742|-58.716972|2.682652|-147.521637|-4.221308|1.000000|1.000000|1.000000
AEG004_048_1045|13|28.189831|247.207962|-42.442486|3.671090|-132.726349|-3.397342|1.000000|1.000000|1.000000
AEG004_048_1046|13|25.670364|246.809677|-40.298878|-2.417095|28.402143|4.412849|1.000000|1.000000|1.000000
AEG004_048_1047|13|16.490517|246.246765|-28.551210|2.784450|-146.127731|-4.154932|1.000000|1.000000|1.000000
AEG004_048_1048|13|18.546667|246.344650|-36.350708|0.704001|-8.104467|4.950194|1.000000|1.000000|1.000000
AEG004_048_1049|13|-40.965542|246.468369|-8.059503|-12.511337|-144.293137|10.465925|1.000000|1.000000|1.000000
AEG004_048_1050|13|-44.686356|246.942139|0.684562|14.295070|33.544334|-10.224505|1.000000|1.000000|1.000000
AEG004_048_1051|13|-47.562542|247.642761|2.852277|-14.622551|-142.176849|9.503250|1.000000|1.000000|1.000000
AEG004_048_1052|13|-63.047241|251.781372|14.427429|-3.320669|-164.988571|12.495724|1.000000|1.000000|1.000000
AEG004_048_1053|13|54.006008|220.800537|-64.193802|0.000000|-19.229424|0.000000|1.000000|1.000000|1.000000
AEG004_048_1054|13|55.959862|220.903183|-60.701408|0.000000|110.245972|0.000000|1.000000|1.000000|1.000000
AEG004_048_1055|13|108.419090|218.784973|-21.243649|0.000000|-83.709389|0.000000|1.000000|1.000000|1.000000
AEG004_048_1056|13|109.163918|218.867264|-14.850116|0.000000|123.054260|0.000000|1.000000|1.000000|1.000000
AEG004_048_1057|13|103.044052|218.887115|-7.691955|0.000000|136.767624|0.000000|1.000000|1.000000|1.000000
AEG004_048_1058|13|86.163353|218.744812|39.862843|-0.453407|146.846863|3.647048|1.000000|1.000000|1.000000
AEG004_048_1059|13|83.569611|218.829346|43.459568|-0.306612|-80.644196|1.861336|1.000000|1.000000|1.000000
AEG004_048_1060|13|70.853554|218.757202|55.971428|0.000000|-150.553253|0.000000|1.000000|1.000000|1.000000
AEG004_048_1061|13|42.223515|218.803528|75.776924|0.000000|172.317902|0.000000|1.000000|1.000000|1.000000
AEG004_048_1062|13|52.657230|218.791580|71.281693|0.000000|11.485062|0.000000|1.000000|1.000000|1.000000
AEG004_048_1063|13|46.822731|218.862442|73.649361|0.000000|-99.520927|0.000000|1.000000|1.000000|1.000000
AEG004_048_1064|13|-32.821541|218.799057|75.687714|-0.079338|114.189369|-0.129950|1.000000|1.000000|1.000000
AEG004_048_1065|13|-43.173515|218.678177|68.307037|-1.210096|124.156532|3.074268|1.000000|1.000000|1.000000
AEG004_048_1066|13|-43.426834|218.916824|61.599033|0.000000|-80.703087|0.000000|1.000000|1.000000|1.000000
AEG004_048_1067|13|-42.347927|218.891647|51.577862|-4.467212|53.272297|0.722197|1.000000|1.000000|1.000000
AEG004_048_1068|13|-30.845219|218.814880|43.990780|-0.694569|24.781927|-0.966774|1.000000|1.000000|1.000000
AEG004_048_1069|13|-63.850742|201.543060|46.776081|1.524662|-172.475098|-11.624558|1.000000|1.000000|1.000000
AEG004_048_1070|13|-92.199608|195.617905|35.035637|-1.297407|173.676346|-11.792508|1.000000|1.000000|1.000000
AEG004_048_1071|13|-102.894630|193.541046|23.974718|-6.920276|38.142601|8.890994|1.000000|1.000000|1.000000
AEG004_048_1072|13|-109.695763|192.191162|22.153488|3.370726|-18.177792|10.334678|1.000000|1.000000|1.000000
AEG004_048_1073|13|-98.762932|194.402863|22.673853|1.460677|-172.653732|-11.407293|1.000000|1.000000|1.000000
AEG004_048_1074|13|7.608495|245.332199|-15.886417|4.629858|-112.155243|-1.889651|1.000000|1.000000|1.000000
AEG004_048_1075|13|-124.679802|189.476532|38.619934|2.780187|-175.919495|-11.536790|1.000000|1.000000|1.000000
AEG004_048_1076|13|-128.150543|188.756134|38.576553|-1.334411|-3.062623|11.788417|1.000000|1.000000|1.000000
AEG004_048_1077|13|93.904358|220.847275|-5.527877|2.283414|68.763222|-4.348728|1.000000|1.000000|1.000000
AEG004_048_1078|13|23.151842|218.400085|73.432762|6.733118|-113.473473|-8.103889|1.000000|1.000000|1.000000
AEG004_174_1001|13|-20.301807|209.348129|29.546095|2.347345|-172.572357|-13.431760|1.000000|1.000000|1.000001
AEG004_174_1004|13|12.788258|217.432877|-1.419503|11.923980|50.269924|4.426974|1.000000|1.000000|1.000000
AEG004_176_1000|13|-28.773916|207.065125|14.961128|5.182994|-155.866959|-10.937223|1.000000|1.000000|1.000000
AEG004_176_1001|13|-21.450899|208.830505|28.864531|12.058399|-116.250725|-5.321650|1.000000|1.000000|1.000000
AEG004_176_1002|13|-24.906994|207.608475|14.022930|-11.913186|78.852875|2.072881|1.000000|1.000000|1.000000
AEG004_176_1003|13|-0.484171|214.189972|6.028397|14.895714|-74.793663|3.028042|1.000000|1.000000|1.000000
AEG004_176_1004|13|-8.678111|211.746124|25.930943|-23.063545|99.301872|-2.415590|1.000000|1.000000|1.000000
AEG004_176_1005|13|-5.822522|212.429092|22.004915|9.716435|-69.171783|12.339939|1.000000|1.000000|1.000000
AEG004_176_1006|13|25.854139|217.024338|-12.959080|-3.825262|28.462177|0.440219|1.000000|1.000000|1.000000
AEG004_176_1007|13|36.015663|218.170380|-14.976074|-4.917628|160.809998|-5.951594|1.000000|1.000000|1.000000
AEG004_176_1008|13|32.998119|216.901505|7.121166|0.095322|145.268829|0.441339|1.000000|1.000000|1.000000
AEG004_176_1009|13|13.778717|217.143295|-1.302951|-4.917628|160.809998|-5.951594|1.000000|1.000000|1.000000
AEG004_176_1010|13|37.740040|217.712311|-3.699883|-4.917626|-151.190002|-5.951593|1.000000|1.000000|1.000000
AEG004_176_1011|13|40.176167|217.738098|-0.061020|-4.917627|6.809985|-5.951593|1.000000|1.000000|1.000000
AEG004_176_1012|13|43.497341|218.273346|-2.805126|1.531847|160.701324|-0.669359|1.000000|1.000000|1.000000
AEG004_177_1000|13|-29.154186|208.772461|18.567011|9.393147|-127.509796|-6.886056|1.000000|1.000000|1.000000
AEG004_177_1001|13|-33.636486|208.061157|15.868587|1.446219|-173.271790|-10.508187|1.000000|1.000000|1.000000
AEG004_177_1002|13|-0.459438|215.848404|7.962688|-12.467940|128.510468|-8.752662|1.000000|1.000000|1.000000
AEG004_177_1003|13|-24.651600|209.890015|13.839237|12.541398|-97.826294|-1.484318|1.000000|1.000000|1.000000
AEG004_177_1004|13|32.725319|219.031555|4.378414|0.439203|138.615814|0.239294|1.000000|1.000000|1.000000
AEG004_177_1005|13|24.190556|218.975266|15.689102|-0.159627|-88.600098|-0.249638|1.000000|1.000000|1.000000
AEG004_311_1000|13|-51.802998|215.231659|15.264583|-61.602985|57.512524|166.940094|1.000000|1.000000|1.000000
AEG004_311_1001|13|51.312233|219.722382|-53.191319|19.116657|34.376518|117.365639|1.000000|1.000000|1.000000
AEG004_311_1002|13|-9.227573|213.105713|19.912786|32.782249|-11.014744|-175.372330|1.000000|1.000000|1.000000
AEG004_311_1006|13|-48.352135|242.786224|-70.176468|-179.156342|-46.814629|35.759285|1.000000|1.000000|1.000000
AEG004_311_1010|13|-15.132047|219.424728|2.265930|-52.168583|61.258492|166.293381|1.000000|1.000000|1.000000
AEG004_311_1012|13|-4.908836|243.299728|-46.802822|38.185013|70.777054|139.646667|1.000000|1.000000|1.000000
AEG004_311_1024|13|13.417503|218.502121|159.606949|-133.947388|8.334079|20.173120|1.000000|1.000000|1.000000
AEG004_311_1025|13|-109.941589|247.522720|224.285416|-102.035141|-66.500229|59.011993|1.000000|1.000000|1.000000
AEG004_311_1026|13|-91.579781|248.912384|15.115024|-41.208664|13.206675|-0.139976|1.000000|1.000000|1.000000
AEG004_311_1027|13|-116.990135|248.687820|67.702438|81.604256|-81.118683|122.631714|1.000000|1.000000|1.000000
AEG004_311_1028|13|-93.497467|248.995255|38.897961|79.025291|73.190010|-135.987564|1.000000|1.000000|1.000000
AEG004_311_1029|13|-121.769402|248.926086|113.989105|30.273909|-6.157840|124.707329|1.000000|1.000000|1.000000
AEG004_311_1031|13|-103.161896|247.325974|128.813721|-3.160722|10.750503|11.856220|1.000000|1.000000|1.000000
AEG004_311_1032|13|-107.598457|247.682007|124.036690|-10.066504|-21.537102|-58.385586|1.000000|1.000000|1.000000
AEG004_691_2002|13|66.043976|226.490845|-11.801937|-0.089998|-130.094559|0.034042|1.000000|1.000000|1.000000
AEG004_691_2005|13|83.960724|230.489044|-25.125292|-0.090000|27.405333|-0.000000|1.000000|1.000000|1.000000
AEG004_691_2008|13|61.612453|236.431030|-20.291164|0.000000|27.405367|0.000000|1.000000|1.000000|1.000000
AEG004_691_2010|13|45.458252|257.490845|-11.828512|0.090022|-40.094624|0.067018|1.000000|1.000000|1.000000
AEG004_691_2011|13|43.877247|257.490845|-15.008545|-0.000090|-85.094696|-0.000045|1.000000|1.000000|1.000000
AEG004_691_2012|13|81.193367|228.070190|-12.859379|-0.090000|27.405218|-0.005787|1.000000|1.000000|1.000001
AEG004_691_2013|13|84.683159|230.736206|-24.360401|-0.090001|110.807220|0.006475|1.000000|1.000000|1.000000
AEG004_691_2015|13|72.603874|226.175781|-12.128664|-0.000000|162.405350|0.000000|1.000000|1.000000|1.000000
AEG004_691_2017|13|81.568970|230.489075|-23.885227|0.000000|27.405333|0.000000|1.000000|1.000000|1.000000
AEG004_691_2018|13|67.343521|233.631226|-23.262537|-0.092159|27.405352|-0.007381|1.000000|1.000000|1.000000
AEG004_691_2020|13|44.345230|230.826721|-10.250490|-0.000000|-40.092510|-0.000000|1.000000|1.000000|1.000000
AEG004_691_2021|13|55.059444|239.024048|-16.892626|0.093492|27.405199|0.000000|1.000000|1.000000|1.000000
AEG004_691_2022|13|60.108906|236.431030|-23.191076|0.000000|-152.594696|0.000000|1.000000|1.000000|1.000000
AEG004_691_2023|13|53.555908|239.029419|-19.792564|0.093492|-152.594833|0.000000|1.000000|1.000000|1.000000
AEG004_691_2024|13|65.839996|233.626099|-26.162460|-0.092159|-152.594696|-0.007381|1.000000|1.000000|1.000000
AEG004_691_2026|13|49.217724|230.826721|-8.730190|-0.000000|4.907464|-0.000000|1.000001|1.000000|1.000001
AEG004_691_2027|13|41.975174|230.826721|-14.786755|-0.000000|-85.092537|-0.000000|1.000001|1.000000|1.000000
AEG004_691_2028|13|53.740414|230.826721|-11.107079|-0.000000|49.907391|-0.000000|1.000001|1.000000|1.000001
AEG004_691_2029|13|55.272449|230.826721|-15.984173|-0.000000|94.907524|-0.000000|1.000000|1.000000|1.000000
AEG004_691_2031|13|43.498951|230.826721|-19.656233|-0.000000|-130.092499|-0.000000|1.000000|1.000000|1.000000
AEG004_691_2032|13|52.887306|230.826721|-20.514305|-0.000000|139.907394|-0.000000|1.000000|1.000000|1.000000
AEG004_691_2033|13|48.033508|230.826721|-22.032122|-0.000000|-175.092468|-0.000000|1.000000|1.000000|1.000000
AEG004_691_2034|13|73.106094|230.287354|-26.559851|-0.090000|-62.594635|-0.000000|1.000000|1.000000|1.000000
AEG004_691_2035|13|55.445915|226.490845|-11.816414|-0.000001|72.405220|-0.000000|1.000001|1.000000|1.000000
AEG004_691_2036|13|71.866302|230.292114|-28.951685|0.000000|-62.594627|0.000000|1.000000|1.000000|1.000000
AEG004_691_2037|13|56.259239|226.490845|-14.381157|-0.000000|72.405388|0.000000|1.000000|1.000000|1.000000
AEG004_691_2038|13|74.108521|226.175659|-9.128063|0.000000|72.405457|0.000000|1.000000|1.000000|1.000000
AEG040_010_1000|13|-93.857071|248.285156|9.474529|-0.000005|-122.046516|0.000005|1.000000|1.000000|1.000000
AEG040_010_1001|13|-93.541878|248.285156|16.954201|-0.000005|-74.046524|0.000005|1.000000|1.000000|1.000000
AEG040_010_1002|13|-95.040268|248.285156|37.210964|-0.000005|-107.046532|0.000005|1.000000|1.000000|1.000000
AEG040_010_1003|13|-114.301582|248.285156|58.070221|-0.000005|109.953499|0.000005|1.000000|1.000000|1.000000
AEG040_010_1004|13|-116.353210|248.285156|70.852150|-0.000005|44.953495|0.000005|1.000000|1.000000|1.000000
AEG040_010_1005|13|-118.098457|248.285156|111.799072|-0.000005|88.953484|0.000005|1.000000|1.000000|1.000000
AEG040_010_1006|13|-105.762115|248.285156|159.378983|-0.000005|-129.046539|0.000005|1.000000|1.000000|1.000000
AEG040_010_1007|13|-105.551216|248.285156|169.212860|-0.000005|-21.046543|0.000005|1.000000|1.000000|1.000000
AEG040_010_1008|13|-109.602821|248.157852|216.478546|-0.000005|-151.046555|3.000002|1.000000|1.000000|1.000000
AEG040_010_1009|13|-111.895340|248.181564|222.996887|-0.000005|-75.046570|0.000005|1.000000|1.000000|1.000000
AEG040_010_1010|13|-129.334534|248.159760|231.437775|-0.000005|94.953430|0.000005|1.000000|1.000000|1.000000
AEG040_010_1011|13|-131.063629|248.171982|249.412918|-0.000005|80.953415|0.000005|1.000000|1.000000|1.000000
AEG040_010_1012|13|-129.385086|248.271301|239.661926|-0.000005|106.953415|0.000005|1.000000|1.000000|1.000000
AEG040_020_1003|13|-38.446606|241.355560|-8.833223|149.247177|-48.755234|-18.465084|1.000000|1.000000|1.000000
AEG040_020_1004|13|-32.337711|210.994247|-81.571426|-102.302330|55.863338|-66.440285|1.000000|1.000000|1.000000
AEG040_020_1005|13|-52.174274|196.656967|-88.795403|143.156082|87.452354|-47.855762|1.000000|1.000000|1.000000
AEG040_020_1006|13|-33.238628|216.589493|-81.549644|174.597092|69.565445|-49.494606|1.000000|1.000000|1.000000
AEG040_020_1008|13|-36.035763|211.876190|-81.880341|-129.311050|24.154125|-50.331146|1.000000|1.000000|1.000000
AEG040_020_1009|13|60.634491|219.079910|-58.741875|-113.879051|-1.482269|12.040275|1.000000|1.000000|1.000000
AEG040_020_1010|13|-30.775017|242.033783|-54.500252|156.096390|4.434531|22.530514|1.000000|1.000000|1.000000
AEG040_020_1011|13|33.380859|194.600281|-71.108810|-116.133980|47.314037|-45.073223|1.000000|1.000000|1.000000
AEG040_020_1012|13|36.226120|188.196014|-75.263222|-166.055313|44.326069|-56.671993|1.000000|1.000000|1.000000
AEG040_020_1013|13|35.878288|187.254318|-74.318939|81.701874|-83.026451|-123.764832|1.000000|1.000000|1.000000
AEG040_020_1015|13|28.808239|239.320297|-43.272686|-162.400269|-78.025421|-31.331663|1.000000|1.000000|1.000000
AEG040_020_1016|13|-22.835346|216.844147|52.162544|59.223675|68.578278|170.590958|1.000000|1.000000|1.000000
AEG040_020_1017|13|44.552898|216.164307|48.559143|-107.539467|-83.584488|11.267670|1.000000|1.000000|1.000000
AEG040_020_1018|13|-59.466564|183.456818|58.090282|-26.363726|61.436596|-139.474655|1.000000|1.000000|1.000000
AEG040_020_1019|13|-61.952290|178.379669|58.493870|54.278763|42.211742|-126.481171|1.000000|1.000000|1.000000
AEG040_020_1020|13|-45.304214|187.742981|74.312050|39.622440|-7.937799|-135.620010|1.000000|1.000000|1.000000
AEG040_021_1001|13|-14.375303|241.656219|-15.563234|154.261673|-65.760895|44.471260|1.000000|1.000000|1.000000
AEG040_021_1002|13|-17.451363|241.303680|-13.843846|139.798721|-14.320328|39.350460|1.000000|1.000000|1.000000
AEG040_021_1003|13|-42.818092|244.667206|-8.721890|-24.730244|-86.960312|-123.064003|1.000000|1.000000|1.000000
AEG040_021_1004|13|-31.828753|208.242783|-82.744003|-21.468204|-60.006763|142.657959|1.000000|1.000000|1.000000
AEG040_021_1005|13|-54.762547|198.138153|-87.426987|-179.292160|36.513901|36.411678|1.000000|1.000000|1.000000
AEG040_021_1007|13|-34.355892|220.127121|-80.158974|-161.190781|45.605934|17.121262|1.000000|1.000000|1.000000
AEG040_021_1009|13|-32.999664|214.785492|-79.284737|-166.829147|20.006315|10.511714|1.000000|1.000000|1.000000
AEG040_021_1010|13|-67.717178|218.841782|12.573877|37.461998|-72.368767|-107.245621|1.000000|1.000000|1.000000
AEG040_021_1016|13|38.019875|195.863159|-70.557121|-4.391343|-51.608585|155.136429|1.000000|1.000000|1.000000
AEG040_021_1017|13|36.533031|190.741959|-72.092491|-161.182861|66.076950|33.156990|1.000000|1.000000|1.000000
AEG040_021_1018|13|38.123466|181.949585|-76.904526|-161.880112|-3.009754|7.860373|1.000000|1.000000|1.000000
AEG040_021_1019|13|28.379963|242.272614|-45.879875|44.973701|54.031708|158.633347|1.000000|1.000000|1.000000
AEG040_021_1020|13|-57.542114|186.483719|56.407616|5.502648|57.724121|150.694824|1.000000|1.000000|1.000000
AEG040_021_1021|13|-42.285065|185.911179|74.201057|31.451040|-40.123543|140.758377|1.000000|1.000000|1.000000
AEG040_021_1022|13|-60.494270|181.769791|55.959728|7.581980|28.643042|153.079025|1.000000|1.000000|1.000000
AEG040_024_1000|13|-74.249062|211.530655|23.343412|51.540764|-56.582752|-65.965851|1.000000|1.000000|1.000000
AEG040_065_1000|13|-96.899986|248.143555|33.959854|0.877056|160.939697|1.797469|1.000000|1.000000|1.000000
AEG040_065_1001|13|-96.748306|248.050690|41.036381|-2.003659|-142.976562|3.998757|1.000000|1.000000|1.000000
AEG040_065_1002|13|-92.900047|248.041641|5.102520|0.000005|158.664795|-0.000005|1.000000|1.000000|1.000000
AEG040_065_1003|13|-113.120659|247.864777|53.349594|-2.693617|42.158276|3.715414|1.000000|1.000000|1.000000
AEG040_065_1004|13|-95.662231|248.097397|21.255817|-2.003659|-142.976562|3.998757|1.000000|1.000000|1.000000
AEG040_065_1005|13|-112.759209|248.041641|62.007729|0.000005|6.953495|-0.000005|1.000000|1.000000|1.000000
AEG040_065_1006|13|-114.202324|248.041641|70.227043|0.000005|-9.335207|-0.000005|1.000000|1.000000|1.000000
AEG040_065_1007|13|-95.549896|248.041641|12.696541|0.000005|-173.046524|-0.000005|1.000000|1.000000|1.000000
AEG040_065_1008|13|-128.566681|248.041611|230.862015|0.000005|36.431992|-0.000005|1.000000|1.000000|1.000000
AEG040_065_1009|13|-129.740845|248.041611|247.912064|0.000005|-11.335210|-0.000005|1.000000|1.000000|1.000000
AEG040_065_1010|13|-112.415359|248.008499|218.300949|0.000005|163.687820|-0.000005|1.000000|1.000000|1.000000
AEG040_065_1011|13|-108.302940|247.982437|167.890076|0.000005|-142.603775|-0.000005|1.000000|1.000000|1.000000
AEG040_065_1012|13|-128.331299|248.041611|239.997803|0.000005|6.953495|-0.000005|1.000000|1.000000|1.000000
AEG040_065_1013|13|-107.263771|248.008499|160.850113|0.000005|166.687836|-0.000005|1.000000|1.000000|1.000000
AEG040_065_1014|13|-112.451729|247.982437|225.462097|0.000005|-159.603775|-0.000005|1.000000|1.000000|1.000000
AEG040_065_1015|13|-109.542114|248.067108|127.633347|0.999999|-148.312180|-2.000007|1.000000|1.000000|1.000000
AEG040_065_1016|13|-115.726685|248.041641|95.926056|0.000005|6.953495|-0.000005|1.000000|1.000000|1.000000
AEG040_065_1017|13|-117.893059|248.041641|115.451263|0.000005|-10.046502|-0.000005|1.000000|1.000000|1.000000
AEG040_065_1019|13|-105.177185|247.982437|134.846375|0.000005|-139.603775|-0.000005|1.000000|1.000000|1.000000
AEG040_065_1021|13|-117.843369|247.987991|109.277359|-1.690973|42.111233|2.716485|1.000000|1.000000|1.000000
AEG040_065_1024|13|-105.117462|248.058655|126.013123|-0.486264|26.679642|0.182470|1.000000|1.000000|1.000000
AEG040_065_1025|13|2.137666|218.637070|68.541946|-0.373484|27.821014|-3.637995|1.000000|1.000000|1.000000
AEG040_065_1026|13|5.922786|218.628693|85.929733|1.325717|87.859528|-4.003385|1.000000|1.000000|1.000000
AEG040_065_1027|13|4.357602|218.758102|94.270020|1.325717|-102.140511|-4.003383|1.000000|1.000000|1.000000
AEG040_065_1028|13|13.992834|218.744751|146.848145|-0.935854|-176.988022|1.057704|1.000000|1.000000|1.000000
AEG040_065_1029|13|12.570002|218.632080|159.681793|-0.373483|-152.179016|1.362003|1.000000|1.000000|1.000000
AEG040_065_1030|13|0.232407|218.758102|88.551270|1.325717|-132.140503|-4.003385|1.000000|1.000000|1.000000
AEG040_065_1031|13|12.761089|218.705246|150.971832|-0.036905|143.003738|1.411809|1.000000|1.000000|1.000000
AEG040_065_1032|13|-4.228840|218.624573|140.934036|-0.373484|27.821016|2.361997|1.000000|1.000000|1.000000
AEG040_065_1033|13|4.277594|218.758102|81.617432|1.325717|27.859468|-4.003384|1.000000|1.000000|1.000000
AEG040_065_1034|13|5.605213|218.758102|75.488785|1.325717|17.859470|-4.003384|1.000000|1.000000|1.000000
AEG040_065_1035|13|-5.276971|218.705246|150.885635|-0.036905|-1.996202|1.411808|1.000000|1.000000|1.000000
AEG040_065_1036|13|-2.786755|218.741043|147.202148|-0.373483|-10.687809|1.362003|1.000000|1.000000|1.000000
AEG040_065_1056|13|-95.961197|248.148621|7.017902|0.000005|180.000000|-0.000005|1.000001|1.000001|1.000000
AEG040_065_1057|13|-65.384438|252.984848|-13.869739|3.074137|7.467179|-14.239830|1.000000|1.000000|1.000000
AEG040_065_1058|13|-67.330902|253.373795|-8.638652|3.578751|9.526589|-14.123773|1.000000|1.000000|1.000000
AEG040_065_1059|13|-78.606018|256.209961|-1.155086|-9.296391|-46.902042|-10.878638|1.000000|1.000000|1.000000
AEG040_066_1019|13|-129.157104|248.041611|235.830490|0.000005|27.055836|-0.000005|1.000000|1.000000|1.000000
AEG040_066_1020|13|-113.585014|248.041641|57.840416|0.000005|27.055836|-0.000005|1.000000|1.000000|1.000000
AEG040_066_1021|13|-94.724091|248.041641|16.863838|0.000005|-152.944183|-0.000005|1.000000|1.000000|1.000000
AEG040_066_1022|13|-96.442581|248.041641|36.506306|0.000005|-152.944183|-0.000005|1.000000|1.000000|1.000000
AEG040_066_1023|13|-104.388115|248.147720|161.193069|0.000005|178.055847|-0.000005|1.000000|1.000000|1.000000
AEG040_067_1055|13|-132.943359|247.661942|233.274323|-59.193966|-93.254417|17.665176|1.000000|1.000000|1.000000
AEG040_067_1056|13|-133.267548|247.794556|240.061111|-49.736187|-90.274315|15.083879|1.000000|1.000000|1.000000
AEG040_067_1057|13|-133.464539|248.161041|243.603317|-68.650566|-115.412163|25.128851|1.000000|1.000000|1.000000
AEG040_067_1060|13|-108.777390|247.661942|222.898590|-59.193966|81.763718|17.665173|1.000000|1.000000|1.000000
AEG040_067_1061|13|-103.760681|247.661942|165.557312|-59.193966|81.763718|17.665173|1.000000|1.000000|1.000000
AEG040_067_1062|13|-117.371269|247.661972|55.284248|-59.193966|-93.254417|17.665176|1.000000|1.000000|1.000000
AEG040_067_1063|13|-117.695457|247.794586|62.071037|-49.736187|-90.274315|15.083879|1.000000|1.000000|1.000000
AEG040_067_1064|13|-117.892448|248.161072|65.613243|-68.650566|-115.412178|25.128822|1.000000|1.000000|1.000000
AEG040_067_1065|13|-90.937843|247.661972|19.420006|-59.193966|86.745583|17.665178|1.000000|1.000000|1.000000
AEG040_067_1066|13|-90.613640|247.794586|12.633224|-49.736191|89.725677|15.083877|1.000000|1.000000|1.000000
AEG040_067_1067|13|-90.629066|248.868927|9.446621|-68.650558|55.587807|25.128851|1.000000|1.000000|1.000000
AEG040_067_1068|13|-92.707497|247.319870|39.062473|-46.270920|82.890701|9.060252|1.000000|1.000000|1.000000
AEG040_067_1069|13|-122.037315|247.794586|111.698662|-49.736187|-90.274315|15.083879|1.000000|1.000000|1.000000
AEG040_067_1070|13|-100.856361|247.661942|132.360718|-59.193966|81.763718|17.665173|1.000000|1.000000|1.000000
AEG040_067_1071|13|-120.747047|247.227493|95.989365|-49.736187|-90.274315|15.083879|1.000000|1.000000|1.000000
AEG040_067_1072|13|13.426548|217.441101|154.043610|21.617031|-134.172913|-7.363537|1.000000|1.000000|1.000000
AEG040_067_1073|13|1.109328|218.475922|77.765610|10.422926|49.133068|-7.747692|1.000000|1.000000|1.000000
AEG040_067_1074|13|0.594411|218.475922|83.574707|10.422927|94.133080|-7.747692|1.000000|1.000000|1.000000
AEG040_067_1075|13|4.560385|217.898087|90.386749|1.638757|-36.168510|-5.803126|1.000000|1.000000|1.000000
AEG040_067_1076|13|24.553944|218.253906|83.600845|3.533783|-79.658928|-59.252972|1.000000|1.000000|1.000000
AEG040_067_1077|13|-6.561725|218.772079|146.373642|50.464088|72.144699|-21.857801|1.000000|1.000000|1.000000
AEG040_067_1078|13|13.495697|217.441101|156.228592|21.617031|-91.172913|-7.363536|1.000000|1.000000|1.000000
AEG040_067_1083|13|-86.271935|250.637115|10.672761|-1.759507|62.957809|53.435619|1.000000|1.000000|1.000000
AEG040_067_1084|13|-72.050690|253.511292|-8.023849|-4.352630|10.570353|-19.126053|1.000000|1.000000|1.000000
AEG040_067_1085|13|-68.972260|253.686081|-14.697616|19.106724|101.051582|-4.439858|1.000000|1.000000|1.000000
AEG040_067_1086|13|-81.595001|252.469101|-11.891523|-52.152847|41.142635|18.525478|1.000000|1.000000|1.000000
AEG040_068_1000|13|-86.183105|246.777679|5.897857|56.343143|-84.621521|53.834000|1.000000|1.000000|1.000000
AEG040_068_1001|13|-82.331421|248.973785|8.026692|62.754002|-24.373238|-33.408295|1.000000|1.000000|1.000000
AEG040_068_1002|13|-75.998253|253.532684|-7.577209|-5.685756|40.827675|-8.445228|1.000000|1.000000|1.000000
AEG098_127_7001|13|-112.884712|248.252930|1.074720|0.000000|0.000000|-7.147873|1.000000|1.000000|1.000000
AEG098_127_7002|13|-113.069298|248.420898|6.877315|0.000000|34.593311|0.000000|1.000000|1.000000|1.000000
AEG098_127_7003|13|-113.069649|248.338135|1.868849|8.356272|96.396431|0.943522|1.000000|1.000000|1.000000
AEG098_127_7005|13|-113.061104|247.837646|-4.143053|0.000000|0.000000|0.000000|1.000000|1.000000|1.000000
AEG098_127_7006|13|-112.421188|247.837646|-3.571333|0.000000|-94.743401|0.000000|1.000000|1.000000|1.000000
AEG098_127_7007|13|-115.273766|247.837646|24.766544|0.000000|35.118671|0.000000|1.000000|1.000000|1.000000
AEG098_127_7008|13|-114.968201|247.922852|25.522501|0.000000|131.584015|0.000000|1.000000|1.000000|1.000000
AEG098_127_7009|13|-115.215172|248.416504|29.827816|0.000000|34.593311|0.000000|1.000000|1.000000|1.000000
AEG098_127_7010|13|-117.657310|247.837402|55.124447|0.000000|34.593311|0.000000|1.000000|1.000000|1.000000
AEG098_127_7011|13|-116.969917|247.837646|48.554092|0.000000|0.000000|0.000000|1.000000|1.000000|1.000000
AEG098_127_7012|13|-117.154854|247.922852|49.348221|0.000000|96.465347|0.000000|1.000000|1.000000|1.000000
AEG098_127_7013|13|-118.318443|248.419922|63.255032|0.000000|34.593311|0.000000|1.000000|1.000000|1.000000
AEG098_127_7014|13|-117.631050|247.837646|56.684677|0.000000|0.000000|0.000000|1.000000|1.000000|1.000000
AEG098_127_7015|13|-117.815987|247.922852|57.478806|0.000000|96.465347|0.000000|1.000000|1.000000|1.000000
AEG098_127_7016|13|-121.555626|247.837402|99.602631|0.000000|34.593311|0.000000|1.000000|1.000000|1.000000
AEG098_127_7017|13|-120.868233|247.837646|93.032272|0.000000|0.000000|0.000000|1.000000|1.000000|1.000000
AEG098_127_7018|13|-121.053169|247.922852|93.826401|0.000000|96.465347|0.000000|1.000000|1.000000|1.000000
AEG098_127_7019|13|-88.476303|247.837646|-1.575088|0.000000|-135.437775|0.000000|1.000000|1.000000|1.000000
AEG098_127_7020|13|-88.588715|247.837646|-2.425805|0.000000|-40.694374|0.000000|1.000000|1.000000|1.000000
AEG098_127_7021|13|-90.383896|248.420410|10.447801|0.000000|-135.437775|0.000000|1.000000|1.000000|1.000000
AEG098_127_7022|13|-90.132172|248.420410|9.119697|0.000000|-40.694374|0.000000|1.000000|1.000000|1.000000
AEG098_127_7023|13|-91.066849|248.101318|20.538488|-6.750844|-41.243664|-9.292664|1.000000|1.000000|1.000000
AEG098_127_7024|13|-90.692955|248.082413|19.535065|-12.568256|-135.875275|-3.971322|1.000000|1.000000|1.000000
AEG098_127_7025|13|-113.069298|248.420898|7.903682|0.000000|-173.480865|0.000000|1.000000|1.000000|1.000000
AEG098_127_7026|13|-113.974815|247.997070|17.040890|0.000000|-173.480865|0.000000|1.000000|1.000000|1.000000
AEG098_127_7027|13|-113.974815|247.997070|16.014523|0.000000|34.593311|0.000000|1.000000|1.000000|1.000000
AEG098_127_7032|13|-91.227890|248.016113|26.995588|-6.878762|-41.264503|-9.464758|1.000000|1.000000|1.000000
AEG098_127_7033|13|-91.601364|248.074707|28.090584|-8.829583|-134.861588|7.452558|1.000000|1.000000|1.000000
AEG098_127_7034|13|-92.590546|248.226074|39.839470|0.000000|-111.200089|0.000000|1.000000|1.000000|1.000000
AEG098_127_7035|13|-92.474716|248.226074|38.717529|0.000000|-135.437775|0.000000|1.000000|1.000000|1.000000
AEG098_127_7036|13|-91.961960|248.226074|34.341492|0.000000|74.432266|0.000000|1.000000|1.000000|1.000000
AEG098_127_7037|13|-93.335739|248.369019|50.147766|0.000000|74.432266|0.000000|1.000000|1.000000|1.000000
AEG098_127_7038|13|-94.519943|248.548462|59.038506|0.000000|-109.132423|0.000000|1.000000|1.000000|1.000000
AEG098_127_7039|13|-94.330734|248.548462|58.097191|0.000000|76.191620|0.000000|1.000000|1.000000|1.000000
AEG098_127_7040|13|-95.365646|248.316528|65.877312|0.000000|-109.132423|0.000000|1.000000|1.000000|1.000000
AEG098_127_7041|13|-95.922470|248.105591|79.862968|0.000000|57.252598|0.000000|1.000000|1.000000|1.000000
AEG098_127_7042|13|-96.934921|248.412354|86.906731|0.000000|57.252598|0.000000|1.000000|1.000000|1.000000
AEG098_127_7043|13|-96.792038|248.412354|87.671906|0.000000|-116.595787|0.000000|1.000000|1.000000|1.000000
AEG098_127_7044|13|-97.055466|248.412354|93.312500|0.000000|75.013840|0.000000|1.000000|1.000000|1.000000
AEG098_127_7045|13|-97.853317|248.435059|97.650604|0.000000|-107.254303|0.000000|1.000000|1.000000|1.000000
AEG098_127_7046|13|-98.003464|248.139648|105.360809|0.000000|-107.254303|0.000000|1.000000|1.000000|1.000000
AEG098_127_7047|13|-98.246628|248.099487|106.593445|0.000000|92.700813|0.000000|1.000000|1.000000|1.000000
AEG098_127_7048|13|-99.723312|248.206177|120.651611|6.073459|92.685631|0.285966|1.000000|1.000000|1.000000
AEG098_127_7049|13|-99.477264|248.220352|119.418976|-5.808445|-107.162941|1.800356|1.000000|1.000000|1.000000
AEG098_127_7050|13|-99.477264|248.220352|116.216278|-5.808445|-107.162941|1.800356|1.000000|1.000000|1.000000
AEG098_127_7074|13|-119.626945|248.067383|76.899834|0.000000|26.933393|0.000000|1.000000|1.000000|1.000000
AEG098_127_7075|13|-119.432121|248.152588|77.691589|0.000000|123.398720|0.000000|1.000000|1.000000|1.000000
AEG098_127_7076|13|-118.896309|248.487061|71.619431|0.000000|96.465347|0.000000|1.000000|1.000000|1.000000
AEG098_127_7077|13|-123.446243|248.106934|124.174416|0.000000|21.562260|0.000000|1.000000|1.000000|1.000000
AEG098_127_7078|13|-123.326385|248.192139|124.980934|0.000000|118.027611|0.000000|1.000000|1.000000|1.000000
AEG098_127_7102|13|-2.083488|218.866592|86.694511|-0.000001|-0.000020|-0.000000|1.000000|1.000000|1.000000
AEG098_127_7103|13|-2.349724|219.151260|90.528282|-0.000001|54.999966|-0.000000|1.000000|1.000000|1.000000
AEG098_127_7104|13|-2.968864|219.078751|99.247505|-0.000001|54.999966|-0.000000|1.000000|1.000000|1.000000
AEG098_127_7105|13|-3.554924|219.078751|102.797134|-8.804687|41.572865|7.456054|1.000000|1.000000|1.000000
AEG098_127_7106|13|-4.058342|218.812881|110.949661|-12.184417|42.120590|11.181813|1.000000|1.000000|1.000000
AEG098_127_7107|13|-4.823235|219.068619|120.216446|-9.508725|31.698895|6.936631|1.000000|1.000000|1.000000
AEG098_127_7108|13|-4.823235|219.068619|118.928215|-1.299374|-144.713974|12.823626|1.000000|1.000000|1.000000
AEG098_127_7111|13|-5.629060|218.888565|124.757782|-0.571259|41.427662|9.595951|1.000000|1.000000|1.000000
AEG098_127_7116|13|21.310795|218.896500|83.189232|-0.000001|54.999966|-0.000000|1.000000|1.000000|1.000000
AEG098_127_7117|13|21.755028|218.979019|83.796593|-0.000001|-125.000000|-0.000000|1.000000|1.000000|1.000000
AEG098_127_7118|13|21.116478|219.117447|92.237938|-5.775088|-125.413216|-8.177731|1.000000|1.000000|1.000000
AEG098_127_7119|13|19.752708|219.117447|101.248619|-5.775088|14.586767|-8.177732|1.000000|1.000000|1.000000
AEG098_127_7120|13|19.752708|218.900772|102.290886|-13.848080|-131.268692|5.408910|1.000000|1.000000|1.000000
AEG098_127_7121|13|19.752708|218.669083|111.278740|-5.775088|14.586767|-8.177732|1.000000|1.000000|1.000000
AEG098_127_7122|13|19.511986|218.683487|111.978844|-17.647833|-130.801941|8.692728|1.000000|1.000000|1.000000
AEG098_127_7123|13|19.217796|218.787491|115.578606|-17.647837|69.198097|8.692728|1.000000|1.000000|1.000000
AEG098_127_7124|13|18.145042|219.275528|122.772766|-17.647837|69.198097|8.692728|1.000000|1.000000|1.000000
AEG099_009_2000|13|30.401564|219.123810|-2.593709|-2.718984|125.965790|-1.152688|1.000000|1.000000|1.000000
AEG099_015_9000|13|-134.826004|247.990005|262.743011|0.000000|-133.768005|0.000000|1.000000|1.000000|1.000000
AEG099_053_9000|13|-126.273003|248.100998|169.880005|0.000000|0.000000|0.000000|1.000000|1.000000|1.000000
AEG099_090_9000|13|-61.431999|202.212997|36.445999|0.000000|45.536999|0.000000|1.000000|1.000000|1.000000
AEG099_182_2000|13|52.276981|236.962402|-15.748699|0.000000|2.405456|0.000000|1.000000|1.000000|1.000000
AEG099_182_2001|13|46.312241|254.951111|-12.631985|0.000000|52.405472|0.000000|1.000000|1.000000|1.000000
AEG099_251_2000|13|41.517227|224.309937|-11.703407|0.000000|-62.594353|0.000000|1.000000|1.000000|1.000000
AEG099_373_1000|13|13.252304|245.598419|-58.005951|0.000000|-129.000000|0.000000|1.000000|1.000000|1.000000
AEG099_373_1001|13|14.253708|245.423874|-37.976330|0.000000|-129.000000|0.000000|1.000000|1.000000|1.000000
AEG099_373_1002|13|7.873660|245.275864|-62.361492|0.000000|-129.000000|0.000000|1.000000|1.000000|1.000000
AEG099_377_1000|13|13.949099|246.090698|-48.208637|0.000000|-129.000000|0.000000|1.000000|1.000000|1.000000
AEG099_377_1001|13|3.890280|244.870529|-46.444813|0.000000|51.000000|0.000000|1.000000|1.000000|1.000000
AEG099_377_1002|13|3.358011|244.884644|-56.785130|0.000000|-128.999969|0.000000|1.000000|1.000000|1.000000
AEG099_377_1003|13|23.760277|246.824097|-49.715965|0.000000|51.000000|0.000000|1.000000|1.000000|1.000000
AEG099_378_1000|13|-1.471456|244.686615|-50.821236|0.000000|-129.000000|-5.000000|1.000000|1.000000|1.000000
AEG099_378_1001|13|19.137423|246.125671|-44.007217|0.000000|51.000000|0.000000|1.000000|1.000000|1.000000
AEG099_378_1002|13|8.736654|245.598419|-52.429588|0.000000|-129.000000|0.000000|1.000000|1.000000|1.000000
AEG099_378_1003|13|18.665318|246.212677|-54.032677|0.000000|-129.000000|0.000000|1.000000|1.000000|1.000000
AEG099_378_1004|13|9.133216|245.517258|-42.261513|0.000000|-129.000000|0.000000|1.000000|1.000000|1.000000
AEG099_630_9000|13|49.472000|264.174988|-15.535000|0.000000|-60.118999|0.000000|1.000000|1.000000|1.000000
AEG099_653_9000|13|70.252998|221.014999|-17.367001|0.000000|47.876999|0.000000|1.000000|1.000000|1.000000
AEG099_660_9000|13|-121.139999|240.957001|-69.025002|1.422000|-116.060997|7.129000|1.000000|1.000000|1.000000
AEG099_660_9001|13|-86.510002|244.852997|-58.286999|-9.792000|24.134001|3.965000|1.000000|1.000000|1.000000
AEG099_660_9002|13|-69.010002|243.916000|-72.510002|-1.749000|-18.583000|10.135000|1.000000|1.000000|1.000000
AEG099_660_9004|13|-90.776001|233.612000|-96.750000|3.064000|-72.070999|13.687000|1.000000|1.000000|1.000000
AEG099_660_9005|13|-36.481998|241.600998|-67.483002|-0.000000|-74.763000|2.875000|1.000000|1.000000|1.000000
AEG099_660_9006|13|-21.735001|242.884995|-74.657997|-5.444000|54.903000|-1.094000|1.000000|1.000000|1.000000
AEG099_660_9007|13|8.437000|245.595993|-27.577999|0.000000|-8.139000|0.000000|1.000000|1.000000|1.000000
AEG099_660_9008|13|-24.954000|243.417007|-17.533001|-0.000000|-63.098999|-0.179000|1.000000|1.000000|1.000000
AEG099_660_9009|13|-48.417000|248.628006|-24.400999|7.984000|110.139000|4.440000|1.000000|1.000000|1.000000
AEG099_660_9010|13|-43.452000|247.214996|-28.844999|1.561000|169.169998|6.029000|1.000000|1.000000|1.000000
AEG099_660_9011|13|-56.522999|249.994995|8.315000|-5.770000|-83.321999|-2.212000|1.000000|1.000000|1.000000
AEG099_660_9012|13|-124.441002|189.625000|35.762001|4.959000|-125.434998|-5.038000|1.000000|1.000000|1.000000
AEG099_660_9013|13|-54.827999|203.613998|53.035000|2.712000|-72.982002|2.404000|1.000000|1.000000|1.000000
AEG099_660_9014|13|-50.543999|204.524994|51.634998|8.929000|-103.621002|-0.149000|1.000000|1.000000|1.000000
AEG099_660_9015|13|-25.690001|209.863007|34.355000|4.867000|-39.207001|4.180000|1.000000|1.000000|1.000000
AEG099_660_9016|13|4.898000|217.457993|6.751000|-8.736000|96.863998|-0.000000|1.000000|1.000000|1.000000
AEG099_660_9017|13|46.595001|220.908997|-1.667000|0.000000|116.031998|0.000000|1.000000|1.000000|1.000000
AEG099_660_9018|13|43.080002|219.050003|30.198999|0.883000|20.514999|7.085000|1.000000|1.000000|1.000000
AEG099_660_9019|13|88.330002|221.029999|-2.286000|0.000000|33.980999|0.000000|1.000000|1.000000|1.000000
AEG099_660_9020|13|103.351997|219.014008|-12.738000|-1.200000|96.072998|1.823000|1.000000|1.000000|1.000000
AEG099_660_9021|13|107.431000|218.960999|-14.595000|0.000000|138.794998|0.000000|1.000000|1.000000|1.000000
AEG099_660_9022|13|78.759003|219.014008|34.000999|0.000000|63.754002|0.000000|1.000000|1.000000|1.000000
AEG099_660_9023|13|81.203003|219.014008|14.372000|0.000000|93.931000|0.000000|1.000000|1.000000|1.000000
AEG099_660_9024|13|48.458000|219.076996|62.907001|-4.695000|17.049999|2.535000|1.000000|1.000000|1.000000
AEG099_660_9025|13|39.633999|218.970993|76.657997|0.000000|-123.095001|0.000000|1.000000|1.000000|1.000000
AEG099_660_9026|13|37.081001|218.975006|72.222000|0.000000|-47.530998|0.000000|1.000000|1.000000|1.000000
AEG099_660_9027|13|0.844000|218.897003|63.938999|0.000000|-35.935001|0.000000|1.000000|1.000000|1.000000
AEG099_660_9028|13|-38.105000|219.061996|53.869999|0.000000|-163.522995|0.000000|1.000000|1.000000|1.000000
AEG099_660_9029|13|-37.143002|218.985992|57.695000|2.324000|148.274002|0.671000|1.000000|1.000000|1.000000
AEG099_660_9030|13|95.123001|220.931000|-46.662998|0.000000|56.709000|0.000000|1.000000|1.000000|1.000000
AEG099_660_9031|13|60.869999|220.925003|-33.445999|0.000000|-68.485001|0.000000|1.000000|1.000000|1.000000
AEG099_660_9032|13|57.500999|220.953995|-63.918999|0.000000|162.436996|0.000000|1.000000|1.000000|1.000000
AEG099_660_9033|13|-69.966003|248.093002|-34.578999|0.000000|-42.348000|0.000000|1.000000|1.000000|1.000000
AEG099_660_9034|13|-76.643997|248.054993|-33.055000|0.000000|-13.174000|0.000000|1.000000|1.000000|1.000000
AEG099_684_9000|13|-122.986000|228.899994|-123.460999|0.000000|-157.524002|0.000000|1.000000|1.000000|1.000000
AEG099_684_9001|13|-118.303001|228.498001|-125.676003|0.000000|-40.657001|0.000000|1.000000|1.000000|1.000000
AEG099_770_9000|13|-66.723999|253.716995|-9.881000|32.126999|95.328003|4.305000|1.000000|1.000000|1.000000
AEG099_770_9001|13|70.046997|221.005005|-57.820999|-5.033000|173.682999|1.301000|1.000000|1.000000|1.000000
AEG099_812_9000|13|15.191000|219.246994|-0.829000|0.000000|-91.393997|0.000000|1.000000|1.000000|1.000000
AEG099_812_9001|13|25.462999|219.516998|-13.874000|0.000000|-87.290001|0.000000|1.000000|1.000000|1.000000
AEG099_812_9002|13|35.368999|220.608002|-13.970000|-15.315000|110.504997|-0.000000|1.000000|1.000000|1.000000
AEG099_812_9003|13|36.772999|219.796005|-4.150000|0.000000|-120.338997|0.000000|1.000000|1.000000|1.000000
AEG099_812_9004|13|32.585999|219.479004|7.838000|0.000000|175.733002|0.000000|1.000000|1.000000|1.000000
AEG099_812_9005|13|-0.320000|216.828995|5.989000|0.000000|-133.457993|0.000000|1.000000|1.000000|1.000000
AEG099_812_9006|13|-5.644000|215.050995|21.194000|0.000000|168.539001|0.000000|1.000000|1.000000|1.000000
AEG099_812_9007|13|-23.541000|210.615005|28.761999|0.000000|57.098999|0.000000|1.000000|1.000000|1.000000
AEG099_812_9008|13|-29.035000|209.602997|15.605000|0.000000|149.699997|0.000000|1.000000|1.000000|1.000000
AEG110_101_2001|13|48.619392|218.609985|-15.385856|0.000000|117.407822|0.000000|1.000000|1.000000|1.000000
AEG110_102_2000|13|48.619400|234.609985|-15.385839|0.000000|117.405464|0.000000|1.000000|1.000000|1.000000
AEG110_103_2000|13|48.619392|234.609985|-15.385856|0.000000|117.405472|0.000000|1.000000|1.000000|1.000000
AEG110_104_2000|13|40.104214|218.521362|-11.362989|0.000000|117.405472|0.000000|1.000000|1.000000|1.000000
AEG110_107_2000|13|69.661858|218.609985|-8.712934|0.000000|117.405472|0.000000|1.000000|1.000000|1.000000
AEG110_108_2000|13|69.661858|218.609985|-8.712934|0.000000|117.405472|0.000000|1.000000|1.000000|1.000000
AEG110_109_2001|13|79.251450|218.609985|-31.267612|0.000000|117.405472|0.000000|1.000000|1.000000|1.000000
AEG110_110_2001|13|79.251450|218.609985|-31.267612|0.000000|117.405403|0.000000|1.000000|1.000000|1.000000
AEG110_111_2001|13|48.619392|263.609985|-15.385856|0.000000|117.405533|0.000000|1.000000|1.000000|1.000000
AEG110_112_2000|13|48.619392|236.910095|-15.385856|0.000000|117.405472|0.000000|1.000000|1.000000|1.000000
AEG110_115_2000|13|48.619392|218.609985|-15.385856|0.000000|162.407822|0.000000|1.000000|1.000000|1.000000
AEG110_116_2000|13|48.619392|218.609985|-15.385856|0.000000|162.407822|0.000000|1.000000|1.000000|1.000000
AEG110_198_2000|13|48.619392|218.609985|-15.385855|0.000000|117.405296|0.000000|1.000000|1.000000|1.000000
AEG110_300_2001|13|49.973343|264.159607|-19.421562|0.089995|159.905502|-0.050538|1.000000|1.000000|0.999999
AEG110_300_2004|13|78.948448|228.544434|-33.324833|0.028413|123.850471|0.901885|1.000000|1.000000|1.000000
AEG110_301_2001|13|52.439148|264.206299|-14.391315|-0.000007|72.405540|-0.000000|1.000000|1.000000|1.000000
AEG110_301_2003|13|80.259773|228.476685|-31.012194|0.000191|-61.930325|-0.000186|1.000000|1.000000|1.000000
AEG110_301_2006|13|51.921165|236.953491|-13.194256|-0.547348|-127.598915|0.284628|1.000000|1.000000|1.000000
AEG110_301_2007|13|54.787273|224.377930|-18.875681|0.000191|118.069656|-0.000186|1.000000|1.000000|1.000000
AEG110_302_2001|13|46.121651|264.522430|-15.256364|8.080684|0.000000|-90.000000|1.000000|1.000000|1.000000
AEG110_305_2004|13|50.414581|263.609985|-11.923676|-0.000000|27.405518|-0.000000|1.000000|1.000000|1.000000
AEG110_305_2005|13|46.824326|263.609985|-18.848253|-0.000000|-152.594452|-0.000000|1.000000|1.000000|1.000000
AEG110_305_2006|13|70.756287|224.485046|-11.717010|-0.000000|162.405548|-0.000000|1.000000|1.000000|1.000000
AEG110_305_2007|13|68.648361|224.485046|-5.667349|-0.000000|-17.594439|-0.000000|1.000000|1.000000|1.000000
AEG110_305_2009|13|72.665825|224.485046|-7.754066|-0.000000|72.405548|-0.000000|1.000000|1.000000|1.000000
AEG110_305_2011|13|84.800049|228.506897|-34.144493|-0.000000|117.405449|-0.000000|1.000000|1.000000|1.000000
AEG110_305_2012|13|81.140778|228.506897|-37.225395|-0.000000|162.405472|-0.000000|1.000000|1.000000|1.000000
AEG110_305_2013|13|50.092339|254.940735|-12.545076|-0.000000|27.405518|-0.000000|1.000000|1.000000|1.000000
AEG110_305_2014|13|47.146576|254.940430|-18.226839|-0.000000|-152.594452|-0.000000|1.000000|1.000000|1.000000
AEG110_305_2015|13|73.246140|228.506714|-33.172058|-0.000000|-107.594521|-0.000000|1.000000|1.000000|1.000000
AEG110_305_2016|13|77.347198|228.506714|-25.262434|-0.000000|-17.594452|-0.000000|1.000000|1.000000|1.000000
AEG110_305_2017|13|85.212372|228.506897|-29.340347|-0.000000|72.405479|-0.000000|1.000000|1.000000|1.000000
AEG110_306_2000|13|70.137764|224.466858|-7.791282|0.000000|12.337072|0.000000|1.000000|1.000000|1.000000
AEG110_306_2001|13|67.807266|224.495361|-8.701264|-0.000013|-137.637863|-0.000011|1.000000|1.000000|1.000000
AEG110_306_2002|13|45.317093|264.159973|-17.516047|-0.000004|129.250916|0.000000|1.000000|1.000000|1.000000
AEG110_306_2003|13|48.810562|264.159973|-13.935205|0.000000|71.393898|-0.000002|1.000000|1.000000|1.000000
AEG110_306_2004|13|48.285816|264.159973|-17.559479|-0.000011|12.249432|-0.000001|1.000000|1.000000|1.000000
AEG110_306_2006|13|48.580479|224.435791|-16.827164|-0.000000|-92.619217|-0.000000|1.000000|1.000000|1.000000
AEG110_306_2013|13|81.371048|228.510437|-37.045982|-0.000000|-124.808105|-0.000000|1.000000|1.000000|1.000000
AEG110_306_2014|13|74.055328|228.567657|-34.194748|-0.000000|-124.853958|-0.000000|1.000000|1.000000|1.000000
AEG110_306_2015|13|85.969154|228.525208|-30.302261|0.000000|-34.842289|0.000000|1.000000|1.000000|1.000000
AEG110_306_2016|13|45.807053|254.950989|-18.112621|-0.000000|-43.466629|-0.000005|1.000000|1.000000|1.000000
AEG110_306_2018|13|50.171280|254.951111|-19.021612|-0.000000|62.533340|-0.000000|1.000000|1.000000|1.000000
AEG110_306_2019|13|75.774475|228.518600|-25.821634|-0.000000|5.876050|-0.000000|1.000000|1.000000|1.000000
AEG110_306_2027|13|64.246506|224.609985|-10.440499|-0.000012|67.337288|0.000109|1.000000|1.000000|1.000000
AEG110_306_2028|13|74.217529|228.513107|-30.508266|-0.000000|-19.853979|0.000000|1.000000|1.000000|1.000000
AEG110_306_2029|13|77.761299|228.544907|-27.300877|0.000000|-14.853957|-0.000001|1.000000|1.000000|1.000000
AEG110_306_2030|13|79.488487|228.552856|-35.503067|-0.000000|100.191910|-0.000000|1.000000|1.000000|1.000000
AEG110_306_2031|13|76.770348|228.552856|-36.678627|-0.000000|25.191908|0.000000|1.000000|1.000000|1.000000
AEG110_306_2032|13|84.832520|228.547729|-34.195808|-0.000000|115.157715|-0.000000|1.000000|1.000000|1.000000
AEG110_306_2033|13|82.562088|228.520233|-33.418835|-0.000000|10.157692|0.000000|1.000000|1.000000|1.000000
AEG110_306_2034|13|83.400391|228.493042|-28.629488|-0.000000|150.157684|0.000000|1.000000|1.000000|1.000000
AEG110_306_2035|13|75.845596|228.535049|-32.365295|-0.000001|100.146019|-0.000000|1.000000|1.000000|1.000000
AEG110_306_2036|13|72.940025|224.466858|-9.530520|0.000000|-157.662949|0.000000|1.000000|1.000000|1.000000
AEG110_306_2037|13|70.297058|224.466858|-10.157418|0.000000|97.337044|0.000000|1.000000|1.000000|1.000001
AEG110_306_2038|13|66.667953|224.495361|-10.420585|0.000000|-42.637905|-0.000004|1.000000|1.000000|1.000000
AEG110_306_2039|13|52.239796|254.951111|-14.020215|-0.000000|-17.466673|-0.000000|1.000000|1.000000|1.000000
AEG110_306_2040|13|44.485329|236.973007|-15.755101|-0.000000|-17.466673|-0.000000|1.000000|1.000000|1.000000
AEG110_306_2041|13|47.755001|236.973007|-19.140579|-0.000000|-72.466660|-0.000000|1.000000|1.000000|1.000000
AEG110_306_2042|13|48.252621|236.960922|-11.416204|-0.000000|82.533340|-0.000000|1.000000|1.000000|1.000000
AEG110_306_2043|13|77.215813|228.535049|-29.592335|-0.000001|165.145981|0.000000|1.000000|1.000000|1.000000
AEG110_307_2000|13|69.714470|224.555481|-12.312184|-0.262609|-97.632500|-0.505776|1.000000|1.000000|1.000000
AEG110_307_2001|13|71.338287|224.502319|-4.685231|-0.000000|22.369122|0.000000|1.000000|1.000000|1.000000
AEG110_307_2002|13|45.298164|264.160706|-12.540632|0.072099|-19.560038|0.066745|1.000000|1.000001|1.000000
AEG110_307_2003|13|46.353745|264.159607|-19.425451|0.070788|-177.639053|-0.060961|1.000000|1.000000|1.000000
AEG110_307_2009|13|84.300354|228.588425|-36.431137|-0.985468|162.201523|-0.818817|1.000000|1.000000|1.000000
AEG110_307_2010|13|85.685989|228.548584|-28.806160|0.212611|147.185593|-1.188746|1.000000|1.000000|1.000000
AEG110_307_2011|13|44.307549|254.982101|-16.531004|0.000000|168.021500|-0.000000|1.000000|1.000000|1.000000
AEG110_307_2013|13|77.523880|228.571976|-24.722460|-0.093518|-98.832581|2.101895|1.000000|1.000000|1.000000
AEG110_307_2014|13|72.317093|228.605835|-32.424023|-0.985469|-107.798515|-0.818818|1.000000|1.000000|1.000000
AEG110_307_2015|13|79.589966|228.605835|-38.173573|-0.985469|132.201508|-0.818817|1.000000|1.000000|1.000000
AEG110_307_2016|13|85.972443|228.556702|-32.727367|-0.985469|87.201508|-0.818816|1.000000|1.000000|1.000000
AEG110_307_2017|13|68.973473|224.555481|-12.252705|-0.262610|97.367516|-0.505776|1.000000|1.000000|1.000000
AEG110_307_2018|13|67.812653|224.555481|-6.203035|0.000000|-117.632507|-0.000000|1.000000|1.000000|1.000000
AEG110_307_2019|13|67.246544|224.555481|-6.446790|-0.000000|57.367504|0.000000|1.000000|1.000000|1.000000
AEG110_307_2020|13|73.106140|224.502319|-7.000424|-0.000000|57.369114|0.000000|1.000000|1.000000|1.000000
AEG110_307_2021|13|62.332058|224.555481|-9.745821|-0.000000|-42.632500|0.000000|1.000000|1.000000|1.000000
AEG110_307_2022|13|52.100624|255.001953|-18.123577|0.000000|-176.978500|-0.000000|1.000000|1.000000|1.000000
AEG110_307_2023|13|50.684132|264.166992|-11.266589|0.072099|15.439955|0.066745|1.000000|1.000001|1.000000
AEG110_307_2024|13|44.346478|236.931885|-14.255281|0.000000|-161.978470|-0.000000|1.000000|1.000000|1.000000
AEG110_307_2025|13|49.715164|236.931885|-11.133811|0.000000|-76.978462|-0.000001|1.000000|1.000000|1.000000
AEG110_307_2026|13|78.619469|228.605835|-31.834566|-0.985469|112.201523|-0.818817|1.000000|1.000000|1.000000
AEG110_308_2000|13|79.253395|228.547607|-29.620687|0.147423|80.456894|0.448662|1.000000|1.000000|1.000001
AEG110_308_2001|13|51.608566|264.215820|-14.940589|0.060680|-47.580299|-1.782515|1.000000|1.000000|1.000001
AEG110_308_2006|13|52.456490|236.962402|-13.627058|0.797001|-150.724060|-1.909286|1.000000|1.000000|1.000000
AEG110_308_2009|13|47.831081|254.951111|-11.587586|-0.004514|17.647116|0.000082|1.000000|1.000000|1.000001
AEG110_309_2002|13|65.936867|224.491455|-8.462509|0.335881|-14.006494|2.062635|1.000001|1.000000|1.000000
AEG110_309_2003|13|44.835709|254.951111|-17.288969|-0.000005|135.995102|0.000000|1.000000|1.000000|1.000000
AEG110_309_2005|13|47.259174|224.437073|-9.214897|-0.839065|47.410263|-1.132921|1.000000|1.000000|1.000000
AEG110_309_2006|13|48.718147|224.377930|-15.243217|-0.000000|-62.111568|0.000000|1.000000|1.000000|1.000000
AEG110_309_2009|13|44.848801|237.020020|-17.458660|0.933468|159.976517|2.233062|1.000000|1.000000|0.999999
AEG110_309_2010|13|50.922955|236.901627|-18.460560|-3.013843|-149.008514|-0.330378|1.000000|1.000000|1.000000
AEG110_309_2025|13|44.031460|224.377930|-17.499228|-1.699488|27.265118|-0.701897|1.000000|1.000000|1.000000
AEG110_309_2026|13|57.460106|224.583374|-13.790785|-0.001754|175.267075|-0.000551|1.000000|1.000000|1.000000
AEG110_311_2002|13|47.985538|264.161713|-11.014408|0.253810|154.685349|-0.687925|1.000000|1.000000|1.000000
AEG110_311_2004|13|49.775711|237.033966|-18.882969|-0.000183|-97.971466|-0.002179|1.000000|1.000000|1.000000
AEG110_312_2002|13|46.990093|264.160583|-11.067598|-0.000000|-12.601052|-0.000000|1.000000|1.000000|1.000000
AEG110_312_2003|13|45.109520|237.013733|-18.084263|-2.113372|-110.287895|0.623761|1.000000|1.000000|1.000000
AEG110_312_2009|13|58.532318|224.609985|-13.526405|-0.001345|128.569107|-0.001731|1.000000|1.000000|1.000000
AEG110_313_2000|13|77.772034|228.557129|-32.937592|0.000164|-72.579224|0.000492|1.000000|1.000000|1.000000
AEG110_313_2001|13|48.287121|264.159973|-19.383827|0.000027|-160.746246|-0.000001|1.000000|1.000000|1.000000
AEG110_313_2003|13|47.407536|254.951111|-11.817163|-0.004514|17.647089|0.000082|1.000000|1.000000|1.000000
AEG110_313_2004|13|45.998867|236.966690|-12.751581|-0.317928|-48.333008|-0.718614|1.000000|1.000000|1.000000
AEG110_313_2005|13|47.944672|254.951111|-19.013542|-0.004514|172.647110|0.000082|1.000000|1.000000|1.000000
AEG110_313_2006|13|47.102772|264.159973|-12.250671|0.000027|-15.746224|-0.000001|1.000000|1.000000|1.000000
AEG110_313_2007|13|47.059994|264.159973|-16.691658|0.000027|154.253754|-0.000001|1.000000|1.000000|1.000000
AEG110_313_2008|13|44.926926|264.159973|-15.959570|0.000027|-95.746216|-0.000001|1.000000|1.000000|1.000000
AEG110_313_2009|13|80.461395|228.557129|-32.865440|0.000164|57.420773|0.000492|1.000000|1.000000|1.000000
AEG110_313_2010|13|77.768532|228.557129|-34.402824|0.000164|-127.579231|0.000492|1.000000|1.000000|1.000000
AEG110_313_2011|13|81.202911|228.557129|-29.902157|0.000164|-2.579206|0.000492|1.000000|1.000000|1.000000
AEG110_313_2012|13|46.542747|224.373260|-20.820282|0.000164|112.888420|0.000492|1.000000|1.000000|1.000000
AEG110_313_2013|13|48.750744|224.373260|-18.405869|0.000164|147.888412|0.000492|1.000000|1.000000|1.000000
AEG110_313_2014|13|51.335457|224.373260|-17.313087|0.000164|-172.111572|0.000492|1.000000|1.000000|1.000000
AEG110_314_2000|13|50.945221|224.613525|-22.787380|-0.000794|162.405518|0.000082|1.000000|1.000000|1.000000
AEG110_317_2003|13|44.710030|224.418335|-12.839078|0.000082|106.905235|-0.000067|1.000000|1.000000|1.000000
AEG110_317_2004|13|50.312302|224.409546|-19.037352|-0.000000|-166.911453|0.000000|1.000000|1.000000|1.000000
AEG110_317_2009|13|48.279442|224.429306|-18.678783|-0.000001|72.117180|-0.000000|1.000000|1.000000|1.000000
AEG110_317_2011|13|49.512489|224.423096|-20.724762|0.000738|-42.903633|0.001257|1.000000|1.000000|1.000000
AEG110_317_2012|13|46.924412|224.409546|-11.269897|-0.898559|158.088562|-0.489803|1.000000|1.000000|1.000000
AEG110_317_2013|13|43.835892|224.409546|-15.786171|-0.898559|123.088524|-0.489803|1.000000|1.000000|1.000000
AEG110_317_2017|13|52.753838|224.398224|-18.992699|-0.000000|113.090302|0.000000|1.000000|1.000000|1.000000
AEG110_317_2019|13|45.747646|224.429306|-20.323505|0.000000|-142.882797|-0.000000|1.000000|1.000000|1.000000
AEG110_317_2020|13|52.089378|224.432312|-11.671921|0.579610|-156.302826|-2.105494|1.000000|1.000000|1.000000
AEG110_317_2021|13|53.466393|224.437897|-14.592313|-1.224478|8.686790|2.183721|1.000000|1.000000|1.000000
AEG110_318_2000|13|48.619381|271.784424|-15.385818|0.000000|-132.594498|0.000000|1.000000|1.000000|1.000000
AEG110_318_2001|13|79.251427|236.827026|-31.267609|0.000000|-132.594498|0.000000|1.000000|1.000000|1.000000
AEG110_319_2003|13|50.143856|224.519348|-22.301851|-0.339690|-47.601776|3.178826|1.000000|1.000000|1.000000
AEG110_319_2004|13|43.433067|224.010284|-14.890441|2.169350|52.380592|1.654490|1.000000|1.000000|1.000000
AEG110_319_2009|13|42.790070|224.361984|-14.579706|2.705657|117.403709|0.348667|1.000000|1.000000|1.000000
AEG110_319_2010|13|41.784740|224.314697|-14.904198|-0.000000|-2.579467|-0.000000|1.000000|1.000000|1.000000
AEG110_319_2011|13|42.563988|224.361633|-11.788037|2.169350|122.380623|1.654490|1.000000|1.000000|1.000000
AEG110_319_2012|13|41.553467|224.273010|-16.469616|2.169350|137.380615|1.654490|1.000000|1.000000|1.000000
AEG110_319_2013|13|41.932713|224.279755|-18.050562|2.169350|137.380661|1.654491|1.000000|1.000000|1.000000
AEG110_319_2014|13|53.677071|224.191360|-20.461613|-2.923129|12.421848|1.294977|1.000000|1.000000|1.000000
AEG110_319_2015|13|52.423615|224.309372|-20.736734|-0.339690|133.426056|3.178825|1.000000|1.000000|1.000000
AEG110_319_2016|13|47.453827|224.361984|-21.842155|2.705656|-27.596294|0.348668|1.000000|1.000000|1.000000
AEG110_319_2017|13|48.529076|224.072998|-21.583935|-2.703744|-147.579468|0.363229|1.000000|1.000000|1.000000
AEG110_319_2018|13|47.010738|223.961639|-22.886993|2.169349|-117.619385|1.654490|1.000000|1.000000|1.000000
AEG110_319_2019|13|49.550800|224.273010|-21.003323|2.169350|-7.619391|1.654490|1.000000|1.000000|1.000000
AEG110_319_2020|13|48.659393|223.961639|-20.790527|2.169350|-37.619328|1.654491|1.000000|1.000000|1.000000
AEG110_319_2021|13|50.095184|224.361984|-7.898514|2.705657|167.403717|0.348667|1.000000|1.000000|1.000000
AEG110_319_2022|13|48.989742|224.072998|-7.869636|-2.703744|47.420544|0.363230|1.000000|1.000000|1.000000
AEG110_319_2023|13|47.852554|224.273010|-8.166028|2.169350|-172.619370|1.654490|1.000000|1.000000|1.000000
AEG110_319_2024|13|48.658512|223.961639|-8.602282|2.169350|157.380661|1.654490|1.000000|1.000000|1.000000
AEG110_319_2025|13|43.567078|223.961639|-21.141724|2.169350|-37.619328|1.654491|1.000000|1.000000|1.000000
AEG110_319_2026|13|44.364273|224.156708|-10.491281|-0.827900|-87.606865|-2.599456|1.000000|1.000000|1.000000
AEG110_319_2027|13|54.187218|224.406357|-10.841679|2.169349|-82.619385|1.654490|1.000000|1.000000|1.000000
AEG110_319_2028|13|56.160294|224.498398|-16.453749|4.747168|-62.639755|-7.503264|1.000000|1.000000|1.000000
AEG110_320_2003|13|51.696697|224.502014|-21.768597|-0.743597|-52.574028|2.478293|1.000000|1.000000|1.000000
AEG110_320_2008|13|42.180096|224.511948|-12.877330|-0.743597|-67.574020|2.478293|1.000000|1.000000|1.000000
AEG110_320_2009|13|41.009373|223.549744|-15.657235|12.533782|162.398315|0.524122|1.000000|1.000000|1.000000
AEG110_320_2010|13|41.507881|223.753891|-16.931099|4.072324|88.059067|-29.553492|1.000000|1.000000|1.000000
AEG110_320_2011|13|52.925358|224.272736|-21.317951|-8.764661|-168.439621|4.925331|1.000000|1.000000|1.000000
AEG110_320_2012|13|44.879387|223.882126|-22.009665|2.404391|62.389832|0.956035|1.000000|1.000000|1.000000
AEG110_320_2013|13|49.877892|224.713623|-22.689487|4.884650|81.960777|11.568567|1.000000|1.000000|1.000000
AEG110_320_2014|13|42.809433|224.505478|-10.960176|-0.743597|167.425995|2.478293|1.000000|1.000000|1.000000
AEG110_320_2015|13|48.134880|223.549744|-7.504523|12.533783|-147.601669|0.524123|1.000000|1.000000|1.000000
AEG110_320_2016|13|48.916599|224.052460|-21.824032|-6.886551|-132.026413|-13.784841|1.000000|1.000000|1.000000
AEG110_320_2017|13|48.320217|224.527527|-22.559620|22.640934|-43.167542|2.842615|1.000000|1.000000|1.000000
AEG110_320_2018|13|44.559380|224.281754|-9.109198|6.113266|-7.223783|-4.651569|1.000000|1.000000|1.000000
AEG110_320_2019|13|54.970016|224.447922|-11.183239|8.951072|149.711487|0.848939|1.000000|1.000000|1.000000
AEG110_320_2020|13|56.382191|223.966202|-15.233317|-4.262257|-40.521095|-8.973693|1.000000|1.000000|1.000000
AEG801_240_7001|13|89.545441|221.000000|-26.592934|0.000000|-91.595360|0.000000|1.000000|1.000000|1.000000
AEG801_240_7002|13|100.073326|221.000000|-33.607033|-0.000000|89.007271|0.000000|1.000000|1.000000|1.000000
AEG801_240_7003|13|65.202698|221.000000|-39.970963|-0.000000|-2.781231|-0.000000|1.000000|1.000000|1.000000
AEG801_240_7004|13|79.927681|221.000000|-55.430763|-0.000000|90.038467|-0.000006|1.000000|1.000000|1.000000
AEG801_240_7005|13|17.865923|218.848633|-6.353443|-0.000000|-124.034340|-0.000013|1.000000|1.000000|1.000000
AEG801_240_7007|13|62.026917|219.139130|-6.634817|0.007923|-89.606964|-0.011910|1.000000|1.000000|1.000000
AEG801_240_7008|13|37.658943|220.451950|-19.617605|0.011038|-92.545265|0.008278|1.000000|1.000000|1.000000
AEG801_240_7009|13|56.953407|221.000000|6.259743|0.006502|-179.337067|-0.010982|1.000000|1.000000|1.000000
AEG801_240_7011|13|-6.187338|244.611267|-40.715466|-0.000823|146.109421|-0.013703|1.000000|1.000000|1.000000
AEG801_240_7013|13|-0.275345|244.842285|-15.828011|0.003278|-123.500725|-0.013554|1.000000|1.000000|1.000000
AEG801_240_7014|13|-17.988344|211.061890|28.839033|0.001940|-98.241135|-0.015151|1.000000|1.000000|1.000000
AEG801_240_7015|13|-57.617603|250.833801|-2.600548|-0.000144|56.924118|-0.012064|1.000000|1.000000|1.000000
AEG801_240_7016|13|-13.026495|243.147888|-73.704865|0.000055|-33.287918|-0.012444|1.000000|1.000000|1.000000
AEG801_240_7018|13|-0.397980|219.000839|49.688663|0.010191|-15.590792|-0.006167|1.000000|1.000000|1.000000
AEG801_240_7019|13|-16.466993|219.000839|63.728996|-0.005106|-154.188660|-0.011188|1.000000|1.000000|1.000000
AEG801_240_7020|13|25.356319|218.900330|56.932610|0.056445|-23.687679|-0.038764|1.000000|1.000000|1.000000
AEG801_240_7021|13|-29.861845|242.155777|-60.338680|-0.006893|114.966522|-0.010983|1.000000|1.000000|1.000000
AEG801_240_7022|13|-14.175434|219.000839|43.066986|-0.006551|85.034019|0.011830|1.000000|1.000000|1.000000
AEG801_240_7023|13|15.198370|247.348404|-67.752464|-0.006082|-94.343201|0.011693|1.000000|1.000000|1.000000
AEG801_240_7025|13|86.851608|219.000000|15.184078|0.007459|179.704926|-0.010681|1.000000|1.000000|1.000000
AEG801_240_7026|13|82.317184|219.000000|21.638409|0.010983|-92.288383|0.007213|1.000000|1.000000|1.000000
AEG801_240_7027|13|-77.859680|233.557922|-99.818420|0.010191|-115.590805|-0.006167|1.000000|1.000000|1.000000
AEG801_240_7028|13|1.526502|244.969696|-60.099926|0.056445|46.312309|-0.038764|1.000000|1.000000|1.000000
AEG801_240_7032|13|88.906914|221.000000|-0.942603|-0.014129|37.185474|-0.003677|1.000000|1.000000|1.000000
AEG801_240_7033|13|35.205544|219.000000|47.702148|0.000000|72.693810|0.000000|1.000000|1.000000|1.000000
AEG801_240_7034|13|-38.989059|206.568939|20.498610|0.010191|-139.187607|-0.006167|1.000000|1.000000|1.000000
AEG801_240_7035|13|95.359085|220.286575|-22.698395|-0.005106|30.472933|-0.011188|1.000000|1.000000|1.000000
AEG801_240_7036|13|-45.499519|205.497635|39.641315|-0.000000|172.715500|0.000000|1.000000|1.000000|1.000000
AEG801_240_7038|13|-84.935692|245.009842|-56.591644|0.011038|-117.599518|0.008278|1.000000|1.000000|1.000000
AEG801_240_7041|13|-58.233856|247.842438|-60.980797|-0.000000|92.683540|0.000000|1.000000|1.000000|1.000000
AEG801_240_7042|13|-47.109730|249.582794|-57.841728|-0.000432|-29.604708|0.013278|1.000000|1.000000|1.000000
AEG801_240_7046|13|56.379902|218.314850|50.477325|0.010191|-35.590813|-0.006167|1.000000|1.000000|1.000000
AEG801_240_7047|13|61.844280|221.003296|-16.206928|-0.000000|89.007271|0.000000|1.000000|1.000000|1.000000
AEG801_241_7001|13|41.439968|219.660690|13.688439|-0.000002|-109.786240|0.000000|1.000000|1.000000|1.000000
AEG801_241_7002|13|97.203262|221.000000|-47.929310|-0.000000|-64.059578|0.000000|1.000000|1.000000|1.000000
AEG801_241_7003|13|84.856384|221.000000|-54.185959|0.007431|-66.064774|0.010382|1.000000|1.000000|1.000000
AEG801_241_7006|13|42.477474|221.000000|-40.640133|0.000000|-155.013275|0.000000|1.000000|1.000000|1.000000
AEG801_241_7008|13|65.859512|220.916336|-1.643590|0.013934|-139.506256|-0.003868|1.000000|1.000000|1.000000
AEG801_241_7010|13|33.973778|219.101105|21.815992|0.007349|-65.480522|0.012103|1.000000|1.000000|1.000000
AEG801_241_7013|13|25.509819|247.098206|-52.427773|-0.004597|71.323303|0.009890|1.000000|1.000000|1.000000
AEG801_241_7014|13|65.757637|220.882935|-64.260521|0.003415|-65.687500|0.010437|1.000000|1.000000|1.000000
AEG801_241_7018|13|0.053764|244.826889|-59.657238|0.006530|173.799484|-0.011383|1.000000|1.000000|1.000000
AEG801_241_7021|13|7.161194|218.096771|5.101543|-0.008161|84.016983|0.012212|1.000000|1.000000|1.000000
AEG801_241_7022|13|-0.266184|219.000839|65.533966|0.010273|-84.564270|0.008551|1.000000|1.000000|1.000000
AEG801_241_7023|13|23.477200|218.900330|53.479679|0.010874|-138.210648|-0.001619|1.000000|1.000000|1.000000
AEG801_241_7024|13|-22.651041|243.422989|-51.256165|-0.012793|50.729279|0.001530|1.000000|1.000000|1.000000
AEG801_241_7025|13|-27.565210|242.281082|-61.543484|0.002104|156.879578|-0.012778|1.000000|1.000000|1.000000
AEG801_241_7026|13|4.180159|245.232086|-69.689651|0.010273|-175.290131|0.008060|1.000000|1.000000|1.000000
AEG801_241_7027|13|48.585617|220.067917|23.406967|-0.002278|67.506058|0.013169|1.000000|1.000000|1.000000
AEG801_241_7029|13|87.595795|219.000000|18.340900|0.006284|-154.684174|0.011338|1.000000|1.000000|1.000000
AEG801_241_7030|13|-21.995726|219.000839|80.051376|0.006885|-92.087524|-0.006536|1.000000|1.000000|1.000000
AEG801_241_7031|13|56.394230|219.000000|36.502941|0.006284|37.182911|0.011338|1.000000|1.000000|1.000000
AEG801_241_7032|13|91.417374|221.000000|-4.193295|-0.010261|62.514400|-0.009112|1.000000|1.000000|1.000000
AEG801_241_7033|13|-53.381485|204.125671|53.616028|0.010874|58.192528|-0.001619|1.000000|1.000000|1.000000
AEG801_241_7036|13|-87.610558|231.565536|-106.966957|-0.010261|98.170982|-0.009112|1.000000|1.000000|1.000000
AEG801_241_7037|13|-86.614143|243.375336|-66.906250|-0.010261|148.170975|-0.009112|1.000000|1.000000|1.000000
AEG801_241_7038|13|-18.439236|243.340973|-24.246632|0.002104|156.879578|-0.012778|1.000000|1.000000|1.000000
AEG801_241_7039|13|-19.385513|242.922287|-75.204033|0.002104|156.879578|-0.012778|1.000000|1.000000|1.000000
AEG801_241_7040|13|-11.397654|219.000839|49.474888|0.010273|-84.564270|0.008551|1.000000|1.000000|1.000000
AEG801_241_7041|13|66.731316|220.826904|-29.804867|0.003415|-65.687500|0.010437|1.000000|1.000000|1.000000
AEG801_241_7042|13|-82.714149|244.100479|-58.892334|-0.010261|58.170967|-0.009112|1.000000|1.000000|1.000000
AEG801_242_7001|13|94.879890|220.584763|-48.945961|0.000000|-90.582573|0.000000|1.000000|1.000000|1.000000
AEG801_242_7002|13|91.509689|221.000000|-27.136292|0.000000|179.417358|0.000000|1.200000|1.200000|1.200000
AEG801_242_7003|13|67.234406|221.000000|-41.537247|-0.000007|88.314774|-0.000005|1.200000|1.200000|1.200000
AEG801_242_7004|13|63.621391|221.000000|-48.465721|-0.000000|-91.748100|0.000000|1.000000|1.000000|1.000000
AEG801_242_7005|13|26.998549|218.575653|-15.468555|-0.000002|-123.028030|-0.000000|1.200000|1.200000|1.200000
AEG801_242_7006|13|80.802872|221.000000|-56.995628|0.000710|56.593731|0.012704|1.000000|1.000000|1.000000
AEG801_242_7007|13|75.499710|219.000000|25.613518|0.012349|-2.674384|0.008060|1.000000|1.000000|1.000000
AEG801_242_7008|13|36.281158|218.984451|29.936386|-0.011975|177.851898|-0.007828|1.200000|1.200000|1.200000
AEG801_242_7010|13|26.329857|246.574234|-45.607399|0.001093|-123.209114|-0.013538|1.000000|1.000000|1.000000
AEG801_242_7011|13|50.048386|221.000000|4.383820|0.011283|-92.358925|0.006120|1.000000|1.000000|1.000000
AEG801_242_7012|13|64.718483|220.882935|-62.796341|-0.007387|177.248978|-0.008854|1.200000|1.200000|1.200000
AEG801_242_7013|13|9.693207|244.782272|-28.682476|0.010655|-93.927322|0.009617|0.700000|0.700000|0.700000
AEG801_242_7014|13|16.328247|218.848633|-4.014839|0.012322|175.116180|0.008852|0.700000|0.700000|0.700000
AEG801_242_7015|13|-54.724644|250.124619|-4.024384|0.006011|-93.523674|-0.011170|0.700000|0.700000|0.700000
AEG801_242_7016|13|-23.408596|242.924988|-51.734894|0.010792|174.736679|0.005874|0.700000|0.700000|0.700000
AEG801_242_7017|13|82.343323|219.000000|33.813217|0.007950|-95.676010|-0.012483|0.700000|0.700000|0.700000
AEG801_242_7018|13|-19.682127|211.019028|28.536688|-0.007968|-161.834671|0.010628|0.700000|0.700000|0.700000
AEG801_242_7019|13|-32.301598|218.332901|68.436394|0.010983|-65.799072|-0.007013|1.000000|1.000000|1.000000
AEG801_242_7020|13|27.275490|218.464539|58.221298|0.009590|-64.208282|-0.006639|1.000000|1.000000|1.000000
AEG801_242_7021|13|-1.725379|219.000839|49.533039|-0.009822|-54.789116|0.005819|1.200000|1.200000|1.200000
AEG801_242_7022|13|-0.924639|244.167877|-70.469933|-0.010907|24.611183|0.007103|1.000000|1.000000|1.000000
AEG801_242_7023|13|-26.610979|243.147888|-45.817989|0.007049|-66.284927|0.010764|1.200000|1.200000|1.200000
AEG801_242_7024|13|-49.603443|248.992401|-12.105305|-0.007006|-155.805511|-0.010857|1.000000|1.000000|1.000000
AEG801_242_7025|13|78.380913|220.907593|3.139210|-0.010516|116.378464|0.006393|1.200000|1.200000|1.200000
AEG801_242_7026|13|46.912521|220.006760|20.057373|0.011447|-63.887711|-0.007145|1.000000|1.000000|1.000000
AEG801_242_7027|13|80.244423|218.091461|13.441769|0.010573|-91.257782|0.007267|1.000000|1.000000|1.000000
AEG801_242_7028|13|84.460068|219.000000|21.019215|-0.010822|178.711899|-0.007437|1.200000|1.200000|1.200000
AEG801_242_7029|13|48.499641|220.610382|11.681114|0.011994|174.120453|0.005847|0.700000|0.700000|0.700000
AEG801_242_7030|13|64.721008|220.749832|11.438812|0.006147|-92.921089|-0.011211|0.700000|0.700000|0.700000
AEG801_242_7031|13|59.948235|221.000000|-31.680099|0.014043|-96.231857|0.005847|0.700000|0.700000|0.700000
AEG801_242_7033|13|-37.099243|218.339508|68.600883|0.009043|-96.829872|0.007541|0.700000|0.700000|0.700000
AEG801_242_7034|13|-10.696054|219.000839|76.550644|0.007049|88.454247|-0.007657|0.700000|0.700000|0.700000
AEG801_242_7035|13|44.519402|221.000000|-42.429817|0.011283|-107.650162|0.005491|0.700000|0.700000|0.700000
AEG801_242_7037|13|55.903374|221.000000|-57.548355|0.007131|-76.661469|-0.004213|0.700000|0.700000|0.700000
AEG801_242_7038|13|-20.262863|243.151398|-21.788635|0.010573|17.341265|0.007267|1.000000|1.000000|1.000000
AEG801_242_7039|13|-125.541046|238.193146|-75.405991|0.000000|-11.983603|0.000000|1.200000|1.200000|1.200000
AEG801_242_7042|13|-54.465752|250.392899|-21.726194|0.012349|-109.075371|0.008060|1.000000|1.000000|1.000000
AEG801_242_7049|13|105.762146|219.000000|4.303415|0.007049|3.454263|-0.007657|0.700000|0.700000|0.700000
AEG801_242_7051|13|98.692482|219.000000|15.639308|-0.009822|30.210899|0.005819|1.200000|1.200000|1.200000
AEG801_242_7055|13|58.912159|219.000000|33.237030|-0.010822|10.578970|-0.007437|1.200000|1.200000|1.200000
AEG801_242_7060|13|70.125565|219.000000|40.574638|-0.010516|-51.754486|0.006393|1.200000|1.200000|1.200000
AEG801_242_7061|13|66.183243|219.000000|30.875477|0.010573|100.609291|0.007267|1.000000|1.000000|1.000000
AEG801_242_7062|13|82.127968|221.000000|-6.826397|-0.000002|126.261116|0.000000|1.200000|1.200000|1.200000
AEG801_242_7064|13|34.376019|219.000000|47.001408|0.006038|72.271721|-0.012220|0.700000|0.700000|0.700000
AEG801_242_7065|13|44.486923|219.000000|58.822639|0.014043|68.057320|0.005847|0.700000|0.700000|0.700000
AEG801_242_7066|13|-30.719677|219.000839|52.839523|-0.009822|41.614098|0.005819|1.200000|1.200000|1.200000
AEG801_242_7067|13|94.753174|219.642746|-22.316238|-0.007006|28.856073|-0.010857|1.000000|1.000000|1.000000
AEG801_242_7068|13|-124.069778|227.656921|6.181305|0.009590|32.194912|-0.006639|1.000000|1.000000|1.000000
AEG801_242_7070|13|-83.709396|244.974548|-57.625725|-0.000002|-148.082321|0.000000|1.000000|1.000000|1.000000
AEG801_242_7071|13|-121.246399|246.108215|-39.840797|-0.007968|58.111073|0.010628|0.700000|0.700000|0.700000
AEG801_242_7072|13|-109.264412|247.407883|-30.029461|0.012322|150.061920|0.008852|0.700000|0.700000|0.700000
AEG801_242_7074|13|-57.562820|247.909454|-61.415089|0.014043|-0.767085|0.005847|0.700000|0.700000|0.700000
AEG801_242_7077|13|-8.796547|244.096771|-21.731108|-0.007968|-51.184387|0.010628|0.700000|0.700000|0.700000
AEG801_242_7078|13|-32.822533|244.820969|-23.173521|0.012322|-125.629921|0.008852|0.700000|0.700000|0.700000
AEG801_242_7080|13|57.346481|218.289093|49.441288|0.009043|-66.829865|0.007541|0.700000|0.700000|0.700000
AEG801_242_7081|13|71.964249|221.000000|-18.630943|0.014043|-96.231857|0.005847|0.700000|0.700000|0.700000
AEG801_242_7082|13|-6.792860|244.782272|-41.564732|0.010655|136.072678|0.009617|0.700000|0.700000|0.700000
AEG801_243_7001|13|100.659157|221.000000|-35.508171|-0.000000|-0.613142|0.000000|1.000000|1.000000|1.000000
AEG801_243_7002|13|77.325508|218.383240|27.003395|-0.000000|-0.613142|-0.000000|1.300000|1.300000|1.300000
AEG801_243_7003|13|71.306694|221.000000|-48.481209|0.000000|-1.617221|0.000000|1.000000|1.000000|1.000000
AEG801_243_7004|13|49.938049|221.000000|-37.331848|-0.000000|-2.162879|-0.000000|1.300000|1.300000|1.300000
AEG801_243_7005|13|70.180229|217.758011|20.753899|-0.000000|146.773926|-0.000013|1.000000|1.000000|1.000000
AEG801_243_7007|13|36.155937|219.053726|23.180027|0.002541|-44.432644|0.014234|1.000000|1.000000|1.000000
AEG801_243_7010|13|57.700974|221.000000|4.532394|0.011229|-92.211334|0.006038|1.000000|1.000000|1.000000
AEG801_243_7013|13|0.187080|218.448380|32.756443|0.006748|20.256481|0.013278|0.700000|0.700000|0.700000
AEG801_243_7015|13|76.179260|219.000000|33.615723|-0.012541|108.974167|0.007732|0.700000|0.700000|0.700000
AEG801_243_7016|13|-14.338324|219.000839|63.853497|0.010983|-156.078400|-0.005267|1.000000|1.000000|1.000000
AEG801_243_7017|13|-13.478956|219.000839|50.686028|0.011557|-153.936035|-0.006739|1.000000|1.000000|1.000000
AEG801_243_7018|13|31.450794|218.464539|62.906563|0.049095|-52.192940|0.060597|1.000000|1.000000|1.000000
AEG801_243_7023|13|-13.873003|219.000839|44.297962|-0.005918|82.323845|0.012103|1.300000|1.300000|1.300000
AEG801_243_7024|13|50.095016|220.283508|23.062962|0.003115|-108.570457|-0.012958|1.000000|1.000000|1.000000
AEG801_243_7026|13|87.437546|219.000000|13.282879|0.010792|-91.320854|0.007486|1.000000|1.000000|1.000000
AEG801_243_7027|13|52.598953|220.765213|17.861378|0.008524|18.250158|0.010136|0.700000|0.700000|0.700000
AEG801_243_7028|13|97.730354|221.000000|-45.878773|0.009262|17.698936|0.010273|0.700000|0.700000|0.700000
AEG801_243_7029|13|-23.097666|219.000839|77.780617|0.003907|-72.616264|0.009207|0.700000|0.700000|0.700000
AEG801_243_7030|13|44.043732|221.000000|-27.047577|0.010846|-83.471970|0.008551|0.700000|0.700000|0.700000
AEG801_243_7032|13|59.930405|221.000000|-51.645523|0.009070|-52.980087|-0.002241|0.700000|0.700000|0.700000
AEG801_243_7034|13|106.422302|219.000000|-16.108234|-0.000000|-129.627029|-0.000013|1.000000|1.000000|1.000000
AEG801_243_7038|13|-29.621403|244.146179|-17.199699|0.011229|16.387718|0.006038|1.000000|1.000000|1.000000
AEG801_243_7039|13|-88.966721|243.622864|-65.210190|-0.000000|167.985886|0.000000|1.000000|1.000000|1.000000
AEG801_243_7041|13|23.444057|245.616928|-55.502304|0.010983|173.921600|-0.005267|1.000000|1.000000|1.000000
AEG801_243_7043|13|103.355354|219.000000|3.267481|0.003907|-157.616257|0.009207|0.700000|0.700000|0.700000
AEG801_243_7055|13|39.495884|219.000000|58.195126|0.010846|80.817192|0.008551|0.700000|0.700000|0.700000
AEG801_243_7057|13|-52.291809|202.824600|54.976006|0.049095|44.210258|0.060597|1.000000|1.000000|1.000000
AEG801_243_7058|13|-122.865417|246.644989|-39.155365|0.006748|-4.797772|0.013278|0.700000|0.700000|0.700000
AEG801_243_7059|13|-46.837418|249.734650|-59.113113|0.010846|11.992787|0.008551|0.700000|0.700000|0.700000
AEG801_243_7062|13|-22.598938|243.226593|-17.507826|0.006748|54.289093|0.013278|0.700000|0.700000|0.700000
AEG801_243_7063|13|1.757728|244.146179|-16.484282|0.011229|-98.612289|0.006038|1.000000|1.000000|1.000000
AEG801_243_7064|13|-8.487229|244.146179|-42.890030|0.011229|146.387711|0.006038|1.000000|1.000000|1.000000
