m505600_0000|0|0.000000|0.000000|0.000000|0.000000|0.000000|0.000000|1.000000|1.000000|1.000000
m505601_0000|0|0.000000|0.000000|0.000000|0.000000|0.000000|0.000000|1.000000|1.000000|1.000000
m505602_0000|0|0.000000|0.000000|0.000000|0.000000|0.000000|0.000000|1.000000|1.000000|1.000000
m505603_0000|0|0.000000|0.000000|0.000000|0.000000|0.000000|0.000000|1.000000|1.000000|1.000000
c0000_9000|2|43.903999|1603.927002|81.059998|0.000000|-102.769997|0.000000|1.000000|1.000000|1.000000
c1000_9000|2|102.772003|1604.051025|114.692001|0.000000|0.000000|0.000000|1.000000|1.000000|1.000000
c2274_9001|2|-141.311996|1255.078979|-38.305000|0.000000|17.393000|0.000000|1.000000|1.000000|1.000000
c2275_9000|2|-99.490997|1255.078979|6.083000|0.000000|149.459000|0.000000|1.000000|1.000000|1.000000
c2275_9001|2|-83.641998|1255.979980|-39.299999|-1.545000|150.281998|-2.410000|1.000000|1.000000|1.000000
c2275_9002|2|-82.081001|1256.050049|-40.303001|0.000000|-144.718002|0.000000|1.000000|1.000000|1.000000
c2275_9003|2|-83.724998|1255.979004|-40.839001|0.000000|-149.720993|0.000000|1.000000|1.000000|1.000000
c2275_9004|2|-84.910004|1255.917969|-40.053001|-2.860000|95.247002|0.000000|1.000000|1.000000|1.000000
c2275_9005|2|-82.417000|1256.036011|-41.369999|0.000000|-19.775999|0.000000|1.000000|1.000000|1.000000
c2275_9006|2|48.222000|1268.555054|17.966999|10.379000|-153.080002|6.194000|1.000000|1.000000|1.000000
c2275_9007|2|44.129002|1269.505981|24.094999|1.153000|134.615997|6.387000|1.000000|1.000000|1.000000
c2275_9010|2|-34.394001|1257.864014|22.041000|0.997000|107.685997|-6.720000|1.000000|1.000000|1.000000
c2275_9012|2|-107.489998|1255.078979|0.850000|0.000000|-1.370000|0.000000|1.000000|1.000000|1.000000
c2275_9013|2|-98.160004|1255.078979|-0.573000|0.000000|-149.718002|0.000000|1.000000|1.000000|1.000000
c2275_9014|2|-100.387001|1255.078979|5.034000|0.000000|-144.720993|0.000000|1.000000|1.000000|1.000000
c2275_9015|2|-104.124001|1255.078979|1.925000|0.000000|175.240997|0.000000|1.000000|1.000000|1.000000
c2275_9016|2|-101.051003|1255.078979|4.296000|0.000000|-38.137001|0.000000|1.000000|1.000000|1.000000
c2275_9017|2|-96.080002|1255.598022|15.594000|0.000000|-134.714996|0.000000|1.000000|1.000000|1.000000
c2275_9018|2|-96.617996|1255.587036|15.179000|0.000000|45.285000|0.000000|1.000000|1.000000|1.000000
c3080_9000|2|-91.716003|1326.463989|-87.184998|0.000000|30.000000|0.000000|1.000000|1.000000|1.000000
c3080_9001|2|-99.663002|1326.050049|-72.264000|0.000000|92.430000|0.000000|1.000000|1.000000|1.000000
c3181_9000|2|-37.792999|1368.506958|-97.369003|-10.819000|21.618999|4.978000|1.000000|1.000000|1.000000
c3470_9006|2|-138.806000|1332.931030|53.248001|0.000000|50.669998|0.000000|1.000000|1.000000|1.000000
c3470_9007|2|-139.459000|1332.362061|49.178001|0.000000|145.669998|0.000000|1.000000|1.000000|1.000000
c3470_9008|2|-135.296997|1333.668945|50.536999|0.000000|85.670998|0.000000|1.000000|1.000000|1.000000
c4040_9000|2|-39.194000|1258.438965|-48.259998|6.466000|-82.445000|-8.892000|1.000000|1.000000|1.000000
c4040_9001|2|-30.872000|1259.552002|-50.047001|6.722000|30.190001|8.793000|1.000000|1.000000|1.000000
c4070_9000|2|-70.125999|1362.729004|-126.738998|-0.000000|-86.132004|-0.000000|1.000000|1.000000|1.000000
c4070_9001|2|-75.612999|1362.873047|-124.244003|0.000000|140.957001|0.000000|1.000000|1.000000|1.000000
c4070_9002|2|-21.707001|1371.010010|-137.276993|-12.003000|-46.125999|4.973000|1.000000|1.000000|1.000000
c4070_9003|2|-45.088001|1370.713989|-84.627998|-0.000000|6.278000|0.000000|1.000000|1.000000|1.000000
c4070_9004|2|-81.319000|1362.647949|-121.796997|-2.052000|-104.823997|-4.947000|1.000000|1.000000|1.000000
c4100_9001|2|55.441002|1603.402954|38.921001|0.000000|38.689999|0.000000|1.000000|1.000000|1.000000
c4100_9002|2|51.352001|1602.859985|49.323002|0.000000|6.050000|0.000000|1.000000|1.000000|1.000000
c4100_9003|2|112.823997|1602.005981|73.399002|0.000000|-157.598999|0.000000|1.000000|1.000000|1.000000
c4100_9004|2|112.533997|1602.005981|75.702003|0.000000|-165.598999|0.000000|1.000000|1.000000|1.000000
c4100_9005|2|109.578003|1602.005005|77.097000|0.000000|-151.022995|0.000000|1.000000|1.000000|1.000000
c4100_9006|2|108.100998|1602.885986|104.607002|0.000000|-151.022995|0.000000|1.000000|1.000000|1.000000
c4191_9000|2|-63.285999|1392.597046|68.191002|0.000000|42.979000|0.000000|1.000000|1.000000|1.000000
c4191_9001|2|-49.294998|1394.083984|74.045998|0.000000|-104.166000|0.000000|1.000000|1.000000|1.000000
c4200_9000|2|110.092003|1602.852051|82.619003|0.000000|-0.070000|0.000000|1.000000|1.000000|1.000000
c4200_9001|2|110.552002|1602.821045|79.835999|0.000000|1.987000|0.000000|1.000000|1.000000|1.000000
c4200_9002|2|109.744003|1602.704956|106.095001|0.000000|88.966003|0.000000|1.000000|1.000000|1.000000
c4200_9003|2|107.139999|1602.912964|106.908997|0.000000|81.230003|0.000000|1.000000|1.000000|1.000000
c4220_9001|2|-92.377998|1266.041016|-40.015999|-0.000000|-157.585999|0.000000|1.000000|1.000000|1.000000
c4220_9002|2|-94.003998|1262.311035|-50.993999|13.185000|-109.953003|-6.788000|1.000000|1.000000|1.000000
c4220_9004|2|-58.471001|1256.994019|35.537998|-8.108000|-167.266006|11.641000|1.000000|1.000000|1.000000
c4300_9000|2|114.612000|1647.857056|95.476997|0.000000|-98.870003|0.000000|1.000000|1.000000|1.000000
c4911_9000|2|12.074000|1255.063965|12.362000|0.000000|-75.601997|0.000000|1.000000|1.000000|1.000000
c6081_9000|2|-52.103001|1390.470947|90.230003|0.000000|64.161003|0.000000|1.000000|1.000000|1.000000
c6081_9001|2|-50.068001|1397.098022|142.054001|0.000000|-155.481995|0.000000|1.000000|1.000000|1.000000
c6081_9002|2|-107.800003|1383.584961|67.441002|0.000000|178.279007|0.000000|1.000000|1.000000|1.000000
c6081_9003|2|-71.698997|1391.229980|74.389000|0.000000|53.692001|0.000000|1.000000|1.000000|1.000000
h505600|5|0.000000|0.000000|0.000000|0.000000|0.000000|0.000000|1.000000|1.000000|1.000000
h505601|5|0.000000|0.000000|0.000000|0.000000|0.000000|0.000000|1.000000|1.000000|1.000000
h505603|5|0.000000|0.000000|0.000000|0.000000|0.000000|0.000000|1.000000|1.000000|1.000000
h505621|5|0.000000|0.000000|0.000000|0.000000|0.000000|0.000000|1.000000|1.000000|1.000000
h505650|5|0.000000|0.000000|0.000000|0.000000|0.000000|0.000000|1.000000|1.000000|1.000000
h505651|5|0.000000|0.000000|0.000000|0.000000|0.000000|0.000000|1.000000|1.000000|1.000000
h505652|5|0.000000|0.000000|0.000000|0.000000|0.000000|0.000000|1.000000|1.000000|1.000000
AEG099_075_9000|9|53.046001|1268.848999|11.416000|0.000000|-167.891006|0.000000|1.000000|1.000000|1.000000
AEG099_600_9001|9|34.924999|1603.868042|81.260002|0.000000|-91.086998|0.000000|1.000000|1.000000|1.000000
AEG099_600_9003|9|36.806000|1603.848999|81.014999|0.000000|-100.902000|0.000000|1.000000|1.000000|1.000000
AEG099_600_9004|9|-89.117996|1358.152954|-123.172997|-1.200000|75.081001|-0.000000|1.000000|1.000000|1.000000
AEG099_990_9000|9|-108.769997|1256.665039|4.169000|0.000000|-19.646000|0.000000|1.000000|1.000000|1.000000
c2274_9000|10|-99.283997|1255.265015|11.993000|0.000000|-153.822998|0.000000|1.000000|1.000000|1.000000
c4100_9000|10|58.431999|1603.098022|42.641998|0.000000|-163.264008|0.000000|1.000000|1.000000|1.000000
c6081_9004|10|-72.454002|1387.739014|102.198997|0.000000|153.500000|0.000000|1.000000|1.000000|1.000000
h505603_0000|11|0.000000|0.000000|0.000000|0.000000|0.000000|0.000000|1.000000|1.000000|1.000000
AEG001_373_7000|13|-66.299561|1389.377686|132.628708|-6.317380|25.287685|8.731277|1.000000|1.000000|1.000000
AEG001_373_7001|13|-75.672722|1385.976318|110.276329|8.002852|-65.079613|9.114586|1.000000|1.000000|1.000000
AEG001_373_7002|13|-105.881859|1380.650513|103.722183|-0.935410|113.253151|-9.024276|1.000000|1.000000|1.000000
AEG001_373_7003|13|-109.139626|1381.164917|110.108643|-6.901761|113.540886|-3.545150|1.000000|1.000000|1.000000
AEG001_373_7004|13|-89.952026|1383.711792|73.067253|-9.531300|114.483398|2.093781|1.000000|1.000000|1.000000
AEG001_373_7005|13|-98.889137|1382.701416|74.579277|-0.356789|114.526749|6.162497|1.000000|1.000000|1.000000
AEG001_373_7006|13|-76.381264|1385.162476|84.520821|-2.712199|24.682774|9.269334|1.000000|1.000000|1.000000
AEG001_373_7007|13|-44.117516|1391.468140|73.484329|-12.814299|117.439445|-2.429183|1.000000|1.000000|1.000000
AEG001_373_7008|13|-78.833473|1384.700317|86.536629|8.976645|-107.013054|-3.890129|1.000000|1.000000|1.000000
AEG001_373_7009|13|-76.887573|1386.176514|64.875366|-8.456871|113.806908|0.457432|1.000000|1.000000|1.000000
AEG001_373_7010|13|-113.100067|1379.554688|88.191948|0.292796|27.275406|7.073317|1.000000|1.000000|1.000000
AEG001_373_7011|13|-114.238220|1383.481934|59.968536|-40.789238|114.535965|2.929247|1.000000|1.000000|1.000000
AEG001_373_7012|13|-91.802162|1257.571655|22.094116|5.744105|113.798981|-13.106117|1.000000|1.000000|1.000000
AEG001_373_7013|13|-54.175407|1257.099121|33.279541|-8.156817|113.037453|-0.764705|0.750000|0.750000|0.750000
AEG001_373_7014|13|-67.594391|1255.604004|24.194092|2.874663|111.646049|-10.111330|1.000000|1.000000|1.000000
AEG001_373_7015|13|-47.311951|1261.018311|-68.882591|-7.303288|113.591743|6.602879|1.000000|1.000000|1.000000
AEG001_373_7016|13|-71.446999|1260.158447|-64.784660|7.544244|52.265274|4.409161|1.000000|1.000000|1.000000
AEG001_373_7018|13|-109.211243|1359.291748|-108.976379|-64.721519|89.674126|-14.080219|1.000000|1.000000|1.000000
AEG001_373_7019|13|-97.802979|1261.668335|-49.979118|-1.485910|110.023041|1.873002|1.000000|1.000000|1.000000
AEG001_373_7020|13|-110.087372|1259.500977|-58.670807|-14.142645|112.011070|11.250002|1.000000|1.000000|1.000000
AEG001_373_7021|13|-120.474670|1258.910645|-62.211563|-9.771186|111.574638|9.960189|1.000000|1.000000|1.000000
AEG001_373_7022|13|-88.683884|1385.944702|123.269073|-9.797527|24.568409|-1.887316|1.000000|1.000000|1.000000
AEG001_373_7023|13|-102.293015|1380.958252|101.847961|-8.759668|110.577950|-6.665381|1.000000|1.000000|1.000000
AEG001_373_7024|13|-122.955528|1321.982910|-102.829010|-10.555249|116.032158|10.279653|1.000000|1.000000|1.000000
AEG001_373_7025|13|-106.746536|1342.902954|-117.213623|-16.576338|103.237076|-2.113097|1.000000|1.000000|1.000000
AEG001_373_7026|13|-94.956093|1328.429443|-66.164619|10.598459|-173.035309|-4.802863|1.000000|1.000000|1.000000
AEG001_373_7027|13|-12.164137|1262.667358|-32.727169|-3.151674|102.958023|-4.096212|1.000000|1.000000|1.000000
AEG001_373_7028|13|-77.531708|1329.150269|-90.962128|-12.427883|119.809486|2.733769|1.000000|1.000000|1.000000
AEG001_373_7029|13|-74.998543|1362.595947|-121.246223|0.791865|93.504425|3.572135|1.000000|1.000000|1.000000
AEG001_373_7030|13|-88.930313|1360.436157|-111.067741|5.848855|100.144188|11.786667|1.000000|1.000000|1.000000
AEG001_373_7031|13|-62.997391|1363.639648|-104.590469|3.384058|178.185150|-10.019211|1.000000|1.000000|1.000000
AEG001_373_7032|13|-59.590519|1364.029541|-107.306885|7.965148|-152.597992|-6.588013|1.000000|1.000000|1.000000
AEG001_373_7034|13|-20.309904|1374.591187|-73.995720|-3.206657|-36.612473|15.555947|1.000000|1.000000|1.000000
AEG001_373_7035|13|-23.351187|1373.708130|-75.549072|14.833341|-148.478317|-4.043602|1.000000|1.000000|1.000000
AEG001_373_7037|13|-6.154343|1378.848999|-68.795822|-10.615865|104.864136|-15.226018|1.000000|1.000000|1.000000
AEG001_373_7038|13|-16.882078|1373.344360|-96.316406|-1.913895|2.807345|16.141237|1.000000|1.000000|1.000000
AEG001_373_7039|13|11.063721|1608.686768|85.359009|11.562474|112.418991|6.888109|1.000000|1.000000|1.000000
AEG001_373_7040|13|29.543976|1605.137817|90.809555|-1.282260|23.554924|-15.727035|1.000000|1.000000|1.000000
AEG001_373_7041|13|43.778442|1602.963867|100.105591|-1.884641|-66.283875|0.031200|1.000000|1.000000|1.000000
AEG001_373_7042|13|51.989441|1603.019287|99.616089|-1.221287|175.690506|-0.620128|1.000000|1.000000|1.000000
AEG001_373_7043|13|77.198837|1603.526001|97.727753|3.573091|174.733643|5.728480|1.000000|1.000000|1.000000
AEG001_373_7044|13|68.591476|1602.770264|77.427094|-3.801385|-4.838025|-1.498941|1.000000|1.000000|1.000000
AEG001_373_7045|13|104.437950|1603.524780|89.998047|-16.594639|-4.699289|-1.346716|1.000000|1.000000|1.000000
AEG001_373_7046|13|21.595932|1604.102417|64.009125|-9.023110|-42.747734|-1.743283|1.000000|1.000000|1.000000
AEG001_373_7047|13|42.993019|1602.690430|69.561234|-1.963494|-58.023487|1.020075|1.000000|1.000000|1.000000
AEG001_373_7048|13|51.015411|1602.371338|65.868523|0.633459|-134.857758|2.564244|1.000000|1.000000|1.000000
AEG001_373_7049|13|9.324554|1610.254639|103.983948|-15.409019|-48.519638|5.817054|1.000000|1.000000|1.000000
AEG001_373_7050|13|17.034912|1627.231201|121.732452|7.658201|-68.155563|16.999140|1.000000|1.000000|1.000000
AEG001_373_7051|13|38.853962|1635.260620|122.239433|-2.195742|-68.045982|-3.073466|1.000000|1.000000|1.000000
AEG001_373_7052|13|88.692810|1647.639404|124.906982|0.027676|-127.134918|1.645639|1.000000|1.000000|1.000000
AEG001_373_7053|13|113.273186|1604.616699|119.745605|7.190960|174.355270|0.146439|1.000000|1.000000|1.000000
AEG001_373_7054|13|100.423317|1604.099731|112.149864|6.276753|84.448860|-8.517688|1.000000|1.000000|1.000000
AEG001_373_7055|13|110.377686|1603.196289|98.780540|0.880794|126.452225|10.220531|1.000000|1.000000|1.000000
AEG001_373_7056|13|114.437241|1602.814941|94.279678|4.898968|37.531994|-8.004600|1.000000|1.000000|1.000000
AEG001_373_7057|13|78.522903|1602.712280|82.773323|-2.108082|-76.481651|3.759364|1.000000|1.000000|1.000000
AEG001_373_7058|13|108.332581|1644.201416|10.674072|-0.590204|-3.610858|19.962376|1.000000|1.000000|1.000000
AEG001_373_7059|13|101.204468|1641.981934|5.604980|0.000000|-95.588509|0.000000|1.000000|1.000000|1.000000
AEG001_373_7060|13|98.656761|1637.742188|-13.878965|-22.147562|82.595924|-9.376969|1.000000|1.000000|1.000000
AEG001_373_7061|13|94.383057|1633.949341|-35.058792|0.000000|-72.255386|0.000000|1.000000|1.000000|1.000000
AEG001_373_7062|13|82.966087|1632.201538|-35.283947|2.708580|-161.330780|-4.476217|1.000000|1.000000|1.000000
AEG001_373_7063|13|109.731018|1635.395996|-40.705383|0.000000|107.880272|0.000000|1.000000|1.000000|1.000000
AEG001_373_7064|13|117.899956|1634.809570|-53.997498|0.000000|-91.631630|0.000000|1.000000|1.000000|1.000000
AEG001_373_7065|13|122.069794|1632.841797|-74.169304|-13.103829|88.269516|-0.860925|1.000000|1.000000|1.000000
AEG001_373_7066|13|98.169174|1634.456543|-51.924530|0.000000|154.627792|0.000000|1.000000|1.000000|1.000000
AEG001_373_7067|13|123.546371|1655.939941|-10.570545|8.008487|-41.432987|-0.000000|1.000000|1.000000|1.000000
AEG001_373_7068|13|116.453377|1604.276978|49.187908|8.867251|-52.197708|-1.450417|1.000000|1.000000|1.000000
AEG001_373_7069|13|103.973175|1604.328491|42.869873|-14.238295|-179.713089|-7.847076|1.000000|1.000000|1.000000
AEG001_373_7070|13|90.277153|1603.937988|35.530781|-10.176226|91.599098|8.726796|1.000000|1.000000|1.000000
AEG001_373_7071|13|73.047752|1603.856445|23.973614|9.454377|0.756601|6.671837|1.000000|1.000000|1.000000
AEG001_373_7072|13|91.973282|1605.892090|26.078636|13.060032|-45.313736|-1.037069|1.000000|1.000000|1.000000
AEG001_373_7073|13|53.593529|1603.214844|15.533226|6.767350|-88.296608|-8.047492|1.000000|1.000000|1.000000
AEG001_373_7074|13|73.913559|1605.846924|9.904282|10.674602|-76.913918|-2.308048|1.000000|1.000000|1.000000
AEG001_373_7075|13|-123.630875|1322.271362|-114.179688|2.013731|-72.351173|0.056718|1.000000|1.000000|1.000000
AEG001_373_7076|13|-97.412231|1328.426270|-64.787186|2.613697|120.651985|-11.576735|1.000000|1.000000|1.000000
AEG001_373_7077|13|-23.887617|1259.431641|-45.492020|-12.496239|144.833145|-4.802437|1.000000|1.000000|1.000000
AEG001_373_7078|13|-42.090874|1365.367676|-123.290512|7.835865|-138.395294|-8.114436|1.250000|1.250000|1.250000
AEG001_373_7079|13|-25.157112|1258.839111|-42.222580|1.772461|7.498208|8.120166|1.250000|1.250000|1.250000
AEG001_373_7080|13|-100.406204|1344.782593|-111.615967|17.195576|-94.715950|-3.569811|1.250000|1.250000|1.250000
AEG001_373_7081|13|-104.835876|1343.490723|-105.273331|1.485840|-48.915802|9.656548|1.000000|1.000000|1.000000
AEG001_373_7082|13|8.769153|1257.761353|-37.511726|6.156102|-67.134384|-7.684995|1.000000|1.000000|1.000000
AEG001_373_7083|13|81.117996|1632.503418|-23.033754|-18.317610|17.844784|11.462014|0.750000|0.750000|0.750000
AEG001_373_7084|13|-62.251587|1257.494019|34.155548|-9.376702|-62.023117|0.469289|0.750000|0.750000|0.750000
AEG001_373_7085|13|-87.575432|1326.597656|-79.885567|-7.945170|112.545784|-3.256010|0.750000|0.750000|0.750000
AEG001_373_7086|13|67.367615|1610.317383|-17.854099|0.756648|3.626593|7.914852|0.750000|0.750000|0.750000
AEG001_373_7087|13|65.251244|1610.240479|-17.888947|-10.830291|164.037079|9.811158|0.750000|0.750000|0.750000
AEG001_399_7000|13|123.099731|1651.345947|64.123062|2.696777|-22.926447|5.104009|1.000000|1.000000|1.000000
AEG001_399_7001|13|110.420044|1650.201294|71.194878|-2.605444|157.265137|-2.896459|1.000000|1.000000|1.000000
AEG001_399_7002|13|123.358154|1651.402832|60.306023|2.635660|-22.830912|4.825855|1.000000|1.000000|1.000000
AEG001_399_7003|13|112.495766|1650.450439|66.208282|-2.627683|157.277573|-2.828774|1.000000|1.000000|1.000000
AEG001_399_7004|13|113.278076|1650.427490|69.347130|-2.662927|157.237793|-3.497967|1.000000|1.000000|1.000000
AEG001_399_7005|13|105.276917|1649.533203|85.830818|-2.694620|157.250183|-3.234693|1.000000|1.000000|1.000000
AEG001_399_7006|13|104.791916|1649.527466|84.715195|-2.713498|157.260849|-3.009463|1.000000|1.000000|1.000000
AEG001_399_7007|13|103.512054|1649.346802|88.988503|-2.569927|157.257141|-3.064945|1.000000|1.000000|1.000000
AEG001_399_7008|13|114.081856|1650.300903|81.798447|2.619350|-22.815722|4.658025|1.000000|1.000000|1.000000
AEG001_399_7009|13|117.056946|1650.610229|78.621353|2.560037|-22.795311|4.582237|1.000000|1.000000|1.000000
AEG001_399_7010|13|108.976555|1649.654785|98.167130|2.675576|-22.721844|4.948745|1.000000|1.000000|1.000000
AEG001_399_7011|13|128.531174|1652.012451|48.131104|2.653364|-22.809502|4.519509|1.000000|1.000000|1.000000
AEG001_399_7012|13|134.446457|1652.697388|37.119415|2.610471|-23.002205|4.972434|1.000000|1.000000|1.000000
AEG001_399_7013|13|124.943039|1651.567627|59.722916|2.549655|-22.940653|5.054423|1.000000|1.000000|1.000000
AEG001_399_7015|13|131.369980|1652.331909|44.503410|2.626317|-23.048859|5.024451|1.000000|1.000000|1.000000
AEG001_399_7016|13|122.631195|1651.651978|41.862045|-2.673008|157.256378|-3.100316|1.000000|1.000000|1.000000
AEG001_399_7017|13|119.682365|1651.294189|48.946220|-2.745381|157.249649|-3.251332|1.000000|1.000000|1.000000
AEG001_399_7018|13|125.617470|1652.013550|34.689518|-2.591675|157.273407|-2.713320|1.000000|1.000000|1.000000
AEG001_399_7020|13|129.593903|1652.482422|25.137581|-2.614651|157.260666|-2.995472|1.000000|1.000000|1.000000
AEG001_399_7021|13|128.514893|1652.271606|31.473366|-2.577058|157.247375|-3.281178|1.000000|1.000000|1.000000
AEG001_399_7022|13|97.036690|1648.607300|103.345444|-2.747566|157.269516|-2.831156|1.000000|1.000000|1.000000
AEG001_399_7023|13|97.422592|1648.557983|106.338837|-2.666041|157.241409|-3.420509|1.000000|1.000000|1.000000
AEG001_399_7024|13|100.940109|1649.063232|93.967888|-2.646152|157.257111|-3.078346|1.000000|1.000000|1.000000
AEG001_399_7025|13|115.038223|1650.649902|64.473625|-2.639213|157.244644|-3.348017|1.000000|1.000000|1.000000
AEG001_399_7026|13|116.813431|1650.951782|55.838486|-2.553261|157.246262|-3.303846|1.000000|1.000000|1.000000
AEG001_399_7027|13|94.702072|1648.319580|108.951370|-2.562715|157.261917|-2.959296|1.000000|1.000000|1.000000
AEG001_399_7028|13|107.062141|1649.452271|99.597595|2.610225|-22.811157|4.560108|1.000000|1.000000|1.000000
AEG001_399_7029|13|128.083191|1651.933105|52.210957|2.556540|-22.917534|4.804792|1.000000|1.000000|1.000000
AEG001_399_7030|13|114.235596|1650.285889|85.505302|2.686614|-22.673325|5.035760|1.000000|1.000000|1.000000
AEG001_399_7031|13|107.636238|1647.276001|101.401291|-2.631597|157.217575|-3.933441|1.000000|1.000000|1.000000
AEG001_399_7032|13|110.869331|1647.661621|93.637581|-2.631597|157.217575|-3.933441|1.000000|1.000000|1.000000
AEG001_399_7033|13|127.950172|1649.710693|51.903721|-2.631597|157.217575|-3.933441|1.000000|1.000000|1.000000
AEG001_399_7034|13|124.669304|1649.318970|59.784180|-2.631597|157.217575|-3.933441|1.000000|1.000000|1.000000
AEG001_399_7035|13|117.295059|1648.785889|55.643528|2.631316|-22.778423|3.933479|1.000000|1.000000|1.000000
AEG001_399_7036|13|120.096939|1649.122803|48.750229|2.700930|-23.799349|3.886050|1.000000|1.000000|1.000000
AEG001_399_7037|13|99.893822|1646.714966|97.106117|2.631316|-22.778423|3.933479|1.000000|1.000000|1.000000
AEG001_399_7038|13|103.051964|1647.090332|89.619690|2.631316|-22.778423|3.933479|1.000000|1.000000|1.000000
AEG001_399_7039|13|102.648239|1648.899536|113.377335|2.675576|-22.721844|4.948745|1.000000|1.000000|1.000000
AEG001_399_7040|13|98.567116|1646.687866|92.021805|2.631316|-22.778389|3.933479|1.000000|1.000000|1.000000
AEG001_399_7041|13|112.265854|1647.705688|97.990822|-2.631597|157.217575|-3.933441|1.000000|1.000000|1.000000
AEG001_399_7042|13|115.654114|1648.726074|50.994087|2.631316|-22.778423|3.933479|1.000000|1.000000|1.000000
AEG001_399_7043|13|129.468491|1649.739868|57.840027|-2.631597|157.217575|-3.933441|1.000000|1.000000|1.000000
AEG001_399_7044|13|91.528793|1647.950562|116.572556|-2.562715|157.261917|-2.959296|1.000000|1.000000|1.000000
AEG001_399_7045|13|98.583382|1648.404785|123.195183|2.675576|-22.721844|4.948745|1.000000|1.000000|1.000000
AEG001_430_1001|13|-42.767372|1387.850098|144.350693|-131.217056|-30.459871|26.489473|1.000000|1.000000|1.000000
AEG001_430_1003|13|-125.670204|1380.042236|137.000931|57.382774|-21.463072|-159.660950|1.000000|1.000000|1.000000
AEG001_430_1005|13|-113.717896|1392.856323|145.404327|71.916550|36.778286|-124.344894|1.000000|1.000000|1.000000
AEG001_431_1003|13|-99.531097|1377.329712|109.796722|-24.544050|-81.433235|70.830795|1.000000|1.000000|1.000000
AEG001_431_1004|13|-100.516747|1396.823486|142.969559|-150.859619|-89.745705|4.914007|1.000000|1.000000|1.000000
AEG001_431_1005|13|-108.978416|1391.139648|150.322784|132.076614|8.028792|58.245708|1.000000|1.000000|1.000000
AEG001_431_1006|13|-121.393021|1386.561646|139.547363|31.327202|-24.791683|163.001450|1.000000|1.000000|1.000000
AEG001_431_1007|13|-118.546669|1383.171387|145.957809|-57.079098|86.871696|162.392899|1.000000|1.000000|1.000000
AEG001_432_1002|13|-111.844193|1384.709595|146.268677|-15.457989|76.742165|172.466629|1.000000|1.000000|1.000000
AEG001_432_1006|13|-68.665588|1379.274292|128.227417|15.438671|59.718231|10.883031|1.000000|1.000000|1.000000
AEG001_432_1007|13|-68.554428|1378.623779|138.389755|108.315384|30.741678|30.784004|1.000000|1.000000|1.000000
AEG001_432_1008|13|-102.071091|1407.957031|133.655563|60.748230|37.277828|-67.217438|1.000000|1.000000|1.000000
AEG001_432_1013|13|-103.063515|1408.751831|146.923798|111.445808|22.860664|-69.373917|1.000000|1.000000|1.000000
AEG001_432_1014|13|-107.992355|1412.848267|147.525864|43.069622|26.883169|-109.375572|1.000000|1.000000|1.000000
AEG001_432_1015|13|-113.329910|1395.091309|146.388947|65.107727|-108.986938|-52.069225|1.000000|1.000000|1.000000
AEG001_432_1017|13|-105.598686|1393.156128|131.678452|4.563133|78.194405|-39.461487|1.000000|1.000000|1.000000
AEG001_433_1001|13|-102.717392|1406.326782|133.546463|-3.376768|37.748188|-158.661835|1.000000|1.000000|1.000000
AEG001_433_1004|13|-118.877121|1388.267090|136.534775|4.466164|13.065062|143.163681|1.000000|1.000000|1.000000
AEG001_433_1005|13|-115.954872|1380.401733|135.572998|-2.252618|-48.545921|111.648438|1.000000|1.000000|1.000000
AEG001_433_1006|13|-110.605270|1384.244629|131.144806|-116.354347|9.101557|41.365673|1.000000|1.000000|1.000000
AEG003_500_1032|13|32.903122|1603.798462|77.075676|-7.361125|-94.708977|2.583506|1.000000|1.000000|1.000000
AEG003_500_1033|13|32.671814|1603.901733|79.913811|5.169907|85.148460|-1.326941|1.000000|1.000000|1.000000
AEG003_502_1053|13|44.979904|1602.910645|75.513916|3.591095|164.985809|-0.334222|1.000000|1.000000|1.000000
AEG003_503_1002|13|32.120850|1604.225830|85.261597|-0.847723|-120.807144|6.568511|1.000000|1.000000|1.000000
AEG003_503_1003|13|32.478699|1604.094116|84.140480|6.296232|149.585007|1.020621|1.000000|1.000000|1.000000
AEG003_503_1004|13|47.547535|1603.002319|77.167099|1.125915|-120.879936|2.437366|1.000000|1.000000|1.000000
AEG003_503_1005|13|47.929253|1602.926147|76.047867|3.803513|170.289520|-0.265679|1.000000|1.000000|1.000000
AEG003_503_1006|13|33.762405|1603.594727|75.103523|-8.101679|-68.164536|0.860768|1.000000|1.000000|1.000000
AEG003_511_1042|13|32.163269|1603.834229|75.139656|3.234641|37.591808|-9.847635|1.000000|1.000000|1.000000
AEG003_514_1003|13|31.980465|1603.974976|81.544914|-4.611327|-89.863068|2.056488|1.000000|1.000000|1.000000
AEG003_514_1004|13|32.404724|1604.003418|82.761169|-4.124353|-89.879868|3.411734|1.000000|1.000000|1.000000
AEG003_514_1005|13|32.896793|1603.921753|81.910599|-4.091484|-89.887619|2.423488|1.000000|1.000000|1.000000
AEG003_514_1006|13|36.682861|1604.077637|89.264076|-8.717201|-89.863792|1.944992|1.000000|1.000000|1.000000
AEG003_514_1007|13|37.037476|1603.991699|88.406029|-8.094955|-89.909569|2.138478|1.000000|1.000000|1.000000
AEG003_514_1008|13|46.892773|1602.909180|75.685394|-0.444974|-90.045166|3.754254|1.000000|1.000000|1.000000
AEG003_531_1022|13|29.879623|1604.231445|79.303650|4.079099|17.191780|-8.853265|1.000000|1.000000|1.000000
AEG004_691_2024|13|-103.076912|1329.081055|-83.167686|0.089995|69.999763|-0.010693|1.000000|1.000000|1.000001
AEG004_691_2036|13|-102.512894|1342.380859|-80.264244|-0.000090|47.496956|-0.000045|1.000000|1.000000|1.000000
AEG004_691_2037|13|-101.241753|1342.380859|-83.580315|0.090022|92.496864|0.067018|1.000001|1.000001|1.000001
AEG004_691_2038|13|-105.684151|1333.216797|-76.834183|-0.000000|2.499499|-0.000000|1.000001|1.000000|1.000001
AEG004_691_2039|13|-101.056870|1333.216797|-79.007065|-0.000000|47.499695|-0.000000|1.000000|1.000000|1.000000
AEG004_691_2040|13|-99.336037|1333.216797|-83.829002|-0.000000|92.499489|-0.000000|1.000000|1.000000|1.000000
AEG004_691_2041|13|-101.503601|1333.216797|-88.429420|-0.000000|137.499680|-0.000000|1.000000|1.000000|1.000000
AEG004_691_2042|13|-110.494987|1333.216797|-78.555145|-0.000000|-42.500366|-0.000000|1.000001|1.000000|1.000001
AEG004_691_2043|13|-112.673264|1333.216797|-83.171150|-0.000000|-87.500366|-0.000000|1.000000|1.000000|1.000000
AEG004_691_2044|13|-106.321617|1333.216797|-90.159714|-0.000000|-177.500381|-0.000000|1.000000|1.000000|1.000000
AEG004_691_2045|13|-110.937706|1333.216797|-87.986061|-0.000000|-132.500412|-0.000000|1.000001|1.000000|1.000001
AEG004_802_1000|13|-55.000000|1255.000000|44.000000|0.000000|30.000011|0.000000|1.000000|1.000000|1.000000
AEG007_004_1003|13|0.053009|1378.438599|-59.790955|14.567428|-87.021507|4.527569|1.000000|1.000000|1.000000
AEG007_004_1004|13|-34.683838|1366.902344|-83.222565|9.855689|-125.314178|4.835336|1.000000|1.000000|1.000000
AEG007_004_1005|13|-154.144882|1324.656372|51.527931|16.182005|51.346073|6.334511|1.000000|1.000000|1.000000
AEG007_004_1007|13|125.579590|1649.889893|24.739258|-34.157513|-83.378929|175.386230|1.000000|1.000000|1.000001
AEG007_004_1024|13|126.087570|1653.934448|-14.384972|-0.046168|-49.058071|-7.823414|1.000001|1.000001|1.000002
AEG007_004_1025|13|119.773285|1650.900269|4.806585|-2.751822|75.054947|-1.069183|1.000001|1.000001|1.000002
AEG007_004_1056|13|94.613525|1630.974243|-31.078110|-3.624451|-19.718422|-4.471320|1.000001|1.000001|1.000002
AEG007_004_1057|13|100.683838|1604.349121|34.260681|6.934880|-89.444862|-8.032980|1.000001|1.000001|1.000002
AEG007_004_1058|13|4.387067|1609.376099|111.513687|4.155480|-112.928268|-13.024132|1.000001|1.000001|1.000002
AEG007_004_1059|13|27.206415|1604.562744|93.871887|5.686242|-142.187302|-7.727764|1.000001|1.000001|1.000002
AEG007_004_1061|13|-66.501816|1252.749390|31.324709|2.262268|33.395840|-4.583772|1.000000|1.000000|1.000000
AEG007_004_1064|13|-88.793831|1381.553345|60.828655|13.747665|6.432216|2.094108|1.000000|1.000000|1.000000
AEG007_004_1066|13|-128.159103|1332.663086|36.783073|10.906010|-33.794506|1.610231|1.000000|1.000000|1.000000
AEG007_004_1068|13|67.067543|1599.847412|72.045624|-1.735631|-99.478828|-19.651655|1.000001|1.000001|1.000002
AEG007_004_1069|13|58.291069|1599.213501|67.500671|-8.772707|123.044640|-11.041553|1.000001|1.000001|1.000002
AEG007_004_1070|13|46.378044|1599.663574|12.226295|-6.096181|168.469131|-8.570135|1.000001|1.000001|1.000002
AEG007_004_1071|13|22.605572|1598.869141|33.739761|12.984952|154.190887|-1.061847|1.000001|1.000001|1.000002
AEG007_004_1072|13|109.619446|1645.143433|28.750389|10.043083|-73.903435|-5.608561|1.000001|1.000001|1.000002
AEG007_004_1073|13|83.484436|1637.587280|14.012970|3.448617|9.183544|-12.920680|1.000001|1.000001|1.000002
AEG007_004_1074|13|86.083557|1628.933228|-41.139709|6.952697|63.127491|-4.776964|1.000001|1.000001|1.000002
AEG007_004_1075|13|105.947205|1641.924316|27.672195|-14.622690|46.112549|-9.319425|1.000001|1.000001|1.000002
AEG007_004_1076|13|82.743515|1633.155640|-9.791794|2.666888|138.224350|-22.424698|1.000001|1.000001|1.000001
AEG007_004_1077|13|85.277740|1634.422607|-4.978806|7.944740|-178.717392|-9.933368|1.000001|1.000001|1.000002
AEG007_004_1078|13|58.626614|1604.399292|-3.512909|7.755545|48.871864|-0.647730|1.000001|1.000001|1.000002
AEG007_004_1079|13|94.716217|1604.424194|116.751045|-9.067028|19.634365|-3.378677|1.000001|1.000001|1.000002
AEG007_004_1083|13|61.216667|1599.605957|24.561741|-1.484700|-47.817955|-10.897771|1.000001|1.000001|1.000002
AEG007_004_1084|13|-77.080261|1259.610352|-76.300339|6.000000|-87.021484|0.000000|1.000000|1.000000|1.000000
AEG007_014_1005|13|-64.030716|1382.308472|56.811218|12.298440|15.027275|3.262481|1.000000|1.000000|1.000000
AEG007_014_1006|13|-127.609177|1249.828613|0.507942|6.199990|138.186386|-8.330312|1.000000|1.000000|1.000000
AEG007_014_1008|13|-103.010994|1336.394653|-103.289490|-10.204634|63.784344|-5.107900|1.000000|1.000000|1.000000
AEG007_014_1009|13|64.006836|1597.349121|70.090576|-0.535312|93.496841|-6.834913|1.000000|1.000000|1.000000
AEG007_014_1010|13|80.389580|1597.576782|103.772842|10.252305|-132.830261|-6.981421|1.000000|1.000000|1.000000
AEG007_014_1011|13|21.561434|1606.827759|106.949608|2.124216|-91.595131|-0.428790|1.000000|1.000000|1.000000
AEG007_014_1012|13|0.843428|1601.322388|73.653488|2.588450|70.639572|-20.351048|1.000000|1.000000|1.000000
AEG007_014_1013|13|20.353676|1595.762451|40.546688|0.869702|127.536324|-7.585815|1.000000|1.000000|1.000000
AEG007_014_1014|13|70.303757|1639.399414|114.655945|-5.891106|99.256744|-2.926874|1.000000|1.000000|1.000000
AEG007_014_1015|13|109.572632|1639.765137|35.560249|-12.718077|131.192169|-18.643915|1.000000|1.000000|1.000000
AEG007_014_1016|13|80.151733|1625.734131|-40.966385|1.037940|98.984970|-17.361155|1.000000|1.000000|1.000000
AEG007_014_1017|13|84.103394|1628.481201|-15.348259|10.367000|-167.473114|-13.621011|1.000000|1.000000|1.000000
AEG007_014_1029|13|-121.016762|1314.659912|-73.838440|-2.500000|175.894989|-12.000000|1.000000|1.000000|1.000000
AEG007_014_1030|13|-103.784637|1318.167358|-97.542480|7.986212|23.178270|-1.535836|1.000000|1.000000|1.000000
AEG007_014_1031|13|-22.892746|1367.582642|-68.307663|15.907647|-131.611847|0.000000|1.000000|1.000000|1.000000
AEG007_014_1101|13|-153.671326|1323.140259|46.315495|12.078645|59.582966|-6.375029|1.000000|1.000000|1.000000
AEG007_014_1104|13|-144.815552|1323.938599|72.190231|10.599390|-53.173923|5.428444|1.000000|1.000000|1.000000
AEG027_078_9000|13|-55.504002|1256.717041|36.974998|0.000000|10.137000|0.000000|1.000000|1.000000|1.000000
AEG027_216_9000|13|-55.504002|1256.717041|36.974998|0.000000|10.137000|0.000000|1.000000|1.000000|1.000000
AEG027_217_9000|13|-55.504002|1256.717041|36.974998|0.000000|10.137000|0.000000|1.000000|1.000000|1.000000
AEG040_036_1020|13|72.359390|1602.001221|76.476929|-7.617169|-27.703592|-4.811423|1.000000|1.000000|1.000000
AEG040_036_1021|13|98.445419|1602.455566|87.501915|-1.316386|55.986240|-13.028508|1.000000|1.000000|1.000000
AEG040_036_1022|13|85.484230|1606.349854|108.538628|-9.959541|-41.019550|8.050207|1.000000|1.000000|1.000000
AEG040_036_1023|13|10.577484|1608.616943|94.439896|14.636665|77.044586|-7.814176|1.000000|1.000000|1.000000
AEG040_036_1024|13|21.401226|1603.868042|63.903488|13.450224|133.337692|-0.856593|1.000000|1.000000|1.000000
AEG040_036_1025|13|51.008251|1602.418335|99.790833|-5.242394|18.739418|-5.207915|1.000000|1.000000|1.000000
AEG040_036_1026|13|115.669357|1604.217285|119.888283|12.853455|-156.107330|2.639658|1.000000|1.000000|1.000000
AEG040_036_1027|13|115.713348|1602.085449|99.558823|4.680069|120.451164|5.842689|1.000000|1.000000|1.000000
AEG040_036_1028|13|115.235634|1604.294678|47.349205|20.557825|-26.131208|5.556121|1.000000|1.000000|1.000000
AEG040_036_1029|13|91.647369|1605.794800|25.684418|1.977772|43.873753|15.252697|1.000000|1.000000|1.000000
AEG040_036_1030|13|58.430939|1604.471802|8.400402|10.278528|44.434288|11.730393|1.000000|1.000000|1.000000
AEG040_036_1031|13|60.011597|1603.038208|103.021851|4.997056|-160.760559|-1.711582|1.000000|1.000000|1.000000
AEG040_036_1032|13|110.351624|1645.093994|19.547646|17.891676|-120.877892|-2.824862|1.000000|1.000000|1.000000
AEG040_036_1076|13|104.136124|1637.625122|-19.802589|-14.428616|1.326482|15.566692|1.000000|1.000000|1.000000
AEG040_036_1077|13|124.907051|1649.406128|55.515366|-1.804629|33.486504|4.374313|1.000000|1.000000|1.000000
AEG040_036_1078|13|108.605034|1647.379761|98.844078|9.766561|-111.878197|4.350802|1.000000|1.000000|1.000000
AEG040_036_1079|13|104.424370|1647.511963|89.476242|1.124693|-145.584015|-7.246396|1.000000|1.000000|1.000000
AEG040_036_1080|13|121.043449|1649.201416|53.798683|-3.580922|141.820740|-3.094243|1.000000|1.000000|1.000000
AEG040_038_1003|13|59.256229|1602.594849|63.807274|-1.648840|0.076471|-0.841370|1.000000|1.000000|1.000000
AEG040_038_1004|13|69.390488|1602.611206|72.496063|-2.734106|-89.812202|1.291644|1.000000|1.000000|1.000000
AEG040_038_1005|13|43.266331|1603.306274|103.964478|0.674304|0.120638|-3.742070|1.000000|1.000000|1.000000
AEG040_038_1006|13|75.539139|1605.189941|105.626610|-2.769626|3.321375|5.932538|1.000000|1.000000|1.000000
AEG040_038_1007|13|99.240540|1605.118286|115.897758|11.618318|153.022293|6.385217|1.000000|1.000000|1.000000
AEG040_038_1008|13|95.350281|1603.603638|105.753906|-8.027294|-25.289370|-1.361147|1.000000|1.000000|1.000000
AEG040_038_1009|13|106.167397|1603.824463|94.705872|6.824780|-21.558828|-2.169027|1.000000|1.000000|1.000000
AEG040_038_1010|13|18.009493|1610.223389|104.111610|8.979680|-109.940529|15.015053|1.000000|1.000000|1.000000
AEG040_038_1011|13|12.639053|1611.473389|107.374092|21.643396|161.265289|-5.276677|1.000000|1.000000|1.000000
AEG040_038_1012|13|9.127321|1609.109497|89.847633|-0.516034|-11.452624|-9.609838|1.000000|1.000000|1.000000
AEG040_038_1013|13|7.518183|1610.106079|100.489365|-8.182477|-101.875153|7.540996|1.000000|1.000000|1.000000
AEG040_038_1014|13|35.856316|1604.362183|94.192352|-6.741576|-61.529713|-8.797029|1.000000|1.000000|1.000000
AEG040_038_1015|13|31.688854|1605.257446|93.448883|-5.445795|-29.279037|-0.902733|1.000000|1.000000|1.000000
AEG040_038_1016|13|94.337143|1604.597168|36.930866|-9.412823|114.865448|4.787143|1.000000|1.000000|1.000000
AEG040_038_1017|13|77.366623|1606.688354|10.113682|-4.732502|69.452820|7.869742|1.000000|1.000000|1.000000
AEG040_038_1018|13|48.167061|1603.983398|8.666473|-3.796895|-109.246620|-10.459686|1.000000|1.000000|1.000000
AEG040_038_1019|13|61.661362|1602.866943|76.086426|8.898918|-171.425598|-0.535542|1.000000|1.000000|1.000000
AEG040_038_1020|13|22.276937|1602.946045|33.310516|13.302396|124.501930|3.679697|1.000000|1.000000|1.000000
AEG040_038_1021|13|119.922455|1604.973633|50.946762|-11.529164|91.231995|5.445356|1.000000|1.000000|1.000000
AEG040_038_1022|13|81.031921|1632.076416|-38.308472|-6.470667|24.265903|5.038630|1.000000|1.000000|1.000000
AEG040_038_1023|13|104.870911|1641.372192|-7.706345|-15.971355|125.969170|-17.512732|1.000000|1.000000|1.000000
AEG040_038_1024|13|85.802483|1636.975342|-10.114288|-3.749101|66.027145|-9.914978|1.000000|1.000000|1.000000
AEG040_038_1026|13|111.547867|1645.502197|10.910320|11.475348|-47.471207|12.291254|1.000000|1.000000|1.000000
AEG040_038_1027|13|122.598755|1653.394775|20.903656|13.987161|-56.590431|4.753703|1.000000|1.000000|1.000000
AEG040_038_1028|13|120.476959|1648.651978|45.916210|16.227003|-44.242004|-1.122364|1.000000|1.000000|1.000000
AEG040_038_1029|13|52.100441|1604.660400|6.654343|-6.207487|162.583405|1.912371|1.000000|1.000000|1.000000
AEG040_038_1030|13|90.245377|1603.762085|102.399590|-0.480545|25.014771|-4.641114|1.000000|1.000000|1.000000
AEG040_038_1031|13|-21.064552|1370.393066|-113.948868|-6.386053|136.942017|-19.785944|1.000000|1.000000|1.000000
AEG040_038_1033|13|-22.773314|1255.064209|-42.616211|-0.000004|-168.028915|-0.000002|1.000000|1.000000|1.000000
AEG092_104_1000|13|-56.633976|1256.000000|39.169872|0.000000|20.000011|0.000000|1.000000|1.000000|1.000000
AEG099_007_9000|13|-123.927002|1322.305054|-79.010002|0.000000|113.259003|0.000000|1.000000|1.000000|1.000000
AEG099_008_9000|13|-124.821999|1322.276978|-78.665001|0.000000|-66.740997|0.000000|1.000000|1.000000|1.000000
AEG099_053_9000|13|102.772003|1604.051025|114.692001|0.000000|0.000000|0.000000|1.000000|1.000000|1.000000
AEG099_090_9000|13|70.709000|1609.693970|-10.320000|0.000000|-82.379997|0.000000|1.000000|1.000000|1.000000
AEG099_090_9001|13|85.730003|1603.364990|93.535004|0.000000|75.139999|0.000000|1.000000|1.000000|1.000000
AEG099_120_9000|13|57.702999|1603.120972|84.528999|0.000000|79.309998|0.000000|1.000000|1.000000|1.000000
AEG099_166_9000|13|114.612000|1647.857056|95.476997|0.000000|-98.870003|0.000000|1.000000|1.000000|1.000000
AEG099_232_9000|13|-55.567001|1254.786987|43.029999|0.000000|-169.447006|0.000000|1.000000|1.000000|1.000000
AEG099_251_9000|13|-113.536003|1326.890015|-86.266998|0.000000|-110.204002|0.000000|1.000000|1.000000|1.000000
AEG099_251_9001|13|-101.133003|1338.822998|-81.792000|0.000000|69.996002|0.000000|1.000000|1.000000|1.000000
AEG099_251_9002|13|-110.859001|1348.217041|-85.267998|0.000000|-110.204002|0.000000|1.000000|1.000000|1.000000
AEG099_272_9000|13|-56.666000|1255.936035|40.355999|0.000000|-169.647995|0.000000|1.000000|1.000000|1.000000
AEG099_390_9000|13|-5.234000|1378.816040|-74.853996|0.000000|149.343994|0.000000|1.000000|1.000000|1.000000
AEG099_390_9001|13|-5.972000|1378.245972|-75.584999|0.000000|149.343994|0.000000|1.000000|1.000000|1.000000
AEG099_390_9002|13|-9.896000|1381.244995|-58.040001|0.000000|149.343994|0.000000|1.000000|1.000000|1.000000
AEG099_390_9003|13|-18.278000|1373.036987|-97.420998|0.000000|149.343994|0.000000|1.000000|1.000000|1.000000
AEG099_390_9004|13|-8.930000|1381.453979|-57.747002|0.000000|149.343994|0.000000|1.000000|1.000000|1.000000
AEG099_390_9005|13|-21.091999|1371.904053|-106.917000|0.000000|149.343994|0.000000|1.000000|1.000000|1.000000
AEG099_390_9006|13|-7.234000|1381.277954|-58.209999|0.000000|149.343994|0.000000|1.000000|1.000000|1.000000
AEG099_390_9007|13|-123.526001|1322.310059|-79.791000|0.000000|149.343994|0.000000|1.000000|1.000000|1.000000
AEG099_390_9008|13|-125.913002|1322.006958|-79.880997|0.000000|149.343994|0.000000|1.000000|1.000000|1.000000
AEG099_510_9000|13|-10.650000|1378.718994|-64.065002|0.000000|6.170000|0.000000|1.000000|1.000000|1.000000
AEG099_600_9000|13|12.236000|1265.336060|30.686001|0.000000|-15.546000|0.000000|1.000000|1.000000|1.000000
AEG099_600_9002|13|34.924999|1603.868042|81.260002|0.000000|-91.086998|0.000000|1.000000|1.000000|1.000000
AEG099_620_9000|13|-125.820999|1377.629028|95.278999|0.000000|172.843002|0.000000|1.000000|1.000000|1.000000
AEG099_635_9000|13|-111.331001|1252.987061|4.164000|20.000000|30.372000|-30.000000|1.000000|1.000000|1.000000
AEG099_641_9000|13|61.335999|1606.223022|50.889000|-18.414000|-158.192001|-2.498000|1.000000|1.000000|1.000000
AEG099_641_9001|13|63.229000|1607.057983|43.466000|13.051000|101.578003|-17.919001|1.000000|1.000000|1.000000
AEG099_641_9002|13|72.067001|1602.258057|51.359001|-9.148000|-93.332001|-6.594000|1.000000|1.000000|1.000000
AEG099_656_9000|13|109.941002|1644.718018|11.128000|0.000000|-71.250000|0.000000|1.000000|1.000000|1.000000
AEG099_656_9001|13|-6.433000|1377.437012|-76.135002|0.000000|155.787003|0.000000|1.000000|1.000000|1.000000
AEG099_656_9002|13|-88.003998|1263.427002|-52.964001|0.000000|-87.679001|0.000000|1.000000|1.000000|1.000000
AEG099_656_9003|13|-46.035999|1391.317993|71.807999|0.000000|77.240997|0.000000|1.000000|1.000000|1.000000
AEG099_682_9000|13|114.139000|1602.827026|95.988998|6.430000|52.928001|-4.884000|1.000000|1.000000|1.000000
AEG099_682_9001|13|111.977997|1603.209961|97.591003|0.000000|-56.105999|0.000000|1.000000|1.000000|1.000000
AEG099_682_9002|13|104.399002|1603.548950|91.526001|0.000000|-88.871002|0.000000|1.000000|1.000000|1.000000
AEG099_682_9003|13|79.172997|1603.406006|98.848999|0.000000|146.311996|0.000000|1.000000|1.000000|1.000000
AEG099_682_9004|13|69.233002|1602.560059|75.428001|0.000000|81.032997|0.000000|1.000000|1.000000|1.000000
AEG099_682_9005|13|115.119003|1604.743042|47.554001|8.040000|-90.190002|-15.871000|1.000000|1.000000|1.000000
AEG099_682_9006|13|104.184998|1605.280029|40.995998|18.823000|-62.393002|-13.851000|1.000000|1.000000|1.000000
AEG099_682_9007|13|94.928001|1606.183960|27.920000|12.083000|-49.456001|6.266000|1.000000|1.000000|1.000000
AEG099_682_9008|13|93.208000|1605.655029|28.077000|0.000000|-167.479004|0.000000|1.000000|1.000000|1.000000
AEG099_682_9009|13|74.138000|1603.707031|25.680000|7.844000|-49.505001|-5.073000|1.000000|1.000000|1.000000
AEG099_682_9010|13|73.775002|1605.600952|11.886000|18.118999|-94.974998|-10.490000|1.000000|1.000000|1.000000
AEG099_682_9011|13|100.915001|1642.140991|7.784000|17.413000|-93.389000|3.784000|1.000000|1.000000|1.000000
AEG099_682_9012|13|82.098999|1632.124023|-33.249001|0.000000|-2.609000|0.000000|1.000000|1.000000|1.000000
AEG099_682_9014|13|109.750999|1635.687012|-38.554001|9.083000|-84.748001|7.740000|1.000000|1.000000|1.000000
AEG099_682_9015|13|121.896004|1632.651978|-76.337997|0.000000|-96.900002|0.000000|1.000000|1.000000|1.000000
AEG099_682_9016|13|89.822998|1647.645020|126.651001|0.000000|136.108994|0.000000|1.000000|1.000000|1.000000
AEG099_682_9017|13|39.611000|1635.227051|124.226997|0.000000|-32.214001|0.000000|1.000000|1.000000|1.000000
AEG099_682_9018|13|10.047000|1609.609009|102.028000|3.487000|111.711998|-10.198000|1.000000|1.000000|1.000000
AEG099_682_9019|13|21.620001|1604.665039|66.116997|10.042000|66.605003|-12.216000|1.000000|1.000000|1.000000
AEG099_682_9020|13|19.445000|1604.532959|63.512001|10.781000|156.483002|5.951000|1.000000|1.000000|1.000000
AEG099_682_9021|13|27.552000|1605.765991|91.075996|12.777000|117.879997|3.547000|1.000000|1.000000|1.000000
AEG099_696_9000|13|-44.883999|1393.118042|56.300999|0.000000|-14.636000|0.000000|1.000000|1.000000|1.000000
AEG099_722_9000|13|96.522003|1634.334961|-52.743999|-1.004000|-111.261002|-2.583000|1.000000|1.000000|1.000000
AEG099_722_9001|13|100.161003|1634.802979|-51.365002|0.000000|4.210000|0.000000|1.000000|1.000000|1.000000
AEG099_722_9002|13|116.144997|1634.702026|-53.443001|0.000000|-68.292000|0.000000|1.000000|1.000000|1.000000
AEG099_722_9003|13|96.163002|1634.574951|-34.117001|-2.206000|2.972000|0.068000|1.000000|1.000000|1.000000
AEG099_722_9004|13|125.154999|1656.406982|-9.122000|2.332000|-4.274000|13.473000|1.000000|1.000000|1.000000
AEG099_722_9005|13|115.667000|1604.642944|118.894997|7.695000|113.001999|-3.578000|1.000000|1.000000|1.000000
AEG099_722_9006|13|80.760002|1602.784058|84.254997|-0.691000|70.940002|-5.615000|1.000000|1.000000|1.000000
AEG099_722_9007|13|45.050999|1603.364990|101.862999|11.310000|162.195999|8.211000|1.000000|1.000000|1.000000
AEG099_722_9008|13|9.631000|1609.150024|83.945999|3.763000|127.792000|3.857000|1.000000|1.000000|1.000000
AEG099_722_9009|13|44.756001|1602.652954|68.586998|0.000000|119.999001|0.000000|1.000000|1.000000|1.000000
AEG099_722_9010|13|91.569000|1604.093018|37.154999|11.880000|-21.087000|6.076000|1.000000|1.000000|1.000000
AEG099_722_9011|13|54.862000|1603.062012|17.542999|0.930000|32.273998|3.941000|1.000000|1.000000|1.000000
AEG099_722_9012|13|18.289000|1627.939941|123.199997|0.000000|-49.136002|12.030000|1.000000|1.000000|1.000000
AEG099_751_9000|13|-114.704002|1379.159058|91.042999|0.000000|-22.334999|0.000000|1.000000|1.000000|1.000000
AEG099_800_9000|13|109.689003|1636.010986|-41.681999|0.000000|-140.326996|0.000000|1.000000|1.000000|1.000000
AEG099_800_9001|13|39.536999|1264.725952|1.569000|0.000000|59.101002|0.000000|1.000000|1.000000|1.000000
AEG099_800_9002|13|-73.028000|1330.411987|-82.848999|0.000000|29.163000|0.000000|1.000000|1.000000|1.000000
AEG099_802_9000|13|-25.731001|1259.566040|-47.486000|0.000000|-124.541000|0.000000|1.000000|1.000000|1.000000
AEG099_802_9001|13|-36.813000|1257.494019|-46.418999|0.000000|-124.541000|0.000000|1.000000|1.000000|1.000000
AEG099_802_9002|13|-37.834999|1258.572998|-48.816002|0.000000|27.253000|0.000000|1.000000|1.000000|1.000000
AEG099_802_9003|13|-38.893002|1257.625977|-44.022999|0.000000|172.729004|0.000000|1.000000|1.000000|1.000000
AEG099_802_9004|13|-39.501999|1260.750977|-58.612000|0.000000|-83.542000|0.000000|1.000000|1.000000|1.000000
AEG099_802_9005|13|-39.755001|1258.640015|-54.164001|0.000000|170.996002|0.000000|1.000000|1.000000|1.000000
AEG099_990_9001|13|115.413002|1647.978027|96.320999|0.000000|-115.442001|0.000000|1.000000|1.000000|1.000000
AEG099_990_9002|13|-107.135002|1349.578979|-84.099998|0.000000|-108.560997|0.000000|1.000000|1.000000|1.000000
AEG110_101_2001|13|-106.000015|1321.000000|-83.500061|0.000000|70.000015|0.000000|1.000000|1.000000|1.000000
AEG110_111_2001|13|-106.000015|1348.500000|-83.500061|0.000000|-110.002403|0.000000|1.000000|1.000000|1.000000
AEG110_114_2000|13|-106.000015|1321.000000|-83.500061|0.000000|70.000015|0.000000|1.000000|1.000000|1.000000
AEG110_115_2000|13|-106.000015|1321.000000|-83.500061|0.000000|115.000015|0.000000|1.000000|1.000000|1.000000
AEG110_115_2001|13|-106.000015|1321.000000|-83.500061|0.000000|25.000011|0.000000|1.000000|1.000000|1.000000
AEG110_118_2000|13|-106.000015|1337.000000|-83.500061|0.000000|-109.999985|0.000000|1.000000|1.000000|1.000000
AEG110_119_2000|13|-106.000015|1321.000000|-83.500061|0.000000|70.000015|0.000000|1.000000|1.000000|1.000000
AEG110_300_2006|13|-109.887306|1349.049561|-81.765572|0.089995|-67.502991|-0.050538|1.000000|0.999999|0.999999
AEG110_301_2008|13|-108.739258|1339.812744|-86.271820|0.000000|51.927692|0.000000|1.000000|1.000000|1.000000
AEG110_305_2018|13|-104.905388|1339.802246|-86.506981|-0.000000|159.997055|-0.000000|1.000000|1.000000|1.000000
AEG110_305_2019|13|-107.094635|1339.802002|-80.493134|-0.000000|-20.002966|0.000000|1.000000|1.000000|1.000000
AEG110_305_2020|13|-104.665924|1348.500000|-87.164787|-0.000000|159.997055|-0.000000|1.000000|1.000000|1.000000
AEG110_305_2021|13|-107.334061|1348.500000|-79.835327|-0.000000|-20.002966|0.000000|1.000000|1.000000|1.000000
AEG110_306_2020|13|-109.698059|1339.812744|-82.238190|0.000000|-152.875122|-0.000000|1.000000|1.000000|1.000000
AEG110_306_2021|13|-109.636574|1349.050049|-82.089455|-0.000000|-125.159027|-0.000050|1.000000|1.000000|1.000000
AEG110_306_2022|13|-106.104050|1339.812500|-79.584259|-0.000000|89.124977|-0.000000|1.000000|1.000000|1.000000
AEG110_306_2024|13|-103.718895|1349.050049|-86.862068|0.000000|-111.014565|-0.000002|1.000000|1.000000|1.000000
AEG110_306_2025|13|-105.652206|1326.830322|-76.632736|0.106470|-100.072029|1.800247|1.000001|0.999999|1.000000
AEG110_306_2026|13|-107.445396|1326.819580|-90.047729|1.244105|-10.040599|-0.753485|1.000000|1.000000|1.000000
AEG110_307_2014|13|-103.590790|1339.812500|-86.542999|-0.000000|-112.387001|0.000000|1.000001|1.000000|1.000000
AEG110_307_2015|13|-103.924820|1339.812744|-79.550667|0.000000|-59.386925|-0.000000|1.000000|1.000000|1.000000
AEG110_307_2016|13|-105.156128|1349.050781|-87.857071|0.072099|113.031471|0.066745|1.000000|1.000001|1.000000
AEG110_307_2017|13|-106.599731|1349.049561|-78.829971|0.070788|-45.047558|-0.060961|1.000000|1.000000|1.000000
AEG110_307_2018|13|-108.192917|1326.836914|-76.566422|-2.421464|34.944656|-0.490435|1.000000|1.000000|1.000000
AEG110_308_2009|13|-102.351677|1339.812744|-84.365364|0.000000|103.858521|0.000000|1.000000|1.000000|1.000000
AEG110_308_2010|13|-103.803314|1349.050049|-86.660835|-0.000000|115.010376|-0.000000|1.000000|1.000000|1.000000
AEG110_308_2011|13|-108.012871|1339.812744|-87.087929|0.000000|19.858459|0.000000|1.000000|1.000000|1.000000
AEG110_308_2012|13|-108.745171|1326.847900|-89.717575|1.058789|70.008766|1.002344|1.000000|1.000000|1.000000
AEG110_309_2019|13|-104.840324|1339.812744|-79.426582|-0.000005|-91.413368|0.000000|1.000000|1.000000|1.000000
AEG110_309_2021|13|-104.725433|1339.812744|-86.829170|-0.000005|-25.413298|0.000000|1.000000|1.000000|1.000000
AEG110_309_2022|13|-109.893570|1339.812744|-81.695831|-0.000005|133.586624|0.000000|1.000000|1.000000|1.000000
AEG110_309_2023|13|-109.558746|1326.855225|-89.324852|1.752708|-3.500772|-1.154805|1.000000|1.000001|1.000000
AEG110_309_2024|13|-109.940887|1326.827148|-77.630417|-0.839066|0.002459|-1.132921|1.000000|1.000000|1.000000
AEG110_311_2005|13|-109.220535|1339.812744|-80.853195|0.000000|34.623566|0.000000|1.000000|1.000000|1.000000
AEG110_311_2007|13|-109.156311|1326.868408|-89.908737|0.000546|-15.000296|-0.000191|1.000000|1.000000|1.000000
AEG110_312_2007|13|-102.112175|1349.050049|-85.623795|-0.000000|-160.009521|-0.000000|1.000000|1.000000|1.000000
AEG110_313_2005|13|-101.581078|1339.797607|-84.747490|-0.004514|150.238663|0.000082|1.000000|1.000000|1.000000
AEG110_313_2006|13|-108.718277|1349.050049|-80.549751|0.000027|-28.154722|-0.000001|1.000000|1.000000|1.000000
AEG110_314_2001|13|-99.202682|1327.103271|-86.669662|-0.000000|114.999992|-0.000000|1.000000|1.000000|1.000000
AEG110_314_2002|13|-102.830376|1327.103271|-76.702751|-0.000000|24.999842|0.000000|1.000000|1.000000|1.000000
AEG110_316_2007|13|-109.677887|1326.828857|-77.019943|10.090047|-20.002413|0.081607|1.000000|0.999999|1.000001
AEG110_318_2003|13|-106.000015|1356.674561|-83.500069|0.000000|-0.003005|0.000000|1.000000|1.000000|1.000000
AEG110_360_2000|13|-104.159111|1349.306152|-83.191414|0.000000|53.500031|0.000000|1.000000|1.000000|1.000000
AEG110_361_2000|13|-104.337807|1348.594604|-82.241547|0.000000|75.840469|0.000000|1.000000|1.000000|1.000000
AEG110_361_2001|13|-103.157234|1349.024536|-83.270966|0.000000|32.482101|0.000000|1.000000|1.000000|1.000000
AEG110_361_2002|13|-105.319839|1348.594604|-83.141197|0.000000|31.577454|0.000000|1.000000|1.000000|1.000000
AEG110_362_2000|13|-104.466309|1349.055054|-80.302277|0.000000|-170.922592|0.000000|1.000000|1.000000|1.000000
AEG110_362_2001|13|-105.655418|1349.930420|-82.633797|-18.560173|179.031998|-29.142870|1.000000|1.000000|1.000000
AEG110_362_2002|13|-104.225342|1349.055054|-85.985069|0.000000|-93.877121|0.000000|1.000000|1.000000|1.000000
AEG110_362_2003|13|-105.133629|1349.055054|-85.252357|0.000000|135.356262|0.000000|1.000000|1.000000|1.000000
AEG110_362_2004|13|-101.609970|1349.055054|-81.800507|0.000000|-93.877121|0.000000|1.000000|1.000000|1.000000
AEG110_362_2005|13|-105.712852|1349.055054|-84.751740|0.000000|-160.269501|0.000000|1.000000|1.000000|1.000000
AEG110_363_2000|13|-106.574181|1349.055054|-83.699257|0.000000|-18.004255|0.000000|1.000000|1.000000|1.000000
AEG110_363_2001|13|-104.312340|1349.497192|-84.708748|15.820988|-165.407425|2.455507|1.000000|1.000000|1.000000
AEG110_363_2002|13|-102.997055|1349.055054|-84.703300|0.000000|-115.004539|0.000000|1.000000|1.000000|1.000000
AEG110_363_2003|13|-103.478302|1349.055054|-81.051193|0.000000|-135.489487|0.000000|1.000000|1.000000|1.000000
AEG110_363_2004|13|-105.642509|1349.055054|-81.177872|0.000000|-159.620422|0.000000|1.000000|1.000000|1.000000
AEG110_363_2005|13|-101.780045|1349.055054|-82.871590|0.000000|104.282997|0.000000|1.000000|1.000000|1.000000
AEG110_364_2000|13|-105.979340|1349.807495|-83.361725|-1.171538|75.579849|-29.856564|1.000000|1.000000|1.000000
AEG110_364_2001|13|-103.541100|1349.685913|-81.678017|-14.658085|-151.972641|12.906435|1.000000|1.000000|1.000000
AEG110_364_2002|13|-106.720367|1349.109497|-82.608788|-8.675076|-29.548655|-3.833389|1.000000|1.000000|1.000000
AEG110_364_2003|13|-102.372894|1349.349121|-84.593102|-9.977572|7.819708|-9.879654|1.000000|1.000000|1.000000
AEG110_365_2000|13|-104.159111|1349.306152|-83.191414|0.000000|58.500031|0.000000|1.000000|1.000000|1.000000
AEG110_366_2000|13|-104.737053|1349.078491|-86.522346|0.000000|154.647949|-0.000000|1.000000|1.000000|1.000000
AEG110_366_2001|13|-106.620819|1349.078491|-85.008049|-0.000000|54.077431|0.000000|1.000000|1.000000|1.000000
AEG110_366_2002|13|-104.491226|1349.078491|-86.151085|-0.000000|144.077438|-0.000000|1.000000|1.000000|1.000000
AEG110_366_2003|13|-107.414680|1349.078491|-81.806862|-0.000000|54.077431|0.000000|1.000000|1.000000|1.000000
AEG110_366_2004|13|-107.122391|1349.078491|-80.356857|-0.000000|-35.922569|0.000000|1.000000|1.000000|1.000000
AEG110_400_2000|13|-106.000008|1321.000000|-83.500069|0.000000|70.000015|0.000000|1.000000|1.000000|1.000000
AEG110_402_2000|13|-114.724503|1320.911377|-87.046028|0.000000|70.000015|0.000000|1.000000|1.000000|1.000000
AEG110_405_2000|13|-106.000008|1321.000000|-83.500069|0.000000|114.999977|0.000000|1.000000|1.000000|1.000000
AEG110_405_2001|13|-106.000008|1321.000000|-83.500069|0.000000|24.999994|0.000000|1.000000|1.000000|1.000000
AEG110_406_2000|13|-106.000008|1337.000000|-83.500069|0.000000|-110.000000|0.000000|1.000000|1.000000|1.000000
AEG201_102_1000|13|37.953110|1603.808838|80.893463|-0.000003|179.999969|0.000000|1.000000|1.000000|1.000000
AEG700_190_1005|13|42.836525|1602.843506|73.892944|2.968537|170.186798|0.708045|1.000000|1.000000|1.000000
AEG700_190_1006|13|48.585045|1603.029663|77.670296|-0.151665|79.209679|-2.284756|1.000000|1.000000|1.000000
AEG700_190_1007|13|47.422428|1603.082764|85.668953|0.470272|79.949318|-0.440540|1.000000|1.000000|1.000000
AEG700_191_1001|13|34.496643|1603.291626|72.547844|5.509313|172.293747|5.783941|1.000000|1.000000|1.000000
AEG700_193_1004|13|38.697144|1602.993286|73.158318|3.894848|172.334549|3.447989|1.000000|1.000000|1.000000
AEG700_193_1005|13|46.870529|1602.859985|74.964241|3.768597|164.736328|-0.373335|1.000000|1.000000|1.000000
