m374100_0000|0|0.000000|0.000000|0.000000|0.000000|0.000000|0.000000|1.000000|1.000000|1.000000
m374103_0000|0|0.000000|0.000000|0.000000|0.000000|0.000000|0.000000|1.000000|1.000000|1.000000
c4000_9000|2|103.771004|244.195007|38.080002|-7.364000|-81.843002|0.000000|1.000000|1.000000|1.000000
c4000_9001|2|32.765999|237.567001|72.640999|0.000000|124.563004|0.000000|1.000000|1.000000|1.000000
c4000_9002|2|112.396004|237.378998|22.194000|0.000000|-175.276993|0.000000|1.000000|1.000000|1.000000
c4000_9003|2|77.071999|237.419998|34.891998|0.000000|80.663002|0.000000|1.000000|1.000000|1.000000
c4000_9004|2|73.940002|237.464996|31.759001|-0.611000|-144.591995|0.000000|1.000000|1.000000|1.000000
c4100_9000|2|-58.997002|237.718002|102.736000|0.000000|174.143005|0.000000|1.000000|1.000000|1.000000
c4100_9001|2|-61.422001|237.559998|119.621002|0.000000|43.540001|0.000000|1.000000|1.000000|1.000000
c4100_9002|2|-62.604000|237.751999|106.630997|0.000000|-86.612999|0.444000|1.000000|1.000000|1.000000
c4300_9000|2|-67.771004|264.704987|6.535000|0.000000|-54.705002|0.000000|1.000000|1.000000|1.000000
c4321_9000|2|32.549000|278.364014|-34.901001|0.000000|122.528000|0.000000|1.000000|1.000000|1.000000
c4321_9001|2|25.855000|277.115997|-22.589001|0.000000|30.816000|0.000000|1.000000|1.000000|1.000000
c4321_9002|2|32.727001|276.855011|-19.370001|0.000000|35.784000|0.000000|1.000000|1.000000|1.000000
c4321_9003|2|14.089000|278.588013|-37.549000|0.000000|-171.300995|0.000000|1.000000|1.000000|1.000000
c4321_9004|2|69.338997|276.967987|-29.090000|0.000000|121.110001|0.000000|1.000000|1.000000|1.000000
c4321_9005|2|54.773998|276.509003|-17.299999|0.000000|-7.040000|0.000000|1.000000|1.000000|1.000000
c4321_9006|2|56.733002|278.199005|-34.139000|0.000000|168.460999|0.000000|1.000000|1.000000|1.000000
c4321_9007|2|-65.405998|266.640991|-1.969000|0.000000|-138.283997|0.000000|1.000000|1.000000|1.000000
c4321_9008|2|-59.327000|264.214996|11.249000|0.000000|-4.281000|0.000000|1.000000|1.000000|1.000000
c4440_9000|2|91.754997|237.492004|18.077000|1.237000|93.759003|1.038000|1.000000|1.000000|1.000000
c4440_9001|2|93.029999|237.444000|19.162001|-1.590000|-136.255005|0.280000|1.000000|1.000000|1.000000
c4440_9002|2|95.253998|237.431000|15.596000|0.480000|151.343002|0.648000|1.000000|1.000000|1.000000
c4440_9003|2|97.167999|237.391006|20.615999|0.487000|98.648003|0.000000|1.000000|1.000000|1.000000
c4440_9004|2|94.040001|237.406006|23.735001|0.000000|7.878000|-0.375000|1.000000|1.000000|1.000000
c4440_9005|2|95.896004|237.414993|17.896999|-0.000000|151.619003|0.864000|1.000000|1.000000|1.000000
c4440_9006|2|87.095001|237.449005|27.921000|0.000000|-15.225000|-0.265000|1.000000|1.000000|1.000000
c4440_9007|2|99.352997|237.399002|29.761000|0.000000|-93.555000|0.000000|1.000000|1.000000|1.000000
c6001_9000|2|-64.215286|275.596466|-29.172325|0.000000|18.886000|0.000000|1.000000|1.000000|1.000000
c6001_9001|2|-62.328999|275.817993|-30.419001|0.000000|-22.743999|0.000000|1.000000|1.000000|1.000000
c6001_9002|2|-63.922287|275.652069|-31.229324|0.000000|3.237000|0.000000|1.000000|1.000000|1.000000
h374100|5|0.000000|0.000000|0.000000|0.000000|0.000000|0.000000|1.000000|1.000000|1.000000
h374101|5|0.000000|0.000000|0.000000|0.000000|0.000000|0.000000|1.000000|1.000000|1.000000
h374150|5|0.000000|0.000000|0.000000|0.000000|0.000000|0.000000|1.000000|1.000000|1.000000
h374151|5|0.000000|0.000000|0.000000|0.000000|0.000000|0.000000|1.000000|1.000000|1.000000
h374152|5|0.000000|0.000000|0.000000|0.000000|0.000000|0.000000|1.000000|1.000000|1.000000
h374153|5|0.000000|0.000000|0.000000|0.000000|0.000000|0.000000|1.000000|1.000000|1.000000
AEG099_620_9000|9|-60.118999|265.295013|6.224000|-3.200000|-128.209000|-12.000000|1.000000|1.000000|1.000000
AEG099_812_9000|9|114.600998|237.981003|9.179000|-59.352001|36.632000|59.118999|1.000000|1.000000|1.000000
AEG099_812_9001|9|-103.321999|238.274002|73.695999|-11.655000|-33.799000|3.700000|1.000000|1.000000|1.000000
AEG099_812_9002|9|-104.625000|238.251007|77.750999|-67.568001|-45.233002|38.222000|1.000000|1.000000|1.000000
AEG099_812_9003|9|8.087000|238.011002|117.199997|24.542999|152.615997|34.082001|1.000000|1.000000|1.000000
h374101_0000|11|0.000000|0.000000|0.000000|0.000000|0.000000|0.000000|1.000000|1.000000|1.000000
AEG001_290_7032|13|25.190584|276.212067|-12.431590|4.350093|-54.915619|-3.632823|1.100000|1.100000|1.100000
AEG001_290_7041|13|45.939663|278.096375|-32.449963|-2.988754|120.172508|5.543764|1.100000|1.100000|1.100000
AEG001_290_7049|13|-1.067179|272.512665|-0.106659|7.242051|-82.904793|-8.689473|1.100000|1.100000|1.100000
AEG001_290_7052|13|1.889580|269.833740|17.683729|3.313762|34.422787|9.863750|0.900000|0.900000|0.900000
AEG001_290_7059|13|-13.365631|270.856415|1.999806|-7.726033|176.306274|-5.979422|0.900000|0.900000|0.900000
AEG001_290_7073|13|32.619831|280.678009|-50.316841|-5.430888|-115.735825|-10.004144|0.900000|0.900000|0.900000
AEG001_290_7074|13|30.645985|279.690186|-44.549686|10.496881|-1.360400|-1.354645|0.900000|0.900000|0.900000
AEG001_290_7078|13|18.389816|276.687683|-18.453505|-5.094222|-149.956482|-3.663585|0.900000|0.900000|0.900000
AEG001_290_7091|13|3.340569|270.288483|15.426725|10.551194|-66.857178|-0.958245|1.100000|1.100000|1.100000
AEG001_290_7095|13|91.149094|274.109131|-14.451682|-9.381922|-103.160767|0.568108|0.900000|0.900000|0.900000
AEG001_290_7098|13|44.191982|276.764923|-17.007669|-0.508311|-85.580467|-3.537255|0.900000|0.900000|0.900000
AEG001_290_7099|13|28.264658|276.908234|-20.368971|3.710241|33.690720|2.127741|1.100000|1.100000|1.100000
AEG001_290_7101|13|19.848501|277.034790|-21.563984|5.223729|-34.560555|-2.866587|1.100000|1.100000|1.100000
AEG001_290_7104|13|85.417007|274.707886|-12.475919|2.595253|111.656303|2.925452|0.900000|0.900000|0.900000
AEG001_290_7127|13|-107.565536|258.610168|21.917551|2.494140|-99.306580|-14.129786|1.100000|1.100000|1.100000
AEG001_290_7128|13|-45.350044|264.548553|14.604625|5.710255|-99.294197|-14.648323|1.100000|1.100000|1.100000
AEG001_290_7130|13|-77.979538|239.301910|43.694450|9.596825|36.113655|6.687494|1.100000|1.100000|1.100000
AEG001_290_7131|13|18.628826|277.733185|-28.987722|0.827601|-79.958092|-5.120195|1.100000|1.100000|1.100000
AEG001_290_7141|13|32.571068|238.345657|14.964987|7.755162|38.531727|0.546579|1.100000|1.100000|1.100000
AEG001_290_7146|13|1.184525|241.039093|25.759605|17.636179|39.579594|1.516248|1.100000|1.100000|1.100000
AEG001_290_7147|13|-8.472425|238.834335|45.052338|12.948697|38.881489|0.502401|1.100000|1.100000|1.100000
AEG001_290_7149|13|-107.775017|262.895874|4.018663|7.817916|-70.908501|-11.478115|1.100000|1.100000|1.100000
AEG001_290_7150|13|-125.918304|254.589996|31.514933|9.086227|-71.490570|-12.686962|0.900000|0.900000|0.900000
AEG001_290_7152|13|-116.895287|267.486603|-18.422480|-8.052752|-145.442276|-10.391713|1.100000|1.100000|1.100000
AEG001_290_7154|13|-97.718346|272.754089|-37.904903|2.912475|-54.353737|-4.565520|1.100000|1.100000|1.100000
AEG001_290_7155|13|-105.004150|263.531036|2.092894|7.090036|-73.991409|-11.782055|1.100000|1.100000|1.100000
AEG001_290_7156|13|-44.093441|269.213776|-8.592254|6.318526|-73.742943|-7.704854|1.100000|1.100000|1.100000
AEG001_290_7159|13|-53.700932|269.318848|-12.648439|-9.692338|131.235168|6.062558|1.100000|1.100000|1.100000
AEG001_290_7162|13|82.693733|274.768951|-9.088551|-2.627183|-103.182022|-1.201169|1.100000|1.100000|1.100000
AEG001_290_7173|13|61.124870|277.498169|-29.643559|-6.903856|-148.593170|-1.576609|0.900000|0.900000|0.900000
AEG001_290_7176|13|-70.562904|239.053558|44.704338|-9.773364|-145.732300|-7.165363|1.100000|1.100000|1.100000
AEG001_290_7177|13|-84.126709|261.948151|14.977104|-4.192398|-123.617317|-12.728861|0.900000|0.900000|0.900000
AEG001_290_7178|13|-86.143768|267.450562|-10.769943|6.173590|-72.363663|-10.689534|1.100000|1.100000|1.100000
AEG001_290_7179|13|-23.455130|240.751160|46.161949|0.960708|-74.002930|-16.769699|0.900000|0.900000|0.900000
AEG001_290_7180|13|69.531441|237.892075|15.307199|0.377764|-93.298218|-5.411968|1.100000|1.100000|1.100000
AEG001_290_7181|13|-120.629265|239.906494|60.781368|-2.343500|-72.444458|-9.890810|1.100000|1.100000|1.100000
AEG001_290_7183|13|-124.432297|272.763794|-46.195534|7.428213|-74.307785|-9.102385|1.100000|1.100000|1.100000
AEG001_290_7184|13|-81.888908|262.478851|13.255288|6.394231|-75.519310|-11.592825|1.100000|1.100000|1.100000
AEG001_290_7185|13|-112.495033|272.843201|-42.002716|11.134711|-44.495201|-5.195692|0.900000|0.900000|0.900000
AEG001_290_7186|13|19.676468|239.161911|17.611656|37.430862|-37.122456|16.857813|0.900000|0.900000|0.900000
AEG001_290_7187|13|29.398172|237.790527|24.537691|-0.025318|-58.434578|-3.002392|1.100000|1.100000|1.100000
AEG001_290_7191|13|111.060547|273.560364|-48.375683|-8.902431|-79.702316|-9.769954|1.100000|1.100000|1.100000
AEG001_290_7193|13|126.273926|270.733276|-52.257839|-10.979433|-76.824928|-8.850380|0.900000|0.900000|0.900000
AEG001_290_7194|13|34.852268|276.961121|-20.590515|-2.916393|-146.642883|-2.737024|0.900000|0.900000|0.900000
AEG001_290_7197|13|-116.641022|239.703186|59.726723|5.470490|-29.395052|-9.274782|1.100000|1.100000|1.100000
AEG001_290_7199|13|-86.989655|237.852676|57.957756|1.714378|55.038780|2.397151|1.100000|1.100000|1.100000
AEG001_290_7200|13|-46.087784|239.556885|48.483383|3.485912|-71.631042|-12.563748|1.100000|1.100000|1.100000
AEG001_290_7202|13|-68.520889|266.135590|-0.180530|6.069718|-73.081505|-9.937846|1.100000|1.100000|1.100000
AEG001_290_7203|13|-74.623466|258.036926|35.342102|6.216073|-27.843496|-1.324038|0.900000|0.900000|0.900000
AEG001_290_7208|13|-112.955391|274.915314|-52.362190|3.970089|50.646984|11.648095|1.100000|1.100000|1.100000
AEG001_290_7209|13|49.712307|276.276306|-11.366663|-4.219332|-111.201286|-4.978834|1.100000|1.100000|1.100000
AEG001_290_7212|13|-61.574547|238.813965|47.139805|4.043308|60.064724|11.108758|1.100000|1.100000|1.100000
AEG001_290_7227|13|-88.740578|269.973724|-23.050184|-8.901272|-147.046127|-8.279488|1.100000|1.100000|1.100000
AEG001_290_7232|13|-27.202711|240.835953|46.110432|14.692398|-25.397562|-6.310495|0.900000|0.900000|0.900000
AEG001_290_7233|13|38.067757|277.112366|-22.186234|3.141258|-39.548180|-1.804291|1.100000|1.100000|1.100000
AEG001_290_7234|13|-109.323685|269.083893|-22.824360|13.949102|-2.192016|3.173907|1.100000|1.100000|1.100000
AEG001_290_7236|13|59.615032|237.713699|15.413946|0.332630|-72.947365|-1.874289|0.900000|0.900000|0.900000
AEG001_290_7247|13|-113.116257|241.335602|46.326492|-9.919806|-173.048065|12.218003|0.900000|0.900000|0.900000
AEG001_290_7249|13|13.194643|237.957657|34.254398|4.271927|-15.249066|-6.476765|0.900000|0.900000|0.900000
AEG001_290_7250|13|-99.069717|270.225403|-25.701014|-12.646204|-174.753525|-2.762706|1.100000|1.100000|1.100000
AEG001_290_7251|13|26.072603|238.599579|17.281906|8.812472|30.713568|-0.489348|1.100000|1.100000|1.100000
AEG001_290_7252|13|-101.550217|237.980515|63.073116|-4.060929|-112.763443|-3.140330|1.100000|1.100000|1.100000
AEG001_290_7254|13|-98.190155|238.448669|46.854675|-1.979796|-15.811168|-5.173399|1.100000|1.100000|1.100000
AEG001_290_7255|13|-41.694042|259.774628|35.204330|9.126416|19.252810|8.450993|1.100000|1.100000|1.100000
AEG001_290_7256|13|-4.464722|241.395081|29.189030|25.628506|25.160156|-14.217863|1.100000|1.100000|1.100000
AEG001_290_7260|13|-115.732101|268.275330|-21.576921|-2.909299|-121.109650|-12.989266|0.900000|0.900000|0.900000
AEG001_290_7261|13|-84.068115|237.828064|58.428337|-2.418767|-162.936996|-0.650733|1.100000|1.100000|1.100000
AEG001_290_7262|13|10.854349|274.589813|1.509127|2.839419|-179.874863|3.880722|1.100000|1.100000|1.100000
AEG001_290_7263|13|17.905132|275.624542|-8.597589|5.121031|-50.854256|-3.441636|0.900000|0.900000|0.900000
AEG001_290_7275|13|35.097321|237.920090|17.957727|-4.150034|172.147903|2.852041|0.900000|0.900000|0.900000
AEG001_290_7287|13|95.031151|275.231232|-41.020496|3.058887|126.762901|11.050781|1.100000|1.100000|1.100000
AEG001_290_7301|13|-121.680687|266.625000|-16.015417|12.703087|-30.012442|-3.064167|0.900000|0.900000|0.900000
AEG001_290_7307|13|-5.655973|275.847687|-24.964211|3.234750|-119.741058|-12.172842|0.900000|0.900000|0.900000
AEG001_290_7311|13|5.716778|274.938446|-9.178902|-7.202610|85.458267|7.700683|0.900000|0.900000|0.900000
AEG001_290_7326|13|46.982258|277.722260|-28.968067|-5.611272|170.210846|1.438793|1.100000|1.100000|1.100000
AEG001_290_7327|13|70.075249|277.097198|-30.427570|-2.615884|-77.032463|-8.077256|1.100000|1.100000|1.100000
AEG001_290_7328|13|16.667980|278.610596|-37.747955|-3.096539|-120.024467|-5.879474|1.100000|1.100000|1.100000
AEG001_290_7329|13|71.337486|275.248962|-9.825755|-4.364154|-148.424637|-0.156882|0.900000|0.900000|0.900000
AEG001_290_7330|13|45.691277|237.776871|17.234007|1.402867|-58.455315|-2.877973|1.100000|1.100000|1.100000
AEG001_290_7331|13|21.883488|239.434341|14.264455|-7.468591|-102.846954|-7.579508|1.100000|1.100000|1.100000
AEG001_290_7332|13|73.642990|277.650513|-36.916500|-9.701700|-137.184937|-1.227100|0.900000|0.900000|0.900000
AEG001_290_7333|13|70.231834|276.114899|-21.219980|-0.827990|-63.124794|-6.005213|0.900000|0.900000|0.900000
AEG001_290_7334|13|83.921570|275.247833|-23.721548|3.488560|6.998904|-4.480035|1.100000|1.100000|1.100000
AEG001_290_7335|13|-48.788658|237.781586|93.670799|0.669714|-55.000351|1.267328|1.100000|1.100000|1.100000
AEG001_290_7336|13|-38.617142|237.787598|101.763641|-1.366856|-54.894485|-0.309721|1.100000|1.100000|1.100000
AEG001_290_7337|13|-46.227646|237.717789|105.493294|-0.482838|-144.966156|-0.411896|1.100000|1.100000|1.100000
AEG001_290_7338|13|-66.595688|237.698441|111.929787|-0.106251|-144.946396|-2.108688|1.100000|1.100000|1.100000
AEG001_290_7339|13|-55.472431|237.698929|89.895096|0.121933|-54.932384|-0.397489|1.100000|1.100000|1.100000
AEG001_290_7340|13|-65.383385|237.718933|104.441101|0.587997|-144.937012|0.177858|1.100000|1.100000|1.100000
AEG003_080_1005|13|-63.093018|264.083038|10.686602|12.183555|-38.533463|-5.816871|1.000000|1.000000|1.000000
AEG003_081_1004|13|-60.585823|264.073547|11.319341|13.569101|-20.250689|-1.592393|1.000000|1.000000|1.000000
AEG003_081_1005|13|-65.817787|263.412445|12.966818|-13.162852|159.828537|1.721126|1.000000|1.000000|1.000000
AEG003_082_1005|13|-64.946602|264.178864|9.839861|10.521278|24.375090|8.198986|1.000000|1.000000|1.000000
AEG003_083_1005|13|-71.688171|263.835968|9.777063|-6.551342|-133.146530|-11.412487|1.000000|1.000000|1.000000
AEG003_084_1005|13|-67.488228|264.024933|9.919718|13.044105|-22.648708|-2.254998|1.000000|1.000000|1.000000
AEG003_085_1008|13|-57.930969|264.078796|11.935396|-2.420955|85.579857|13.853482|1.000000|1.000000|1.000000
AEG003_085_1010|13|-73.338432|263.926605|8.987937|-13.031946|171.120850|-1.071354|1.000000|1.000000|1.000000
AEG003_085_1011|13|-62.746490|265.054871|6.534545|13.083937|-17.923838|-0.810852|1.000000|1.000000|1.000000
AEG003_086_1005|13|-74.516624|264.158051|7.670011|-12.175414|148.004425|4.005768|1.000000|1.000000|1.000000
AEG003_316_9000|13|-92.029999|235.889999|31.021999|0.000000|0.110000|0.000000|1.000000|1.000000|1.000000
AEG004_174_7041|13|9.256655|234.994934|116.594849|0.000000|-139.248581|0.000000|1.000000|1.000000|1.000000
AEG004_174_7046|13|-103.765656|236.214508|73.160339|0.000000|-97.662872|0.000000|1.000000|1.000000|1.000000
AEG004_174_7062|13|-103.872589|234.750305|78.272621|-17.007208|32.124512|10.912349|1.000000|1.000000|1.000000
AEG004_174_7068|13|-88.152328|234.426788|64.168663|8.596613|155.802521|4.388343|1.000000|1.000000|1.000000
AEG004_174_7069|13|114.411346|235.912872|10.807220|-0.636724|85.209862|-7.621001|1.000000|1.000000|1.000000
AEG004_177_7004|13|-104.362549|237.331604|71.717880|-12.388227|-4.983088|3.260870|1.000000|1.000000|1.000000
AEG004_177_7035|13|-103.646599|237.567261|74.843338|0.508741|-87.935127|-14.257572|1.000000|1.000000|1.000000
AEG004_177_7036|13|9.042237|237.357025|116.952332|0.000000|-164.599091|0.000000|1.000000|1.000000|1.000000
AEG004_177_7088|13|-86.867050|237.126770|63.524078|8.610682|155.617874|4.360475|1.000000|1.000000|1.000000
AEG004_177_7091|13|-103.727562|237.236267|78.693573|0.000000|-43.214134|0.000000|1.000000|1.000000|1.000000
AEG004_177_7106|13|-87.796791|237.268921|63.881393|12.283166|-103.191711|1.056193|1.000000|1.000000|1.000000
AEG004_177_7107|13|115.106026|237.279724|9.254852|2.075449|19.157049|-8.485787|1.000000|1.000000|1.000000
AEG004_177_7108|13|54.305733|237.447449|54.218903|0.000000|173.220490|0.000000|1.000000|1.000000|1.000000
AEG004_177_7109|13|4.451241|237.354187|86.681381|0.000000|-137.779510|0.000000|1.000000|1.000000|1.000000
AEG004_800_1000|13|-92.000000|236.000000|31.000000|0.000000|-180.000000|0.000000|1.000000|1.000000|1.000000
AEG004_904_7000|13|78.141754|237.767334|90.468338|-166.435165|-33.186089|-69.000351|1.000000|1.000000|1.000000
AEG004_904_7001|13|35.860813|237.767334|84.832100|13.564835|29.721670|-110.999649|1.000000|1.000000|1.000000
AEG004_904_7002|13|108.338905|237.767334|65.402008|13.564832|-27.778330|-110.999695|1.000000|1.000000|1.000000
AEG004_904_7003|13|-36.114925|237.767334|101.600945|-148.374603|58.151440|-64.891029|1.000000|1.000000|1.000000
AEG004_904_7004|13|9.474817|237.767334|99.609200|-166.435181|-6.278328|-69.000343|1.000000|1.000000|1.000000
AEG004_904_7005|13|-10.906645|237.767334|73.841553|13.564817|53.721687|-110.999649|1.000000|1.000000|1.000000
AEG004_904_7006|13|-105.858673|237.767334|99.356018|13.564835|29.721670|-110.999649|1.000000|1.000000|1.000000
AEG004_904_7008|13|-102.392120|237.876953|86.647003|-150.176956|82.402794|-51.074863|1.000000|1.000000|1.000000
AEG004_904_7009|13|-124.924530|237.767334|85.426788|13.564824|5.721662|-110.999680|1.000000|1.000000|1.000000
AEG004_904_7012|13|55.830860|237.363525|87.077911|0.000000|-61.999996|0.000000|1.000000|1.000000|1.000000
AEG004_904_7013|13|-34.254219|237.632492|70.260300|-6.884367|29.064371|7.716913|1.000000|1.000000|1.000000
AEG004_904_7014|13|121.376015|237.767334|109.263763|13.564836|-2.441988|-110.999702|1.000000|1.000000|1.000000
AEG004_904_7015|13|58.559299|237.767334|125.327980|13.564827|78.796989|-110.999664|1.000000|1.000000|1.000000
AEG004_904_7016|13|86.592133|237.767334|120.381020|13.564840|-26.685617|-110.999680|1.000000|1.000000|1.000000
AEG004_904_7017|13|57.697418|237.767334|75.318924|-166.435150|48.671005|-69.000343|1.000000|1.000000|1.000000
AEG004_904_7018|13|1.835413|237.767334|58.472389|-166.435181|55.190510|-69.000313|1.000000|1.000001|1.000000
AEG004_904_7019|13|-72.781914|237.767334|71.407272|13.564833|-21.626556|-110.999680|1.000000|1.000000|1.000000
AEG004_904_7055|13|41.648003|237.671707|22.017931|-3.925848|-82.412262|-1.113283|1.000000|1.000000|1.000000
AEG004_904_7056|13|7.968141|239.393600|26.763773|6.895946|91.245461|10.964376|1.000000|1.000000|1.000000
AEG004_904_7057|13|-45.970016|237.767334|122.655167|13.564832|-84.278343|-110.999680|1.000000|1.000000|1.000000
AEG004_904_7060|13|-85.668457|237.717743|61.096775|-0.730496|102.703087|2.002319|1.000000|1.000000|1.000000
AEG004_904_7061|13|117.936775|237.371902|11.590913|0.451175|-171.622101|7.425737|1.000000|1.000000|1.000000
AEG004_907_7001|13|-82.782715|237.585037|62.158192|0.000956|-39.006161|-0.000689|1.000000|1.000000|1.000000
AEG004_907_7008|13|112.365433|237.363281|91.257454|0.000000|52.430023|0.000000|1.000000|1.000000|1.000000
AEG004_907_7009|13|81.913315|237.363281|101.166527|0.000000|-127.569931|0.000000|1.000000|1.000000|1.000000
AEG004_907_7010|13|13.538773|237.363281|111.899055|0.000000|-37.569992|0.000000|1.000000|1.000000|1.000000
AEG004_907_7011|13|14.491653|237.363281|58.399658|0.000000|52.430023|0.000000|1.000000|1.000000|1.000000
AEG004_907_7012|13|-112.527206|237.363281|84.586716|0.000000|-167.646057|0.000000|1.000000|1.000000|1.000000
AEG004_907_7013|13|-77.585983|237.363281|115.394722|0.000000|142.430023|0.000000|1.000000|1.000000|1.000000
AEG004_907_7014|13|-104.005859|237.363281|82.254646|0.000000|-171.753403|0.000000|1.000000|1.000000|1.000000
AEG004_907_7022|13|-36.112484|237.363281|78.581917|0.000000|-50.276546|0.000000|1.000000|1.000000|1.000000
AEG004_939_7055|13|58.880505|237.363281|102.475143|0.000000|-170.000015|0.000000|1.000000|1.000000|1.000000
AEG004_939_7056|13|85.985687|237.363281|102.542267|0.000000|100.000015|0.000000|1.000000|1.000000|1.000000
AEG004_939_7057|13|51.877659|237.363281|120.125839|0.000000|10.000032|0.000000|1.000000|1.000000|1.000000
AEG004_939_7058|13|53.230034|237.363281|83.421745|0.000000|-79.999954|0.000000|1.000000|1.000000|1.000000
AEG004_939_7059|13|116.024734|237.363281|50.656868|0.000000|-169.999939|0.000000|1.000000|1.000000|1.000000
AEG004_939_7060|13|111.893997|237.363281|26.586056|0.000000|100.000092|0.000000|1.000000|1.000000|1.000000
AEG004_939_7061|13|109.099365|237.363281|4.571598|0.000000|2.523779|0.000000|1.000000|1.000000|1.000000
AEG004_939_7062|13|108.813141|237.363281|12.041922|0.000000|-79.999985|0.000000|1.000000|1.000000|1.000000
AEG004_939_7063|13|39.280312|237.363281|32.814743|0.000000|-170.000015|0.000000|1.000000|1.000000|1.000000
AEG004_939_7064|13|29.460133|237.363281|35.964127|0.000000|99.999947|0.000000|1.000000|1.000000|1.000000
AEG004_939_7065|13|-10.707676|237.363281|70.376175|0.000000|9.999904|0.000000|1.000000|1.000000|1.000000
AEG004_939_7066|13|-38.310966|237.363281|67.311600|0.000000|-80.000145|0.000000|1.000000|1.000000|1.000000
AEG004_939_7068|13|-120.771637|237.363281|95.163208|0.000000|99.999786|0.000000|1.000000|1.000000|1.000000
AEG004_939_7069|13|-97.198090|237.363281|116.041489|0.000000|9.999757|0.000000|1.000000|1.000000|1.000000
AEG004_939_7070|13|66.891045|237.363281|33.686481|0.000000|-118.138969|0.000000|1.000000|1.000000|1.000000
AEG004_939_7071|13|37.010330|237.363281|60.116280|0.000000|100.000092|0.000000|1.000000|1.000000|1.000000
AEG004_939_7072|13|12.443436|237.363281|112.000465|0.000000|10.000051|0.000000|1.000000|1.000000|1.000000
AEG004_939_7073|13|-8.376389|237.363281|73.748848|0.000000|-79.999985|0.000000|1.000000|1.000000|1.000000
AEG004_939_7074|13|-64.321373|237.363281|65.306900|0.000000|-155.348221|0.000000|1.000000|1.000000|1.000000
AEG004_939_7075|13|-69.378891|237.363281|70.723236|0.000000|-65.348343|0.000000|1.000000|1.000000|1.000000
AEG004_939_7076|13|-14.081586|237.363281|106.243820|0.000000|-110.424759|0.000000|1.000000|1.000000|1.000000
AEG004_939_7077|13|-82.905800|237.363281|114.723343|0.000000|13.754650|0.000000|1.000000|1.000000|1.000000
AEG004_939_7078|13|-104.540520|237.363281|96.637703|0.000000|-139.596603|0.000000|1.000000|1.000000|1.000000
AEG004_939_7088|13|-107.931923|237.363281|79.877045|0.000000|13.754650|0.000000|1.000000|1.000000|1.000000
AEG004_939_7089|13|-4.052050|237.280518|123.082031|0.000000|58.230587|0.000000|1.000000|1.000000|1.000000
AEG092_104_1000|13|-93.000000|237.000000|36.000000|0.000000|170.000015|0.000000|1.000000|1.000000|1.000000
AEG099_232_9000|13|-91.991997|235.858994|31.433001|0.000000|-6.791000|0.000000|1.000000|1.000000|1.000000
AEG099_620_9001|13|-60.118999|265.295013|6.224000|-3.200000|-128.209000|-12.000000|1.000000|1.000000|1.000000
AEG099_651_9000|13|32.764000|280.354004|-47.835999|0.000000|-63.724998|0.000000|1.000000|1.000000|1.000000
AEG099_680_9000|13|91.581001|274.010986|-17.627001|0.177000|-167.608994|3.495000|1.000000|1.000000|1.000000
AEG099_680_9001|13|-49.716000|237.688004|96.721001|2.043000|-48.872002|-0.120000|1.000000|1.000000|1.000000
AEG099_680_9002|13|-97.387001|238.300003|49.577999|-7.023000|-122.709999|3.018000|1.000000|1.000000|1.000000
AEG099_680_9003|13|10.965000|274.558014|0.302000|2.679000|121.723999|-1.699000|1.000000|1.000000|1.000000
AEG099_680_9005|13|-83.432999|262.312012|13.066000|2.005000|15.432000|8.908000|1.000000|1.000000|1.000000
AEG099_680_9006|13|-41.813000|259.292999|36.495998|12.078000|-37.342999|-1.739000|1.000000|1.000000|1.000000
AEG099_680_9007|13|-116.454002|268.654999|-24.063999|-5.288000|-140.389008|-13.669000|1.000000|1.000000|1.000000
AEG099_685_9000|13|4.078000|240.205002|26.868999|5.000000|-13.009000|-10.000000|1.000000|1.000000|1.000000
AEG099_685_9001|13|3.166000|239.860992|29.282000|0.000000|140.763000|5.000000|1.000000|1.000000|1.000000
AEG099_685_9002|13|1.876000|240.291000|28.171000|5.000000|54.206001|-0.000000|1.000000|1.000000|1.000000
AEG099_685_9003|13|-55.959000|237.720001|92.938004|0.000000|-164.751999|0.000000|1.000000|1.000000|1.000000
AEG099_685_9004|13|-53.672001|237.750000|95.995003|0.000000|57.291000|0.000000|1.000000|1.000000|1.000000
AEG099_685_9005|13|-57.834000|237.727997|94.916000|0.000000|76.476997|0.000000|1.000000|1.000000|1.000000
AEG099_723_9000|13|-34.825001|237.608994|103.334999|0.000000|123.428001|0.000000|1.000000|1.000000|1.000000
AEG099_723_9001|13|-69.237000|237.643997|110.598999|0.000000|-179.649002|0.000000|1.000000|1.000000|1.000000
AEG099_730_9000|13|26.614000|237.737000|26.344000|0.000000|52.083000|0.000000|1.000000|1.000000|1.000000
AEG099_730_9001|13|28.983999|238.727997|14.604000|1.824000|93.162003|9.821000|1.000000|1.000000|1.000000
AEG099_730_9002|13|-5.104000|238.326004|45.789001|8.300000|111.161003|15.251000|1.000000|1.000000|1.000000
AEG099_730_9003|13|-6.538000|239.436996|39.917000|-15.392000|-147.959000|0.920000|1.000000|1.000000|1.000000
AEG099_730_9004|13|-32.752998|239.488998|50.770000|-6.370000|-129.938995|-8.728000|1.000000|1.000000|1.000000
AEG099_730_9005|13|-29.968000|239.675003|50.066002|1.289000|69.181000|5.829000|1.000000|1.000000|1.000000
AEG099_730_9006|13|-52.525002|238.050995|54.630001|-1.365000|107.834000|8.624000|1.000000|1.000000|1.000000
AEG099_730_9008|13|-93.337997|271.503998|-31.459999|4.060000|8.542000|1.336000|1.000000|1.000000|1.000000
AEG099_730_9009|13|-99.407997|238.151993|55.882000|-0.000000|-68.848000|-1.616000|1.000000|1.000000|1.000000
AEG099_730_9010|13|-90.007004|268.756989|-17.985001|-10.302000|-172.539001|-5.091000|1.000000|1.000000|1.000000
AEG099_730_9011|13|-58.532001|269.074005|-13.209000|-11.300000|160.507004|0.563000|1.000000|1.000000|1.000000
AEG099_730_9012|13|-30.969999|267.609985|10.663000|-7.161000|110.581001|1.817000|1.000000|1.000000|1.000000
AEG099_730_9013|13|-115.577003|274.196991|-50.074001|5.343000|29.528000|10.501000|1.000000|1.000000|1.000000
AEG099_730_9014|13|-109.248001|257.747986|25.174000|-5.468000|78.391998|13.774000|1.000000|1.000000|1.000000
AEG099_730_9015|13|-126.019997|255.957001|26.184000|12.645000|1.747000|3.900000|1.000000|1.000000|1.000000
AEG099_730_9016|13|-52.504002|263.273010|16.823000|12.293000|-30.424000|-0.602000|1.000000|1.000000|1.000000
AEG099_730_9017|13|-11.557000|273.345001|-14.848000|4.523000|10.338000|10.938000|1.000000|1.000000|1.000000
AEG099_730_9018|13|-0.638000|275.386993|-18.031000|-15.181000|128.360001|2.321000|1.000000|1.000000|1.000000
AEG099_730_9019|13|16.459999|276.811005|-20.202999|-4.044000|116.040001|3.554000|1.000000|1.000000|1.000000
AEG099_730_9020|13|41.367001|278.122009|-32.971001|-1.237000|114.707001|3.060000|1.000000|1.000000|1.000000
AEG099_730_9021|13|67.531998|276.282990|-22.106001|4.132000|77.788002|1.538000|1.000000|1.000000|1.000000
AEG099_730_9022|13|67.335999|274.868988|-3.713000|2.550000|121.744003|0.332000|1.000000|1.000000|1.000000
AEG099_730_9023|13|70.628998|274.647003|-0.415000|0.000000|-65.205002|0.000000|1.000000|1.000000|1.000000
AEG099_730_9024|13|118.322998|272.872009|-55.588001|-9.901000|-128.968994|1.133000|1.000000|1.000000|1.000000
AEG099_730_9025|13|89.803001|276.160004|-42.416000|5.101000|8.184000|-4.378000|1.000000|1.000000|1.000000
AEG099_730_9026|13|123.695999|271.153015|-50.529999|8.521000|27.773001|-8.957000|1.000000|1.000000|1.000000
AEG099_730_9027|13|108.934998|270.923004|-22.382999|-5.268000|-54.431999|-7.483000|1.000000|1.000000|1.000000
AEG099_730_9028|13|-27.344000|267.759003|14.760000|7.342000|-59.618999|1.214000|1.000000|1.000000|1.000000
AEG099_730_9029|13|-123.469002|255.500000|29.334999|-12.903000|-169.240005|-4.450000|1.000000|1.000000|1.000000
AEG099_750_9000|13|23.292999|238.878006|16.615000|0.000000|36.993000|0.000000|1.000000|1.000000|1.000000
AEG099_750_9001|13|36.863998|277.095001|-22.273001|-4.162000|-134.266998|-0.871000|1.000000|1.000000|1.000000
AEG099_750_9002|13|-113.783997|276.242004|-58.401001|-8.168000|-131.688004|-9.684000|1.000000|1.000000|1.000000
AEG099_750_9003|13|-53.367001|237.733002|105.398003|0.000000|55.134998|0.000000|1.000000|1.000000|1.000000
AEG099_750_9004|13|34.782001|237.514999|98.399002|0.000000|-114.165001|0.000000|1.000000|1.000000|1.000000
AEG099_750_9005|13|117.349998|237.660004|10.861000|0.000000|39.283001|0.000000|1.000000|1.000000|1.000000
AEG099_760_9000|13|106.593002|237.617004|108.250999|0.000000|-34.919998|0.000000|1.000000|1.000000|1.000000
AEG099_760_9001|13|-79.218002|239.009003|45.944000|-4.628000|-119.220001|-6.860000|1.000000|1.000000|1.000000
AEG099_760_9003|13|52.571999|276.250000|-11.532000|3.103000|102.198997|4.699000|1.000000|1.000000|1.000000
AEG099_760_9004|13|-113.266998|272.471008|-40.526001|11.505000|-40.988998|-3.317000|1.000000|1.000000|1.000000
AEG099_760_9005|13|-65.549004|237.764008|102.656998|1.870000|148.744995|0.631000|1.000000|1.000000|1.000000
AEG099_760_9007|13|33.877998|237.608994|63.445000|0.141000|148.419006|1.702000|1.000000|1.000000|1.000000
AEG099_760_9008|13|1.940000|270.488007|14.976000|9.020000|-50.639000|-2.665000|1.000000|1.000000|1.000000
AEG099_830_9000|13|28.249001|278.652008|-36.466999|-3.315000|88.556999|4.447000|1.000000|1.000000|1.000000
AEG099_830_9001|13|30.966000|276.217987|-10.278000|0.000000|88.556999|0.000000|1.000000|1.000000|1.000000
AEG801_006_7185|13|16.551332|275.328247|-6.160562|1.202250|61.200573|6.097256|1.100000|1.100000|1.100000
AEG801_006_7241|13|49.516758|276.594299|-15.917900|2.946025|61.513744|2.324341|0.900000|0.900000|0.900000
AEG801_006_7287|13|31.291910|278.542389|-36.323765|-0.336846|91.737610|6.389259|1.100000|1.100000|1.100000
AEG801_006_7377|13|38.007553|276.299225|-10.289525|-4.809961|-160.498169|-1.850805|0.900000|0.900000|0.900000
AEG801_006_7389|13|15.163410|275.977539|-12.735172|-6.586411|175.304077|-1.452590|1.100000|1.100000|1.100000
AEG801_006_7400|13|32.786644|276.669373|-16.151918|-3.116769|-171.875565|-1.019730|1.100000|1.100000|1.100000
AEG801_006_7403|13|37.185627|238.206696|13.989182|7.733576|16.083321|0.400987|1.100000|1.100000|1.100000
AEG801_006_7422|13|59.820328|276.398621|-18.355991|1.885979|-44.149792|-5.304057|1.100000|1.100000|1.100000
AEG801_006_7425|13|67.556351|277.638794|-33.155273|2.366278|-47.848171|-7.901400|1.100000|1.100000|1.100000
AEG801_006_7437|13|35.091007|276.094238|-8.385382|2.886165|-68.845566|-5.034228|0.900000|0.900000|0.900000
AEG801_006_7447|13|75.644295|274.556244|2.523767|-2.285682|45.370399|-1.596489|1.100000|1.100000|1.100000
AEG801_006_7451|13|61.719978|275.763824|-11.543904|-2.922962|-94.144417|-4.373772|0.900000|0.900000|0.900000
AEG801_006_7464|13|68.602730|279.075653|-42.064552|-5.404731|-89.842163|-9.321643|1.100000|1.100000|1.100000
AEG801_006_7469|13|-101.335815|270.674164|-27.875641|-8.477118|125.429184|10.005517|0.900000|0.900000|0.900000
AEG801_006_7471|13|-124.657974|269.617737|-30.766851|-0.545092|-111.237183|-12.496104|1.100000|1.100000|1.100000
AEG801_006_7472|13|-114.360977|271.531647|-36.220596|-0.012498|164.422974|-0.001236|0.900000|0.900000|0.900000
AEG801_006_7492|13|-3.841930|272.566620|-2.386017|9.509398|-68.244804|-5.591090|1.100000|1.100000|1.100000
AEG801_006_7495|13|-8.188763|271.244141|3.331036|9.716737|-44.933979|-1.512194|0.900000|0.900000|0.900000
AEG801_006_7514|13|28.312090|280.292419|-48.717529|-7.391592|-85.278099|-10.134594|1.100000|1.100000|1.100000
AEG801_006_7515|13|34.204395|275.610229|-4.016958|-2.716515|-116.986511|-5.987519|0.900000|0.900000|0.900000
AEG801_006_7540|13|50.191174|276.917603|-20.622572|-4.078049|-132.610947|-2.518279|1.100000|1.100000|1.100000
AEG801_006_7551|13|-116.578865|266.567261|-14.234207|-1.989779|-115.409859|-13.130684|1.100000|1.100000|1.100000
AEG801_006_7556|13|-9.878365|274.262817|-19.883125|7.990528|2.920380|9.362247|1.100000|1.100000|1.100000
AEG801_006_7557|13|4.373138|278.809570|-35.996304|1.170777|-58.845264|-8.084060|1.100000|1.100000|1.100000
AEG801_006_7561|13|92.396523|275.295288|-37.938854|3.087955|-17.385689|-10.415519|0.900000|0.900000|0.900000
AEG801_006_7564|13|-120.478149|271.221313|-36.978405|0.011529|2.645879|0.004918|0.900000|0.900000|0.900000
AEG801_006_7565|13|-122.533371|271.450806|-38.844120|0.011065|6.005467|0.005601|1.100000|1.100000|1.100000
AEG801_006_7568|13|64.039009|277.207794|-28.321148|-7.121784|-154.466064|-0.027239|0.900000|0.900000|0.900000
AEG801_006_7569|13|68.310852|275.220825|-7.827332|-3.847290|171.525757|2.477009|1.100000|1.100000|1.100000
AEG801_006_7571|13|1.185880|273.611389|-4.809059|-6.945032|84.795029|9.870524|0.900000|0.900000|0.900000
AEG801_006_7574|13|14.444216|278.242249|-34.615253|-5.296769|-141.508667|-4.159832|0.900000|0.900000|0.900000
AEG801_006_7718|13|-106.837631|259.461578|18.648544|-13.290293|-176.454269|-5.475225|1.100000|1.100000|1.100000
AEG801_006_7719|13|-53.850807|260.923492|26.445356|-4.179861|-122.039223|-12.587328|1.100000|1.100000|1.100000
AEG801_006_7720|13|-47.337219|269.421265|-11.073982|-9.775133|-176.093246|-4.042168|1.100000|1.100000|1.100000
AEG801_006_7729|13|-10.637357|238.575104|47.950615|11.989879|10.689592|-5.149357|1.100000|1.100000|1.100000
AEG801_006_7730|13|-107.951775|240.353699|44.101879|-13.600153|-128.402847|2.223554|1.100000|1.100000|1.100000
AEG801_006_7731|13|-82.826843|238.951462|46.058670|3.047139|62.798912|7.505066|1.100000|1.100000|1.100000
AEG801_006_7733|13|-99.974174|259.411041|21.179131|12.124732|-47.783104|-7.044320|1.100000|1.100000|1.100000
AEG801_006_7734|13|-112.071297|266.309753|-11.778444|6.816392|-75.224464|-11.535303|1.100000|1.100000|1.100000
AEG801_006_7735|13|-81.638893|269.843811|-21.069004|-12.170341|161.991425|1.378605|1.100000|1.100000|1.100000
AEG801_006_7737|13|-111.294579|271.289124|-33.460503|-12.401316|159.255905|-1.871767|1.100000|1.100000|1.100000
AEG801_006_7738|13|-101.557037|263.333466|3.900659|11.124989|-50.069859|-7.676100|1.100000|1.100000|1.100000
AEG801_006_7739|13|-100.048988|263.023163|5.673479|6.545509|-77.099091|-11.864281|1.100000|1.100000|1.100000
AEG801_006_7752|13|-48.161602|239.915543|46.842030|-12.766929|-149.124115|-4.296864|1.100000|1.100000|1.100000
AEG801_006_7754|13|-51.535671|269.049744|-10.495268|5.904726|-76.133919|-9.369878|1.100000|1.100000|1.100000
AEG801_006_7755|13|-122.285187|241.782120|51.328861|-2.511751|-76.374229|-12.990787|1.100000|1.100000|1.100000
AEG801_006_7756|13|-84.306770|268.983429|-17.566868|4.662370|-78.714577|-11.367328|1.100000|1.100000|1.100000
AEG801_006_7757|13|-120.740509|274.507050|-53.603611|10.437513|-52.701996|-5.168310|1.100000|1.100000|1.100000
AEG801_006_7758|13|-50.408863|262.031311|22.526215|11.536872|-50.934395|-7.313496|1.100000|1.100000|1.100000
AEG801_006_7759|13|-63.631458|259.364319|31.489004|3.553203|-77.385742|-11.241426|1.100000|1.100000|1.100000
AEG801_006_7760|13|-121.424118|272.605225|-44.066895|6.777842|-77.628860|-10.164437|1.100000|1.100000|1.100000
AEG801_006_7761|13|16.419865|238.661850|24.526613|-4.871222|-77.808784|-7.846110|1.100000|1.100000|1.100000
AEG801_006_7762|13|49.391533|237.781708|16.393568|-0.285392|-78.545135|-3.100872|1.100000|1.100000|1.100000
AEG801_006_7763|13|21.827969|238.610184|20.320646|0.227746|-50.830143|-7.829293|1.100000|1.100000|1.100000
AEG801_006_7766|13|62.135864|237.827759|13.489622|-5.460372|-151.830231|-1.907439|1.100000|1.100000|1.100000
AEG801_006_7767|13|110.034348|274.079773|-50.878330|-9.522867|-79.085869|-8.354168|1.100000|1.100000|1.100000
AEG801_006_7771|13|-47.438549|238.739319|51.478561|0.092372|-79.780144|-11.183835|1.100000|1.100000|1.100000
AEG801_006_7773|13|-107.559814|237.806778|69.286247|-4.358487|-152.802139|0.397134|1.100000|1.100000|1.100000
AEG801_006_7774|13|-42.440594|240.350998|45.725742|6.396036|-77.202652|-15.521742|1.100000|1.100000|1.100000
AEG801_006_7778|13|-121.857033|269.781342|-30.591789|5.919479|42.797272|11.121268|0.900000|0.900000|0.900000
AEG801_006_7783|13|-65.141266|239.109451|45.260029|13.928858|-7.466470|-0.001857|1.100000|1.100000|1.100000
AEG801_006_7785|13|-74.919968|238.293976|49.836674|-0.736895|-79.032600|-7.336994|1.100000|1.100000|1.100000
AEG801_006_7786|13|-74.324783|239.409958|43.184368|53.772434|45.578300|-74.028839|1.100000|1.100000|1.100000
AEG801_006_7793|13|-27.027653|271.573639|-15.720297|6.578920|-76.756332|-6.324509|1.100000|1.100000|1.100000
AEG801_006_7794|13|24.260122|274.970215|-0.449173|1.082449|-106.673943|-7.309724|1.100000|1.100000|1.100000
AEG801_006_7796|13|-104.063629|238.524612|58.691555|-1.154623|151.692856|7.679701|1.100000|1.100000|1.100000
AEG801_006_7798|13|-78.677490|238.349960|50.478909|5.665287|-13.167165|-2.700248|1.100000|1.100000|1.100000
AEG801_006_7799|13|-116.284706|241.596176|48.319523|-5.535538|155.016708|13.206388|1.100000|1.100000|1.100000
AEG801_006_7800|13|-37.434799|259.887848|36.421780|10.147312|42.010765|16.320492|1.100000|1.100000|1.100000
AEG801_006_7801|13|-15.450259|244.111374|31.637327|26.220524|46.178486|5.792356|1.100000|1.100000|1.100000
AEG801_006_7802|13|-18.310429|242.505661|38.817955|-9.546592|-78.001778|-19.277966|1.100000|1.100000|1.100000
AEG801_006_7803|13|-111.843452|276.980347|-60.912468|13.193822|42.935730|12.340513|1.100000|1.100000|1.100000
AEG801_006_7804|13|-115.094124|272.996429|-43.651917|-12.157620|161.711823|0.029807|1.100000|1.100000|1.100000
AEG801_006_7805|13|-123.768867|275.094421|-58.715866|-0.403516|66.903908|9.100490|1.100000|1.100000|1.100000
AEG801_006_7806|13|-112.179695|275.850891|-56.226318|9.370994|42.240589|12.291580|1.100000|1.100000|1.100000
AEG801_006_7807|13|-16.573997|243.230118|34.656925|12.768739|3.038362|-16.769348|1.100000|1.100000|1.100000
AEG801_006_7808|13|57.781631|274.843903|0.618741|-0.605856|171.561935|2.762238|1.100000|1.100000|1.100000
AEG801_006_7809|13|-46.491821|237.694855|115.882942|0.898716|-76.020401|0.046719|1.000000|1.000000|1.000000
AEG801_006_7810|13|-59.543537|237.685303|98.972092|0.000000|-129.000000|0.000000|1.000000|1.000000|1.000000
AEG801_006_7811|13|-54.353733|237.710800|104.623550|0.152860|-22.000025|-0.053454|1.000000|1.000000|1.000000
AEG801_006_7812|13|-40.398533|237.867233|98.457466|-0.844559|58.383667|0.667337|1.000000|1.000000|1.000000
AEG801_006_7813|13|-68.773811|237.712173|103.178230|-0.573217|-42.995419|-0.126543|1.000000|1.000000|1.000000
AEG801_006_7814|13|-48.216446|237.726074|121.086670|0.918558|-43.000008|-0.000000|1.000000|1.000000|1.000000
AEG801_006_7815|13|-52.853222|237.720200|92.883987|-0.547973|25.499348|-0.029780|1.000000|1.000000|1.000000
AEG801_006_7816|13|-50.044430|237.722900|103.801506|0.479097|-22.000481|0.112753|1.000000|1.000000|1.000000
AEG801_006_7817|13|-61.020378|237.722412|94.578857|0.292387|72.000137|-0.057775|1.000000|1.000000|1.000000
AEG801_006_7818|13|-69.346931|237.713562|100.011238|-0.236079|-76.006264|-0.392199|1.000000|1.000000|1.000000
AEG801_006_7819|13|-51.799561|237.689850|108.439941|-0.125479|159.001404|0.289245|1.000000|1.000000|1.000000
AEG801_006_7820|13|-65.722343|237.776367|108.903564|-0.691651|158.007263|1.210774|1.000000|1.000000|1.000000
AEG801_011_7016|13|36.474461|238.116638|15.088654|0.006038|12.196890|-0.000501|1.000000|1.000000|1.000000
AEG801_011_7024|13|46.852169|277.628540|-28.030916|0.003688|55.076294|0.004481|1.000000|1.000000|1.000000
AEG801_011_7025|13|83.783798|274.745056|-10.211359|0.003360|56.281414|0.000027|0.850000|0.850000|0.850000
AEG801_011_7030|13|16.620352|275.419495|-7.017557|-0.001190|83.444016|0.006093|1.000000|1.000000|1.000000
AEG801_011_7039|13|-106.179321|258.975586|20.877472|-0.007271|101.855698|0.012322|1.000000|1.000000|1.000000
AEG801_011_7040|13|-9.573517|274.555359|-21.490595|-0.010497|101.231491|0.006694|1.000000|1.000000|1.000000
AEG801_011_7042|13|29.562454|281.156006|-49.537949|0.014453|64.188919|-0.050682|1.000000|1.000000|1.000000
AEG801_011_7044|13|5.716778|274.938446|-9.178902|-0.000810|60.199100|0.008797|1.000000|1.000000|1.000000
AEG801_011_7045|13|64.039009|277.207794|-28.321148|0.007404|12.453921|-0.001477|1.000000|1.000000|1.000000
AEG801_011_7046|13|35.270943|276.243774|-9.877192|0.005082|11.971108|0.002268|1.000000|1.000000|1.000000
AEG801_011_7047|13|31.344088|276.727692|-17.452936|0.001858|54.962666|0.003497|1.000000|1.000000|1.000000
AEG801_011_7048|13|44.191982|276.764923|-17.007669|0.002732|55.006439|0.002923|1.000000|1.000000|1.000000
AEG801_011_7049|13|91.430176|275.537689|-38.754601|0.008224|13.283406|-0.007005|1.000000|1.000000|1.000000
AEG801_011_7050|13|70.841026|275.272339|-9.897985|0.001694|-37.654179|-0.004026|1.000000|1.000000|1.000000
AEG801_011_7051|13|-44.877316|264.639191|14.511251|-0.008751|101.993217|0.009917|1.000000|1.000000|1.000000
AEG801_011_7052|13|-47.337219|269.421265|-11.073982|-0.005272|102.298668|0.009590|1.000000|1.000000|1.000000
AEG801_011_7053|13|-117.650787|266.778595|-15.495014|-0.006561|102.962296|0.011529|1.000000|1.000000|1.000000
AEG801_011_7058|13|-46.499844|237.783936|119.951172|0.000000|142.370056|0.000000|1.000000|1.000000|1.000000
AEG801_011_7060|13|-53.355526|237.697754|108.238853|0.000000|52.222275|0.000000|1.000000|1.000000|1.000000
AEG801_011_7061|13|-66.401672|237.748047|106.872803|0.000000|-37.770031|0.000000|1.000000|1.000000|1.000000
AEG801_011_7062|13|-59.752712|237.714935|96.725708|0.000000|-37.777786|0.000000|1.000000|1.000000|1.000000
AEG801_011_7063|13|-70.501099|237.723969|98.728348|0.000000|52.217651|0.000000|1.000000|1.000000|1.000000
AEG801_015_7066|13|34.391396|237.974182|17.623940|-0.003899|-114.424927|-0.003155|1.000002|1.000002|1.000002
AEG801_015_7074|13|60.171246|276.519958|-19.903835|0.004535|-9.899305|-0.003403|1.000002|1.000002|1.000002
AEG801_015_7082|13|46.415092|277.770416|-29.398907|-0.002323|-109.236351|-0.005289|1.000002|1.000002|1.000002
AEG801_015_7083|13|35.847557|276.106384|-8.390797|-0.002866|110.796562|0.005035|1.000002|1.000002|1.000002
AEG801_015_7089|13|33.456409|280.466156|-48.742020|0.013031|-3.899748|0.010323|1.000002|1.000002|1.000001
AEG801_015_7091|13|48.136581|276.562561|-14.798065|0.002332|-117.153984|0.002970|1.000002|1.000002|1.000002
AEG801_015_7095|13|-123.192856|271.237366|-38.047920|-0.010811|-171.896484|-0.005950|1.000002|1.000002|1.000002
AEG801_015_7096|13|-51.109245|237.710449|104.106117|0.000000|154.929916|0.000000|1.000000|1.000000|1.000000
AEG801_015_7097|13|-67.412491|237.700897|102.239571|0.000000|-44.117165|0.000000|1.000000|1.000000|1.000000
AEG801_016_7070|13|16.229465|276.037964|-12.977236|0.000301|72.146614|0.006502|1.000000|1.000000|1.000000
AEG801_016_7085|13|33.563042|275.550659|-3.553112|-0.006509|-167.083191|-0.001954|1.000000|1.000000|1.000000
AEG801_016_7097|13|-8.503422|271.309387|2.634121|0.008579|-65.224915|-0.004811|1.000000|1.000000|1.000000
AEG801_016_7106|13|14.955067|278.284698|-34.979069|-0.000398|-92.947258|-0.006720|1.000000|1.000000|1.000000
AEG801_016_7107|13|69.794266|275.147156|-7.458109|-0.002369|146.894623|0.003388|1.000000|1.000000|1.000000
AEG801_016_7109|13|-111.047279|273.513153|-44.897949|0.000000|-48.223263|0.000000|1.000000|1.000000|1.000000
AEG801_016_7110|13|-111.829956|275.547607|-54.779106|0.011420|-42.081425|-0.004422|1.000000|1.000000|1.000000
AEG801_016_7111|13|-122.246788|275.102051|-58.037861|0.000000|-5.104477|0.000000|1.000000|1.000000|1.000000
AEG801_016_7125|13|34.221149|276.644348|-15.431194|-0.003675|-77.542366|-0.000000|1.000000|1.000000|1.000000
AEG801_016_7130|13|69.713562|277.223938|-30.656113|-0.011047|-144.835556|0.001093|1.000000|1.000000|1.000000
AEG801_016_7137|13|-100.982262|270.333099|-26.388393|0.012595|14.322278|0.004918|1.000000|1.000000|1.000000
AEG801_016_7138|13|12.010303|274.651093|1.098255|0.003197|105.189896|0.000656|1.000000|1.000000|1.000000
AEG801_016_7152|13|-119.974655|271.032593|-35.889969|0.000301|-108.203880|-0.012515|1.000000|1.000000|1.000000
AEG801_016_7153|13|66.140015|279.684814|-43.036522|0.006939|102.414871|0.017731|1.000000|1.000000|1.000000
AEG801_016_7154|13|58.933250|274.797302|0.278897|0.000820|146.860657|0.002595|1.000000|1.000000|1.000000
AEG801_016_7155|13|-45.970398|237.716309|117.979736|0.000000|166.704300|0.000000|1.000000|1.000000|1.000000
AEG801_016_7156|13|-64.620804|237.716232|103.848557|0.000000|-103.294006|0.000000|1.000000|1.000000|1.000000
AEG801_016_7157|13|-54.274235|237.704910|107.039772|0.000000|-108.292221|0.000000|1.000000|1.000000|1.000000
AEG801_060_7000|13|-22.751171|237.363342|80.384331|0.000000|-136.000031|0.000000|1.493425|1.493425|1.493425
AEG801_060_7001|13|3.345327|237.363342|90.070091|0.000000|-136.000031|0.000000|1.493425|1.493425|1.493425
AEG801_060_7002|13|-18.496305|237.363342|97.743279|0.000000|134.000000|0.000000|1.493425|1.493425|1.493425
AEG801_060_7003|13|-53.235989|237.363342|69.173325|0.000000|155.473801|0.000000|1.493425|1.493425|1.493425
AEG801_060_7004|13|37.941311|237.363342|99.358231|0.000000|-136.000031|0.000000|1.493425|1.493425|1.493425
AEG801_060_7005|13|-116.242874|237.363342|104.958954|0.000000|-136.000031|0.000000|1.493425|1.493425|1.493425
AEG801_060_7006|13|-108.905991|237.668930|74.748222|0.000000|142.506592|0.000000|1.493425|1.493425|1.493425
AEG801_060_7007|13|43.379608|237.363342|118.288399|0.000000|147.500000|0.000000|1.493425|1.493425|1.493425
AEG801_060_7008|13|93.611038|237.363281|74.196907|0.000000|-140.000046|0.000000|1.493425|1.493425|1.493425
AEG801_060_7009|13|95.640930|237.363342|83.561012|0.000000|142.500046|0.000000|1.493425|1.493425|1.493425
AEG801_060_7010|13|82.333633|237.363342|55.260967|0.000000|142.500046|0.000000|1.493425|1.493425|1.493425
AEG801_060_7011|13|83.887924|237.363342|53.252552|0.000000|142.500046|0.000000|1.493425|1.493425|1.493425
AEG801_060_7012|13|65.112816|237.363281|30.054245|0.000000|141.994385|0.000000|1.493425|1.493425|1.493425
AEG801_060_7013|13|55.029251|237.363281|77.294868|0.000000|129.999924|0.000000|1.493425|1.493425|1.493425
AEG801_060_7014|13|33.190117|237.363281|67.370956|0.000000|23.230400|0.000000|1.493425|1.493425|1.493425
AEG801_060_7015|13|6.583333|237.363281|113.666733|0.000000|-28.207045|0.000000|1.493425|1.493425|1.493425
AEG801_060_7016|13|-105.524910|237.310791|95.416016|0.000000|115.823837|0.000000|1.493425|1.493425|1.493425
AEG801_060_7017|13|-115.885056|237.363342|109.883202|0.000000|94.188522|0.000000|1.493425|1.493425|1.493425
AEG801_060_7018|13|-110.178268|237.363342|84.030098|0.000000|-32.091305|0.000000|1.493425|1.493425|1.493425
AEG801_060_7019|13|-26.404970|237.363281|82.158577|0.000000|-175.751007|0.000000|1.493425|1.493425|1.493425
AEG801_060_7020|13|-84.422173|237.363281|118.472458|0.000000|-86.111992|0.000000|1.493425|1.493425|1.493425
AEG801_060_7021|13|-122.192627|237.363342|99.069817|0.000000|93.693909|0.000000|1.493425|1.493425|1.493425
AEG801_060_7022|13|-84.394264|237.363342|64.901878|0.000000|1.202985|0.000000|1.493425|1.493425|1.493425
AEG801_060_7046|13|-35.585857|237.363342|80.765953|0.000000|-12.006818|0.000000|1.493425|1.493425|1.493425
AEG801_060_7047|13|-2.523941|237.363342|124.355331|0.000000|67.000008|0.000000|1.000000|1.000000|1.000000
AEG801_061_7000|13|95.351486|237.363525|85.493904|0.000000|92.500099|0.000000|1.000000|1.000000|1.000000
AEG801_061_7001|13|75.783775|237.363525|89.156517|0.000000|92.500099|0.000000|1.000000|1.000000|1.000000
AEG801_061_7002|13|94.085526|237.363525|78.584969|0.000000|-87.499878|0.000000|1.000000|1.000000|1.000000
AEG801_061_7003|13|72.683922|237.363525|89.843742|0.000000|-87.499878|0.000000|1.000000|1.000000|1.000000
AEG801_061_7004|13|52.474098|237.363525|52.993790|0.000000|-87.499878|0.000000|1.000000|1.000000|1.000000
AEG801_061_7005|13|55.573948|237.363525|52.306572|0.000000|92.500099|0.000000|1.000000|1.000000|1.000000
AEG801_061_7006|13|80.102585|237.363525|53.137959|0.000000|92.500099|0.000000|1.000000|1.000000|1.000000
AEG801_061_7007|13|2.486911|237.363525|86.095131|0.000000|-5.999874|0.000000|1.000000|1.000000|1.000000
AEG801_061_7008|13|-51.007553|237.363525|62.611687|0.000000|-51.999886|0.000000|1.000000|1.000000|1.000000
AEG801_061_7009|13|-20.329447|237.363525|98.700035|0.000000|174.000092|0.000000|1.000000|1.000000|1.000000
AEG801_061_7010|13|7.044907|237.363525|89.656090|0.000000|174.000092|0.000000|1.000000|1.000000|1.000000
AEG801_061_7011|13|12.404146|237.363525|63.896767|0.000000|84.000114|0.000000|1.000000|1.000000|1.000000
AEG801_061_7012|13|37.101494|237.363525|96.684937|0.000000|-73.000000|0.000000|1.000000|1.000000|1.000000
AEG801_061_7013|13|-117.082687|237.363525|102.285614|0.000000|-73.000000|0.000000|1.000000|1.000000|1.000000
AEG801_061_7014|13|-19.953505|237.674911|63.450832|-0.603927|-87.504417|-0.864141|1.000000|1.000000|1.000000
AEG801_061_7015|13|-28.704765|237.363525|123.105118|0.000000|-87.499878|0.000000|1.000000|1.000000|1.000000
AEG801_061_7016|13|-27.464539|237.363525|121.562805|0.000000|92.500099|0.000000|1.000000|1.000000|1.000000
AEG801_061_7017|13|24.171236|237.363525|116.593864|0.000000|174.000092|0.000000|1.000000|1.000000|1.000000
AEG801_061_7018|13|-68.753975|237.363525|63.311035|0.000000|-51.999886|0.000000|1.000000|1.000000|1.000000
AEG801_061_7019|13|14.517721|237.363525|61.044868|0.000000|174.000092|0.000000|1.000000|1.000000|1.000000
AEG801_061_7020|13|41.177910|237.363525|120.036827|0.000000|-149.500000|0.000000|1.000000|1.000000|1.000000
AEG801_061_7021|13|116.692390|237.363556|12.822136|0.004972|166.499969|0.052101|1.000000|1.000000|1.000000
AEG801_061_7022|13|125.612610|237.363525|50.804501|0.000000|-175.000000|0.000000|1.000000|1.000000|1.000000
AEG801_061_7023|13|33.929337|237.689133|27.858246|-0.764616|-104.995842|-0.675850|1.000000|1.000000|1.000000
AEG801_061_7024|13|82.590759|237.363525|102.264015|0.000000|-29.155956|0.000000|1.000000|1.000000|1.000000
AEG801_061_7025|13|51.229733|237.363525|90.482643|0.000000|18.499990|0.000000|1.000000|1.000000|1.000000
AEG801_061_7026|13|-35.445023|237.627914|69.066071|-0.706378|109.501686|0.274820|1.000000|1.000000|1.000000
AEG801_061_7027|13|99.793976|237.378616|10.545634|0.314872|-175.000153|0.403473|1.000000|1.000000|1.000000
AEG801_061_7028|13|113.917709|237.396194|30.587059|-0.711378|-82.003029|0.187612|1.000000|1.000000|1.000000
AEG801_061_7030|13|118.718338|237.363525|107.803764|0.000000|-145.459488|0.000000|1.000000|1.000000|1.000000
AEG801_061_7031|13|118.431229|237.363525|125.878868|0.000000|124.540482|0.000000|1.000000|1.000000|1.000000
AEG801_061_7032|13|86.537064|237.363525|119.233849|0.000000|34.540493|0.000000|1.000000|1.000000|1.000000
AEG801_061_7132|13|-5.027985|237.363525|126.204483|0.000000|61.837978|0.000000|1.000000|1.000000|1.000000
AEG801_061_7777|13|121.537796|237.363281|87.952156|0.000000|-9.999878|0.000000|1.000000|1.000000|1.000000
AEG801_061_7778|13|110.903763|237.363281|92.247444|0.000000|-99.999886|0.000000|1.000000|1.000000|1.000000
AEG801_061_7779|13|68.270599|237.363525|33.512505|0.000000|2.500077|0.000000|1.000000|1.000000|1.000000
AEG801_061_7780|13|-8.217201|237.363525|69.763695|0.000000|2.500077|0.000000|1.000000|1.000000|1.000000
AEG801_061_7781|13|-25.307150|237.363525|127.125450|0.000000|50.064072|0.000000|1.000000|1.000000|1.000000
AEG801_061_7782|13|-68.924210|237.363525|71.342911|0.000000|-72.848175|0.000000|1.000000|1.000000|1.000000
AEG801_061_7783|13|-79.142960|237.363525|115.868912|0.000000|-162.848175|0.000000|1.000000|1.000000|1.000000
AEG801_061_7784|13|-101.738594|237.363525|94.367828|0.000000|-141.999893|0.000000|1.000000|1.000000|1.000000
AEG801_061_7785|13|-80.713486|237.363525|67.580437|0.000000|-141.999893|0.000000|1.000000|1.000000|1.000000
AEG801_061_7836|13|-15.579727|237.363525|105.997643|0.000000|174.000092|0.000000|1.000000|1.000000|1.000000
AEG801_111_7020|13|31.211853|278.427002|-35.337910|0.004972|-44.004128|-0.004629|1.100000|1.100000|1.100000
AEG801_111_7059|13|48.650829|276.974487|-20.942354|-0.003948|-136.346207|-0.002351|1.100000|1.100000|1.100000
AEG801_111_7062|13|25.194798|275.155884|-1.324867|-0.000290|39.177914|0.000355|0.900000|0.900000|0.900000
AEG801_111_7063|13|54.851963|276.099854|-11.585356|0.005437|19.379606|-0.002874|0.900000|0.900000|0.900000
AEG801_111_7065|13|52.660431|275.180939|-1.903378|-0.015622|-86.996216|-0.008451|1.100000|1.100000|1.100000
AEG801_111_7071|13|61.124870|277.498169|-29.643559|0.006284|48.897873|0.003606|0.900000|0.900000|0.900000
AEG801_111_7079|13|-111.486443|271.156982|-32.885796|-0.003727|78.340714|0.011939|0.900000|0.900000|0.900000
AEG801_111_7100|13|91.694969|276.132080|-44.062813|0.006011|-6.456007|-0.009290|0.900000|0.900000|0.900000
AEG801_111_7101|13|41.728096|277.127380|-22.136135|-0.000524|94.788246|0.004508|0.900000|0.900000|0.900000
AEG801_111_7103|13|28.511246|280.459198|-48.463936|0.017239|-2.662487|-0.006860|0.900000|0.900000|0.900000
AEG801_111_7110|13|-6.950813|275.290741|-23.373314|-0.013372|119.732285|0.013114|0.900000|0.900000|0.900000
AEG801_111_7111|13|-48.975811|237.727539|103.669395|0.000000|-140.823181|0.000000|0.800000|0.800000|0.800000
AEG801_210_7031|13|-18.524384|238.158386|62.972034|-0.554493|154.504639|0.972073|1.000000|1.000000|1.000000
AEG801_210_7032|13|-105.613190|238.175812|74.542206|-2.035206|-115.522026|-1.225760|1.000000|1.000000|1.000000
AEG801_210_7033|13|-27.358238|237.854370|122.852875|0.000000|132.050964|0.000000|1.000000|1.000000|1.000000
AEG801_210_7035|13|123.089775|237.363525|80.250702|0.000000|64.499977|0.000000|1.000000|1.000000|1.000000
AEG801_210_7036|13|36.293289|237.854370|64.358322|0.000000|-115.500015|0.000000|1.000000|1.000000|1.000000
AEG801_210_7037|13|53.963394|237.854370|52.457596|0.000000|154.499939|0.000000|1.000000|1.000000|1.000000
AEG801_210_7038|13|81.731560|237.854370|53.233799|0.000000|-115.500015|0.000000|1.000000|1.000000|1.000000
AEG801_210_7039|13|74.030479|237.854370|89.591499|0.000000|154.499939|0.000000|1.000000|1.000000|1.000000
AEG801_210_7040|13|-67.852890|237.854370|62.009689|0.000000|-170.000061|0.000000|1.000000|1.000000|1.000000
AEG801_210_7041|13|-18.713478|237.854370|99.189110|0.000000|-50.888721|0.000000|1.000000|1.000000|1.000000
AEG801_210_7042|13|-117.938080|237.854370|103.794968|0.000000|145.999969|0.000000|1.000000|1.000000|1.000000
AEG801_210_7043|13|-41.535591|237.854370|73.279076|0.000000|-120.057449|0.000000|1.000000|1.000000|1.000000
AEG801_210_7044|13|9.239248|237.854370|115.060493|0.000000|81.062363|0.000000|1.000000|1.000000|1.000000
AEG801_210_7045|13|3.704089|237.854370|88.037437|0.000000|55.999920|0.000000|1.000000|1.000000|1.000000
AEG801_210_7046|13|36.246098|237.854370|98.194275|0.000000|145.999969|0.000000|1.000000|1.000000|1.000000
AEG801_210_7047|13|13.229321|237.854370|62.085976|0.000000|145.999969|0.000000|1.000000|1.000000|1.000000
AEG801_210_7048|13|42.237453|237.854370|119.991615|0.000000|69.499992|0.000000|1.000000|1.000000|1.000000
AEG801_210_7049|13|93.049751|237.888184|76.902687|0.000000|-25.500010|0.000000|1.000000|1.000000|1.000000
AEG801_210_7050|13|115.906670|237.922745|10.408796|-0.019562|154.499893|-0.002945|1.000000|1.000000|1.000000
AEG801_210_7051|13|-117.938080|237.854370|103.794968|0.000000|145.999969|0.000000|1.000000|1.000000|1.000000
AEG801_210_7065|13|-5.033218|237.363281|127.722763|0.000000|-177.730957|0.000000|1.000000|1.000000|1.000000
AEG801_220_7219|13|94.294144|237.363281|83.212547|0.000000|160.000000|0.000000|1.000000|1.000000|1.000000
AEG801_220_7222|13|97.267776|237.363281|85.198990|0.000000|-110.000023|0.000000|1.250000|1.250000|1.250000
AEG801_220_7250|13|114.114235|237.363525|28.901814|0.000000|141.499939|0.000000|1.000000|1.000000|1.000000
AEG801_220_7251|13|113.894165|237.363525|34.121735|0.000000|-128.500000|0.000000|1.500000|1.500000|1.500000
AEG801_220_7252|13|115.101723|237.363556|14.135277|0.028359|141.499893|0.048221|1.000000|1.000000|1.000000
AEG801_220_7253|13|111.900429|237.363525|31.060593|0.000000|51.500004|0.000000|1.250000|1.250000|1.250000
AEG801_220_7254|13|107.953453|237.363525|5.924357|0.000000|-38.500015|0.000000|1.250000|1.250000|1.250000
AEG801_220_7255|13|123.963074|237.363525|48.552242|0.000000|159.999939|0.000000|1.000000|1.000000|1.000000
AEG801_220_7256|13|99.808800|237.396210|11.086219|-0.751499|-146.900528|-0.339744|1.250000|1.250000|1.250000
AEG801_220_7257|13|99.930428|237.369888|9.316925|0.343640|-96.103432|0.138871|1.000000|1.000000|1.000000
AEG801_220_7258|13|123.963074|237.363525|52.887859|0.000000|-109.999992|0.000000|1.500000|1.500000|1.500000
AEG801_220_7259|13|120.208496|237.363525|55.747646|0.000000|70.000000|0.000000|1.250000|1.250000|1.250000
AEG801_220_7260|13|31.324409|237.685928|28.611200|-1.125416|-129.997086|-0.426409|1.000000|1.000000|1.000000
AEG801_220_7261|13|29.822445|237.550308|39.954998|-0.476626|-130.002625|-0.338872|1.000000|1.000000|1.000000
AEG801_220_7262|13|28.171881|237.588654|35.985344|0.367273|49.997990|0.397599|1.250000|1.250000|1.250000
AEG801_220_7263|13|36.371502|237.604965|34.620922|-0.402892|140.001144|0.527728|1.250000|1.250000|1.250000
AEG801_220_7264|13|35.182556|237.652374|30.117598|0.236543|-39.998566|-0.475905|1.500000|1.500000|1.500000
AEG801_220_7265|13|58.903004|237.363525|106.185341|0.000000|-129.500061|0.000000|1.000000|1.000000|1.000000
AEG801_220_7266|13|84.348709|237.363525|106.995033|0.000000|-54.156017|0.000000|1.000000|1.000000|1.000000
AEG801_220_7267|13|57.749481|237.363525|104.017624|0.000000|50.499981|0.000000|1.250000|1.250000|1.250000
AEG801_220_7268|13|81.341408|237.363525|105.760506|0.000000|124.952438|0.000000|1.500000|1.500000|1.500000
AEG801_220_7269|13|85.349754|237.363525|103.793320|0.000000|80.741302|0.000000|1.250000|1.250000|1.250000
AEG801_220_7270|13|52.347317|237.363525|88.071770|0.000000|83.500000|0.000000|1.500000|1.500000|1.500000
AEG801_220_7271|13|53.359467|237.363525|92.287605|0.000000|-6.500000|0.000000|1.000000|1.000000|1.000000
AEG801_220_7272|13|55.330563|237.363525|84.414513|0.000000|-96.500023|0.000000|1.250000|1.250000|1.250000
AEG801_220_7273|13|-6.994667|237.553696|70.904945|-0.375246|174.500290|0.134582|1.500000|1.500000|1.500000
AEG801_220_7274|13|-35.722229|237.568100|71.024048|-0.521460|44.894138|1.034254|1.258009|1.258009|1.258009
AEG801_220_7275|13|-8.637330|237.575623|68.877708|0.397244|-5.500552|-0.171073|1.250000|1.250000|1.250000
AEG801_220_7276|13|57.871895|237.363525|124.823524|0.000000|-129.500061|0.000000|1.000000|1.000000|1.000000
AEG801_220_7277|13|67.405739|237.363525|35.528641|0.000000|102.361008|0.000000|1.250000|1.250000|1.250000
AEG801_220_7278|13|69.823059|237.363525|35.960102|0.000000|-77.639053|0.000000|1.000000|1.000000|1.000000
AEG801_220_7279|13|-23.959999|237.553696|79.741280|-0.375246|-5.499706|0.134582|1.000000|1.000000|1.000000
AEG801_220_7280|13|-27.360735|237.575623|126.711403|0.397244|42.063438|-0.171073|1.250000|1.250000|1.250000
AEG801_220_7281|13|-24.756159|237.553696|126.866974|-0.375246|-137.935699|0.134582|1.500000|1.500000|1.500000
AEG801_220_7282|13|-69.811157|237.553696|69.628685|-0.375246|99.152046|0.134582|1.500000|1.500000|1.500000
AEG801_220_7283|13|-68.586510|237.575623|74.546928|0.397244|-80.848801|-0.171073|1.116100|1.116100|1.116100
AEG801_220_7284|13|-114.897202|237.553696|111.456230|-0.375246|-135.311172|0.134582|1.000000|1.000000|1.000000
AEG801_220_7285|13|-107.358543|237.553696|85.204544|-0.375247|8.408992|0.134582|1.000000|1.000000|1.000000
AEG801_220_7286|13|-121.334869|237.363525|98.295692|0.000000|80.903366|0.000000|1.250000|1.250000|1.250000
AEG801_220_7287|13|-80.541435|237.553696|63.278831|-0.375246|-11.926042|0.134582|1.500000|1.500000|1.500000
AEG801_220_7288|13|-83.898849|237.575623|65.669487|0.397244|-129.635178|-0.171073|1.116100|1.116100|1.116100
AEG801_220_7294|13|-78.477348|237.575623|64.926453|0.397244|127.303085|-0.171073|1.000000|1.000000|1.000000
AEG801_220_7342|13|-36.207558|237.553696|80.822914|-0.375246|139.467087|0.134582|1.500000|1.500000|1.500000
AEG801_220_7343|13|-2.314098|237.363525|125.153564|0.000000|156.723480|0.000000|1.000000|1.000000|1.000000
AEG801_220_7365|13|-34.073887|237.575623|80.318703|0.397244|139.399673|-0.171073|1.116100|1.116100|1.116100
AEG801_230_7166|13|106.014359|237.363281|70.203743|0.000000|-75.167183|0.000000|1.000000|1.000000|1.000000
AEG801_230_7167|13|82.545364|237.363281|104.141243|0.000000|-113.537209|0.000000|1.000000|1.000000|1.000000
AEG801_230_7168|13|36.123734|237.363281|87.521797|0.000000|-148.137299|0.000000|1.000000|1.000000|1.000000
AEG801_230_7169|13|-23.708054|237.363281|81.289742|0.000000|156.462799|0.000000|1.000000|1.000000|1.000000
AEG801_230_7170|13|-116.077225|237.363281|110.367783|0.000000|26.651287|0.000000|1.000000|1.000000|1.000000
AEG801_230_7171|13|-105.580864|237.363281|84.738106|0.000000|-99.628563|0.000000|1.000000|1.000000|1.000000
AEG801_230_7172|13|-36.949753|237.363281|68.826836|0.000000|26.156672|0.000000|1.000000|1.000000|1.000000
AEG801_231_7249|13|-125.477585|237.363525|85.520248|0.005956|-1.330668|-0.044687|0.750000|0.750000|0.750000
AEG801_231_7250|13|-23.413383|237.363525|92.280746|0.005956|34.454620|-0.044687|0.750000|0.750000|0.750000
AEG801_250_7024|13|15.881895|278.397644|-35.943512|-0.003906|125.982597|0.005491|1.000000|1.000000|1.000000
AEG801_250_7027|13|1.889580|269.833740|17.683729|0.001147|-12.503752|0.013770|0.600000|0.600000|0.600000
AEG801_250_7028|13|3.340569|270.288483|15.426725|-0.006273|167.619583|-0.009518|0.900000|0.900000|0.900000
AEG801_250_7036|13|70.581871|277.050629|-30.368019|0.008497|32.796246|0.000273|0.600000|0.600000|0.600000
AEG801_250_7060|13|34.324760|276.054535|-8.108524|0.005683|-20.548889|-0.001193|0.900000|0.900000|0.900000
AEG801_250_7070|13|68.776428|275.178253|-7.453503|0.002896|-26.474405|-0.003544|0.600000|0.600000|0.600000
AEG801_250_7074|13|61.625652|275.721436|-10.960259|-0.003878|167.206421|0.003552|0.800000|0.800000|0.800000
AEG801_250_7102|13|-100.227974|270.225159|-25.843773|0.013087|-14.798621|-0.001857|1.000000|1.000000|1.000000
AEG801_250_7103|13|-102.027748|270.806366|-28.509525|0.008060|48.380989|0.010300|0.600000|0.600000|0.600000
AEG801_250_7104|13|-123.664787|269.494415|-29.844810|-0.006702|-140.778854|-0.010740|0.600000|0.600000|0.600000
AEG801_250_7105|13|-125.314240|269.600037|-30.903225|0.009289|-60.190716|-0.008341|0.900000|0.900000|0.900000
AEG801_250_7106|13|-124.771011|269.898926|-32.145206|0.011611|-38.882469|-0.004281|0.550000|0.550000|0.550000
AEG801_250_7107|13|-114.007294|271.699097|-36.927513|-0.001459|77.233925|0.011885|0.700000|0.700000|0.700000
AEG801_250_7131|13|-4.330353|272.578735|-2.862682|0.000847|-125.335556|-0.011227|0.600000|0.600000|0.600000
AEG801_250_7132|13|-3.123409|272.554291|-1.765087|0.011256|-20.638268|0.003060|0.900000|0.900000|0.900000
AEG801_250_7136|13|-7.369946|271.309784|3.461903|-0.009947|142.658005|0.000710|0.600000|0.600000|0.600000
AEG801_250_7137|13|10.282856|274.569916|2.066830|0.006584|72.376320|-0.005495|1.000000|1.000000|1.000000
AEG801_250_7154|13|95.031151|275.231232|-41.020496|-0.010899|-109.750504|-0.003567|0.700000|0.700000|0.700000
AEG801_250_7160|13|26.692568|280.566650|-48.935623|0.014808|-22.117538|-0.013138|0.550000|0.550000|0.550000
AEG801_250_7161|13|32.882481|280.886597|-50.915226|-0.007235|-141.945267|-0.009348|0.800000|0.800000|0.800000
AEG801_250_7162|13|27.893251|280.895782|-50.710129|0.013934|-56.124599|-0.019773|0.900000|0.900000|0.900000
AEG801_250_7187|13|-9.566235|274.195251|-19.107391|-0.003401|59.902180|0.011803|0.900000|0.900000|0.900000
AEG801_250_7188|13|-10.822456|274.186462|-20.398674|0.012595|-46.709553|0.000000|0.600000|0.600000|0.600000
AEG801_250_7190|13|2.951019|279.048065|-36.882462|-0.014002|-135.920319|0.006939|0.800000|0.800000|0.800000
AEG801_250_7195|13|15.387820|275.896301|-11.944813|0.004918|22.123854|0.004153|0.700000|0.700000|0.700000
AEG801_250_7214|13|-72.308662|238.764420|46.051132|0.000000|7.114709|0.000000|0.650000|0.650000|0.650000
AEG801_250_7223|13|-96.846733|272.640289|-37.193733|0.000000|-118.708961|0.000000|0.700000|0.700000|0.700000
AEG801_250_7232|13|-70.337067|239.047256|44.196739|0.000000|-167.348511|0.000000|0.500000|0.500000|0.500000
AEG801_250_7233|13|-120.722832|275.348389|-58.660397|-0.000006|-87.534431|-0.000007|0.656413|0.656413|0.656413
AEG801_250_7234|13|-53.119411|260.791870|27.195755|0.002268|-93.576569|-0.013061|0.600000|0.600000|0.600000
AEG801_250_7235|13|20.875328|238.728149|20.084497|-0.006047|-96.808876|-0.006176|0.500000|0.500000|0.500000
AEG801_250_7239|13|-43.323425|240.350998|45.751408|0.000000|-94.959381|0.000000|0.800000|0.800000|0.800000
AEG801_250_7245|13|-113.565750|274.775116|-51.500504|0.031036|-24.564941|-0.005078|0.700000|0.700000|0.700000
AEG801_250_7246|13|-112.384247|277.291687|-61.778648|-0.057449|141.694290|0.015791|0.783980|0.783980|0.783980
AEG801_250_7248|13|-83.594513|238.916809|46.235611|0.000000|-11.451891|0.000000|0.500000|0.500000|0.500000
AEG801_250_7249|13|-53.987270|237.694748|105.369026|0.000000|-167.381882|0.000000|0.900000|0.900000|0.900000
AEG801_250_7253|13|-105.720749|238.672043|58.971188|0.000000|93.011841|0.000000|0.600000|0.600000|0.600000
AEG801_250_7257|13|-111.015900|240.771667|46.665531|0.000000|129.218567|0.000000|0.877165|0.877165|0.877165
AEG801_250_7258|13|-115.049675|241.388199|48.233780|-0.013334|-104.639732|-0.007061|0.625775|0.625775|0.625775
AEG801_250_7261|13|-109.141716|240.485062|45.374828|0.000003|-43.168312|0.000003|0.625775|0.625775|0.625775
AEG801_250_7262|13|23.225002|239.121994|15.394947|0.000000|-87.828781|0.000000|0.500000|0.500000|0.500000
AEG801_250_7263|13|-37.422173|259.901733|36.362991|-0.019073|175.097305|-0.003422|1.000000|1.000000|1.000000
AEG801_250_7264|13|-38.254498|259.585388|37.515392|0.014507|-5.661985|0.005164|0.700000|0.700000|0.700000
AEG801_250_7265|13|-16.190132|244.447205|31.330162|0.000000|-175.499634|0.000000|1.000000|1.000000|1.000000
AEG801_250_7266|13|-14.981297|244.034943|31.443651|0.022758|9.135269|-0.012049|0.700000|0.700000|0.700000
AEG801_250_7267|13|-18.404804|242.585464|38.632706|0.017950|6.881576|-0.011872|0.700000|0.628597|0.628596
AEG801_250_7268|13|-112.103790|273.065308|-42.969711|0.000000|-4.977134|0.000000|0.550000|0.550000|0.550000
AEG801_250_7269|13|67.048935|279.499817|-42.875057|0.012486|70.153847|0.006994|0.700000|0.700000|0.700000
AEG801_250_7270|13|57.494827|274.857117|0.654320|-0.000197|-152.488754|-0.002921|0.600000|0.600000|0.600000
AEG801_253_7016|13|3.840765|270.533081|14.050186|0.005847|144.736618|0.009863|1.100000|1.100000|1.100000
AEG801_253_7030|13|62.642654|275.762634|-12.050076|0.001421|-42.338856|-0.004752|0.900000|0.900000|0.900000
AEG801_253_7037|13|68.602730|279.075653|-42.064552|0.016092|61.796364|-0.002768|1.100000|1.100000|1.100000
AEG801_253_7042|13|1.929966|279.898163|-43.974117|-0.001798|156.612320|-0.022804|0.900000|0.900000|0.900000
AEG801_253_7045|13|-1.067179|272.512665|-0.106659|-0.000000|-109.349953|-0.000010|0.900000|0.900000|0.900000
AEG801_253_7092|13|3.631947|279.240570|-37.879841|-0.019605|-11.390789|-0.012824|1.100000|1.100000|1.100000
AEG801_253_7094|13|-74.375763|239.326385|43.271645|-0.011784|-155.561661|-0.004286|1.100000|1.100000|1.100000
AEG801_253_7101|13|16.419865|238.661850|24.526613|0.000000|-152.502441|0.000000|1.100000|1.100000|1.100000
AEG801_253_7105|13|-23.455132|239.857300|49.397419|0.000000|-58.109276|0.000000|1.100000|1.100000|1.100000
AEG801_253_7106|13|-98.308380|272.688141|-37.531868|0.000000|94.658936|0.000000|1.100000|1.100000|1.100000
AEG801_253_7111|13|-112.213364|271.322479|-34.132450|0.000000|-33.071053|0.000000|0.900000|0.900000|0.900000
AEG801_253_7116|13|-111.719872|275.863892|-56.123795|0.013797|-36.653416|-0.006405|1.100000|1.100000|1.100000
AEG801_253_7122|13|-70.570038|238.826736|45.762917|-0.004721|-114.763733|-0.011152|0.900000|0.900000|0.900000
AEG801_253_7124|13|-122.999321|275.212372|-59.054520|0.000000|-33.796722|0.000000|1.100000|1.100000|1.100000
AEG801_253_7125|13|-52.007298|261.191589|25.722099|0.009535|28.072077|0.008907|0.900000|0.900000|0.900000
AEG801_253_7128|13|59.615032|237.713699|15.413946|0.000000|-112.747581|0.000000|1.100000|1.100000|1.100000
AEG801_253_7133|13|-42.440594|240.350998|45.725742|0.000000|32.845562|0.000000|1.100000|1.100000|1.100000
AEG801_253_7136|13|-111.417160|277.054474|-61.079021|-0.015203|145.912857|0.010928|1.100000|1.100000|1.100000
AEG801_253_7138|13|-81.098923|238.966278|45.978466|0.000000|149.245285|0.000000|0.900000|0.900000|0.900000
AEG801_253_7139|13|-74.920525|238.219437|50.511440|-0.000594|114.657867|0.006393|0.900000|0.900000|0.900000
AEG801_253_7143|13|26.072603|238.599579|17.281906|0.000000|160.496719|0.000000|1.100000|1.100000|1.100000
AEG801_253_7147|13|-103.880997|238.574356|57.820408|0.000000|-21.699614|0.000000|1.100000|1.100000|1.100000
AEG801_253_7154|13|-98.040779|238.587738|44.621185|-0.033210|-150.845612|0.001393|0.900000|0.900000|0.900000
AEG801_253_7155|13|-41.694042|259.774628|35.204330|-0.015089|-176.721146|-0.012671|1.100000|1.100000|1.100000
AEG801_253_7156|13|-17.036972|243.591492|34.431458|-0.024635|-126.024765|-0.003014|0.900000|0.900000|0.900000
AEG801_253_7157|13|-4.464722|241.395081|29.189030|0.000000|-14.561379|0.000000|1.100000|1.100000|1.100000
AEG801_253_7158|13|-18.919743|242.285431|39.906990|0.014343|-18.954203|-0.016897|1.100000|1.100000|1.100000
AEG801_253_7159|13|-111.799698|274.915314|-51.818840|-0.020925|174.406906|-0.001882|1.100000|1.100000|1.100000
AEG801_253_7160|13|-111.745590|272.814087|-41.576118|0.000000|-175.166656|0.000000|1.100000|1.100000|1.100000
AEG801_253_7161|13|-120.104691|274.370789|-52.572090|-0.011200|44.248367|0.001557|0.900000|0.900000|0.900000
AEG801_253_7162|13|-110.801918|241.009888|44.695564|-0.015632|-149.650253|0.008661|0.900000|0.900000|0.900000
AEG801_253_7163|13|49.516754|276.594330|-15.917892|0.003524|-31.245480|0.002350|1.100000|1.100000|1.100000
AEG801_253_7164|13|95.874603|275.231232|-41.113968|-0.001408|3.403986|-0.011248|0.900000|0.900000|0.900000
AEG801_253_7167|13|-68.169312|237.729248|105.597771|0.000000|-149.643158|0.000000|1.000000|1.000000|1.000000
AEG801_253_7169|13|-55.451393|237.712479|103.855118|0.000000|120.349434|0.000000|1.000000|1.000000|1.000000
AEG801_253_7170|13|-40.162346|237.870316|99.054955|0.000000|-148.974075|0.000000|1.100000|1.100000|1.100000
AEG801_254_7067|13|38.067757|277.112366|-22.186234|0.004426|-16.754902|-0.000889|1.100000|1.100000|1.100000
AEG801_254_7070|13|18.628826|277.733185|-28.987722|0.005136|0.224785|0.000328|0.900000|0.900000|0.900000
AEG801_255_7005|13|-77.982643|238.302277|48.637505|-0.000000|-146.077499|-0.000000|0.800000|0.800000|0.800000
AEG801_255_7006|13|20.786308|239.140854|17.035767|-0.007164|-99.745926|-0.006826|1.000000|1.000000|1.000000
AEG801_255_7007|13|-113.136208|275.990051|-58.038170|-0.000000|-147.655304|-0.000000|0.800000|0.800000|0.800000
AEG801_255_7030|13|17.615051|275.333679|-5.873219|0.005601|-42.952606|-0.002642|0.900000|0.900000|0.900000
AEG801_255_7034|13|67.556351|277.638794|-33.155273|0.008114|1.587455|-0.003335|0.900000|0.900000|0.900000
AEG801_255_7035|13|-5.655973|275.847687|-24.964211|0.020327|-30.328045|-0.006612|0.900000|0.900000|0.900000
AEG801_255_7036|13|30.645985|279.690186|-44.549686|0.008060|-40.572353|-0.008360|1.000000|1.000000|1.000000
AEG801_255_7037|13|49.712307|276.276306|-11.366663|0.002814|-42.467361|-0.004983|1.000000|1.000000|1.000000
AEG801_257_7024|13|58.461594|276.479675|-18.605661|-0.001118|127.507065|0.005382|1.000000|1.000000|1.000000
AEG801_257_7025|13|32.786644|276.669373|-16.151918|0.002568|-57.729244|-0.002510|1.000000|1.000000|1.000000
AEG801_257_7026|13|35.097321|237.920090|17.957727|0.001749|-31.105169|-0.003683|1.000000|1.000000|1.000000
AEG801_257_7027|13|-120.478149|271.221313|-36.978397|-0.009118|116.869247|0.008606|1.000000|1.000000|1.000000
