m22505800_0000|0|-128.000000|0.000000|-128.000000|0.000000|0.000000|0.000000|1.000000|1.000000|1.000000
m22505801_0000|0|-128.000000|0.000000|-128.000000|0.000000|0.000000|0.000000|1.000000|1.000000|1.000000
m23505900_0000|0|-128.000000|0.000000|128.000000|0.000000|0.000000|0.000000|1.000000|1.000000|1.000000
m32515800_0000|0|128.000000|0.000000|-128.000000|0.000000|0.000000|0.000000|1.000000|1.000000|1.000000
m32515801_0000|0|128.000000|0.000000|-128.000000|0.000000|0.000000|0.000000|1.000000|1.000000|1.000000
m33515900_0000|0|128.000000|0.000000|128.000000|0.000000|0.000000|0.000000|1.000000|1.000000|1.000000
m60_51_58_00-AEG003_071_2016|13|192.497803|1634.478760|-118.449173|-0.409648|-3.215491|-1.631269|1.000000|1.000000|1.000000
m60_51_58_00-AEG003_508_2000|13|188.293900|1633.353516|-115.040390|0.000000|166.923370|0.000000|1.000000|1.000000|1.000000
m60_51_58_00-AEG003_515_2000|13|213.374146|1664.250000|-118.895294|0.000000|-110.000015|0.000000|1.000000|1.000000|1.000000
m60_51_58_00-AEG007_037_1047|13|236.064713|1603.466431|-114.380676|-29.444481|-56.622238|-65.619270|1.000000|1.000000|1.000000
m60_51_58_00-AEG007_037_1056|13|40.603424|1583.416138|-238.992554|80.353897|-117.414536|-6.031246|1.000000|1.000000|1.000000
m60_51_58_00-AEG007_042_1000|13|101.163879|1599.244019|-244.398529|47.435005|34.160973|-96.784836|1.000000|1.000000|1.000000
m60_51_58_00-AEG007_042_1001|13|116.131851|1597.477051|-238.117294|30.559700|-68.988503|-98.883606|1.000000|1.000000|1.000000
m60_51_58_00-AEG007_042_1002|13|103.181107|1595.603027|-239.060028|82.413948|-6.526072|174.440536|1.000000|1.000000|1.000000
m60_51_58_00-AEG007_042_1003|13|247.665131|1607.577148|-132.338318|69.945503|-15.338902|-98.822342|1.000000|1.000000|1.000000
m60_51_58_00-AEG007_042_1004|13|252.440613|1605.542358|-144.412491|100.635422|-80.540695|-71.991478|1.000000|1.000000|1.000000
m60_51_58_00-AEG007_042_1005|13|243.897339|1601.634888|-125.796066|-5.381261|80.073517|-106.408737|1.000000|1.000000|1.000000
m60_51_58_00-AEG007_042_1006|13|245.771362|1603.236328|-129.788986|-85.311653|55.305828|170.354584|1.000000|1.000000|1.000000
m60_51_58_00-AEG007_042_1007|13|241.998535|1603.980469|-125.830254|-105.789566|64.255043|-14.579665|1.000000|1.000000|1.000000
m60_51_58_00-AEG007_042_1008|13|239.720963|1602.040405|-119.349739|-169.480988|-21.365616|-68.226196|1.000000|1.000000|1.000000
m60_51_58_00-AEG007_042_1010|13|233.412628|1603.160645|-105.600029|-95.449539|85.954636|3.941374|1.000000|1.000000|1.000000
m60_51_58_00-AEG007_042_1011|13|236.748886|1601.562378|-109.683540|-61.866241|75.498329|-174.528625|1.000000|1.000000|1.000000
m60_51_58_00-AEG007_042_1012|13|246.585571|1606.640869|-208.964508|173.478088|-13.603518|-74.684914|1.000000|1.000000|1.000000
m60_51_58_00-AEG007_042_1013|13|247.806396|1605.278564|-223.760773|91.491241|-41.705372|-5.542505|1.000000|1.000000|1.000000
m60_51_58_00-AEG007_042_1014|13|248.304688|1603.954590|-219.548645|87.704353|70.341011|0.179660|1.000000|1.000000|1.000000
m60_51_58_00-AEG007_042_1015|13|166.530365|1606.991211|-200.243118|-20.159864|56.019779|-111.902008|1.000000|1.000000|1.000000
m60_51_58_00-AEG007_042_1016|13|175.906189|1605.786255|-199.225418|-75.948120|8.251636|159.355972|1.000000|1.000000|1.000000
m60_51_58_00-AEG007_042_1017|13|172.330490|1606.275391|-197.721390|-8.198382|-110.342926|-55.021126|1.000000|1.000000|1.000000
m60_51_58_00-AEG030_035_2000|13|189.567688|1634.500000|-137.846283|0.000000|69.999954|0.000000|1.000000|1.000000|1.000000
m60_51_58_00-AEG030_035_2001|13|223.293152|1634.500000|-136.213409|0.000000|-19.999943|0.000000|1.000000|1.000000|1.000000
m60_51_58_00-AEG030_035_2002|13|195.799164|1652.500000|-119.881630|0.000027|69.999954|0.000082|1.000000|1.000000|1.000000
m60_51_58_00-AEG030_035_2003|13|200.861542|1652.500000|-107.663300|0.000027|159.999939|0.000082|1.000000|1.000000|1.000000
m60_51_58_00-AEG030_035_2004|13|206.735260|1658.500000|-120.690109|0.000027|160.000046|0.000082|1.000000|1.000000|1.000000
m60_51_58_00-AEG030_035_2005|13|207.465881|1658.500000|-135.854599|0.000027|-20.000013|0.000082|1.000000|1.000000|1.000000
m60_51_58_00-AEG030_035_2007|13|211.455383|1664.250000|-119.770126|0.000027|69.999969|0.000082|1.000000|1.000000|1.000000
m60_51_58_00-AEG030_035_2008|13|218.612717|1664.250000|-127.008736|0.000027|160.000015|0.000082|1.000000|1.000000|1.000000
m60_51_58_00-AEG030_035_2009|13|226.388641|1664.250000|-130.829468|-0.000055|-19.999958|0.000109|1.000000|1.000000|1.000000
m60_51_58_00-AEG030_035_2010|13|211.061859|664.250000|-104.075790|0.000027|160.000015|0.000109|1.000000|1.000000|1.000000
m60_51_58_00-AEG030_036_2000|13|192.132889|1634.500000|-144.893921|0.000000|69.999748|0.000000|1.000000|1.000000|1.000000
m60_51_58_00-AEG030_036_2001|13|230.340851|1634.500000|-133.648163|0.000000|-19.999971|0.000000|1.000000|1.000000|1.000000
m60_51_58_00-AEG030_036_2002|13|231.749512|1634.500000|-130.208832|0.000000|-110.000069|0.000000|1.000000|1.000000|1.000000
m60_51_58_00-AEG030_036_2003|13|183.665451|1634.500000|-112.858139|0.000000|160.000031|0.000000|1.000000|1.000000|1.000000
m60_51_58_00-AEG030_036_2004|13|193.234009|1652.500000|-112.833923|0.000000|69.999954|0.000000|1.000000|1.000000|1.000000
m60_51_58_00-AEG030_036_2006|13|199.687607|1658.500000|-123.255035|0.000000|159.999695|0.000000|1.000000|1.000000|1.000000
m60_51_58_00-AEG030_036_2007|13|198.044022|1658.500000|-126.779755|0.000000|69.999435|0.000000|1.000000|1.000000|1.000000
m60_51_58_00-AEG030_036_2009|13|202.218643|1628.000000|-138.205536|0.000000|-20.000036|0.000000|1.000000|1.000000|1.000000
m60_51_58_00-AEG030_036_2010|13|199.687607|1658.500000|-123.255035|0.000000|159.999695|0.000000|1.000000|1.000000|1.000000
m60_51_58_00-AEG030_036_2011|13|215.664291|1664.250000|-123.293015|0.000000|-20.000063|0.000000|1.000000|1.000000|1.000000
m60_51_58_00-AEG030_036_2012|13|215.645142|1664.250000|-131.281250|0.000000|69.999405|0.000000|1.000000|1.000000|1.000000
m60_51_58_00-AEG030_036_2013|13|219.340820|1664.250000|-133.394745|0.000000|-19.999928|0.000000|1.000000|1.000000|1.000000
m60_51_58_00-AEG030_036_2016|13|218.111633|1664.250000|-101.510391|0.000027|159.999985|0.000109|1.000000|1.000000|1.000000
m60_51_58_00-AEG030_036_2018|13|214.513565|1658.500000|-133.289444|0.000000|-20.000036|0.000000|1.000000|1.000000|1.000000
m60_51_58_00-AEG030_036_2019|13|207.351166|1664.250000|-108.493805|0.000027|69.999954|0.000082|1.000000|1.000000|1.000000
m60_51_58_00-AEG030_037_2000|13|184.437485|1634.500000|-123.750946|0.000000|69.999748|0.000000|1.000000|1.000000|1.000000
m60_51_58_00-AEG030_037_2001|13|209.197784|1634.500000|-141.343506|0.000000|-19.999971|0.000000|1.000000|1.000000|1.000000
m60_51_58_00-AEG030_037_2002|13|195.411713|1634.500000|-108.582787|0.000000|160.000031|0.000000|1.000000|1.000000|1.000000
m60_51_58_00-AEG030_039_2000|13|202.312347|1630.000000|-115.116638|0.000000|-20.000059|0.000000|1.000000|1.000000|1.000000
m60_51_58_00-AEG030_040_2000|13|192.988068|1604.337402|-147.243164|0.000000|-109.999916|0.000000|1.000000|1.000000|1.000000
m60_51_58_00-AEG030_040_2001|13|199.096100|1604.500000|-145.020218|0.000000|-109.999893|0.000000|1.000000|1.000000|1.000000
m60_51_58_00-AEG030_040_2002|13|180.846222|1604.500000|-113.884018|0.000000|-109.999893|0.000000|1.000000|1.000000|1.000000
m60_51_58_00-AEG030_040_2003|13|205.278305|1604.500000|-104.991661|-0.000004|-109.999916|-0.000010|1.000000|1.000000|1.000000
m60_51_58_00-AEG030_040_2004|13|197.135559|1628.000000|-124.283936|0.000000|69.999985|0.000000|1.000000|1.000000|1.000000
m60_51_58_00-AEG030_040_2005|13|192.144287|1622.000000|-110.570099|-0.000000|69.999985|0.000027|1.000000|1.000000|1.000000
m60_51_58_00-AEG030_040_2006|13|206.365509|1634.000000|-105.785645|0.000000|160.000000|0.000055|1.000000|1.000000|1.000000
m60_51_58_00-AEG030_040_2007|13|202.094574|1628.000000|-137.908722|0.000000|69.999977|0.000000|1.000000|1.000000|1.000000
m60_51_58_00-AEG030_040_2008|13|213.080078|1634.000000|-124.233620|0.000000|69.999985|0.000000|1.000000|1.000000|1.000000
m60_51_58_00-AEG030_040_2009|13|213.080078|1634.000000|-124.233620|0.000000|69.999985|0.000000|1.000000|1.000000|1.000000
m60_51_58_00-AEG030_040_2010|13|214.384155|1634.000000|-128.547852|0.000000|160.000000|0.000000|1.000000|1.000000|1.000000
m60_51_58_00-AEG030_040_2011|13|216.820602|1634.000000|-134.280029|0.000000|-110.000031|0.000000|1.000000|1.000000|1.000000
m60_51_58_00-AEG030_040_2012|13|231.166061|1634.000000|-129.149734|0.000000|-20.000023|0.000000|1.000000|1.000000|1.000000
m60_51_58_00-AEG030_040_2013|13|223.781082|1634.000000|-125.127541|0.000000|69.999985|0.000000|1.000000|1.000000|1.000000
m60_51_58_00-AEG030_040_2014|13|218.013306|1634.000000|-122.438065|0.000000|-20.000023|0.000000|1.000000|1.000000|1.000000
m60_51_58_00-AEG030_040_2015|13|194.441635|1602.837402|-151.236847|0.000000|-19.999914|0.000000|1.000000|1.000000|1.000000
m60_51_58_00-AEG030_040_2016|13|200.549622|1602.837402|-149.013748|0.000000|-19.999895|0.000000|1.000000|1.000000|1.000000
m60_51_58_00-AEG030_040_2017|13|220.930725|1634.000000|-100.484344|0.000000|-110.000000|0.000055|1.000000|1.000000|1.000000
m60_51_58_00-AEG030_040_2018|13|202.708893|1599.054443|-154.361542|0.000000|-19.999895|0.000000|1.000000|1.000000|1.000000
m60_51_58_00-AEG030_040_2019|13|196.225021|1599.054443|-156.721451|0.000000|-19.999914|0.000000|1.000000|1.000000|1.000000
m60_51_58_00-AEG030_047_2000|13|209.809265|1663.521973|-114.516228|0.000000|70.000015|0.000000|1.000000|1.000000|1.000000
m60_51_58_00-AEG030_047_2001|13|208.747589|1658.555908|-135.119354|0.000000|-20.000023|0.000000|1.000000|1.000000|1.000000
m60_51_58_00-AEG030_052_2000|13|198.598175|1634.452881|-131.898926|0.000000|69.999786|0.000000|1.000000|1.000000|1.000000
m60_51_58_00-AEG030_054_2000|13|226.105957|1664.250000|-114.703629|0.000000|-109.999847|0.000000|1.000000|1.000000|1.000000
m60_51_58_00-AEG030_061_2000|13|193.468613|1649.886963|-116.011566|0.000000|70.000015|0.000000|1.000000|1.000000|1.000000
m60_51_58_00-AEG030_063_2000|13|232.690048|1634.500000|-132.793015|0.000000|-109.999908|0.000000|1.000000|1.000000|1.000000
m60_51_58_00-AEG030_174_2001|13|198.350632|1632.000000|-152.474640|0.000000|-19.999998|0.000000|1.000000|1.000000|1.000000
m60_51_58_00-AEG030_175_2001|13|222.840363|1664.071045|-122.543404|0.000000|69.999901|0.000000|1.000000|1.000000|1.000000
m60_51_58_00-AEG030_175_2002|13|201.279984|1658.500000|-135.670624|0.000000|69.999405|0.000000|1.000000|1.000000|1.000000
m60_51_58_00-AEG030_175_2003|13|194.898743|1652.500000|-109.833588|0.000000|159.999817|0.000000|1.000000|1.000000|1.000000
m60_51_58_00-AEG030_175_2004|13|209.115875|1664.250000|-113.342270|0.000000|69.999908|0.000000|1.000000|1.000000|1.000000
m60_51_58_00-AEG030_175_2005|13|208.949600|1664.250000|-104.845093|0.000027|160.000015|0.000109|1.000000|1.000000|1.000000
m60_51_58_00-AEG030_177_2000|13|213.744690|1664.250000|-103.017792|0.000000|159.999893|0.000000|1.000000|1.000000|1.000000
m60_51_58_00-AEG030_390_2000|13|201.398712|1636.000000|-130.879700|0.000000|-19.999998|0.000000|1.000000|1.000000|1.000000
m60_51_58_00-AEG030_391_2000|13|213.014465|1623.500000|-118.936684|0.000000|-19.999998|0.000000|1.000000|1.000000|1.000000
m60_51_58_00-AEG030_392_2000|13|206.094620|1640.250000|-129.162659|0.000000|-110.000023|0.000000|1.000000|1.000000|1.000000
m60_51_58_00-AEG030_823_2001|13|201.941895|1629.500000|-162.341431|0.000000|-19.999998|0.000000|1.000000|1.000000|1.000000
m60_51_58_00-AEG030_991_2000|13|200.784302|1596.500000|-148.928162|0.000000|-19.999998|0.000000|1.000000|1.000000|1.000000
