m463900_0000|0|0.000000|0.000000|0.000000|0.000000|0.000000|0.000000|1.000000|1.000000|1.000000
m463901_0000|0|0.000000|0.000000|0.000000|0.000000|0.000000|0.000000|1.000000|1.000000|1.000000
m463902_0000|0|0.000000|0.000000|0.000000|0.000000|0.000000|0.000000|1.000000|1.000000|1.000000
c4070_9000|2|-62.981998|26.305000|-111.535004|0.000000|31.985001|0.000000|1.000000|1.000000|1.000000
c4070_9001|2|-57.009998|27.860001|-112.230003|0.000000|160.434998|0.000000|1.000000|1.000000|1.000000
c4070_9002|2|-48.977001|30.122999|-86.103996|-13.263000|101.289001|-4.967000|1.000000|1.000000|1.000000
c4070_9003|2|-54.081001|28.209000|-106.579002|0.000000|58.285999|0.000000|1.000000|1.000000|1.000000
c4070_9004|2|-90.096001|64.366997|-1.920000|-0.000000|-25.903000|0.000000|1.000000|1.000000|1.000000
c4070_9005|2|-79.522003|54.833000|-15.593000|0.000000|142.095993|0.000000|1.000000|1.000000|1.000000
c4070_9006|2|-31.201000|42.867001|-73.848000|0.000000|129.462006|0.000000|1.000000|1.000000|1.000000
c4070_9007|2|-28.704000|43.469002|-72.192001|0.000000|88.228996|0.000000|1.000000|1.000000|1.000000
c4070_9008|2|-86.556999|52.978001|-22.754000|0.000000|169.865005|0.000000|1.000000|1.000000|1.000000
c4070_9009|2|-80.537003|53.000999|-23.016001|0.000000|159.737000|0.000000|1.000000|1.000000|1.000000
c4070_9010|2|-89.911003|48.605999|-52.678001|0.000000|-90.328003|0.000000|1.000000|1.000000|1.000000
c4070_9011|2|-90.347000|52.209999|-25.819000|0.000000|178.462997|0.000000|1.000000|1.000000|1.000000
c4071_9000|2|-87.906998|63.972000|-3.673000|-0.000000|-16.587999|0.000000|1.000000|1.000000|1.000000
c4170_9000|2|49.619999|170.733002|82.155998|0.000000|-91.890999|0.000000|1.000000|1.000000|1.000000
c4170_9001|2|54.525002|170.712997|89.649002|0.000000|141.412994|0.000000|1.000000|1.000000|1.000000
c4170_9002|2|52.207001|170.891006|104.067001|0.000000|3.408000|0.000000|1.000000|1.000000|1.000000
c4170_9003|2|47.257999|170.774994|100.170998|-1.385000|21.528000|-1.052000|1.000000|1.000000|1.000000
c4170_9004|2|59.694000|170.625000|85.043999|0.000000|-4.614000|0.000000|1.000000|1.000000|1.000000
c4191_9000|2|-107.862999|16.961000|-80.790001|14.929000|-101.516998|4.051000|1.000000|1.000000|1.000000
c4314_9000|2|82.933998|146.714005|33.450001|0.000000|-91.529999|0.000000|1.000000|1.000000|1.000000
c4314_9001|2|83.157997|146.373001|28.725000|0.000000|-91.594002|0.000000|1.000000|1.000000|1.000000
c4600_9000|2|-14.014000|110.009003|65.202003|-0.000000|-43.903999|-0.000000|1.000000|1.000000|1.000000
c0000_9000|4|62.290001|150.559998|45.750000|0.000000|-176.000000|0.000000|1.000000|1.000000|1.000000
h463900|5|0.000000|0.000000|0.000000|0.000000|0.000000|0.000000|1.000000|1.000000|1.000000
h463901|5|0.000000|0.000000|0.000000|0.000000|0.000000|0.000000|1.000000|1.000000|1.000000
h463902|5|0.000000|0.000000|0.000000|0.000000|0.000000|0.000000|1.000000|1.000000|1.000000
h463953|5|0.000000|0.000000|0.000000|0.000000|0.000000|0.000000|1.000000|1.000000|1.000000
AEG099_723_9000|9|-98.804001|2.415000|-134.067001|0.000000|9.852000|0.000000|1.000000|1.000000|1.000000
AEG099_723_9001|9|-88.857002|2.415000|-128.309998|0.000000|155.304001|0.000000|1.000000|1.000000|1.000000
AEG099_723_9002|9|-87.245003|2.415000|-145.688995|0.000000|142.313995|0.000000|1.000000|1.000000|1.000000
AEG099_800_9000|9|62.008999|154.703995|42.659000|0.000000|0.809000|0.000000|1.000000|1.000000|1.000000
c0100_9000|10|-51.296001|29.004999|-92.406998|0.000000|106.364998|0.000000|1.000000|1.000000|1.000000
c0100_9001|10|-107.161003|122.046997|106.841003|0.000000|-79.348000|0.000000|1.000000|1.000000|1.000000
c3000_9000|10|15.864000|44.214001|-124.799004|0.000000|-46.745998|0.000000|1.000000|1.000000|1.000000
c3000_9001|10|21.103001|46.318001|-118.761002|0.000000|-9.464000|0.000000|1.000000|1.000000|1.000000
c3000_9002|10|26.743000|47.063999|-125.066002|0.000000|4.245000|0.000000|1.000000|1.000000|1.000000
c4200_9000|10|-47.875999|30.677000|-92.663002|0.000000|121.799004|0.000000|1.000000|1.000000|1.000000
c4200_9001|10|-49.757000|30.132999|-95.177002|0.000000|122.643997|0.000000|1.000000|1.000000|1.000000
c4200_9002|10|-109.644997|122.808998|109.001999|0.000000|-76.738998|0.000000|1.000000|1.000000|1.000000
c4200_9003|10|-109.415001|122.482002|105.305000|0.000000|-80.428001|0.000000|1.000000|1.000000|1.000000
c4200_9004|10|-111.385002|122.303001|105.873001|0.000000|-81.818001|0.000000|1.000000|1.000000|1.000000
c4200_9005|10|-112.181999|122.471001|108.348000|0.000000|-92.653000|0.000000|1.000000|1.000000|1.000000
c4200_9006|10|-113.991997|122.113998|106.867996|0.000000|-95.652000|0.000000|1.000000|1.000000|1.000000
c4311_9000|10|142.681000|135.087006|-131.255005|0.000000|-126.831001|0.000000|1.000000|1.000000|1.000000
c4314_9002|10|100.377998|142.944000|29.091000|0.000000|102.405998|0.000000|1.000000|1.000000|1.000000
c4374_9001|10|141.412994|135.856995|-128.862000|-0.000000|-133.820007|0.000000|1.000000|1.000000|1.000000
c4560_9000|10|60.946999|171.098999|40.029999|0.000000|-36.375999|0.000000|1.000000|1.000000|1.000000
c6001_9000|10|33.227001|169.128998|64.628998|0.000000|27.594999|0.000000|1.000000|1.000000|1.000000
c6001_9001|10|35.028000|168.904999|66.533997|0.000000|47.382000|0.000000|1.000000|1.000000|1.000000
c6001_9002|10|74.352997|149.130005|10.488000|0.000000|42.595001|0.000000|1.000000|1.000000|1.000000
c6001_9003|10|76.585999|149.156998|11.862000|0.000000|62.382000|0.000000|1.000000|1.000000|1.000000
c6001_9004|10|74.575996|149.313995|12.206000|0.000000|21.895000|0.000000|1.000000|1.000000|1.000000
c6001_9005|10|103.816002|133.367996|-32.624001|33.296001|60.344002|-0.000000|1.000000|1.000000|1.000000
c6001_9006|10|116.556000|119.819000|-90.570999|0.000000|72.595001|0.000000|1.000000|1.000000|1.000000
c6001_9007|10|117.616997|119.989998|-91.949997|0.000000|81.894997|0.000000|1.000000|1.000000|1.000000
c6001_9008|10|-77.211998|46.004002|-58.921001|0.000000|7.158000|0.000000|1.000000|1.000000|1.000000
c6001_9009|10|-80.389000|45.196999|-58.499001|0.000000|-26.135000|0.000000|1.000000|1.000000|1.000000
c6001_9010|10|-8.382000|73.703003|-52.157001|0.000000|39.068001|0.000000|1.000000|1.000000|1.000000
c6001_9011|10|-7.678000|73.525002|-53.477001|0.000000|33.021000|0.000000|1.000000|1.000000|1.000000
c6001_9012|10|-59.794998|82.891998|-6.747000|0.000000|36.014000|0.000000|1.000000|1.000000|1.000000
c6001_9013|10|-58.215000|82.963997|-3.028000|0.000000|53.360001|0.000000|1.000000|1.000000|1.000000
c6001_9014|10|-56.909000|82.969002|-4.982000|0.000000|40.808998|0.000000|1.000000|1.000000|1.000000
c6001_9015|10|-34.700001|114.242996|66.777000|0.000000|-6.183000|0.000000|1.000000|1.000000|1.000000
c6001_9016|10|-44.939999|116.896004|70.319000|0.000000|0.349000|0.000000|1.000000|1.000000|1.000000
c6060_9000|10|49.339001|170.710999|92.902000|0.000000|130.570999|-0.000000|1.000000|1.000000|1.000000
c6060_9001|10|47.046001|170.731003|94.196999|0.000000|-170.397995|0.000000|1.000000|1.000000|1.000000
c6060_9002|10|110.638000|148.557999|79.502998|0.000000|25.610001|0.000000|1.000000|1.000000|1.000000
c6060_9003|10|110.129997|148.817001|82.186996|3.732000|19.243000|-0.000000|1.000000|1.000000|1.000000
c6060_9004|10|111.387001|148.541000|83.864998|0.000000|-23.809000|0.000000|1.000000|1.000000|1.000000
c6060_9005|10|115.047997|139.432007|15.391000|-0.000000|25.610001|0.000000|1.000000|1.000000|1.000000
c6060_9006|10|114.542000|140.031998|18.073999|-6.949000|19.243000|0.000000|1.000000|1.000000|1.000000
c6060_9007|10|115.796997|140.115997|19.753000|-13.001000|-23.809000|-0.000000|1.000000|1.000000|1.000000
c6060_9008|10|117.240997|139.369003|17.004999|-4.990000|27.915001|0.000000|1.000000|1.000000|1.000000
c6060_9009|10|-87.527000|51.333000|-29.334999|-0.000000|87.195999|0.000000|1.000000|1.000000|1.000000
c6060_9010|10|-91.306000|51.542000|-28.586000|-0.026000|78.668999|-0.000000|1.000000|1.000000|1.000000
c6060_9011|10|-88.343002|51.685001|-27.726999|-2.390000|77.899002|0.000000|1.000000|1.000000|1.000000
c6060_9012|10|-89.211998|51.108002|-30.306000|0.009000|97.696999|0.000000|1.000000|1.000000|1.000000
c6060_9013|10|-89.267998|19.398001|-101.496002|0.000000|87.195999|0.000000|1.000000|1.000000|1.000000
c6060_9014|10|-93.046997|18.527000|-100.747002|0.000000|78.668999|0.000000|1.000000|1.000000|1.000000
c6060_9015|10|-90.084000|19.271999|-99.886002|-13.629000|77.899002|0.000000|1.000000|1.000000|1.000000
c6060_9016|10|-90.953003|18.952999|-102.467003|-13.087000|97.696999|-0.000000|1.000000|1.000000|1.000000
c6060_9017|10|54.393002|70.528999|-54.196999|-0.000000|87.195999|0.000000|1.000000|1.000000|1.000000
c6060_9018|10|50.613998|70.666000|-53.448002|-4.788000|78.668999|0.000000|1.000000|1.000000|1.000000
c6060_9019|10|53.577000|71.014000|-52.587002|-0.000000|77.899002|-0.000000|1.000000|1.000000|1.000000
c6060_9020|10|52.708000|70.193001|-55.167999|0.540000|97.696999|0.000000|1.000000|1.000000|1.000000
c6060_9021|10|-97.109001|121.070999|88.671997|-4.788000|87.195999|0.000000|1.000000|1.000000|1.000000
c6060_9022|10|-100.888000|120.858002|89.420998|-0.000000|78.668999|-0.000000|1.000000|1.000000|1.000000
c6060_9023|10|-97.925003|121.198997|90.281998|-0.000000|77.899002|0.000000|1.000000|1.000000|1.000000
c6060_9024|10|-98.793999|120.820000|87.700996|-0.000000|97.696999|0.000000|1.000000|1.000000|1.000000
c6080_9010|10|-112.561996|12.048000|-106.254997|0.000000|-43.122002|0.000000|1.000000|1.000000|1.000000
c6080_9016|10|-111.189003|13.332000|-101.445000|0.000000|-177.632004|0.000000|1.000000|1.000000|1.000000
c6090_9000|10|99.616997|155.703995|56.941002|-7.405000|-12.073000|-5.332000|1.000000|1.000000|1.000000
c6100_9000|10|-114.328003|52.743000|-28.290001|0.000000|99.936996|-0.000000|1.000000|1.000000|1.000000
c6100_9001|10|-111.765999|52.523998|-28.079000|5.283000|96.402000|0.000000|1.000000|1.000000|1.000000
c6100_9002|10|-112.851997|52.862000|-26.631001|0.000000|64.488998|-0.000000|1.000000|1.000000|1.000000
c6100_9003|10|-22.104000|36.004002|-103.697998|-16.504999|99.936996|0.000000|1.000000|1.000000|1.000000
c6100_9004|10|-19.538000|36.820000|-103.486000|-0.000000|96.402000|-0.000000|1.000000|1.000000|1.000000
c6100_9005|10|-20.624001|36.632999|-102.038002|-18.194000|64.488998|0.000000|1.000000|1.000000|1.000000
c6100_9006|10|54.026001|83.935997|-14.204000|0.000000|99.936996|0.000000|1.000000|1.000000|1.000000
c6100_9007|10|56.588001|84.001999|-13.993000|-0.000000|96.402000|0.000000|1.000000|1.000000|1.000000
c6100_9008|10|55.501999|84.569000|-12.545000|-0.000000|64.488998|0.000000|1.000000|1.000000|1.000000
c6100_9009|10|-67.873001|87.758003|49.800999|0.412000|99.936996|-0.000000|1.000000|1.000000|1.000000
c6100_9010|10|-65.310997|87.806999|50.012001|-2.491000|96.402000|0.000000|1.000000|1.000000|1.000000
c6100_9011|10|-66.397003|87.944000|51.459999|-3.059000|64.488998|-0.000000|1.000000|1.000000|1.000000
c8100_9000|10|142.567993|135.856995|-127.754997|0.000000|-133.820007|0.000000|1.000000|1.000000|1.000000
h463901_0000|11|0.000000|0.000000|0.000000|0.000000|0.000000|0.000000|1.000000|1.000000|1.000000
h463901_0001|11|0.000000|0.000000|0.000000|0.000000|0.000000|0.000000|1.000000|1.000000|1.000000
h463902_0000|11|0.000000|0.000000|0.000000|0.000000|0.000000|0.000000|1.000000|1.000000|1.000000
AEG001_290_7004|13|16.347515|44.184895|-126.450401|15.013902|-131.991806|-4.350906|0.900000|0.900000|0.900000
AEG001_290_7008|13|-129.578613|7.280764|-105.461990|1.519171|140.774567|-18.164169|1.100000|1.100000|1.100000
AEG001_290_7009|13|2.802795|47.441185|-80.421867|-1.757976|128.741119|-13.335952|1.100000|1.100000|1.100000
AEG001_290_7010|13|-127.619041|2.650420|-124.843811|4.478856|111.669167|-7.944476|0.900000|0.900000|0.900000
AEG001_290_7011|13|-98.152466|17.608967|-94.895081|-16.233906|68.248100|-2.203111|1.100000|1.100000|1.100000
AEG001_290_7012|13|-70.690849|27.413836|-63.767197|-16.378143|42.524734|2.431001|1.100000|1.100000|1.100000
AEG001_290_7013|13|-54.861088|89.714035|60.247353|6.447480|162.893921|-6.608064|1.100000|1.100000|1.100000
AEG001_290_7014|13|-115.806946|2.200003|-127.647263|0.002022|121.110649|-0.003945|0.900000|0.900000|0.900000
AEG001_290_7015|13|-119.420677|2.200003|-126.400246|-0.000001|58.819778|-0.000000|1.100000|1.100000|1.100000
AEG001_290_7017|13|-59.016506|2.200003|-123.574150|-0.000010|31.779518|0.000000|1.200000|1.200000|1.200000
AEG001_290_7018|13|-98.763634|54.390373|-16.498394|10.194519|140.228394|-8.039314|1.100000|1.100000|1.100000
AEG001_290_7019|13|-114.308807|10.740204|-110.908340|8.740702|-119.674408|0.939751|1.100000|1.100000|1.100000
AEG001_290_7020|13|-74.747704|2.200004|-117.685997|-0.000016|-68.463539|0.000027|1.200000|1.200000|1.200000
AEG001_290_7021|13|-79.056793|2.200006|-118.303497|0.000027|65.498711|0.000055|0.900000|0.900000|0.900000
AEG001_290_7023|13|-43.194855|47.283245|-49.847248|6.251482|143.389481|-11.026199|0.900000|0.900000|0.900000
AEG001_290_7024|13|15.125251|44.792854|-118.923630|7.931243|-55.832096|13.454162|1.100000|1.100000|1.100000
AEG001_290_7025|13|-41.229645|46.331848|-54.919827|-10.095709|48.002838|-2.225952|1.100000|1.100000|1.100000
AEG001_290_7026|13|-61.274094|2.200003|-118.503929|0.000000|-69.325005|-0.000017|0.900000|0.900000|0.900000
AEG001_290_7027|13|-74.253647|2.200003|-127.956299|0.000055|120.726845|0.000027|0.900000|0.900000|0.900000
AEG001_290_7028|13|-104.849167|52.859314|-23.917910|11.107907|-174.001648|3.569867|0.900000|0.900000|0.900000
AEG001_290_7030|13|-90.655670|2.200003|-126.789772|-0.000000|-89.302040|0.000027|0.900000|0.900000|0.900000
AEG001_290_7031|13|-83.925713|2.200002|-123.462601|0.000000|-178.302032|0.000000|1.100000|1.100000|1.100000
AEG001_290_7032|13|-104.393608|3.240505|-126.367226|-7.603436|52.479099|-3.292745|0.900000|0.900000|0.900000
AEG001_348_7005|13|43.731693|161.554230|44.771179|-6.757242|69.387283|13.805533|1.000000|1.000000|1.000000
AEG001_348_7008|13|48.058674|161.928543|47.246258|13.144154|-72.226288|3.306358|1.000000|1.000000|1.000000
AEG001_348_7009|13|44.988110|161.300995|47.502979|-9.791167|137.347046|-9.407751|1.000000|1.000000|1.000000
AEG001_348_7010|13|49.666054|163.037186|41.276688|-8.629944|77.532944|12.732649|1.000000|1.000000|1.000000
AEG001_348_7086|13|123.485497|128.336060|-92.648743|-4.579883|-178.743637|-5.836780|1.000000|1.000000|1.000000
AEG001_348_7087|13|125.076126|129.647781|-113.123901|4.399954|-154.859985|-10.575569|1.000001|1.000000|1.000000
AEG001_348_7088|13|116.019638|128.044601|-108.365913|-0.355308|33.987617|10.740857|1.000000|1.000000|1.000000
AEG001_348_7089|13|136.757126|131.695160|-117.202995|5.288534|5.424800|16.619761|1.000001|1.000001|1.000000
AEG001_348_7090|13|122.279434|129.825104|-125.985138|1.435405|161.619537|-7.927248|1.000000|1.000000|1.000000
AEG001_348_7091|13|134.553818|130.476929|-96.908592|8.082983|-158.291519|-8.649698|1.000000|1.000000|1.000000
AEG001_348_7092|13|130.311951|131.227203|-129.410141|7.757839|-101.539330|-7.459729|1.000001|1.000000|1.000000
AEG001_348_7093|13|131.139221|130.045166|-100.000931|-8.823524|87.429771|6.159302|1.000000|1.000000|1.000000
AEG001_348_7094|13|127.850464|129.504578|-100.459213|-8.823524|87.429771|6.159302|1.000000|1.000000|1.000000
AEG001_348_7095|13|126.298401|129.921906|-116.301407|6.731313|-33.814171|9.277282|1.000000|1.000000|1.000000
AEG001_348_7096|13|134.375854|131.263840|-116.392395|5.989995|-18.270874|10.101438|1.000001|1.000001|1.000000
AEG001_348_7097|13|135.000488|131.325394|-114.267334|4.777718|5.551186|9.637424|1.000001|1.000001|1.000000
AEG001_348_7098|13|115.547501|128.658539|-125.191086|-8.795804|87.122215|4.182890|1.000000|1.000000|1.000000
AEG001_348_7099|13|125.631180|129.561371|-108.701584|-8.823524|87.429771|6.159302|1.000000|1.000000|1.000000
AEG001_348_7100|13|118.338783|128.642181|-115.117210|5.722929|-115.589447|-9.111306|1.000001|1.000000|1.000000
AEG001_348_7101|13|129.794647|131.358459|-132.284637|6.683559|-6.539179|8.434684|1.000000|1.000000|1.000000
AEG001_348_7102|13|114.423264|128.575485|-128.412552|7.545748|-28.606598|6.164982|1.000000|1.000000|1.000000
AEG001_348_7103|13|117.268646|129.224503|-131.207672|7.742781|-104.798965|-5.915074|1.000000|1.000000|1.000000
AEG001_348_7104|13|134.521439|131.743118|-121.936348|-2.097791|-159.239304|-10.542265|1.000000|1.000000|1.000000
AEG001_348_7105|13|117.082458|129.066574|-127.713066|0.246843|-156.178711|-9.729595|1.000000|1.000000|1.000000
AEG001_348_7106|13|136.538040|130.877792|-95.065102|3.121999|-37.051571|8.400095|1.000000|1.000000|0.999999
AEG001_348_7107|13|123.583542|129.361160|-114.933655|-11.376584|98.607567|-1.255191|1.000000|1.000000|1.000000
AEG001_348_7108|13|118.788368|128.348892|-105.370125|5.722929|-115.589447|-9.111306|1.000001|1.000000|1.000000
AEG001_348_7109|13|124.200417|130.634644|-136.491898|-9.587710|95.363396|4.877388|1.000000|1.000000|1.000001
AEG001_348_7110|13|133.258347|131.560669|-125.423920|4.777718|5.551186|9.637424|1.000001|1.000001|1.000000
AEG001_348_7111|13|118.590088|129.169785|-125.630112|8.325563|-36.568024|5.058712|1.000000|1.000000|1.000000
AEG001_348_7112|13|124.168541|128.580154|-93.729370|9.710481|-67.377312|4.248981|1.000000|1.000000|1.000000
AEG001_348_7113|13|130.410461|129.627457|-93.396751|2.631237|-15.252587|10.262825|1.000000|1.000000|1.000000
AEG001_348_7114|13|123.555550|129.919876|-125.661659|7.742781|-104.798965|-5.915074|1.000000|1.000000|1.000000
AEG001_348_7115|13|126.292053|128.944489|-95.609360|-7.236736|42.474834|7.754014|1.000000|1.000000|1.000000
AEG001_348_7120|13|123.370560|121.969101|-82.760864|-5.308779|-55.161900|-2.444415|1.000000|1.000000|1.000000
AEG001_348_7121|13|125.894226|121.907791|-78.392227|-5.596220|-63.130768|-1.683047|1.000000|1.000000|1.000000
AEG001_348_7124|13|116.998657|123.597412|-60.248501|-3.413124|-143.025726|3.376601|1.000001|1.000000|0.999999
AEG001_348_7125|13|127.249596|121.979271|-83.969040|-3.575003|-132.230972|-0.609006|1.000000|1.000000|1.000000
AEG001_348_7127|13|116.599854|124.041023|-45.759056|-5.750665|-93.030487|5.504066|1.000000|1.000000|1.000000
AEG001_348_7129|13|122.951935|122.186302|-79.380585|4.467271|60.098583|-3.770102|1.000000|1.000000|1.000000
AEG001_348_7131|13|120.946884|122.769981|-69.137863|-3.413124|-143.025726|3.376601|1.000001|1.000000|0.999999
AEG001_348_7132|13|125.492989|122.023727|-80.934364|1.341859|176.884735|5.687389|1.000000|1.000000|1.000000
AEG001_348_7133|13|122.948669|124.030190|-51.762897|-0.664331|58.872585|-0.107060|1.000000|1.000000|1.000000
AEG001_348_7136|13|125.718452|123.995224|-50.917507|-0.664331|58.872585|-0.107060|1.000000|1.000000|1.000000
AEG001_348_7142|13|115.476021|124.065971|-46.781548|2.354419|154.149704|7.984956|1.000000|1.000000|1.000000
AEG001_348_7143|13|115.846756|123.582382|-64.173561|1.265907|6.924844|-4.630186|1.000000|1.000000|1.000000
AEG001_348_7147|13|108.984627|125.943680|-13.590539|6.618015|173.641663|0.150155|1.000001|1.000001|1.000000
AEG001_348_7148|13|109.700447|125.149696|-24.825708|6.709759|172.550705|9.465551|1.000001|1.000000|1.000000
AEG001_348_7149|13|108.440018|125.572319|-17.232647|-3.947090|8.296308|-2.711112|1.000000|1.000000|1.000000
AEG001_348_7165|13|107.285011|125.285355|-22.330118|7.275136|172.179672|16.439613|1.000001|1.000001|1.000000
AEG001_348_7171|13|109.891251|125.347679|-22.600424|7.591726|149.786789|1.585205|1.000001|1.000001|1.000000
AEG001_348_7172|13|111.171715|126.798286|-9.146573|-8.838822|65.675087|-9.231730|1.000000|1.000000|1.000000
AEG001_348_7175|13|97.321243|156.094788|59.840679|-10.323610|-28.081682|-5.708567|1.000000|1.000000|1.000000
AEG001_348_7176|13|100.041885|157.390701|73.961739|0.220698|-120.471680|8.798432|1.000001|1.000001|1.000001
AEG001_348_7177|13|90.072739|158.032028|68.692535|0.220698|-120.471680|8.798432|1.000001|1.000001|1.000001
AEG001_348_7178|13|96.510773|157.841705|72.903625|2.081184|74.701004|-8.553431|1.000000|1.000000|1.000000
AEG001_348_7179|13|113.524673|154.299042|60.498459|3.324008|-154.838806|8.005200|1.000000|1.000000|1.000000
AEG001_348_7180|13|108.843414|155.085770|62.208557|4.409926|-162.893936|7.464769|1.000000|1.000000|1.000000
AEG001_348_7183|13|92.491180|155.877167|50.243671|7.363000|117.856537|-4.834874|1.000000|1.000000|1.000000
AEG001_348_7184|13|114.093201|154.705353|64.478630|8.548968|128.499313|-1.410664|1.000000|1.000000|1.000000
AEG001_348_7187|13|107.583633|156.665970|75.267311|2.058810|-132.608734|8.558829|1.000000|1.000000|1.000000
AEG001_348_7188|13|105.941360|155.798889|66.244507|8.548968|128.499313|-1.410664|1.000000|1.000000|1.000000
AEG001_348_7189|13|114.249733|155.646057|73.256531|-8.793427|-31.426268|0.371015|1.000000|1.000000|1.000001
AEG001_348_7190|13|110.283279|154.630707|59.482540|-8.654965|-39.635689|-0.390605|1.000000|1.000000|1.000000
AEG001_348_7191|13|91.129166|156.776688|57.775509|-8.658110|-39.334652|1.586626|1.000000|1.000000|1.000000
AEG001_348_7192|13|100.564171|155.397400|55.710892|7.363000|117.856537|-4.834874|1.000000|1.000000|1.000000
AEG001_348_7193|13|111.403587|154.826996|62.237434|4.303374|77.676971|-7.526481|1.000000|1.000000|1.000000
AEG001_348_7194|13|83.213081|157.361115|54.635590|-8.658110|-39.334652|1.586626|1.000000|1.000000|1.000000
AEG001_348_7195|13|91.388512|158.155838|71.869637|0.606930|-120.022095|15.768042|1.000001|1.000001|1.000000
AEG001_348_7196|13|106.957932|155.686935|65.410156|5.935271|35.528503|-8.988662|1.000000|1.000000|1.000000
AEG001_348_7198|13|94.999290|156.514771|59.972336|8.412040|79.044327|-8.279024|1.000000|1.000000|1.000000
AEG001_348_7200|13|96.822395|156.527466|62.860550|2.655280|-159.832581|11.482805|1.000000|1.000001|1.000000
AEG001_348_7201|13|92.140511|157.805725|69.456024|1.457728|-144.188034|11.147583|1.000001|1.000001|1.000000
AEG001_348_7202|13|104.969879|156.760361|73.960793|8.307369|131.757141|-2.916896|1.000001|1.000000|1.000000
AEG001_348_7204|13|96.523376|155.353516|49.796028|-3.962219|-92.182198|7.865128|1.000000|1.000000|1.000000
AEG001_348_7205|13|110.993225|155.259460|113.126373|-16.047262|-114.386787|3.921779|1.000000|1.000000|1.000000
AEG001_348_7206|13|97.499809|159.151962|116.482201|10.357901|151.304810|13.969919|1.000001|1.000001|1.000000
AEG001_348_7208|13|98.351761|159.064163|112.868576|-6.339219|-13.323594|-16.161451|1.000000|1.000000|1.000000
AEG001_348_7209|13|111.259827|155.232880|129.440079|14.539753|117.505554|6.702082|1.000000|1.000000|1.000000
AEG001_348_7210|13|109.354919|155.819382|124.804901|15.308529|109.737801|4.638601|1.000000|1.000000|1.000000
AEG001_348_7211|13|111.097328|155.617874|89.362137|18.668030|110.222679|2.818599|1.000000|1.000000|0.999999
AEG001_348_7214|13|107.448418|156.350403|130.184631|10.016800|42.462616|-12.514821|1.000000|1.000000|1.000000
AEG001_348_7217|13|96.657715|159.414764|124.119583|13.026726|139.256653|11.528840|1.000000|1.000000|1.000000
AEG001_348_7218|13|105.280388|156.898956|122.075035|10.016800|42.462616|-12.514821|1.000000|1.000000|1.000000
AEG001_348_7219|13|98.968521|158.748657|130.732971|-14.018100|-117.154114|10.292027|1.000000|1.000000|1.000001
AEG001_348_7220|13|112.072685|155.064102|126.129570|-12.387356|-125.531403|10.174850|1.000000|1.000000|1.000000
AEG001_348_7222|13|115.187889|154.213898|116.187386|6.707655|31.521917|-16.015415|1.000000|1.000000|0.999999
AEG001_348_7223|13|109.474899|155.827179|127.375465|-3.662730|-10.139318|-15.565002|1.000000|1.000000|1.000000
AEG001_348_7224|13|115.496017|154.939758|98.659752|-12.472224|-125.092636|12.127984|1.000000|1.000000|1.000001
AEG001_348_7226|13|106.159233|156.752365|123.048813|-5.393143|-52.529823|-9.675700|1.000000|1.000000|1.000000
AEG001_348_7227|13|112.839256|154.930618|96.482269|-12.472224|-125.092636|12.127984|1.000000|1.000000|1.000001
AEG001_348_7228|13|110.758537|155.460388|110.783356|0.613758|-8.850870|-16.496183|1.000000|1.000000|1.000000
AEG001_348_7230|13|108.052315|156.136063|112.754524|13.792215|111.950104|9.159405|1.000001|1.000000|1.000000
AEG001_348_7231|13|101.416283|158.017090|108.341019|12.864585|127.315536|11.847265|1.000001|1.000000|1.000000
AEG001_348_7232|13|97.765350|159.027863|121.441696|10.427706|45.853539|-13.918402|1.000001|1.000001|1.000000
AEG001_348_7233|13|103.882973|142.282089|12.010976|-3.966646|-153.894791|3.982738|1.000000|1.000000|1.000000
AEG001_348_7234|13|98.544357|143.206833|8.304766|5.339815|53.048908|-1.751015|1.000000|1.000000|1.000000
AEG001_348_7235|13|101.696671|142.785202|9.827421|-4.706930|-141.906479|3.071973|1.000000|1.000000|1.000000
AEG001_348_7236|13|95.816582|144.647217|-5.207094|24.637886|38.292385|-7.034850|1.000000|1.000000|1.000000
AEG001_348_7237|13|91.301270|144.990784|-1.845841|-8.411325|176.276001|9.889924|1.000000|1.000000|1.000000
AEG001_348_7238|13|101.105919|143.671478|-2.300160|5.102890|95.862244|2.355021|1.000000|1.000000|1.000000
AEG001_348_7239|13|107.363228|141.829681|12.262501|-3.163970|-53.161171|-4.645676|1.000000|1.000000|1.000000
AEG001_348_7240|13|103.532982|143.347473|-1.275005|-5.595947|-114.007996|0.506992|1.000000|1.000000|1.000000
AEG001_348_7241|13|99.500793|143.653275|0.914608|-3.779837|-61.170124|-4.160378|1.000000|1.000000|1.000000
AEG001_348_7242|13|108.482376|142.296555|5.322995|-3.779837|-61.170124|-4.160378|1.000000|1.000000|1.000000
AEG001_348_7243|13|92.624969|144.714645|-1.628751|15.371532|53.733261|0.245698|1.000000|1.000000|1.000000
AEG001_348_7244|13|85.292679|147.083862|3.797219|12.183777|25.001686|-10.435384|1.000000|1.000000|1.000000
AEG001_348_7245|13|90.401474|145.611526|7.647477|-15.531588|-128.589752|3.850669|1.000000|1.000000|1.000000
AEG001_348_7246|13|87.387253|146.505188|6.050849|14.056065|36.835777|-7.701668|1.000000|1.000000|1.000000
AEG001_348_7247|13|92.648697|144.164261|21.246786|5.967401|-144.253586|3.884684|1.000000|1.000000|1.000000
AEG001_348_7248|13|97.207169|143.402954|18.014938|-1.702987|-5.704409|-10.652280|1.000000|1.000000|1.000000
AEG001_348_7249|13|87.521683|145.462646|18.179647|-14.084782|-87.061363|-7.648262|1.000000|1.000000|1.000000
AEG001_348_7250|13|81.884544|147.886429|3.449909|8.180655|123.894234|13.786491|1.000000|1.000000|1.000000
AEG001_348_7251|13|85.192429|146.131073|17.095978|15.987530|63.927799|-0.305722|1.000000|1.000000|1.000000
AEG001_348_7252|13|89.214676|145.338806|15.012644|10.029557|115.782059|12.518373|1.000000|1.000000|1.000000
AEG001_348_7253|13|80.578415|147.750153|10.371086|10.029557|115.782059|12.518373|1.000000|1.000000|1.000000
AEG001_348_7254|13|95.883072|143.628113|17.747248|-5.619141|-127.232834|5.471200|1.000000|1.000000|1.000000
AEG001_348_7255|13|61.964111|149.327194|26.160734|8.958339|114.188049|6.700963|1.000000|1.000000|1.000000
AEG001_348_7256|13|65.816895|149.122055|20.849810|-4.941514|-38.720345|-10.030947|1.000000|1.000000|1.000000
AEG001_348_7257|13|64.218689|149.217102|23.991468|7.376799|126.170326|8.412091|1.000000|1.000000|1.000000
AEG001_348_7258|13|79.328758|147.390686|18.296803|12.419387|-54.480640|-12.327916|1.000000|1.000000|1.000000
AEG001_348_7259|13|76.156105|148.226501|13.709888|4.196576|83.842758|5.763149|1.000000|1.000000|1.000000
AEG001_348_7260|13|76.244331|147.366806|23.575548|3.310976|5.022965|-10.674889|1.000000|1.000000|1.000000
AEG001_348_7262|13|75.157478|147.402893|25.997036|6.841094|137.369827|-6.077365|1.000000|1.000000|1.000000
AEG001_348_7263|13|73.115822|147.973907|21.915625|-7.239399|-151.745789|8.530414|1.000000|1.000000|1.000000
AEG001_348_7265|13|75.874786|148.076553|15.041790|5.245940|-37.680046|-8.187009|1.000000|1.000000|1.000000
AEG001_348_7266|13|72.971451|162.640869|60.986286|14.214388|164.840500|5.832381|1.000000|1.000000|1.000000
AEG001_348_7267|13|73.151070|161.870087|55.315948|-10.085130|11.539385|-11.621373|1.000000|1.000000|1.000000
AEG001_348_7268|13|74.601601|162.247345|58.507652|12.727432|176.603180|8.637735|1.000000|1.000000|1.000000
AEG001_348_7269|13|77.012962|158.974579|42.828285|6.998594|-4.419087|-12.476225|1.000000|1.000000|1.000000
AEG001_348_7270|13|71.457390|159.818848|42.351906|8.285048|134.778671|2.383190|1.000000|1.000000|1.000000
AEG001_348_7271|13|79.198830|159.456421|48.517681|0.709438|55.663765|-15.325598|1.000000|1.000000|1.000000
AEG001_348_7272|13|74.786667|162.648880|63.516289|-8.629948|-92.467018|12.732648|1.000000|1.000000|1.000000
AEG001_348_7273|13|80.407326|159.704147|50.868156|7.198993|-155.290176|13.583635|1.000000|1.000000|1.000000
AEG001_348_7274|13|75.951508|160.218018|49.854221|-6.757243|-100.612694|13.805535|1.000000|1.000000|1.000000
AEG001_348_7276|13|72.318680|159.758789|43.414986|0.163050|12.748030|-9.876315|1.000000|1.000000|1.000000
AEG001_348_7278|13|62.264801|170.620697|79.878761|2.033266|166.595978|-2.823738|1.000000|1.000000|1.000000
AEG001_348_7279|13|60.457359|170.567505|73.568268|-3.093231|13.588877|1.593403|1.000000|1.000000|1.000000
AEG001_348_7280|13|61.937592|170.693954|76.766121|2.575883|178.598450|-2.339448|1.000000|1.000000|1.000000
AEG001_348_7283|13|69.133812|170.972809|66.950348|-3.349170|56.518280|-0.942602|1.000000|1.000000|1.000000
AEG001_348_7284|13|64.808868|170.713547|82.307594|2.386359|-92.506912|2.532470|1.000000|1.000000|1.000000
AEG001_348_7285|13|70.367226|171.064636|69.299133|3.372036|-153.428925|-0.857162|1.000000|1.000000|1.000000
AEG001_348_7286|13|65.858398|170.845093|68.422379|2.715464|-100.505730|2.175856|1.000000|1.000000|1.000000
AEG001_348_7287|13|70.045364|171.054871|77.607620|2.715464|-100.505730|2.175856|1.000000|1.000000|1.000000
AEG001_348_7288|13|68.891678|171.121521|57.077713|6.619271|-115.247833|-2.393081|1.000000|1.000000|1.000000
AEG001_348_7289|13|62.361515|170.635269|57.538689|-6.983792|91.561066|-0.864192|1.000000|1.000000|1.000000
AEG001_348_7290|13|65.782158|170.966354|56.749443|6.970210|-103.327255|-0.968193|1.000000|1.000000|1.000000
AEG001_348_7291|13|51.685509|169.979004|48.725178|12.932693|76.063766|-2.952660|1.000000|1.000000|1.000000
AEG001_348_7292|13|50.244156|169.895981|54.176754|-2.407504|-145.401520|-0.920191|1.000000|1.000000|1.000000
AEG001_348_7293|13|57.698322|170.313492|47.669899|-4.529754|134.400406|-5.390575|1.000000|1.000000|1.000000
AEG001_348_7294|13|71.787674|171.333344|55.090637|1.097448|-14.452899|6.951082|1.000000|1.000000|1.000000
AEG001_348_7295|13|60.241478|170.551880|46.947342|6.613291|-75.525482|2.409691|1.000000|1.000000|1.000000
AEG001_348_7296|13|58.456001|170.382172|51.181694|2.058374|-22.507278|6.730467|1.000000|1.000000|1.000000
AEG001_348_7297|13|68.278183|171.181885|48.984268|2.058374|-22.507278|6.730467|1.000000|1.000000|1.000000
AEG001_348_7298|13|51.442341|169.889023|53.513515|3.038206|92.655891|0.940381|1.000000|1.000000|1.000000
AEG001_348_7299|13|34.782066|172.005524|69.923035|7.954438|132.664917|0.095213|1.000000|1.000000|1.000000
AEG001_348_7300|13|36.790802|171.525818|63.691910|-7.053868|-20.555809|-3.687019|1.000000|1.000000|1.000000
AEG001_348_7301|13|36.248993|171.826447|67.163139|7.763165|144.553299|1.741916|1.000000|1.000000|1.000000
AEG001_348_7305|13|35.540520|172.126755|73.356712|-1.621541|-126.218124|7.789011|1.000000|1.000000|1.000000
AEG001_348_7308|13|42.504581|171.666092|72.399208|-0.514990|-134.292755|7.938457|1.000000|1.000000|1.000000
AEG001_348_7310|13|35.924919|171.514038|77.098389|8.864875|5.269764|-2.001736|1.000000|1.000000|1.000000
AEG001_348_7311|13|33.171700|171.210709|94.734428|2.848382|157.329895|2.934850|1.000000|1.000000|1.000000
AEG001_348_7312|13|32.410545|171.399689|88.216995|-1.204665|4.361786|-3.907759|1.000000|1.000000|1.000000
AEG001_348_7313|13|33.360161|171.345963|91.612389|2.175936|169.337082|3.462742|1.000000|1.000000|1.000000
AEG001_348_7314|13|40.715946|171.311737|77.122025|17.710842|-10.943857|-7.420710|1.000000|1.000000|1.000000
AEG001_348_7315|13|35.213951|171.676605|75.939217|-2.994409|127.182236|5.579964|1.000000|1.000000|1.000000
AEG001_348_7316|13|42.039104|170.989975|83.082321|1.788089|47.460278|-3.677885|1.000000|1.000000|1.000000
AEG001_348_7318|13|42.880062|170.934738|85.599518|0.293342|-162.607574|4.078443|1.000000|1.000000|1.000000
AEG001_348_7319|13|38.572464|171.179489|84.008575|-3.083232|-109.524796|2.687080|1.000000|1.000000|1.000000
AEG001_348_7320|13|41.221474|170.879074|93.746948|-3.083232|-109.524796|2.687080|1.000000|1.000000|1.000000
AEG001_348_7321|13|40.029976|171.809402|99.997383|-5.298942|-31.555645|2.283687|1.000000|1.000000|1.000000
AEG001_348_7322|13|39.781456|172.771652|106.486160|5.757165|175.320267|0.366097|1.000000|1.000000|1.000000
AEG001_348_7323|13|39.370323|172.350342|103.009552|-5.656598|-19.605307|1.134003|1.000000|1.000000|1.000000
AEG001_348_7327|13|38.368687|171.405807|96.922104|-1.238371|69.277702|-5.634742|1.000000|1.000000|1.000000
AEG001_348_7328|13|29.030697|173.318695|107.380661|-5.528601|8.259001|-1.649820|1.000000|1.000000|1.000000
AEG001_348_7330|13|31.925556|172.125946|99.677948|-2.012609|61.243587|-5.407407|1.000000|1.000000|1.000000
AEG003_054_1000|13|66.180771|148.871857|27.438534|4.951805|-163.008484|7.421438|1.000000|1.000000|1.000000
AEG003_054_1001|13|69.381653|148.398773|25.570814|-0.725797|-162.013519|4.395496|1.000000|1.000000|1.000000
AEG003_061_1000|13|69.332596|148.529709|28.914711|3.708410|64.034615|-6.599332|1.000000|1.000000|1.000000
AEG003_062_1000|13|74.539154|147.901108|29.195715|-8.469543|-82.279442|2.208527|1.000000|1.000000|1.000000
AEG003_079_1000|13|81.425919|146.398453|26.713549|0.000000|-70.926163|0.000000|1.000000|1.000000|1.000000
AEG003_405_1000|13|-52.175446|94.873924|79.133362|-2.243405|90.000000|1.008025|1.000001|1.000001|1.000000
AEG004_043_1065|13|129.491302|127.907875|-93.433807|27.153463|9.849311|-178.970657|1.000000|1.000000|1.000000
AEG004_043_1067|13|97.801453|149.488373|43.549538|138.439026|35.489334|33.793301|1.000000|1.000000|1.000000
AEG004_043_1068|13|110.087479|137.282227|1.334723|-165.265793|-62.708145|-27.072529|1.000000|1.000000|1.000000
AEG004_043_1069|13|91.219055|169.706314|106.786240|122.073952|13.649664|15.775749|1.000000|1.000000|1.000000
AEG004_043_1070|13|47.117588|164.016083|50.632195|-27.856678|-80.397820|123.994247|1.000000|1.000000|1.000000
AEG004_311_1023|13|116.228020|139.198242|26.993114|-43.061188|-159.134079|68.467293|1.000000|1.000000|1.000000
AEG004_311_1024|13|120.522751|132.755249|-1.229652|82.403770|132.138245|7.221958|1.000000|1.000000|1.000000
AEG004_311_1026|13|120.100586|121.841805|-66.177979|-42.308796|35.666336|53.576378|1.000000|1.000000|1.000000
AEG004_311_1027|13|62.260864|148.733459|28.518347|-131.194565|15.028076|49.310383|1.000000|1.000000|1.000000
AEG004_311_1028|13|78.270630|146.475296|8.029961|-71.307373|59.977489|-45.315311|1.000000|1.000000|1.000000
AEG004_311_1029|13|40.361538|162.866135|41.645493|-140.036972|-15.839260|44.098969|1.000000|1.000000|1.000000
AEG004_690_1000|13|84.282028|146.010529|26.990654|-0.000002|151.045609|-0.000001|1.000001|1.000000|1.000000
AEG004_805_1000|13|-52.716003|92.800003|83.221008|0.000000|-180.000000|0.000000|1.000000|1.000000|1.000000
AEG004_806_1001|13|62.283997|150.800003|48.220978|0.000000|180.000000|0.000000|1.000000|1.000000|1.000000
AEG007_406_1000|13|81.425919|146.940872|26.713549|-0.000000|-100.926033|-0.000000|1.000000|1.000000|1.000000
AEG040_010_7007|13|132.169235|131.411148|-128.290314|8.531885|-82.422165|-1.729303|1.000000|1.000000|1.000000
AEG040_010_7008|13|137.732849|131.185501|-98.625267|10.229025|-48.859512|4.299486|1.000000|1.000000|1.000000
AEG040_010_7009|13|126.698540|129.821686|-114.273781|6.463293|-113.136093|-6.516157|1.000000|1.000000|1.000000
AEG040_010_7010|13|115.977081|128.799683|-126.288254|-2.437371|33.820850|8.131795|1.000000|1.000000|1.000000
AEG040_010_7011|13|134.386566|131.887100|-123.953743|8.166471|-17.142557|8.984615|1.000000|1.000000|1.000000
AEG040_010_7012|13|116.941162|128.060196|-105.035622|-4.733640|158.267899|-7.455337|1.000000|1.000000|1.000000
AEG040_010_7013|13|123.494827|128.453918|-92.102066|-3.945873|167.048309|1.279177|1.000000|1.000000|1.000000
AEG040_010_7014|13|123.837784|122.084305|-80.163620|-0.853027|6.832886|-7.242809|1.000000|1.000000|1.000000
AEG040_010_7016|13|115.276718|124.245575|-46.290775|0.543485|134.406219|0.410431|1.000000|1.000001|1.000000
AEG040_010_7017|13|115.188446|123.795876|-60.788109|6.996103|131.788895|2.638658|1.000000|1.000000|1.000000
AEG040_010_7022|13|108.116318|125.713211|-15.234006|2.093748|156.579102|-1.234401|1.000000|1.000000|1.000000
AEG040_010_7025|13|109.580742|126.244751|-10.482595|-6.218987|95.974617|-10.928941|1.000000|1.000000|1.000000
AEG040_010_7028|13|110.911064|154.681396|60.488316|-6.033865|-92.512436|5.271563|1.000000|1.000000|1.000000
AEG040_010_7029|13|98.211670|157.825699|74.006104|3.631171|-143.149582|9.946302|1.000000|1.000000|1.000000
AEG040_010_7031|13|93.312363|155.627914|48.549286|-0.308470|32.139740|-8.776680|1.000000|1.000000|1.000000
AEG040_010_7032|13|102.974632|157.020767|74.790558|7.563145|150.833130|2.742695|1.000000|1.000000|1.000000
AEG040_010_7033|13|94.957146|156.586212|61.966782|7.914273|120.220703|-2.175136|1.000000|1.000000|1.000000
AEG040_010_7035|13|111.137131|155.344070|126.803825|0.343663|-179.830154|14.547611|1.000000|1.000000|1.000000
AEG040_010_7036|13|97.389870|159.402435|114.620468|14.979446|128.578110|10.870975|1.000000|1.000000|1.000000
AEG040_010_7039|13|96.842186|159.221130|119.480118|13.131827|64.824417|-6.979695|1.000000|1.000000|1.000000
AEG040_010_7040|13|108.803375|155.857910|110.846657|7.738438|33.981308|-13.372824|1.000000|1.000000|1.000000
AEG040_010_7041|13|99.324471|143.102463|9.521066|1.868351|141.750595|9.303745|1.000000|1.000000|1.000000
AEG040_010_7042|13|91.709343|144.669846|-0.049040|-2.653329|163.813629|8.156386|1.000000|1.000000|1.000000
AEG040_010_7043|13|101.900055|143.642075|-2.719820|8.450553|36.222599|-4.329394|1.000000|1.000000|1.000000
AEG040_010_7044|13|89.705292|145.947906|6.422304|-4.201432|-40.390060|-11.434427|1.000000|1.000000|1.000000
AEG040_010_7045|13|96.822189|143.490570|16.186789|-0.496301|-18.112963|-13.335682|1.000000|1.000000|1.000000
AEG040_010_7046|13|86.740562|145.648926|18.583107|-9.909654|-145.352615|7.104016|1.000000|1.000000|1.000000
AEG040_010_7047|13|64.602814|149.331177|21.612125|9.945105|50.461075|-1.100106|1.000000|1.000000|1.000000
AEG040_010_7048|13|74.330315|148.333176|14.101234|8.736599|72.141678|1.500666|1.000000|1.000000|1.000000
AEG040_010_7049|13|76.641975|147.087997|24.377600|-10.238843|-55.531700|-2.672427|1.000000|1.000000|1.000000
AEG040_010_7050|13|72.946846|162.037796|56.742107|13.550338|101.786995|-6.160452|1.000000|1.000000|1.000000
AEG040_010_7051|13|70.620743|160.085709|44.003220|12.056481|123.400948|-2.626627|1.000000|1.000000|1.000000
AEG040_010_7052|13|60.288681|170.633835|75.005630|-1.647364|102.616837|0.934662|1.000000|1.000000|1.000000
AEG040_010_7054|13|70.011635|171.046967|67.127968|1.352837|-3.412263|1.325594|1.000000|1.000000|1.000000
AEG040_010_7055|13|63.723473|170.814972|57.998734|0.743474|-179.392685|-2.997410|1.000000|1.000000|1.000000
AEG040_010_7056|13|51.725838|169.864990|55.317661|0.899804|-157.531540|-3.676386|1.000000|1.000000|1.000000
AEG040_010_7057|13|58.050522|170.378387|46.845657|-3.086170|74.590874|0.112117|1.000000|1.000000|1.000000
AEG040_010_7058|13|35.860863|171.731415|64.783607|3.568906|68.643753|-3.110668|1.000000|1.000000|1.000000
AEG040_010_7061|13|32.019318|171.469131|89.610184|3.890498|93.174782|2.721004|1.000000|1.000000|1.000000
AEG040_010_7062|13|34.135986|171.562912|77.463387|1.692653|115.034348|2.801845|1.000000|1.000000|1.000000
AEG040_010_7063|13|42.879719|170.973526|83.399696|1.549164|-12.672123|-4.487032|1.000000|1.000000|1.000000
AEG040_010_7064|13|40.389030|172.638901|105.177696|-0.269674|-95.628937|9.762599|1.000000|1.000000|1.000000
AEG040_010_7066|13|28.692184|173.635315|109.531448|9.463686|158.548615|-2.423196|1.000000|1.000000|1.000000
AEG040_020_1000|13|78.386726|146.740402|47.144852|-153.013000|76.863556|14.431428|1.000000|1.000000|1.000000
AEG040_020_1001|13|108.938766|124.841354|-5.918413|-53.699547|101.131104|-5.722716|1.000000|1.000000|1.000000
AEG040_071_7002|13|46.837002|161.600662|48.293808|-10.506072|98.205231|-2.844819|1.000000|1.000000|1.000000
AEG040_071_7026|13|131.538910|131.422974|-128.328003|1.915841|-159.171310|-12.541147|1.000000|1.000000|1.000000
AEG040_071_7027|13|117.370087|128.130127|-106.587936|-0.557207|-155.189667|-7.775973|1.000000|1.000000|1.000000
AEG040_071_7028|13|125.391220|129.727127|-114.966843|4.399954|-154.859924|-10.575562|1.000000|1.000000|1.000000
AEG040_071_7029|13|129.554199|129.698639|-100.037865|4.399954|-154.859924|-10.575562|1.000000|1.000000|1.000000
AEG040_071_7030|13|136.903442|131.657898|-115.781998|-0.994904|163.315109|-12.114009|1.000000|1.000000|1.000000
AEG040_071_7031|13|115.617462|128.850113|-130.372665|1.399944|-154.859924|-10.575561|1.000000|1.000000|1.000000
AEG040_071_7032|13|134.470703|131.717422|-124.130722|1.915841|-159.171310|-12.541147|1.000000|1.000000|1.000000
AEG040_071_7033|13|125.329178|121.935234|-83.960007|-4.539419|178.033875|2.754315|1.000000|1.000000|1.000000
AEG040_071_7035|13|124.280319|123.966179|-50.614632|6.100589|177.178894|-0.440029|1.000000|1.000000|1.000000
AEG040_071_7036|13|116.253494|123.568619|-61.976616|0.276787|177.835632|7.657191|1.000000|1.000000|1.000001
AEG040_071_7041|13|108.041313|125.784271|-15.083664|-4.149146|7.724043|-3.893364|1.000000|1.000000|1.000000
AEG040_071_7045|13|107.454102|125.200584|-23.746536|-2.679095|-29.295870|-2.399125|1.000000|1.000000|1.000000
AEG040_071_7046|13|110.155899|126.390572|-10.358931|-9.223012|20.356287|-3.320811|1.000000|1.000000|1.000000
AEG040_071_7047|13|114.392105|154.409210|62.638321|5.412023|79.044388|-8.279017|1.000000|1.000000|1.000000
AEG040_071_7048|13|98.292542|157.641953|74.170067|6.116953|74.916489|-10.542104|1.000000|1.000000|1.000000
AEG040_071_7050|13|94.299866|155.571411|49.822151|3.444546|78.520241|-5.509011|1.000000|1.000000|1.000000
AEG040_071_7051|13|96.287636|156.445282|61.327820|8.412034|79.044380|-8.279020|1.000000|1.000000|1.000000
AEG040_071_7052|13|90.163567|158.230743|71.137589|3.598389|37.562214|-13.029982|1.000000|1.000000|1.000000
AEG040_071_7053|13|103.382729|157.033630|74.308739|6.116953|74.916489|-10.542104|1.000000|1.000000|1.000000
AEG040_071_7054|13|109.235062|155.783844|130.409790|-2.386251|-8.850791|-16.496178|1.000000|1.000000|1.000000
AEG040_071_7055|13|97.205170|159.257568|114.730408|-2.364533|-13.409477|-18.159758|1.000000|1.000000|1.000000
AEG040_071_7056|13|114.258652|155.021088|97.428474|-1.343279|-1.091835|-14.369528|1.000000|1.000000|1.000000
AEG040_071_7058|13|109.508499|155.746887|112.146202|0.613762|-8.850789|-16.496180|1.000000|1.000000|1.000000
AEG040_071_7060|13|97.348785|159.194565|119.856293|-2.364533|-13.409477|-18.159758|1.000000|1.000000|1.000000
AEG040_071_7061|13|102.394676|143.435257|-1.731632|8.453399|56.797043|-3.163936|1.000000|1.000000|1.000000
AEG040_071_7062|13|99.676773|143.004547|9.484568|9.355365|53.374107|-3.724460|1.000000|1.000000|1.000000
AEG040_071_7063|13|86.264702|145.761230|17.570742|-12.710384|-125.598038|1.188535|1.000000|1.000000|1.000000
AEG040_071_7064|13|89.339073|145.972183|6.440632|-11.511557|-128.989716|1.890951|1.000000|1.000000|1.000000
AEG040_071_7065|13|75.629410|147.331558|24.864172|-7.669826|-50.793076|-6.986828|1.000000|1.000000|1.000000
AEG040_071_7066|13|64.614456|149.246643|21.969555|-0.947939|-38.753922|-12.030674|1.000000|1.000000|1.000000
AEG040_071_7067|13|79.818573|159.534119|49.802124|-6.395011|14.867872|-13.963318|1.000000|1.000000|1.000000
AEG040_071_7068|13|73.272781|162.143677|56.936306|-6.132771|11.321313|-13.610023|1.000000|1.000000|1.000000
AEG040_071_7069|13|69.779167|170.959198|68.224419|-0.178081|17.082712|-0.359588|1.000000|1.000000|1.000000
AEG040_071_7070|13|60.590439|170.589172|75.210533|0.906449|13.620548|-0.406345|1.000000|1.000000|1.000000
AEG040_071_7071|13|59.077225|170.380203|47.303711|-3.916415|94.918976|-3.045307|1.000000|1.000000|1.000000
AEG040_071_7072|13|63.989685|170.778290|57.748085|-2.987183|91.456863|-2.861479|1.000000|1.000000|1.000000
AEG040_071_7074|13|35.990879|171.683136|65.123901|-3.062613|-20.662853|-5.684171|1.000000|1.000000|1.000000
AEG040_071_7075|13|42.465790|170.899323|84.442337|2.048620|7.935943|-5.734038|1.000000|1.000000|1.000000
AEG040_071_7076|13|32.278175|171.392334|89.859451|2.803711|4.459841|-5.905374|1.000000|1.000000|1.000000
AEG040_071_7077|13|29.255501|173.403244|108.586586|8.731523|179.073532|-1.024060|1.000000|1.000000|1.000000
AEG040_071_7078|13|40.166550|172.548080|104.899681|9.760832|175.659286|-1.604963|1.000000|1.000000|1.000000
AEG092_100_1000|13|61.783997|150.300003|44.870979|0.000027|0.000000|-0.000000|1.000000|1.000000|1.000000
AEG092_100_1001|13|-53.216003|92.300003|79.871010|0.000000|0.000000|0.000000|1.000000|1.000000|1.000000
AEG099_151_9000|13|84.732002|62.786999|-166.259003|0.000000|85.254997|0.000000|1.000000|1.000000|1.000000
AEG099_373_1000|13|49.731010|170.462555|92.156082|0.000000|0.000000|0.000000|1.000000|1.000000|1.000000
AEG099_373_1001|13|57.491314|170.374146|85.448921|0.000000|0.000000|0.000000|1.000000|1.000000|1.000000
AEG099_377_1000|13|49.731010|170.462555|85.448921|0.000000|0.000000|0.000000|1.000000|1.000000|1.000000
AEG099_377_1001|13|57.431976|170.297302|92.156082|0.000000|-180.000000|0.000000|1.000000|1.000000|1.000000
AEG099_377_1002|13|49.731010|170.462555|99.077103|0.000000|0.000017|0.000000|1.000000|1.000000|1.000000
AEG099_378_1000|13|57.405109|170.113388|99.077103|0.000000|0.000000|-5.000000|1.000000|1.000000|1.000000
AEG099_378_1001|13|49.731010|170.608917|78.772797|0.000000|-180.000000|0.000000|1.000000|1.000000|1.000000
AEG099_510_9000|13|-58.842999|2.198000|-124.585999|0.000000|-79.639999|0.000000|1.000000|1.000000|1.000000
AEG099_651_9000|13|-85.404999|66.565002|15.483000|0.000000|-171.070007|0.000000|1.000000|1.000000|1.000000
AEG099_660_9000|13|110.363998|140.667007|23.819000|3.902000|124.227997|0.693000|1.000000|1.000000|1.000000
AEG099_660_9001|13|107.521004|125.452003|-21.267000|0.000000|159.669006|0.000000|1.000000|1.000000|1.000000
AEG099_660_9002|13|112.255997|125.227997|-24.802999|0.000000|-151.035995|0.000000|1.000000|1.000000|1.000000
AEG099_660_9003|13|87.747002|145.511002|16.844000|0.000000|-148.675995|0.000000|1.000000|1.000000|1.000000
AEG099_660_9004|13|84.321999|147.289993|4.537000|6.418000|127.244003|6.547000|1.000000|1.000000|1.000000
AEG099_660_9005|13|89.080002|159.709000|84.591003|2.120000|-177.791000|10.087000|1.000000|1.000000|1.000000
AEG099_660_9006|13|101.052002|157.044006|71.735001|-4.651000|-43.506001|-0.976000|1.000000|1.000000|1.000000
AEG099_660_9007|13|110.844002|154.998993|63.431000|0.000000|83.861000|-3.296000|1.000000|1.000000|1.000000
AEG099_660_9008|13|52.105999|169.994003|49.743999|0.000000|172.462006|0.000000|1.000000|1.000000|1.000000
AEG099_660_9009|13|68.328003|171.147995|55.193001|0.000000|3.910000|0.000000|1.000000|1.000000|1.000000
AEG099_660_9010|13|129.315002|131.139999|-130.261002|0.000000|2.485000|0.000000|1.000000|1.000000|1.000000
AEG099_660_9011|13|124.843002|128.774002|-95.738998|0.000000|-60.112000|0.000000|1.000000|1.000000|1.000000
AEG099_660_9012|13|131.977005|130.033005|-98.360001|0.000000|94.282997|0.000000|1.000000|1.000000|1.000000
AEG099_660_9013|13|134.393005|130.306000|-95.745003|0.000000|25.035000|0.000000|1.000000|1.000000|1.000000
AEG099_680_9000|13|-54.162998|90.101997|62.494999|1.012000|-146.453995|3.918000|1.000000|1.000000|1.000000
AEG099_680_9001|13|-44.956001|80.402000|-11.572000|-2.098000|-63.097000|2.423000|1.000000|1.000000|1.000000
AEG099_680_9002|13|-18.771999|82.449997|-4.535000|9.460000|-136.490005|6.140000|1.000000|1.000000|1.000000
AEG099_680_9003|13|-22.978001|116.786003|88.796997|-13.287000|-25.158001|5.942000|1.000000|1.000000|1.000000
AEG099_680_9004|13|19.075001|105.558998|52.257000|-14.955000|-3.580000|11.701000|1.000000|1.000000|1.000000
AEG099_680_9005|13|15.046000|81.577003|-19.111000|-1.653000|80.120003|-18.087999|1.000000|1.000000|1.000000
AEG099_680_9006|13|61.403000|78.915001|-28.111000|10.189000|-173.106003|0.000000|1.000000|1.000000|1.000000
AEG099_680_9007|13|40.861000|56.514000|-96.444000|-10.180000|83.791000|-8.749000|1.000000|1.000000|1.000000
AEG099_680_9009|13|-70.166000|46.717999|-47.498001|9.606000|-148.606003|11.081000|1.000000|1.000000|1.000000
AEG099_680_9011|13|-80.779999|21.784000|-101.082001|9.202000|-154.164001|-13.874000|1.000000|1.000000|1.000000
AEG099_680_9012|13|-39.703999|32.075001|-88.921997|8.527000|-172.121002|-14.265000|1.000000|1.000000|1.000000
AEG099_680_9013|13|-116.261002|14.138000|-87.401001|-9.863000|107.931999|-8.600000|1.000000|1.000000|1.000000
AEG099_680_9014|13|-82.916000|120.890999|87.495003|-0.649000|29.745001|-0.775000|1.000000|1.000000|1.000000
AEG099_690_9000|13|11.343000|126.890999|96.943001|0.000000|92.581001|0.000000|1.000000|1.000000|1.000000
AEG099_720_9000|13|-45.292999|117.952003|87.487999|-4.313000|-51.737999|-2.467000|1.000000|1.000000|1.000000
AEG099_720_9001|13|-44.528999|117.032997|83.511002|0.000000|54.082001|0.000000|1.000000|1.000000|1.000000
AEG099_720_9002|13|-14.106000|100.749001|36.862999|-6.457000|71.138000|-15.777000|1.000000|1.000000|1.000000
AEG099_720_9008|13|59.944000|86.820999|-7.600000|0.000000|-156.029999|0.000000|1.000000|1.000000|1.000000
AEG099_720_9010|13|42.529999|80.419998|-23.938000|-9.538000|35.226002|-9.436000|1.000000|1.000000|1.000000
AEG099_720_9012|13|-17.103001|75.896004|-34.803001|0.000000|156.973999|0.000000|1.000000|1.000000|1.000000
AEG099_720_9013|13|-12.804000|76.714996|-32.534000|0.000000|-96.029999|7.088000|1.000000|1.000000|1.000000
AEG099_720_9015|13|-47.310001|84.200996|10.200000|6.159000|-162.727005|2.353000|1.000000|1.000000|1.000000
AEG099_720_9017|13|-52.436001|84.443001|11.998000|0.000000|-28.473000|0.000000|1.000000|1.000000|1.000000
AEG099_720_9018|13|-43.894001|88.227997|41.389999|6.262000|-174.020996|0.000000|1.000000|1.000000|1.000000
AEG099_720_9027|13|8.864000|70.598000|-51.314999|-16.493000|-20.834000|-0.058000|1.000000|1.000000|1.000000
AEG099_720_9030|13|54.610001|67.363998|-64.092003|11.102000|-149.078003|2.939000|1.000000|1.000000|1.000000
AEG099_720_9031|13|57.544998|65.275002|-71.878998|-9.610000|-32.088001|6.746000|1.000000|1.000000|1.000000
AEG099_720_9032|13|66.853996|61.723000|-87.819000|8.173000|-120.109001|2.287000|1.000000|1.000000|1.000000
AEG099_720_9036|13|15.984000|43.896999|-127.582001|13.572000|-74.158997|11.473000|1.000000|1.000000|1.000000
AEG099_720_9038|13|17.332001|45.771999|-114.387001|0.000000|-116.029999|0.000000|1.000000|1.000000|1.000000
AEG099_720_9039|13|2.362000|46.139999|-88.431999|7.350000|-119.800003|1.567000|1.000000|1.000000|1.000000
AEG099_720_9040|13|0.263000|46.769001|-80.739998|-5.477000|13.595000|4.578000|1.000000|1.000000|1.000000
AEG099_720_9042|13|-33.500000|42.814999|-71.835999|0.000000|118.970001|0.000000|1.000000|1.000000|1.000000
AEG099_720_9043|13|-27.556000|42.846001|-77.245003|0.000000|-21.732000|0.000000|1.000000|1.000000|1.000000
AEG099_720_9045|13|-78.178001|49.472000|-35.863998|11.115000|-179.477005|2.426000|1.000000|1.000000|1.000000
AEG099_720_9046|13|-72.655998|50.084999|-34.792000|-12.840000|43.164001|-8.262000|1.000000|1.000000|1.000000
AEG099_720_9049|13|-105.022003|52.403000|-26.298000|-8.656000|-29.570999|-2.877000|1.000000|1.000000|1.000000
AEG099_720_9050|13|-105.386002|51.623001|-29.893999|10.721000|110.248001|-6.197000|1.000000|1.000000|1.000000
AEG099_720_9052|13|-20.337000|36.882000|-99.491997|0.000000|-131.029999|0.000000|1.000000|1.000000|1.000000
AEG099_720_9053|13|-20.320000|36.438999|-103.178001|-13.828000|58.970001|0.000000|1.000000|1.000000|1.000000
AEG099_720_9054|13|-41.271000|30.971001|-116.279999|-6.355000|75.735001|-0.000000|1.000000|1.000000|1.000000
AEG099_720_9058|13|-80.404999|23.198999|-87.643997|13.560000|-74.588997|6.674000|1.000000|1.000000|1.000000
AEG099_720_9065|13|-123.999001|7.554000|-109.365997|-19.795000|48.958000|-3.721000|1.000000|1.000000|1.000000
AEG099_720_9066|13|-129.134995|6.057000|-110.569000|13.729000|-122.869003|4.999000|1.000000|1.000000|1.000000
AEG099_720_9067|13|-0.399000|93.555000|16.354000|16.073000|158.970001|0.000000|1.000000|1.000000|1.000000
AEG099_720_9068|13|61.330002|85.524002|-11.094000|0.000000|-151.029999|0.000000|1.000000|1.000000|1.000000
AEG099_720_9069|13|3.413000|94.667000|18.528000|-13.483000|10.912000|-3.702000|1.000000|1.000000|1.000000
AEG099_760_9000|13|-69.094002|87.898003|51.382000|0.000000|171.526001|0.000000|1.000000|1.000000|1.000000
AEG099_760_9001|13|-66.960999|87.352997|44.924999|-9.979000|-69.563004|3.756000|1.000000|1.000000|1.000000
AEG099_760_9002|13|55.418999|86.515999|-7.310000|-5.316000|97.839996|-22.211000|1.000000|1.000000|1.000000
AEG099_760_9003|13|-103.008003|54.147999|-17.643999|5.692000|174.914993|1.375000|1.000000|1.000000|1.000000
AEG099_760_9005|13|-73.719002|26.544001|-64.959999|-12.108000|19.152000|6.293000|1.000000|1.000000|1.000000
AEG099_760_9006|13|46.645000|88.802002|-0.350000|9.330000|-168.294006|5.764000|1.000000|1.000000|1.000000
AEG099_760_9007|13|20.034000|46.227001|-117.749001|22.587000|-110.077003|-0.274000|1.000000|1.000000|1.000000
AEG700_066_1000|13|59.405090|55.445778|-112.931152|-2.341463|111.395439|-12.319901|1.000000|1.000000|1.000000
AEG700_066_1001|13|-105.502579|123.925011|124.291687|-0.883703|-41.072147|8.721989|1.000000|1.000000|1.000000
AEG700_066_1002|13|15.275299|86.910889|-4.166122|-4.075274|87.157829|-19.476929|1.000000|1.000000|1.000000
AEG700_066_1003|13|-15.226822|78.538818|-24.525421|7.370319|-123.501320|9.839134|1.000000|1.000000|1.000000
AEG700_066_1004|13|22.746338|96.339111|23.179169|6.703010|-115.033066|15.914695|1.000000|1.000000|1.000000
AEG700_066_1005|13|-53.574036|86.404633|28.527130|-5.035748|62.165943|-4.166055|1.000000|1.000000|1.000000
AEG700_066_1006|13|-39.286438|83.078438|1.345795|-5.804789|61.562927|-8.699095|1.000000|1.000000|1.000000
AEG700_066_1025|13|-104.562622|19.775890|-63.910934|10.629878|172.810410|-11.242537|1.000000|1.000000|1.000000
AEG700_066_1026|13|-43.342850|30.667961|-104.325516|5.130154|-159.986130|-12.461572|1.000001|1.000000|1.000000
AEG700_067_1000|13|-108.656937|123.302559|121.532753|-0.226769|138.727570|-8.119512|1.000000|1.000000|1.000000
AEG700_067_1001|13|61.817566|57.222382|-105.717239|2.186782|-74.146942|13.521753|1.000000|1.000000|1.000000
AEG700_067_1002|13|41.316010|77.997078|-31.366013|9.980493|-122.399094|16.191538|1.000000|1.000000|1.000000
AEG700_067_1003|13|15.007141|83.924072|-12.556091|0.986280|-83.779442|19.514671|1.000000|1.000000|1.000000
AEG700_067_1004|13|14.840546|88.333496|-0.127747|-5.838220|81.393158|-19.109066|1.000000|1.000000|1.000000
AEG700_067_1005|13|-49.462387|85.744705|21.097229|-4.328316|66.627708|-5.253426|1.000000|1.000000|1.000000
AEG700_067_1006|13|-55.123276|86.749176|32.490204|4.482216|-106.787025|5.052455|1.000000|1.000000|1.000000
AEG700_067_1007|13|-35.774673|82.172333|-3.709274|-7.684468|49.841705|-7.899715|1.000000|1.000000|1.000000
AEG700_067_1017|13|-100.315887|20.594971|-63.783264|-13.916062|3.790629|10.003495|1.000000|1.000000|1.000000
AEG700_067_1018|13|-33.651871|33.121826|-110.370651|-4.810070|39.373959|12.189048|1.000000|1.000000|1.000000
AEG700_068_1000|13|56.168701|53.760120|-120.314621|-6.816776|113.061661|-9.738257|1.000000|1.000000|1.000000
AEG700_068_1001|13|46.216522|75.700432|-38.049118|11.019362|-128.181793|14.881372|1.000000|1.000000|1.000000
AEG700_068_1002|13|-102.339569|124.577271|127.039886|-1.157062|-40.979809|8.420749|1.000000|1.000000|1.000000
AEG700_068_1003|13|14.272552|82.487549|-16.550110|1.328527|102.747185|-19.300591|1.000000|1.000000|1.000000
AEG700_068_1004|13|-12.832855|77.663826|-28.550110|5.992725|-116.032890|11.646319|1.000000|1.000000|1.000000
AEG700_068_1005|13|24.329346|95.044434|19.060669|4.586636|-107.249466|16.787020|1.000000|1.000000|1.000000
AEG700_068_1032|13|-47.324020|29.753178|-102.605545|5.428307|-155.529694|-11.986320|1.000000|1.000000|1.000000
AEG700_069_1000|13|60.784119|56.302032|-109.476273|-2.284395|108.281624|-13.134830|1.000000|1.000000|1.000000
AEG700_069_1001|13|43.581940|76.851555|-34.686325|-10.780075|54.136292|-15.535858|1.000000|1.000000|1.000000
AEG700_069_1002|13|15.296844|85.422356|-8.352234|-2.224226|92.708000|-19.583946|1.000000|1.000000|1.000000
AEG700_069_1003|13|-18.029663|79.261711|-20.848206|9.052868|-127.778549|8.202458|1.000000|1.000000|1.000000
AEG700_069_1004|13|20.723755|97.550049|26.982361|8.330670|-119.683823|15.500344|1.000000|1.000000|1.000000
AEG700_069_1005|13|-51.468384|86.099991|24.891388|-4.897530|60.193310|-4.349188|1.000000|1.000000|1.000000
AEG700_069_1021|13|-88.785934|23.036381|-64.122604|14.471474|-163.221085|-9.585741|1.000000|1.000000|1.000000
AEG700_069_1022|13|-37.037827|32.190426|-107.713928|7.695657|-143.697357|-11.943027|1.000000|1.000000|1.000000
AEG801_006_7509|13|22.963369|46.742432|-119.668785|14.407495|-149.181122|-9.397518|1.100000|1.100000|1.100000
AEG801_006_7512|13|45.727547|89.978119|2.921895|-16.350586|42.696396|-11.276016|1.100000|1.100000|1.100000
AEG801_006_7513|13|51.518158|83.240013|-15.911781|-14.629509|-41.844883|13.669039|1.100000|1.100000|1.100000
AEG801_006_7517|13|-136.352753|4.608414|-111.982376|-9.048217|81.690498|-10.513659|1.100000|1.100000|1.100000
AEG801_006_7518|13|-127.837494|4.658388|-117.045998|11.323663|156.132477|-13.832895|1.100000|1.100000|1.100000
AEG801_006_7521|13|-105.033478|3.642516|-123.220032|-3.194757|-45.636227|8.360671|1.200000|1.200000|1.200000
AEG801_006_7523|13|-131.138397|4.158936|-117.088715|8.047220|155.672592|-11.129123|1.100000|1.100000|1.100000
AEG801_006_7524|13|-121.594604|8.116718|-110.215736|-6.630924|-33.065971|24.702362|1.100000|1.100000|1.100000
AEG801_006_7525|13|-129.596207|6.706297|-108.241425|-13.912235|81.363235|-12.047868|1.100000|1.100000|1.100000
AEG801_006_7531|13|-108.789444|14.358096|-99.000427|0.237363|-29.364424|17.508726|1.100000|1.100000|1.100000
AEG801_006_7532|13|-101.535027|16.669649|-95.604355|11.223504|-102.644218|-1.299407|1.200000|1.200000|1.200000
AEG801_006_7534|13|-98.436684|17.310379|-98.318481|-7.802923|74.790871|6.143099|1.100000|1.100000|1.100000
AEG801_006_7535|13|-84.691887|21.799889|-90.458794|-1.203790|155.621857|-16.488758|1.100000|1.100000|1.100000
AEG801_006_7536|13|-79.622467|23.082026|-92.517143|-17.134361|61.722370|3.697125|1.200000|1.200000|1.200000
AEG801_006_7537|13|-80.459824|22.426241|-96.665840|-2.013335|155.566833|-18.089949|1.100000|1.100000|1.100000
AEG801_006_7538|13|-81.183174|25.081755|-63.062866|-16.307961|26.025177|6.666784|1.100000|1.100000|1.100000
AEG801_006_7539|13|-99.640091|21.900517|-59.411362|19.925354|-154.772354|-4.301969|1.200000|1.200000|1.200000
AEG801_006_7540|13|-94.619484|22.849401|-60.044373|-18.795387|10.023860|9.605515|1.100000|1.100000|1.100000
AEG801_006_7541|13|-114.915413|14.249370|-89.495895|-9.053769|2.700349|13.099482|1.100000|1.100000|1.100000
AEG801_006_7542|13|-61.191299|28.819954|-70.723129|-5.854723|10.286302|10.001637|1.100000|1.100000|1.100000
AEG801_006_7543|13|-41.318756|32.227821|-84.969780|9.501830|-166.435028|-12.035745|1.100000|1.100000|1.100000
AEG801_006_7544|13|-68.419495|28.565010|-61.000187|7.266147|156.018173|-19.384737|1.100000|1.100000|1.100000
AEG801_006_7545|13|-62.899738|28.717350|-66.317322|-10.564960|60.140610|1.814098|0.900000|0.900000|0.900000
AEG801_006_7546|13|-17.772875|37.238159|-104.290901|-18.310133|41.077709|9.347991|1.100000|1.100000|1.100000
AEG801_006_7547|13|-20.017048|36.197430|-107.733757|-12.555450|111.858261|-9.711307|1.100000|1.100000|1.100000
AEG801_006_7548|13|-53.618645|28.294186|-114.288498|-12.450459|83.875305|-0.433867|1.100000|1.100000|1.100000
AEG801_006_7552|13|59.212936|54.586601|-118.063911|2.297375|155.020187|-11.830102|1.100000|1.100000|1.100000
AEG801_006_7555|13|19.628006|46.504372|-114.335747|-0.347317|-20.093908|17.020750|1.100000|1.100000|1.100000
AEG801_006_7556|13|15.918919|45.440369|-114.961372|9.379570|-59.247150|12.298766|0.900000|0.900000|0.900000
AEG801_006_7557|13|27.279993|47.041561|-125.736809|-12.786271|98.041039|-10.117971|1.100000|1.100000|1.100000
AEG801_006_7558|13|18.405148|45.372272|-120.981628|7.292512|-53.441517|13.965143|1.100000|1.100000|1.100000
AEG801_006_7563|13|52.679184|88.933289|-1.058415|3.297069|107.494263|-21.908184|1.100000|1.100000|1.100000
AEG801_006_7566|13|10.386560|81.000847|-19.776863|-2.026956|94.560020|-18.797302|1.100000|1.100000|1.100000
AEG801_006_7567|13|58.688057|65.967491|-69.939087|6.987528|125.216682|-14.698639|1.100000|1.100000|1.100000
AEG801_006_7568|13|1.640849|94.390541|18.038635|-17.970263|-25.472599|10.792954|1.100000|1.100000|1.100000
AEG801_006_7570|13|25.795485|102.559319|41.663406|6.054032|-97.879158|19.043772|1.100000|1.100000|1.100000
AEG801_006_7572|13|12.027346|65.089470|-69.168999|-13.117199|-28.317558|0.629497|0.900000|0.900000|0.900000
AEG801_006_7573|13|10.659159|66.149689|-65.744156|-15.766430|-31.514965|0.024152|1.100000|1.100000|1.100000
AEG801_006_7574|13|27.553205|54.304447|-98.713303|-10.490583|56.249802|-10.302859|0.900000|0.900000|0.900000
AEG801_006_7575|13|30.279205|55.465168|-95.390541|18.786680|-131.600037|7.316143|1.100000|1.100000|1.100000
AEG801_006_7576|13|31.618696|53.834877|-101.612862|-9.296591|-26.339380|15.627257|1.100000|1.100000|1.100000
AEG801_006_7577|13|-49.251781|84.026764|7.831359|7.732046|160.103592|-3.650890|1.200000|1.200000|1.200000
AEG801_006_7578|13|-55.306252|83.510223|5.952939|15.966607|153.710541|-8.554809|1.100000|1.100000|1.100000
AEG801_006_7580|13|-18.710800|76.004333|-37.125427|3.463916|-162.013275|2.740354|1.100000|1.100000|1.100000
AEG801_006_7582|13|7.367958|70.172470|-53.161282|-13.721683|-46.133629|10.550377|1.100000|1.100000|1.100000
AEG801_006_7583|13|3.700175|71.199463|-50.488544|-13.006287|-48.070721|11.840106|1.100000|1.100000|1.100000
AEG801_006_7584|13|68.889900|61.669498|-89.096581|-9.537345|-25.748646|10.391149|1.100000|1.100000|1.100000
AEG801_006_7586|13|49.485306|89.548241|1.238911|-1.221637|96.761955|-20.979004|1.100000|1.100000|1.100000
AEG801_006_7589|13|38.479153|81.942642|-19.884094|8.862144|117.875832|-16.776304|1.100000|1.100000|1.100000
AEG801_006_7590|13|39.736111|83.238358|-16.037506|-3.399499|77.965530|-18.526314|1.100000|1.100000|1.100000
AEG801_006_7591|13|28.404552|101.670723|38.921345|-11.693174|63.197010|-17.384684|1.100000|1.100000|1.100000
AEG801_006_7592|13|-17.926474|116.987099|88.954285|-11.239228|46.454929|-11.794156|1.100000|1.100000|1.100000
AEG801_006_7593|13|-8.427165|124.070091|99.032494|13.318295|-96.095627|15.788993|0.900000|0.900000|0.900000
AEG801_006_7594|13|4.927635|128.857574|108.490189|-0.673459|-49.777317|18.304140|1.100000|1.100000|1.100000
AEG801_006_7595|13|-45.900600|117.549713|85.075409|-3.190139|46.783596|-12.723658|1.100000|1.100000|1.100000
AEG801_006_7596|13|-44.767941|88.968651|45.477371|-6.733058|3.003719|4.379299|1.100000|1.100000|1.100000
AEG801_006_7597|13|-41.258400|88.700043|42.125969|-7.094473|-3.398700|1.760659|1.100000|1.100000|1.100000
AEG801_006_7599|13|-58.556007|90.720078|67.954132|13.619425|-169.068146|-2.452800|1.100000|1.100000|1.100000
AEG801_006_7600|13|-43.597057|90.590561|59.286472|-6.786332|-2.854927|5.755882|1.100000|1.100000|1.100000
AEG801_006_7601|13|-45.883690|90.992500|64.093597|5.410493|-97.540154|6.358114|1.100000|1.100000|1.100000
AEG801_006_7602|13|2.787535|48.510742|-74.725182|-9.138080|94.297684|-14.343483|1.100000|1.100000|1.100000
AEG801_006_7603|13|0.587892|47.389343|-78.459412|-11.324445|81.891930|-8.456603|1.100000|1.100000|1.100000
AEG801_006_7604|13|4.029099|46.717438|-88.284508|6.474855|179.959351|-10.782365|1.100000|1.100000|1.100000
AEG801_006_7605|13|-33.810486|42.915634|-71.030792|10.624660|-178.006516|-6.671416|1.100000|1.100000|1.100000
AEG801_006_7606|13|-44.079041|46.680698|-52.238682|11.243175|-178.980392|-3.271041|1.100000|1.100000|1.100000
AEG801_006_7607|13|-39.855675|47.005722|-52.382751|8.685678|-178.262848|-6.671292|1.100000|1.100000|1.100000
AEG801_006_7608|13|-66.314529|46.895863|-46.437786|8.840997|-139.487137|9.345803|1.100000|1.100000|1.100000
AEG801_006_7609|13|-80.541397|46.195530|-49.907227|-9.469307|-61.725773|13.558418|0.900000|0.900000|0.900000
AEG801_006_7610|13|-79.473595|50.561840|-32.470718|-14.609256|16.331547|-3.295269|0.900000|0.900000|0.900000
AEG801_006_7611|13|-84.404129|46.500717|-49.546978|1.632252|77.863266|-13.461493|1.100000|1.100000|1.100000
AEG801_006_7612|13|-107.463593|52.413773|-25.006500|-5.365767|-78.488426|9.866973|1.100000|1.100000|1.100000
AEG801_006_7613|13|-114.202858|53.943871|-20.899937|1.316778|84.493637|-10.855542|1.100000|1.100000|1.100000
AEG801_006_7614|13|-96.401459|53.613312|-19.784748|-3.290957|73.796387|-12.664561|1.100000|1.100000|1.100000
AEG801_006_7615|13|-103.465988|54.494705|-16.362211|-1.920709|72.593903|-11.769557|1.100000|1.100000|1.100000
AEG801_006_7616|13|-7.055192|47.119930|-72.219078|-12.580736|10.991506|8.750565|1.100000|1.100000|1.100000
AEG801_006_7617|13|-25.703823|42.499649|-79.753723|-14.313280|11.188843|8.171528|1.100000|1.100000|1.100000
AEG801_006_7618|13|-19.204630|83.318321|-0.794636|-11.768294|9.666340|2.016709|1.100000|1.100000|1.100000
AEG801_006_7620|13|-36.303841|42.830952|-69.790138|-16.038357|8.863054|6.350984|1.100000|1.100000|1.100000
AEG801_006_7621|13|-30.224634|42.363396|-77.070854|-11.228317|10.908751|5.909398|1.100000|1.100000|1.100000
AEG801_006_7622|13|-9.731586|124.645218|102.474380|14.996668|-120.493172|3.235516|1.100000|1.100000|1.100000
AEG801_006_7623|13|62.922794|80.229256|-24.543024|-11.886029|55.203133|-14.569087|1.100000|1.100000|1.100000
AEG801_006_7624|13|30.147617|88.729973|-0.023896|-8.662184|63.355450|-16.832306|1.100000|1.100000|1.100000
AEG801_006_7625|13|0.549252|89.121613|4.259676|-17.207525|-25.278128|11.437097|1.100000|1.100000|1.100000
AEG801_006_7627|13|58.799274|64.584015|-74.896393|13.983202|-141.832260|7.007473|0.900000|0.900000|0.900000
AEG801_006_7630|13|-100.875305|3.782189|-123.978745|-2.664147|-45.084736|10.488029|0.900000|0.900000|0.900000
AEG801_006_7631|13|31.182941|48.861622|-121.154884|-11.243563|98.098419|-14.851987|1.100000|1.100000|1.100000
AEG801_006_7632|13|48.703419|87.981674|-2.924395|-8.021518|72.440750|-18.735760|1.100000|1.100000|1.100000
AEG801_006_7633|13|56.944450|85.604256|-9.603245|-21.171793|1.575608|-0.429405|1.100000|1.100000|1.100000
AEG801_006_7634|13|33.304985|88.088524|-1.967381|-17.336235|-22.178133|7.731528|1.100000|1.100000|1.100000
AEG801_006_7635|13|16.741419|107.077316|57.599831|-15.019506|-22.433748|6.907917|1.100000|1.100000|1.100000
AEG801_006_7637|13|-68.717049|88.203369|54.486237|-6.261778|2.843127|2.807563|1.100000|1.100000|1.100000
AEG801_006_7638|13|-21.043667|100.163391|36.353542|-6.406799|-50.620617|18.333513|1.100000|1.100000|1.100000
AEG801_006_7639|13|-15.378174|101.788948|39.613682|19.517458|-161.891312|3.094868|1.100000|1.100000|1.100000
AEG801_006_7640|13|-22.125212|96.400986|25.643948|-17.452545|4.192061|5.910627|1.100000|1.100000|1.100000
AEG801_006_7641|13|-24.346088|95.932304|24.537786|-15.561065|2.747341|1.796695|1.100000|1.100000|1.100000
AEG801_006_7642|13|-16.883057|100.686523|36.814358|-7.448822|-54.984150|18.317610|1.100000|1.100000|1.100000
AEG801_006_7643|13|-17.621830|99.509399|33.567535|-18.710777|-0.363465|4.364109|1.100000|1.100000|1.100000
AEG801_006_7644|13|-30.055138|87.033195|22.415390|-16.559345|63.063110|-6.644209|1.100000|1.100000|1.100000
AEG801_006_7645|13|-33.036282|87.174721|25.795044|-10.184785|3.423803|7.162164|1.100000|1.100000|1.100000
AEG801_006_7646|13|-54.378269|84.354225|10.750812|7.242078|160.227219|-4.588903|1.100000|1.100000|1.100000
AEG801_006_7647|13|-84.038452|86.627159|41.042534|0.721623|106.571098|-1.802687|1.100000|1.100000|1.100000
AEG801_006_7648|13|-88.408127|86.783356|46.177891|-7.218989|0.036394|3.798541|1.100000|1.100000|1.100000
AEG801_006_7649|13|-67.094124|87.565033|47.647671|-1.411655|-46.237083|6.606295|0.900000|0.900000|0.900000
AEG801_006_7650|13|-71.740311|87.371841|48.743938|-7.136903|2.838756|3.687455|1.100000|1.100000|1.100000
AEG801_006_7651|13|-69.304016|87.036453|43.503052|-2.762135|47.764954|-0.714001|0.900000|0.900000|0.900000
AEG801_006_7652|13|-33.813038|87.871719|31.847904|-6.851372|3.160048|4.340176|1.100000|1.100000|1.100000
AEG801_006_7653|13|45.026184|80.411255|-24.483860|-14.399613|-42.266991|12.087934|1.100000|1.100000|1.100000
AEG801_006_7654|13|57.976196|87.065002|-5.981258|-4.944159|77.794518|-21.166786|1.100000|1.100000|1.100000
AEG801_006_7655|13|64.794388|79.698616|-26.355886|-18.225552|2.461565|1.329974|1.100000|1.100000|1.100000
AEG801_006_7660|13|-21.114368|37.003353|-96.270821|-14.697042|31.959732|14.454564|1.100000|1.100000|1.100000
AEG801_006_7661|13|-40.903557|31.077274|-119.330910|-3.868102|155.154938|-16.287848|1.100000|1.100000|1.100000
AEG801_006_7662|13|-38.694336|31.894655|-116.664894|12.419387|-47.452873|13.539318|1.100000|1.100000|1.100000
AEG801_006_7663|13|-78.392715|23.776415|-88.055885|-15.471405|62.132755|4.886235|1.100000|1.100000|1.100000
AEG801_006_7664|13|-85.834579|23.844143|-63.636208|-17.636339|49.717960|-0.550924|0.900000|0.900000|0.900000
AEG801_006_7666|13|-91.856239|48.767544|-39.976788|-12.492659|-30.998930|5.666080|1.100000|1.100000|1.100000
AEG801_006_7667|13|-71.064148|48.293846|-42.446087|13.640243|-116.631203|8.356790|1.100000|1.100000|1.100000
AEG801_006_7668|13|-114.754013|52.292038|-31.272310|8.923971|-174.471100|7.019195|1.100000|1.100000|1.100000
AEG801_006_7669|13|-119.349709|52.322475|-34.305729|4.166142|73.907875|-11.317028|0.900000|0.900000|0.900000
AEG801_006_7674|13|-123.067719|16.582304|-65.609718|-13.838699|25.786713|4.526968|1.100000|1.100000|1.100000
AEG801_006_7675|13|-126.148933|15.536395|-68.234413|-13.653090|25.642242|3.938780|1.100000|1.100000|1.100000
AEG801_006_7676|13|-106.573166|19.938417|-61.715935|-15.526423|25.446899|3.499325|1.100000|1.100000|1.100000
AEG801_006_7677|13|-123.499748|10.301916|-99.216278|17.535120|-110.852638|6.302381|1.100000|1.100000|1.100000
AEG801_006_7679|13|-73.134781|27.367016|-61.267002|-16.454723|25.815788|5.938576|1.200000|1.200000|1.200000
AEG801_006_7681|13|-35.903145|33.403389|-86.240051|12.558970|-149.442093|-8.417811|1.100000|1.100000|1.100000
AEG801_006_7682|13|-5.493006|40.402515|-111.966522|16.591841|-149.485489|-8.305495|1.100000|1.100000|1.100000
AEG801_006_7683|13|10.801940|44.642532|-110.707855|-0.547933|-22.755707|14.344324|1.100000|1.100000|1.100000
AEG801_006_7684|13|49.313297|75.336113|-39.059738|-13.652233|-42.238537|12.199348|1.100000|1.100000|1.100000
AEG801_006_7685|13|68.343330|63.004639|-83.356384|-9.294651|-31.789862|11.068184|1.100000|1.100000|1.100000
AEG801_006_7688|13|-8.026028|80.908371|-14.483226|-11.467377|-25.850988|9.410606|1.100000|1.100000|1.100000
AEG801_006_7689|13|-62.685825|89.950287|65.891769|-0.665680|112.675201|-10.761369|1.100000|1.100000|1.100000
AEG801_006_7690|13|70.623474|58.649559|-104.158455|-10.538743|-0.689419|9.100025|1.100000|1.100000|1.100000
AEG801_006_7691|13|57.001320|67.746880|-63.509541|-16.807198|5.057802|1.024638|1.100000|1.100000|1.100000
AEG801_006_7692|13|60.235832|68.811684|-60.274460|-13.095395|-29.814705|10.855767|0.900000|0.900000|0.900000
AEG801_006_7693|13|-18.276735|77.111526|-30.512266|2.991322|-97.365471|12.634511|1.100000|1.100000|1.100000
AEG801_006_7694|13|-13.812696|77.183807|-30.523567|-11.067760|63.477058|-16.197399|1.100000|1.100000|1.100000
AEG801_006_7695|13|0.133028|45.119514|-93.565948|7.176779|-179.607300|-14.173757|1.100000|1.100000|1.100000
AEG801_006_7697|13|-106.088417|52.054794|-28.317045|-1.483064|65.112473|-11.499957|1.100000|1.100000|1.100000
AEG801_006_7698|13|-79.513649|56.541855|-7.971320|-11.060028|23.194658|-5.055598|0.900000|0.900000|0.900000
AEG801_006_7699|13|-86.949814|57.018738|-5.709089|-2.777683|85.016716|-10.456126|0.900000|0.900000|0.900000
AEG801_006_7703|13|-87.199356|66.826103|18.534357|-6.451825|73.713921|-9.022370|1.100000|1.100000|1.100000
AEG801_006_7704|13|-90.025841|66.434692|16.809536|-5.406979|73.466148|-5.683425|0.900000|0.900000|0.900000
AEG801_006_7705|13|-80.213104|67.171288|19.041367|-5.099281|73.962898|-5.429822|1.100000|1.100000|1.100000
AEG801_006_7706|13|-82.767509|56.968330|-6.264364|-3.409244|71.994637|-10.198305|1.100000|1.100000|1.100000
AEG801_006_7707|13|-89.342384|67.087341|21.541746|-3.163154|74.140060|-8.237382|1.100000|1.100000|1.100000
AEG801_006_7708|13|-75.915092|49.987930|-34.841976|-1.162646|-83.212273|15.312383|1.100000|1.100000|1.100000
AEG801_006_7711|13|-70.366371|2.200005|-117.737328|0.000055|-145.555481|0.000055|1.200000|1.200000|1.200000
AEG801_006_7712|13|-77.418732|66.889366|16.554163|-8.062096|74.323357|-6.806774|0.900000|0.900000|0.900000
AEG801_006_7713|13|-43.875267|32.199692|-80.322311|9.779383|-69.410149|11.321967|1.100000|1.100000|1.100000
AEG801_006_7714|13|-25.233522|35.749996|-93.862198|20.768499|-105.392456|-0.723644|0.900000|0.900000|0.900000
AEG801_006_7715|13|12.975875|128.281357|100.286102|16.449497|-96.551872|17.428541|0.900000|0.900000|0.900000
AEG801_006_7716|13|11.335907|128.995880|103.437088|23.685623|-122.338181|8.466867|1.100000|1.100000|1.100000
AEG801_006_7717|13|14.727938|126.401062|93.479897|-19.345839|39.834106|-1.073120|1.100000|1.100000|1.100000
AEG801_006_7718|13|-65.107925|2.200005|-116.671509|0.000055|-78.555450|0.000055|1.200000|1.200000|1.200000
AEG801_006_7719|13|-87.358597|2.200001|-124.727333|0.000055|-168.555405|0.000055|1.100000|1.100000|1.100000
AEG801_006_7720|13|-71.125130|2.200003|-127.214737|0.000000|-102.773842|-0.000000|1.200000|1.200000|1.200000
AEG801_006_7721|13|-62.501606|2.200005|-127.583893|0.000055|-48.555450|0.000055|1.200000|1.200000|1.200000
AEG801_006_7722|13|-75.438927|2.200005|-125.079247|0.000055|167.444550|0.000055|0.900000|0.900000|0.900000
AEG801_006_7723|13|-123.320488|2.200002|-127.009361|0.000000|3.052722|0.000000|1.100000|1.100000|1.100000
AEG801_011_7015|13|-136.352753|4.608414|-111.982376|-0.000028|4.426754|0.000027|1.000000|1.000000|1.000000
AEG801_011_7017|13|-84.429947|21.772318|-91.450180|-0.005946|0.859210|0.015764|1.000000|1.000000|1.000000
AEG801_011_7018|13|-17.964119|37.034916|-105.470589|-0.007618|2.037910|0.017786|1.000000|1.000000|1.000000
AEG801_011_7019|13|-52.763187|28.476562|-114.443886|-0.002138|1.869669|0.012267|1.000000|1.000000|1.000000
AEG801_011_7020|13|-73.278503|27.331877|-61.279800|-0.013004|3.673003|0.011775|1.000000|1.000000|1.000000
AEG801_011_7021|13|19.154228|46.153030|-116.239304|0.015464|-93.431892|0.005573|1.000000|1.000000|1.000000
AEG801_011_7022|13|0.455534|88.995857|3.930662|0.004426|-95.339355|0.020026|1.000000|1.000000|1.000000
AEG801_011_7023|13|69.703888|61.455460|-90.397942|-0.013823|14.787797|0.002322|1.000000|1.000000|1.000000
AEG801_011_7026|13|38.921001|82.670815|-17.727802|0.006666|-111.950264|0.017704|1.000000|1.000000|1.000000
AEG801_011_7027|13|48.899090|89.635391|1.561546|0.014179|-123.812477|0.015163|1.000000|1.000000|1.000000
AEG801_011_7028|13|-7.542503|124.222679|99.880775|-0.022759|31.536360|0.001557|1.000000|1.000000|1.000000
AEG801_011_7029|13|-46.949230|90.845856|63.678780|-0.000879|-51.641167|0.008606|1.000000|1.000000|1.000000
AEG801_011_7030|13|-33.836334|43.262627|-68.934273|0.000000|-93.881920|0.000000|1.000000|1.000000|1.000000
AEG801_011_7032|13|-104.393608|3.240505|-126.367226|-0.007539|-2.642947|0.002186|1.000000|1.000000|1.000000
AEG801_011_7033|13|-69.525337|87.201996|45.815723|-0.006347|72.072044|-0.004110|1.000000|1.000000|1.000000
AEG801_011_7034|13|57.313427|86.104721|-8.312101|0.008852|-114.077621|0.019780|1.000000|1.000000|1.000000
AEG801_011_7035|13|-61.773903|28.773380|-69.951401|-0.005315|10.048628|0.010546|1.000000|1.000000|1.000000
AEG801_011_7036|13|-116.190071|52.494080|-31.074039|0.003333|-141.478745|0.010792|1.000000|1.000000|1.000000
AEG801_011_7037|13|-123.968887|16.253437|-66.484512|-0.010521|-0.203349|0.009945|1.000000|1.000000|1.000000
AEG801_011_7038|13|-104.895256|20.174774|-61.888565|-0.005479|108.309616|-0.015573|1.000000|1.000000|1.000000
AEG801_011_7039|13|-8.371675|80.827805|-14.775009|-0.013004|-14.378853|0.006639|1.000000|1.000000|1.000000
AEG801_011_7040|13|-61.147858|90.223557|66.579811|-0.011503|38.996868|-0.003155|1.000000|1.000000|1.000000
AEG801_011_7042|13|0.055971|45.293804|-92.053200|0.000000|-62.316097|0.000000|1.000000|1.000000|1.000000
AEG801_011_7044|13|-88.123543|66.861397|19.190735|-0.002313|-64.344780|0.009098|1.000000|1.000000|1.000000
AEG801_011_7045|13|-40.870049|32.238098|-85.930702|0.014234|-94.491592|0.004890|1.000000|1.000000|1.000000
AEG801_011_7046|13|11.107279|65.742485|-67.105820|-0.016442|-88.791534|0.012813|1.000000|1.000000|1.000000
AEG801_011_7047|13|58.112839|67.888657|-63.150909|-0.005779|-60.780270|0.015846|1.000000|1.000000|1.000000
AEG801_011_7048|13|-75.438927|2.200005|-125.079247|-0.000000|1.869669|-0.000000|1.000000|1.000000|1.000000
AEG801_011_7049|13|-109.319336|14.027454|-100.209763|-0.008867|1.187169|0.015655|1.000000|1.000000|1.000000
AEG801_011_7050|13|-82.117592|56.839012|-6.888493|0.008142|-142.007462|0.007404|1.000000|1.000000|1.000000
AEG801_015_7003|13|53.282345|85.500977|-9.817718|-0.000003|9.963553|-0.000005|1.000002|1.000002|1.000002
AEG801_015_7005|13|-83.271751|22.262894|-89.790886|-0.010895|119.532776|-0.012361|1.000002|1.000002|1.000002
AEG801_015_7006|13|-99.671669|17.039970|-97.619858|0.008823|12.970187|-0.001308|1.000002|1.000002|1.000002
AEG801_015_7007|13|19.906647|46.545197|-114.611267|0.013630|-148.023926|-0.010324|1.000002|1.000002|1.000002
AEG801_015_7008|13|59.489384|54.546028|-118.885010|-0.011606|71.015915|-0.003048|1.000002|1.000002|1.000002
AEG801_015_7011|13|52.994972|89.455986|0.144047|-0.022156|10.421862|-0.000004|1.000002|1.000002|1.000002
AEG801_015_7012|13|-18.662102|116.842133|88.499687|0.013714|-146.725845|0.009281|1.000002|1.000002|1.000002
AEG801_015_7014|13|-85.624405|46.512463|-50.302544|-0.000004|32.602287|-0.000005|1.000002|1.000002|1.000002
AEG801_015_7015|13|-105.432663|51.983120|-28.474648|0.010546|138.267883|-0.005080|1.000002|1.000002|1.000002
AEG801_015_7017|13|-18.991873|83.267479|-1.130318|0.004675|132.789185|-0.010911|1.000003|1.000002|1.000002
AEG801_015_7019|13|-19.229187|99.958267|35.262856|-0.000002|12.451680|-0.000004|1.000002|1.000002|1.000002
AEG801_015_7020|13|-45.550949|90.929474|63.448067|0.001914|138.844101|-0.008037|1.000002|1.000002|1.000002
AEG801_015_7021|13|64.488380|79.752266|-26.148174|-0.009362|65.074768|-0.015836|1.000002|1.000002|1.000001
AEG801_015_7022|13|-74.948807|2.200004|-126.211945|-0.000000|12.970174|-0.000000|0.900000|0.900000|0.900000
AEG801_015_7023|13|-99.252663|21.500904|-61.096863|-0.019252|33.228954|0.001796|1.000002|1.000002|1.000002
AEG801_015_7024|13|-122.864799|2.200002|-127.569717|-0.000011|103.970161|-0.000021|1.000002|1.000002|1.000002
AEG801_016_7004|13|68.372940|61.483749|-89.680634|-0.006516|-41.501972|0.012486|1.000000|1.000000|1.000000
AEG801_016_7007|13|-83.730492|24.488483|-62.988838|-0.016160|22.961109|0.007650|1.000000|1.000000|1.000000
AEG801_016_7011|13|45.631481|90.261597|3.780027|-0.017296|36.717846|-0.009176|1.000000|1.000000|1.000000
AEG801_016_7012|13|27.131916|102.023506|40.035709|0.019780|176.035004|-0.004496|1.000000|1.000000|1.000000
AEG801_016_7014|13|3.033510|47.757084|-78.817223|0.000000|-42.185345|0.000000|1.000000|1.000000|1.000000
AEG801_016_7015|13|-41.252075|46.964874|-52.031876|-0.008560|69.861176|-0.007811|1.000000|1.000000|1.000000
AEG801_016_7018|13|-30.116625|42.321159|-77.414291|0.000000|36.118450|0.000000|1.000000|1.000000|1.000000
AEG801_016_7019|13|-21.284218|83.350647|0.114641|-0.011668|35.024990|-0.003490|1.000000|1.000000|1.000000
AEG801_016_7023|13|14.904929|45.240242|-114.455292|-0.015025|59.375244|0.002186|1.000000|1.000000|1.000000
AEG801_016_7024|13|-24.009060|96.292824|25.820543|0.000000|34.170208|0.000000|1.000000|1.000000|1.000000
AEG801_016_7025|13|-43.341290|90.683228|59.749409|0.008224|-123.971458|0.002814|1.000000|1.000000|1.000000
AEG801_016_7026|13|-55.360291|83.789848|7.669702|0.010109|-175.903839|-0.002625|1.000000|1.000000|1.000000
AEG801_016_7027|13|-61.197071|28.820366|-70.611366|0.012240|-109.649048|0.000000|1.000000|1.000000|1.000000
AEG801_016_7029|13|-105.458038|20.360744|-60.700951|-0.005931|106.416466|-0.015712|1.000000|1.000000|1.000000
AEG801_016_7031|13|-40.152237|31.410845|-116.793724|0.000000|-114.866081|0.000000|1.000000|1.000000|1.000000
AEG801_016_7033|13|0.844498|94.347229|17.975962|0.003880|-96.484039|0.020682|1.000000|1.000000|1.000000
AEG801_016_7035|13|-17.139761|77.229485|-30.101505|-0.009427|73.979225|-0.018654|1.000000|1.000000|1.000000
AEG801_016_7036|13|-63.738392|2.200005|-118.387665|-0.000000|112.128357|0.000000|1.000000|1.000000|1.000000
AEG801_016_7037|13|-88.226845|2.200005|-125.621704|-0.000000|158.128372|0.000000|1.000000|1.000000|1.000000
AEG801_016_7038|13|-64.191696|2.200001|-128.427094|-0.000000|80.128342|0.000000|1.000000|1.000000|1.000000
AEG801_221_7006|13|43.618298|161.224518|44.852547|9.806758|-81.367897|1.187088|1.000000|1.000000|1.000000
AEG801_221_7012|13|135.611496|131.509094|-115.151993|-5.738982|117.113304|4.869298|1.000000|1.000000|1.000000
AEG801_221_7013|13|133.380905|131.635986|-126.650307|8.082983|-158.291519|-8.649698|1.000000|1.000000|1.000000
AEG801_221_7014|13|114.925308|128.596420|-125.649254|7.855102|-63.513088|8.856870|1.000000|1.000000|1.000000
AEG801_221_7015|13|135.659241|130.708450|-96.772423|8.082983|-158.291519|-8.649698|1.000000|1.000000|1.000000
AEG801_221_7017|13|122.600838|122.215782|-80.071083|-7.789230|-88.057465|8.914104|1.000000|1.000000|1.000000
AEG801_221_7020|13|112.839066|123.635406|-41.977444|6.182713|8.736821|-9.015330|1.000000|1.000000|1.000000
AEG801_221_7022|13|108.852638|125.039078|-24.072414|-6.288164|-75.511177|6.702600|1.000000|1.000000|1.000000
AEG801_221_7023|13|108.505310|125.556885|-12.375656|6.182713|8.736821|-9.015330|1.000000|1.000000|1.000000
AEG801_221_7025|13|111.018005|154.536377|59.254059|5.431476|170.188583|12.764776|1.000000|1.000000|1.000000
AEG801_221_7026|13|90.424698|158.140854|69.719162|-3.332254|-9.762737|0.975487|1.000000|1.000000|1.000000
AEG801_221_7027|13|100.952721|157.367477|74.795143|12.209673|75.503006|-6.598167|1.000000|1.000000|1.000000
AEG801_221_7029|13|112.337013|155.007278|126.856087|13.908095|82.635811|5.318369|1.000000|1.000000|1.000000
AEG801_221_7031|13|96.743134|159.359146|117.435745|3.975253|-12.214728|-14.341922|1.000000|1.000000|1.000000
AEG801_221_7032|13|108.461357|142.023132|5.092803|-1.899174|150.020844|15.258508|1.000000|1.000000|1.000000
AEG801_221_7033|13|92.112083|144.724167|-1.398730|15.371532|53.733261|0.245698|1.000000|1.000000|1.000000
AEG801_221_7037|13|75.655869|148.109207|14.525003|5.245940|-37.680046|-8.187009|1.000000|1.000000|1.000000
AEG801_221_7039|13|71.778931|159.781967|43.259464|0.163050|12.748030|-9.876315|1.000000|1.000000|1.000000
AEG801_221_7041|13|68.179054|170.884216|48.811783|-1.254323|-171.287140|2.922720|1.000000|1.000000|1.000000
AEG801_221_7045|13|41.371429|170.583496|93.611534|1.081437|101.029297|9.022272|1.000000|1.000000|1.000000
AEG801_221_7046|13|35.412334|171.511215|76.867500|8.864875|5.269764|-2.001736|1.000000|1.000000|1.000000
AEG801_221_7047|13|31.732048|171.860184|99.819763|-4.131525|-87.122505|15.404811|1.000000|1.000000|1.000000
AEG801_250_7000|13|28.005119|47.366894|-124.658936|-0.016420|63.785370|-0.001256|1.000000|1.000000|1.000000
AEG801_250_7001|13|46.642128|90.079323|3.072598|-0.019432|24.274031|-0.005161|1.000000|1.000000|1.000000
AEG801_250_7002|13|-128.722443|4.810781|-115.970695|0.000000|-62.206879|0.000000|0.900000|0.900000|0.900000
AEG801_250_7003|13|-126.749619|4.496841|-118.307762|0.013442|-117.497780|0.002923|0.600000|0.600000|0.600000
AEG801_250_7004|13|-80.330757|22.614296|-95.170357|-0.012478|26.724470|0.013087|0.700000|0.700000|0.700000
AEG801_250_7005|13|60.572594|54.919228|-117.153175|-0.009416|91.015419|-0.007572|1.000000|1.000000|1.000000
AEG801_250_7006|13|26.707857|102.454765|41.238125|-0.019972|20.514874|-0.003840|0.550000|0.550000|0.550000
AEG801_250_7007|13|-47.495335|84.022217|7.660310|0.000000|-117.820694|0.000000|0.550000|0.550000|0.550000
AEG801_250_7008|13|-55.300903|84.119865|9.468166|0.000000|-62.028397|0.000000|0.900000|0.900000|0.900000
AEG801_250_7009|13|-8.427165|124.070091|99.032494|0.000000|-117.901138|0.000000|0.550000|0.550000|0.550000
AEG801_250_7010|13|-17.289257|117.133163|89.416664|-0.013134|-33.010029|0.009207|1.000000|1.000000|1.000000
AEG801_250_7011|13|1.757634|48.039791|-76.083847|0.000000|73.516327|0.000000|0.700000|0.700000|0.700000
AEG801_250_7012|13|-42.789761|46.943680|-51.535370|-0.011049|46.086010|-0.005409|0.600000|0.600000|0.600000
AEG801_250_7013|13|-96.582314|53.479191|-20.368467|0.000000|3.394468|0.000000|1.000000|1.000000|1.000000
AEG801_250_7014|13|-71.293884|87.469727|48.634796|0.000000|25.542480|0.000000|1.000000|1.000000|1.000000
AEG801_250_7015|13|-68.802605|87.305946|46.238445|0.006448|-117.898315|0.003169|0.550000|0.550000|0.550000
AEG801_250_7016|13|-41.050537|31.097412|-118.069405|0.000000|31.459667|0.000000|1.000000|1.000000|1.000000
AEG801_250_7017|13|-24.730238|95.930420|24.595657|0.009590|-119.528465|0.012786|0.550000|0.550000|0.550000
AEG801_250_7018|13|-20.803589|100.029053|35.892971|0.000000|24.254660|0.000000|1.000000|1.000000|1.000000
AEG801_250_7019|13|1.767025|94.389999|18.017977|0.000000|-120.419418|0.000000|0.600000|0.600000|0.600000
AEG801_250_7020|13|-82.482651|86.654739|40.934460|0.001038|-41.475971|-0.001210|0.550000|0.550000|0.550000
AEG801_250_7021|13|-84.859177|86.652122|41.897778|-0.001672|69.977669|-0.002389|1.000000|1.000000|1.000000
AEG801_250_7022|13|62.945175|80.046371|-25.078468|-0.008652|-56.356438|0.016529|0.900000|0.900000|0.900000
AEG801_250_7023|13|-100.051178|17.005106|-96.184273|0.008825|-58.851185|0.005847|0.800000|0.800000|0.800000
AEG801_250_7024|13|-82.180511|24.836676|-63.097481|-0.016668|29.373167|0.006011|0.700000|0.700000|0.700000
AEG801_250_7025|13|67.346527|63.140713|-82.489662|-0.011020|-23.810278|0.009508|0.550000|0.550000|0.550000
AEG801_250_7026|13|68.919640|62.918549|-83.869064|0.007868|-104.498032|0.012048|1.000000|1.000000|1.000000
AEG801_250_7027|13|-17.756069|77.120583|-30.513512|0.019425|163.218674|-0.011395|0.550000|0.550000|0.550000
AEG801_250_7028|13|-124.135757|2.457224|-126.686157|-0.004577|-42.808197|0.003415|0.800000|0.800000|0.800000
AEG801_250_7029|13|-64.953506|2.200005|-118.354401|0.000000|171.569382|0.000000|0.800000|0.800000|0.800000
AEG801_250_7030|13|-86.838387|2.200005|-125.354218|0.000000|-76.355827|0.000000|0.700000|0.700000|0.700000
AEG801_250_7032|13|-28.099281|42.462700|-78.101997|-0.008622|72.581604|-0.006376|0.700000|0.700000|0.700000
AEG801_250_7034|13|-63.228992|2.200005|-127.761566|0.000000|47.569283|0.000000|0.600000|0.600000|0.600000
AEG801_250_7035|13|-100.361122|21.676506|-59.612728|-0.019799|27.326134|0.003470|1.000000|1.000000|1.000000
AEG801_250_7036|13|-72.264359|2.200001|-126.205185|0.000000|171.569214|0.000000|0.700000|0.700000|0.700000
AEG801_250_7037|13|-102.682220|3.520453|-124.519600|0.000000|-124.355835|0.000000|0.700000|0.700000|0.700000
AEG801_252_7001|13|-50.325912|84.084473|8.323396|0.000000|80.155693|0.000000|1.000000|1.000000|1.000000
AEG801_253_7001|13|-33.036282|87.174721|25.795044|-0.006841|168.817902|-0.011416|1.100000|1.100000|1.100000
AEG801_253_7002|13|-88.745766|86.765900|46.072144|-0.001566|96.889236|-0.007394|1.100000|1.100000|1.100000
AEG801_253_7004|13|30.138136|54.929779|-97.201485|0.004699|121.017128|-0.017902|1.100000|1.100000|1.100000
AEG801_253_7005|13|-19.088419|36.513321|-106.936653|-0.014763|101.395287|-0.008688|1.100000|1.100000|1.100000
AEG801_253_7006|13|-78.464775|23.791250|-87.342171|0.015026|-118.793259|-0.005100|1.100000|1.100000|1.100000
AEG801_253_7008|13|-68.967438|48.498631|-42.638218|0.000000|91.822754|0.000000|1.100000|1.100000|1.100000
AEG801_253_7009|13|-113.705360|14.566183|-89.317963|0.000000|171.485489|0.000000|1.100000|1.100000|1.100000
AEG801_253_7010|13|27.420479|46.973434|-126.495125|-0.004761|159.003494|-0.015371|1.100000|1.100000|1.100000
AEG801_253_7011|13|48.246765|75.065048|-39.917049|-0.018218|-3.366815|0.000710|1.100000|1.100000|1.100000
AEG801_253_7013|13|-71.513939|2.200005|-118.584229|-0.000000|-104.433617|-0.000000|1.200000|1.200000|1.200000
AEG801_253_7014|13|-129.699799|4.287521|-116.317482|0.016010|-119.195709|0.010792|1.100000|1.100000|1.100000
AEG801_253_7015|13|-26.039799|42.399895|-80.080681|-0.004229|-137.850601|-0.003496|1.100000|1.100000|1.100000
AEG801_253_7016|13|11.914387|128.542892|102.097801|0.014972|175.928085|-0.021104|0.900000|0.900000|0.900000
AEG801_253_7017|13|-70.779137|2.200003|-127.444626|-0.000000|-65.433609|-0.000000|0.900000|0.900000|0.900000
AEG801_253_7018|13|-94.922859|22.539818|-60.836121|0.016584|-39.854370|0.012021|1.200000|1.200000|1.200000
AEG801_253_7019|13|-105.033463|3.333578|-123.875900|0.094366|-7.958808|0.061608|1.000000|1.000000|1.000000
AEG801_254_7001|13|-68.717049|88.203369|54.486237|0.000000|1.415762|0.000000|1.000000|1.000000|1.000000
AEG801_254_7002|13|57.976196|87.065002|-5.981258|-0.022311|0.595565|0.000546|1.000000|1.000000|1.000000
AEG801_255_7002|13|22.963369|46.742432|-119.668785|0.000000|24.887272|0.000000|1.000000|1.000000|1.000000
AEG801_255_7003|13|-129.280762|6.811885|-106.394623|0.000000|170.172150|0.000000|1.000000|1.000000|1.000000
AEG801_255_7004|13|-9.731586|124.068779|102.474380|0.015709|-96.405174|0.022157|1.000000|1.000000|1.000000
AEG801_255_7005|13|-107.463593|52.413773|-25.006500|0.000000|170.334366|0.000000|1.000000|1.000000|1.000000
AEG801_255_7006|13|-4.842871|39.847454|-112.646439|0.000000|-37.967606|0.000000|1.000000|1.000000|1.000000
AEG801_255_7007|13|70.623474|58.649559|-104.158455|0.000000|53.248268|0.000000|1.000000|1.000000|1.000000
AEG801_255_7008|13|10.402587|80.751709|-19.693073|0.000000|35.128922|0.000000|1.000000|1.000000|1.000000
AEG801_257_7003|13|-78.563232|23.406124|-92.469322|0.000000|88.839340|0.000000|1.000000|1.000000|1.000000
AEG801_257_7004|13|50.592529|89.822273|1.616115|0.000000|25.865051|0.000000|1.000000|1.000000|1.000000
AEG801_257_7005|13|-36.303841|42.830952|-69.790138|0.000000|24.580622|0.000000|1.000000|1.000000|1.000000
AEG801_257_7006|13|-17.404570|101.116577|38.153725|0.000000|26.068346|0.000000|1.000000|1.000000|1.000000
AEG801_257_7007|13|-69.468613|2.200005|-117.529045|0.000000|-160.160660|0.000000|1.000000|1.000000|1.000000
AEG801_259_7001|13|-103.465988|54.494705|-16.362211|0.000000|0.687581|0.000000|1.000000|1.000000|1.000000
AEG805_001_7032|13|129.988678|131.398911|-132.442688|11.689926|-103.282967|1.744078|1.000000|1.000000|1.000000
AEG805_001_7033|13|135.035614|131.287903|-114.176239|-3.831112|90.393196|3.163716|1.000000|1.000000|1.000001
AEG805_001_7034|13|132.668839|131.137741|-127.503220|-3.831112|90.393196|3.163716|1.000000|1.000000|1.000001
AEG805_001_7035|13|116.108208|128.315369|-125.314995|-3.831112|90.393196|3.163716|1.000000|1.000000|1.000001
AEG805_001_7036|13|123.949249|128.384079|-92.646866|1.109032|90.162415|2.356223|1.000000|1.000000|1.000001
AEG805_001_7037|13|122.903122|129.786209|-125.646713|-3.831112|90.393196|3.163716|1.000000|1.000000|1.000001
AEG805_001_7038|13|123.396400|121.708046|-79.234848|9.873366|63.518322|-3.999869|1.000000|1.000000|1.000001
AEG805_001_7039|13|115.886475|124.003288|-46.569489|14.799849|63.485481|-4.838944|1.000000|1.000000|1.000001
AEG805_001_7046|13|109.012199|125.091255|-11.371160|-3.492690|-102.310898|5.046689|1.000000|1.000000|1.000001
AEG805_001_7048|13|109.628357|124.789505|-24.890106|-3.492690|-102.310898|5.046689|1.000000|1.000000|1.000001
AEG805_001_7050|13|110.026115|154.275162|59.987484|-3.429709|-36.366264|-1.394342|1.000000|1.000000|1.000001
AEG805_001_7052|13|102.030464|156.807587|74.707016|-3.429709|-36.366264|-1.394342|1.000000|1.000000|1.000001
AEG805_001_7053|13|106.311935|155.671051|65.705925|-3.429709|-36.366264|-1.394342|1.000000|1.000000|1.000001
AEG805_001_7054|13|89.976700|158.001663|68.664375|-3.429709|-36.366264|-1.394342|1.000000|1.000000|1.000001
AEG805_001_7055|13|107.596153|156.692474|75.519119|12.380675|129.915497|6.267576|1.000000|1.000000|1.000000
AEG805_001_7056|13|111.499901|154.773499|125.942520|-7.750517|-122.295982|8.943997|1.000001|1.000000|1.000001
AEG805_001_7058|13|96.820526|158.903397|118.562271|-7.750517|-122.295982|8.943997|1.000001|1.000000|1.000001
AEG805_001_7059|13|105.817680|156.721161|122.426392|-7.750517|-122.295982|8.943997|1.000001|1.000000|1.000001
AEG805_001_7061|13|96.414978|159.483917|124.143326|14.092019|43.678020|-4.800352|1.000000|1.000000|1.000000
AEG805_001_7062|13|95.799034|144.538956|-5.330443|-5.949545|-60.175949|-14.201221|1.000000|1.000000|1.000000
AEG805_001_7063|13|103.827255|142.148514|12.090349|8.578226|108.601433|12.805783|1.000000|1.000000|1.000000
AEG805_001_7064|13|92.621452|144.040680|21.352747|7.250273|119.108894|2.982170|1.000000|1.000000|1.000000
AEG805_001_7065|13|85.304794|146.951553|3.699299|-7.683062|-71.806091|-1.548409|1.000000|1.000000|1.000000
AEG805_001_7066|13|79.425133|147.257050|18.287012|-9.590302|-151.386520|-1.551792|1.000000|1.000000|1.000000
AEG805_001_7067|13|61.857441|149.211700|26.110458|9.709332|17.768953|-0.297640|1.000000|1.000000|1.000000
AEG805_001_7068|13|77.064476|158.833588|42.759663|-9.154194|-100.168205|3.726525|1.000000|1.000000|1.000000
AEG805_001_7069|13|74.828339|162.531540|63.151928|8.283790|68.924644|-5.399076|1.000000|1.000000|1.000000
AEG805_001_7071|13|62.183720|170.483658|79.922195|0.997072|70.501961|7.642272|1.000000|1.000000|1.000000
AEG805_001_7072|13|51.619476|169.855728|48.637501|-0.332389|-20.528933|-3.162897|1.000000|1.000000|1.000000
AEG805_001_7073|13|68.926483|170.990295|57.171585|0.930326|148.455566|3.041292|1.000000|1.000000|1.000000
AEG805_001_7075|13|34.675999|171.879166|69.917862|3.257126|36.250519|1.438848|1.000000|1.000000|1.000000
AEG805_001_7076|13|40.793205|171.190903|77.040344|-5.367567|-108.430626|-7.342236|1.000000|1.000000|1.000000
AEG805_001_7077|13|33.071629|171.082123|94.760834|6.669025|60.553310|6.185310|1.000000|1.000000|1.000000
AEG805_001_7079|13|40.121773|171.672318|100.002693|7.020097|-128.766479|14.342825|1.000000|1.000000|1.000000
