m453300_0000|0|0.000000|0.000000|0.000000|0.000000|0.000000|0.000000|1.000000|1.000000|1.000000
c0100_9000|2|-36.757000|88.747002|-16.664000|0.000000|-27.926001|0.000000|1.000000|1.000000|1.000000
c1000_9000|2|-85.862999|69.134003|76.757004|0.000000|0.000000|0.000000|1.000000|1.000000|1.000000
c1000_9001|2|-66.139000|71.849998|59.458000|0.000000|-7.524000|0.000000|1.000000|1.000000|1.000000
c3600_9000|2|-48.508999|65.919998|105.422997|0.000000|49.935001|0.000000|1.000000|1.000000|1.000000
c4070_9002|2|-38.658001|95.192001|-55.842999|-11.898000|136.656998|-1.668000|1.000000|1.000000|1.000000
c4070_9003|2|-55.580002|85.237000|-15.461000|-4.444000|-146.203003|-12.168000|1.000000|1.000000|1.000000
c4070_9004|2|-65.453003|83.818001|-10.804000|7.197000|-24.094000|-6.212000|1.000000|1.000000|1.000000
c4070_9005|2|-68.656998|84.642998|-15.577000|-8.340000|165.710007|3.082000|1.000000|1.000000|1.000000
c4070_9006|2|-39.476002|87.240997|-9.876000|-13.527000|149.585007|-2.606000|1.000000|1.000000|1.000000
c4070_9007|2|-39.196999|88.394997|-11.616000|11.231000|-78.669998|-4.976000|1.000000|1.000000|1.000000
c4070_9008|2|-39.630001|87.648003|-12.273000|3.294000|32.932999|4.998000|1.000000|1.000000|1.000000
c4070_9009|2|-37.316002|87.903999|-11.501000|13.349000|-27.035999|3.412000|1.000000|1.000000|1.000000
c4071_9000|2|-61.143002|83.741997|-10.219000|-8.972000|-174.212997|-4.985000|1.000000|1.000000|1.000000
c4380_9000|2|-48.758999|66.432999|93.927002|0.000000|160.492996|0.000000|1.000000|1.000000|1.000000
c4380_9001|2|-54.981998|68.547997|122.623001|0.000000|89.916000|0.000000|1.000000|1.000000|1.000000
c4380_9002|2|-70.769997|66.161003|89.723000|0.000000|-136.673004|0.000000|1.000000|1.000000|1.000000
c4380_9003|2|-35.980000|67.742996|105.832001|0.000000|117.097000|0.000000|1.000000|1.000000|1.000000
c4380_9004|2|-71.103996|65.422997|105.353996|0.000000|-79.507004|0.000000|1.000000|1.000000|1.000000
c4380_9005|2|-44.999001|66.193001|101.728996|0.000000|-11.230000|0.000000|1.000000|1.000000|1.000000
c6001_9002|2|-23.233000|111.682999|-125.245003|0.000000|-37.319000|0.000000|1.000000|1.000000|1.000000
c6001_9003|2|-81.259003|107.742996|-146.998001|0.000000|16.187000|0.000000|1.000000|1.000000|1.000000
c6010_9000|2|-33.202652|75.609291|64.129112|-14.532000|176.690002|0.000000|1.000000|1.000000|1.000000
c6010_9001|2|-85.408997|70.390999|67.623001|-10.425000|-100.970001|-4.983000|1.000000|1.000000|1.000000
c6040_9000|2|-94.760002|81.761002|64.776001|0.000000|148.421997|0.000000|1.000000|1.000000|1.000000
c6040_9001|2|-72.089996|104.749001|-73.930000|0.000000|9.302000|0.000000|1.000000|1.000000|1.000000
c6090_9000|2|-62.710999|86.773003|-25.903999|-5.460000|-135.839005|-10.967000|1.000000|1.000000|1.000000
c6090_9001|2|-60.022999|91.038002|-45.553001|-1.971000|95.963997|8.476000|1.000000|1.000000|1.000000
c6090_9002|2|-88.283394|88.975998|-69.956116|-2.758000|42.083000|0.000000|1.000000|1.000000|1.000000
c6100_9000|2|-22.098186|75.117081|73.563164|8.266000|-44.863998|-0.000000|1.000000|1.000000|1.000000
c6100_9001|2|-13.635562|75.382576|76.342163|0.000000|-18.290001|0.000000|1.000000|1.000000|1.000000
c6100_9002|2|-107.073997|60.254002|37.258999|-10.779000|100.227997|-0.000000|1.000000|1.000000|1.000000
c6100_9003|2|-106.070999|60.416000|36.415001|-10.297000|47.018002|-0.000000|1.000000|1.000000|1.000000
c6100_9004|2|-94.876602|74.903084|33.756927|0.000000|-20.461000|0.000000|1.000000|1.000000|1.000000
c0000_9000|4|-72.671242|74.700249|53.267326|0.000000|0.000000|0.000000|1.000000|1.000000|1.000000
c0000_9001|4|-101.800003|64.690002|109.669998|0.000000|-84.809998|0.000000|1.000000|1.000000|1.000000
c0000_9002|4|-65.040001|72.839996|57.230000|0.000000|-157.570007|0.000000|1.000000|1.000000|1.000000
h453300|5|0.000000|0.000000|0.000000|0.000000|0.000000|0.000000|1.000000|1.000000|1.000000
h453350|5|0.000000|0.000000|0.000000|0.000000|0.000000|0.000000|1.000000|1.000000|1.000000
h453351|5|0.000000|0.000000|0.000000|0.000000|0.000000|0.000000|1.000000|1.000000|1.000000
h453352|5|0.000000|0.000000|0.000000|0.000000|0.000000|0.000000|1.000000|1.000000|1.000000
h453353|5|0.000000|0.000000|0.000000|0.000000|0.000000|0.000000|1.000000|1.000000|1.000000
AEG099_026_9000|9|-68.794998|107.396004|-61.903000|0.000000|-49.582001|0.000000|1.000000|1.000000|1.000000
AEG099_026_9001|9|-63.862000|125.394997|-56.056999|0.000000|130.281998|0.000000|1.000000|1.000000|1.000000
c2500_9001|10|-44.805000|70.710999|121.780998|0.000000|-41.284000|0.000000|1.000000|1.000000|1.000000
AEG001_290_7000|13|-23.208424|69.882149|112.904022|-0.806508|-57.762253|8.214014|1.100000|1.100000|1.100000
AEG001_290_7001|13|-41.687515|69.040527|85.417778|11.762513|-70.805687|-6.882633|1.100000|1.100000|1.100000
AEG001_290_7022|13|-112.917336|59.273685|36.940502|-0.589268|128.289398|-6.478645|1.100000|1.100000|1.100000
AEG001_290_7023|13|-121.547661|56.684635|-14.360072|-4.949091|175.399719|-18.084803|1.100000|1.100000|1.100000
AEG001_290_7024|13|-128.195557|54.974613|-23.419235|15.865084|-73.350296|-1.025401|1.100000|1.100000|1.100000
AEG001_290_7032|13|-16.198971|72.295509|90.216637|13.318349|-49.251949|-3.898573|1.100000|1.100000|1.100000
AEG001_290_7058|13|-74.634697|89.561020|-48.706772|-11.666822|126.531471|-4.230402|1.100000|1.100000|1.100000
AEG001_290_7061|13|-107.717346|97.674454|-108.744400|3.818513|-94.872108|-10.786618|1.100000|1.100000|1.100000
AEG001_290_7062|13|-103.401909|97.811951|-107.446503|4.073553|-94.295731|-11.103528|1.100000|1.100000|1.100000
AEG001_290_7063|13|-89.560989|68.921455|70.296005|3.268901|-72.641617|-9.308072|1.100000|1.100000|1.100000
AEG001_290_7064|13|-73.428360|71.358238|61.525993|6.270660|-72.011818|-8.931261|1.100000|1.100000|1.100000
AEG001_290_7065|13|-30.682413|76.957611|55.147709|12.403925|-73.074493|-5.719514|1.100000|1.100000|1.100000
AEG001_290_7073|13|-77.623978|89.109840|-65.740105|-0.758218|131.291183|-2.349491|1.100000|1.100000|1.100000
AEG001_290_7091|13|20.512337|92.206688|-4.070832|5.922183|-86.373070|-9.231842|1.100000|1.100000|1.100000
AEG001_290_7102|13|-89.317482|64.756683|93.634697|6.390409|-25.165417|-1.522836|0.900000|0.900000|0.900000
AEG001_290_7103|13|-70.568649|71.531227|62.530365|8.115003|25.350632|7.299587|1.100000|1.100000|1.100000
AEG001_290_7104|13|-89.174423|89.240074|-87.369553|-10.017118|-131.383347|-4.539691|1.100000|1.100000|1.100000
AEG001_290_7106|13|-38.584995|68.712494|117.269379|-1.285390|-52.345741|12.995201|1.100000|1.100000|1.100000
AEG001_290_7118|13|-75.808823|89.495781|-51.930908|0.844676|10.352463|11.609027|1.100000|1.100000|1.100000
AEG001_290_7128|13|-44.143314|69.009087|83.340485|7.875017|10.386352|10.725173|1.100000|1.100000|1.100000
AEG001_290_7130|13|-60.860264|93.549011|-70.169456|0.412572|-150.903336|-17.454027|1.100000|1.100000|1.100000
AEG001_290_7131|13|-82.674881|89.075226|-58.834469|-0.029489|-32.265255|0.558491|0.900000|0.900000|0.900000
AEG001_290_7135|13|-70.750580|75.386650|41.223343|-9.385937|138.808029|4.522213|1.100000|1.100000|1.100000
AEG001_290_7136|13|-72.573242|75.719093|38.836407|-1.273781|-113.156075|-10.458939|1.100000|1.100000|1.100000
AEG001_290_7137|13|-76.033356|76.477661|33.644455|3.353869|55.590118|10.606874|1.100000|1.100000|1.100000
AEG001_290_7142|13|-40.899559|75.989784|50.661747|12.699264|-58.472130|-5.194430|1.100000|1.100000|1.100000
AEG001_290_7147|13|-28.773354|78.465240|47.811020|-12.122416|112.708862|5.122178|1.100000|1.100000|1.100000
AEG001_290_7148|13|-25.712454|69.553329|111.606079|0.567330|123.340607|-7.687934|1.100000|1.100000|1.100000
AEG001_290_7149|13|-105.120270|64.001053|96.371857|0.923961|-163.583069|0.610400|1.100000|1.100000|1.100000
AEG001_290_7152|13|-57.672859|91.882721|-50.700462|8.311985|-20.321115|2.163503|1.100000|1.100000|1.100000
AEG001_290_7153|13|-45.739429|106.810516|-127.674278|-10.828151|141.727417|1.766642|1.100000|1.100000|1.100000
AEG001_290_7164|13|-101.505394|89.112869|-71.173927|1.606761|-21.630157|-5.273134|0.900000|0.900000|0.900000
AEG001_290_7168|13|-83.415062|89.165207|-85.732674|4.160351|-21.438927|0.457705|0.900000|0.900000|0.900000
AEG001_290_7171|13|-88.835548|66.598747|119.791969|3.008727|-91.506721|10.243480|1.100000|1.100000|1.100000
AEG001_290_7180|13|-42.032661|107.189987|-127.844887|-8.305031|110.185135|7.193473|0.900000|0.900000|0.900000
AEG001_290_7183|13|-52.624420|104.629318|-118.618271|-1.979780|-129.483292|-10.876628|1.100000|1.100000|1.100000
AEG001_290_7184|13|-50.136997|99.054779|-87.506569|-12.256510|110.641541|8.650024|1.100000|1.100000|1.100000
AEG001_290_7185|13|-72.137833|70.133965|69.590050|0.113164|77.869095|10.866832|1.100000|1.100000|1.100000
AEG001_290_7207|13|-54.073639|93.793892|-62.726898|1.633126|31.753738|11.337049|1.100000|1.100000|1.100000
AEG001_290_7208|13|-60.879154|91.371689|-48.120071|-1.663803|89.055336|6.978568|1.100000|1.100000|1.100000
AEG001_290_7210|13|15.423023|100.162872|-54.039642|10.098817|-6.588964|4.266546|1.100000|1.100000|1.100000
AEG001_290_7212|13|30.964157|99.484718|-41.316826|8.030088|-71.941635|-7.475314|1.100000|1.100000|1.100000
AEG001_290_7213|13|34.791531|99.191406|-35.271057|14.837932|-73.691742|2.549655|1.100000|1.100000|1.100000
AEG001_290_7214|13|-4.475780|83.664787|32.515945|8.030090|-71.941635|-7.475373|1.100000|1.100000|1.100000
AEG001_290_7215|13|2.493886|84.566818|31.485722|5.965842|-71.705429|-5.304827|1.100000|1.100000|1.100000
AEG001_290_7216|13|-71.730644|88.388725|-35.293400|-1.030263|71.732491|12.144432|1.100000|1.100000|1.100000
AEG001_290_7217|13|-70.440720|89.223045|-38.900417|-7.165163|-158.367310|-9.897717|0.900000|0.900000|0.900000
AEG001_290_7219|13|-68.744736|86.010368|-23.457790|-1.346996|-100.227150|-10.891636|1.100000|1.100000|1.100000
AEG001_290_7221|13|-47.482410|85.492599|-10.506348|13.293077|-72.359146|-7.322030|1.100000|1.100000|1.100000
AEG001_290_7222|13|-61.875153|89.981590|-40.269905|-8.376994|-143.047897|-8.321367|1.100000|1.100000|1.100000
AEG001_290_7223|13|-64.405067|84.663490|-15.883640|-7.329631|-140.087540|-7.576421|0.900000|0.900000|0.900000
AEG001_290_7224|13|-71.872665|89.615738|-42.441212|5.199851|-117.565071|-11.134620|1.100000|1.100000|1.100000
AEG001_290_7225|13|-63.693653|85.536407|-20.242359|-11.719312|171.993866|-1.441359|1.100000|1.100000|1.100000
AEG001_290_7226|13|-57.033852|87.700539|-28.254610|13.136586|-27.204090|-0.347428|1.100000|1.100000|1.100000
AEG001_290_7227|13|-54.051975|88.836105|-31.952234|1.173371|-116.424370|-13.768993|1.100000|1.100000|1.100000
AEG001_290_7228|13|-70.760422|90.337875|-46.827904|-6.752792|172.611206|-11.724138|1.100000|1.100000|1.100000
AEG001_290_7233|13|-32.700996|76.801353|53.735386|-13.752921|145.521622|-3.760160|1.100000|1.100000|1.100000
AEG001_290_7234|13|-2.637554|78.473083|63.837475|7.438704|-98.485931|-8.845286|1.100000|1.100000|1.100000
AEG001_290_7242|13|-4.580809|68.980949|114.849907|3.334389|163.207199|12.887338|1.100000|1.100000|1.100000
AEG001_290_7243|13|7.214811|69.071800|105.496033|14.230372|-35.665241|-11.180899|1.100000|1.100000|1.100000
AEG001_290_7245|13|-7.437615|73.665421|87.862091|7.059930|-76.869812|-5.962059|1.100000|1.100000|1.100000
AEG001_290_7249|13|-49.241669|73.737442|58.008099|-10.881274|135.706741|3.630573|1.100000|1.100000|1.100000
AEG001_290_7250|13|-62.987976|77.353264|31.914814|2.398106|-86.074944|-9.720287|1.100000|1.100000|1.100000
AEG001_290_7253|13|-82.264175|68.781372|75.480606|-4.828100|105.446899|7.419361|1.100000|1.100000|1.100000
AEG001_290_7254|13|-105.897461|63.854515|76.335693|4.164858|-87.296913|6.765248|0.900000|0.900000|0.900000
AEG001_290_7255|13|-103.347710|64.415054|82.848663|3.421406|-121.599129|-4.182518|1.100000|1.100000|1.100000
AEG001_290_7258|13|19.331549|64.826767|120.182793|-14.729501|-157.842911|-5.357028|1.100000|1.100000|1.100000
AEG001_290_7260|13|-13.953402|83.527596|28.018610|-2.747476|-133.870071|-10.608148|1.100000|1.100000|1.100000
AEG001_290_7261|13|-14.894178|83.858696|25.530777|5.952894|-86.185997|-9.212591|1.100000|1.100000|1.100000
AEG001_290_7262|13|-28.008446|83.635506|18.467358|9.263520|-85.599815|-9.669810|1.100000|1.100000|1.100000
AEG001_290_7264|13|-71.511391|68.334778|123.927628|10.751346|-143.144333|5.123406|1.100000|1.100000|1.100000
AEG001_290_7269|13|-33.497768|82.442871|19.886698|-0.000379|-133.628754|-14.415167|1.100000|1.100000|1.100000
AEG001_290_7270|13|-34.491905|82.779160|17.280994|11.652140|-81.225792|-9.282737|1.100000|1.100000|1.100000
AEG001_290_7273|13|-69.776955|69.874870|71.400047|-11.287837|164.302048|1.013300|1.100000|1.100000|1.100000
AEG001_290_7274|13|-31.739971|80.453865|33.251545|-13.126793|135.057709|0.410412|1.100000|1.100000|1.100000
AEG001_290_7276|13|-74.373611|68.645020|126.208199|-0.502239|-71.499947|11.381418|1.100000|1.100000|1.100000
AEG001_290_7283|13|-90.359993|65.264732|90.416252|5.404019|40.855541|10.305307|1.100000|1.100000|1.100000
AEG001_290_7284|13|-24.054489|70.249352|95.162392|-6.648655|-162.991150|-10.370893|1.100000|1.100000|1.100000
AEG001_290_7285|13|-3.200686|68.583496|118.382591|11.770984|45.218960|-8.337646|1.100000|1.100000|1.100000
AEG001_290_7286|13|6.627696|72.847397|92.788986|7.737538|-47.521545|-13.218373|1.100000|1.100000|1.100000
AEG001_290_7287|13|5.246726|66.458015|119.248627|-6.024615|-48.372776|-13.380820|1.100000|1.100000|1.100000
AEG001_290_7288|13|-78.078331|89.191612|-61.372101|-3.455475|34.885670|2.622793|1.100000|1.100000|1.100000
AEG001_290_7289|13|-96.403290|89.129219|-79.685631|1.656539|-21.433681|-4.349339|1.100000|1.100000|1.100000
AEG001_290_7290|13|-94.591698|89.270126|-83.581451|1.384807|-41.436584|-10.920135|0.900000|0.900000|0.900000
AEG001_290_7291|13|-98.480850|89.070847|-65.580444|-0.505939|-123.122124|0.630044|0.900000|0.900000|0.900000
AEG001_290_7292|13|-108.250664|58.279976|20.189808|-3.892983|85.062935|-5.323210|1.100000|1.100000|1.100000
AEG001_290_7293|13|-111.975456|58.227768|22.411160|-2.441443|-23.532139|6.237165|0.900000|0.900000|0.900000
AEG001_290_7294|13|-104.536888|61.054203|49.596462|-5.227706|85.289932|-3.282307|1.100000|1.100000|1.100000
AEG001_290_7295|13|-104.268112|60.705124|46.155663|-4.584582|-23.421419|7.760460|0.900000|0.900000|0.900000
AEG001_290_7296|13|-51.736118|86.972321|-21.354771|-11.702136|105.314774|8.892553|1.100000|1.100000|1.100000
AEG001_290_7297|13|-50.665390|91.335526|-42.646919|11.376528|-20.410318|2.677078|1.100000|1.100000|1.100000
AEG001_290_7298|13|-47.543617|91.434288|-41.021172|-3.390644|-143.393845|-11.576719|0.900000|0.900000|0.900000
AEG001_290_7299|13|-54.853836|90.410400|-39.961018|0.748562|59.082539|12.110528|0.900000|0.900000|0.900000
AEG001_290_7300|13|-76.085556|102.890472|-121.461609|-10.828014|164.417831|-2.615225|0.900000|0.900000|0.900000
AEG001_290_7301|13|-71.941582|104.124107|-126.445007|3.040665|-103.057587|-10.554574|0.900000|0.900000|0.900000
AEG001_290_7302|13|-93.248268|89.050880|-60.891525|0.708946|131.291992|-0.466910|1.100000|1.100000|1.100000
AEG001_290_7303|13|-92.912880|89.137550|-57.071873|-1.018518|37.873547|-1.058890|0.900000|0.900000|0.900000
AEG001_290_7304|13|-8.497116|107.556145|-83.250793|13.125304|-6.036238|1.580014|0.900000|0.900000|0.900000
AEG001_290_7305|13|-11.088562|109.150551|-91.329796|8.974132|67.760109|14.477598|0.900000|0.900000|0.900000
AEG004_691_2024|13|-66.901062|97.124573|-62.122414|0.089995|179.999832|-0.010693|1.000000|1.000000|1.000000
AEG004_691_2036|13|-64.365593|110.424438|-63.645454|-0.000090|157.496933|-0.000045|1.000000|1.000000|1.000000
AEG004_691_2037|13|-67.916458|110.424438|-63.705780|0.090022|-157.503052|0.067018|1.000000|1.000000|1.000000
AEG004_691_2038|13|-60.057762|101.260315|-61.838600|-0.000000|112.499588|-0.000000|1.000001|1.000000|1.000000
AEG004_691_2039|13|-63.682213|101.260315|-65.443634|-0.000000|157.499664|-0.000000|1.000000|1.000000|1.000000
AEG004_691_2040|13|-68.801895|101.260315|-65.411499|-0.000000|-157.500427|-0.000000|1.000000|1.000000|1.000001
AEG004_691_2041|13|-72.383545|101.260315|-61.801224|-0.000000|-112.500298|-0.000000|1.000000|1.000000|1.000000
AEG004_691_2042|13|-60.029526|101.260315|-56.729286|-0.000000|67.499664|-0.000000|1.000001|1.000000|1.000001
AEG004_691_2043|13|-63.622139|101.260315|-53.103607|-0.000000|22.499672|-0.000000|1.000000|1.000000|1.000000
AEG004_691_2044|13|-72.361633|101.260315|-56.681961|-0.000000|-67.500343|-0.000000|1.000000|1.000000|1.000000
AEG004_691_2045|13|-68.740273|101.260315|-53.087708|-0.000000|-22.500343|-0.000000|1.000001|1.000000|1.000001
AEG007_076_1000|13|-83.517998|68.665001|48.132030|9.999999|14.999995|19.584993|1.000000|1.000000|1.000000
AEG007_093_1000|13|-83.517998|68.665001|48.132030|9.999999|14.999995|19.584993|1.000000|1.000000|1.000000
AEG007_391_1000|13|-83.518005|68.665001|48.132000|-10.000007|-165.000000|-19.584993|1.000000|1.000000|1.000000
AEG007_393_1000|13|-83.518005|68.665001|48.132000|9.999999|14.999997|19.584995|1.000000|1.000000|1.000000
AEG097_012_1000|13|-89.472542|89.043579|-73.848961|0.000000|0.000000|0.000000|1.000000|1.000000|1.000000
AEG099_004_2000|13|-63.155792|89.054306|-37.210289|-0.000000|159.646118|-0.000000|1.000000|1.000000|1.000000
AEG099_053_9000|13|-85.862999|69.134003|76.757004|0.000000|0.000000|0.000000|1.000000|1.000000|1.000000
AEG099_090_9000|13|-49.483406|69.239685|104.732285|0.000000|175.470001|0.000000|1.000000|1.000000|1.000000
AEG099_090_9001|13|-49.483406|66.339691|104.732285|0.000000|175.470001|0.000000|1.000000|1.000000|1.000000
AEG099_251_2000|13|-66.213623|94.743576|-51.261925|0.000000|-0.000003|0.000000|1.000000|1.000000|1.000000
AEG099_375_1001|13|8.353221|109.627205|-87.419182|-0.020525|128.459747|0.002541|1.000000|1.000000|1.000000
AEG099_503_9000|13|-102.290588|64.340538|105.518524|0.000000|-264.601715|0.000000|1.000000|1.000000|1.000000
AEG099_630_9001|13|-66.188004|117.153000|-59.208000|0.000000|-177.649994|0.000000|1.000000|1.000000|1.000000
AEG099_680_9000|13|-106.986000|63.692001|76.346001|4.612000|-102.445999|2.840000|1.000000|1.000000|1.000000
AEG099_680_9002|13|-47.591999|70.120003|128.337006|3.397000|126.237000|-7.469000|1.000000|1.000000|1.000000
AEG099_680_9003|13|6.012000|66.403000|116.803001|6.848000|114.640999|9.312000|1.000000|1.000000|1.000000
AEG099_680_9004|13|17.523001|64.725998|120.458000|6.396000|-85.039001|-15.101000|1.000000|1.000000|1.000000
AEG099_680_9005|13|-50.167000|72.752998|61.417000|0.950000|-100.193001|-6.086000|1.000000|1.000000|1.000000
AEG099_680_9006|13|-3.511000|78.487999|63.119999|-5.403000|-169.826996|-7.353000|1.000000|1.000000|1.000000
AEG099_680_9007|13|-28.208000|76.850998|56.790001|0.000000|147.630005|0.000000|1.000000|1.000000|1.000000
AEG099_680_9008|13|-35.536999|82.126999|19.066000|-5.843000|64.637001|17.257999|1.000000|1.000000|1.000000
AEG099_680_9009|13|-81.816002|68.386002|77.306000|8.486000|21.007999|0.703000|1.000000|1.000000|1.000000
AEG099_680_9011|13|-9.146000|107.071999|-82.492996|6.167000|-58.673000|-8.093000|1.000000|1.000000|1.000000
AEG099_680_9012|13|-52.181000|94.114998|-62.886002|3.487000|60.727001|4.871000|1.000000|1.000000|1.000000
AEG099_680_9013|13|-49.713001|99.470001|-89.341003|-11.598000|147.667007|-2.870000|1.000000|1.000000|1.000000
AEG099_680_9014|13|-71.318001|85.886002|-23.089001|-2.157000|-90.142998|-7.033000|1.000000|1.000000|1.000000
AEG099_680_9016|13|-91.899002|88.904999|-59.318001|1.792000|98.309998|2.187000|1.000000|1.000000|1.000000
AEG099_680_9017|13|-71.584999|103.612000|-123.900002|0.796000|31.327999|2.876000|1.000000|1.000000|1.000000
AEG099_680_9018|13|15.334000|99.892998|-52.903000|8.436000|3.915000|6.254000|1.000000|1.000000|1.000000
AEG099_680_9019|13|-24.488001|69.667999|97.527000|8.301000|-21.291000|3.618000|1.000000|1.000000|1.000000
AEG099_690_9002|13|-110.674004|97.686996|-110.146004|-0.000000|-143.335999|-1.070000|1.000000|1.000000|1.000000
AEG099_690_9003|13|-110.214996|97.361000|-108.412003|0.000000|179.134003|0.000000|1.000000|1.000000|1.000000
AEG099_691_9000|13|-74.748001|89.217003|-67.152000|0.000000|-144.651001|0.000000|1.000000|1.000000|1.000000
AEG099_720_9000|13|-108.066002|87.877998|-48.675999|1.736000|46.401001|1.219000|1.000000|1.000000|1.000000
AEG099_720_9003|13|-113.601997|58.879002|32.167999|-2.264000|114.646004|-6.589000|1.000000|1.000000|1.000000
AEG099_720_9004|13|-115.914001|59.116001|38.301998|7.438000|-147.442001|-4.111000|1.000000|1.000000|1.000000
AEG099_720_9006|13|-26.396000|74.149002|71.039001|-9.581000|157.022003|-2.608000|1.000000|1.000000|1.000000
AEG099_720_9007|13|-31.084999|78.125999|47.581001|-10.398000|177.212997|-10.057000|1.000000|1.000000|1.000000
AEG099_720_9010|13|-71.677002|69.789001|71.329002|3.082000|-85.703003|-8.804000|1.000000|1.000000|1.000000
AEG099_720_9012|13|-69.102997|69.921997|70.901001|6.980000|27.955999|7.804000|1.000000|1.000000|1.000000
AEG099_720_9016|13|-53.424999|86.245003|-19.673000|-0.975000|-114.932999|-12.528000|1.000000|1.000000|1.000000
AEG099_720_9018|13|-45.646000|69.040001|81.815002|-9.405000|167.044998|-7.403000|1.000000|1.000000|1.000000
AEG099_720_9020|13|-22.441999|78.917000|49.680000|0.000000|13.080000|1.710000|1.000000|1.000000|1.000000
AEG099_720_9021|13|-8.738000|89.808998|-6.534000|-11.337000|177.042999|-6.579000|1.000000|1.000000|1.000000
AEG099_720_9024|13|-70.320000|75.982002|38.362999|7.286000|52.202999|9.340000|1.000000|1.000000|1.000000
AEG099_720_9025|13|-45.820000|91.371002|-40.568001|2.073000|15.895000|10.689000|1.000000|1.000000|1.000000
AEG099_720_9026|13|-73.264000|67.815002|122.382004|-5.721000|-54.716999|5.855000|1.000000|1.000000|1.000000
AEG099_720_9030|13|-43.814999|97.338997|-75.037003|13.336000|-14.820000|4.001000|1.000000|1.000000|1.000000
AEG099_720_9031|13|-47.923000|96.845001|-76.320000|-2.041000|-140.380005|-10.413000|1.000000|1.000000|1.000000
AEG099_720_9033|13|-63.250000|96.144997|-84.210999|-13.513000|-167.358994|-7.996000|1.000000|1.000000|1.000000
AEG099_720_9034|13|-71.766998|99.609001|-102.612000|-6.015000|87.761002|10.518000|1.000000|1.000000|1.000000
AEG099_720_9039|13|-54.282001|90.329002|-39.029999|-12.663000|151.893005|-0.963000|1.000000|1.000000|1.000000
AEG099_720_9042|13|-97.992996|79.591003|4.138000|-3.527000|138.014008|0.133000|1.000000|1.000000|1.000000
AEG099_720_9044|13|-93.074997|80.042999|4.921000|5.032000|11.314000|3.044000|1.000000|1.000000|1.000000
AEG099_720_9045|13|-70.875999|88.342003|-34.710999|14.710000|-19.544001|-0.109000|1.000000|1.000000|1.000000
AEG099_720_9046|13|-17.388000|75.192001|73.350998|13.662000|-62.532001|-6.926000|1.000000|1.000000|1.000000
AEG099_720_9054|13|-71.843002|89.133003|-39.834999|-6.234000|-177.496994|-7.592000|1.000000|1.000000|1.000000
AEG099_720_9055|13|-5.966000|73.960999|86.379997|-5.648000|81.584000|6.099000|1.000000|1.000000|1.000000
AEG099_720_9059|13|-26.999001|69.742996|113.647003|10.496000|-105.681000|1.895000|1.000000|1.000000|1.000000
AEG099_720_9060|13|-22.639000|69.705002|111.180000|-0.905000|89.723000|-4.745000|1.000000|1.000000|1.000000
AEG099_720_9061|13|-8.571000|73.419998|88.200996|0.000000|-158.511002|0.000000|1.000000|1.000000|1.000000
AEG099_720_9064|13|30.070000|99.367996|-41.348999|-5.118000|-153.427002|-8.831000|1.000000|1.000000|1.000000
AEG099_720_9065|13|32.376999|99.884003|-42.759998|-6.212000|91.359001|1.988000|1.000000|1.000000|1.000000
AEG099_760_9000|13|-125.036003|55.493000|-13.113000|12.975000|-117.251999|-7.698000|1.000000|1.000000|1.000000
AEG099_760_9002|13|-42.731998|103.640999|-106.919998|-15.962000|178.682999|-2.753000|1.000000|1.000000|1.000000
AEG099_760_9003|13|-92.231003|89.302002|-85.361000|2.311000|117.305000|2.382000|1.000000|1.000000|1.000000
AEG099_760_9004|13|-77.471001|71.033997|63.298000|-1.655000|-97.052002|-10.997000|1.000000|1.000000|1.000000
AEG099_760_9006|13|-5.842000|83.944000|30.201000|-7.034000|-145.710999|-7.725000|1.000000|1.000000|1.000000
AEG099_760_9007|13|-77.000999|89.192001|-77.728996|1.971000|-41.143002|0.000000|1.000000|1.000000|1.000000
AEG099_796_9000|13|-92.403000|85.626999|50.528000|0.000000|76.224998|0.000000|1.000000|1.000000|1.000000
AEG099_796_9001|13|-73.420998|76.066002|36.251999|0.000000|134.378006|0.000000|1.000000|1.000000|1.000000
AEG099_796_9002|13|-81.248001|76.362999|31.952000|0.000000|165.914993|0.000000|1.000000|1.000000|1.000000
AEG099_990_9000|13|7.365000|109.883003|-86.627998|0.000000|-58.224998|0.000000|1.000000|1.000000|1.000000
AEG110_100_2001|13|-66.213623|89.043579|-59.261925|0.000000|179.999863|0.000000|1.000000|1.000000|1.000000
AEG110_101_2001|13|-66.213623|89.043579|-59.261925|0.000000|179.999908|0.000000|1.000000|1.000000|1.000000
AEG110_104_2002|13|-66.561775|88.954956|-49.850777|0.000000|180.000000|0.000000|1.000000|1.000000|1.000000
AEG110_111_2001|13|-66.213623|116.543579|-59.261925|0.000000|-0.002476|0.000000|1.000000|1.000000|1.000000
AEG110_114_2000|13|-66.213623|89.043579|-59.261925|0.000000|179.999908|0.000000|1.000000|1.000000|1.000000
AEG110_115_2000|13|-66.213623|89.043579|-59.261925|0.000000|-135.000046|0.000000|1.000000|1.000000|1.000000
AEG110_115_2001|13|-66.213623|89.043579|-59.261925|0.000000|134.999908|0.000000|1.000000|1.000000|1.000000
AEG110_116_2000|13|-66.213623|89.043579|-59.261925|0.000000|-135.000046|0.000000|1.000000|1.000000|1.000000
AEG110_116_2001|13|-66.213623|89.043579|-59.261925|0.000000|134.999908|0.000000|1.000000|1.000000|1.000000
AEG110_117_2000|13|-66.213623|105.043579|-59.261925|0.000000|-0.000045|0.000000|1.000000|1.000000|1.000000
AEG110_118_2000|13|-66.213623|105.043579|-59.261925|0.000000|-0.000045|0.000000|1.000000|1.000000|1.000000
AEG110_119_2000|13|-66.213623|89.043579|-59.261925|0.000000|-179.997589|0.000000|1.000000|1.000000|1.000000
AEG110_300_2006|13|-63.254196|117.093201|-56.202293|0.089995|42.497032|-0.050538|1.000000|1.000000|0.999999
AEG110_301_2007|13|-66.213501|117.139893|-61.078369|-0.000007|-0.002995|-0.000000|1.000000|1.000000|1.000000
AEG110_301_2008|13|-67.881340|107.856201|-55.739868|0.000000|161.927673|0.000000|1.000000|1.000000|1.000000
AEG110_302_2002|13|-66.219604|117.139954|-62.454285|-0.000009|-175.489105|-0.000006|1.000000|1.000000|1.000000
AEG110_305_2018|13|-69.413589|107.845825|-59.262115|-0.000000|-90.002983|-0.000000|1.000000|1.000000|1.000000
AEG110_305_2019|13|-63.013603|107.845459|-59.261742|-0.000000|89.996986|0.000000|1.000000|1.000000|1.000000
AEG110_305_2020|13|-70.113579|116.543579|-59.262138|-0.000000|-90.002983|-0.000000|1.000000|1.000000|1.000000
AEG110_305_2021|13|-62.313606|116.543579|-59.261742|-0.000000|89.996986|0.000000|1.000000|1.000000|1.000000
AEG110_306_2020|13|-63.763046|107.856201|-56.218475|-0.000000|-42.875164|-0.000000|1.000000|1.000000|1.000000
AEG110_306_2021|13|-63.644257|117.093567|-56.327118|0.000000|-15.159022|-0.000050|1.000000|1.000000|1.000000
AEG110_306_2022|13|-62.498360|107.856079|-60.503433|-0.000000|-160.875076|-0.000000|1.000000|1.000000|1.000000
AEG110_306_2023|13|-64.153503|117.094177|-61.790688|-0.000081|84.842438|0.000027|1.000000|1.000000|1.000000
AEG110_306_2024|13|-70.153030|117.093567|-60.255600|-0.000000|-1.014555|-0.000002|1.000000|1.000000|1.000000
AEG110_306_2025|13|-59.879387|94.873779|-61.937515|0.106469|9.927954|1.800247|1.000000|1.000000|1.000000
AEG110_306_2026|13|-71.872032|94.863098|-55.664268|1.244105|99.959412|-0.753485|1.000000|1.000000|1.000000
AEG110_306_2027|13|-61.562099|94.875435|-54.492981|-0.330389|124.889107|-2.410490|1.000000|1.000000|1.000000
AEG110_306_2028|13|-72.586258|94.902069|-61.608223|1.551874|144.909821|1.496576|1.000000|1.000000|1.000000
AEG110_306_2029|13|-63.129772|94.931969|-65.223602|-3.175999|99.939735|0.365715|1.000000|1.000000|1.000000
AEG110_306_2030|13|-68.135460|117.093582|-55.994358|-0.000000|-100.159035|-0.000050|1.000000|1.000000|1.000000
AEG110_307_2014|13|-69.897011|107.856079|-60.485100|-0.000000|-2.387059|-0.000000|1.000000|1.000000|1.000000
AEG110_307_2015|13|-63.212166|107.856201|-62.562744|-0.000000|50.613052|-0.000000|1.000000|1.000000|1.000000
AEG110_307_2016|13|-70.596481|117.094299|-58.564735|0.072099|-136.968536|0.066745|1.000000|1.000000|1.000000
AEG110_307_2017|13|-61.620049|117.093201|-60.295639|0.070788|64.952484|-0.060961|1.000000|1.000000|1.000000
AEG110_307_2018|13|-58.948074|94.880554|-59.572693|-2.421464|144.944641|-0.490435|1.000000|1.000000|1.000000
AEG110_307_2019|13|-59.700603|94.920158|-55.930492|-3.283446|54.883930|-0.448459|1.000000|1.000000|1.000000
AEG110_307_2020|13|-73.215263|94.892105|-57.035748|-2.426835|-65.102966|0.282414|1.000000|1.000000|1.000000
AEG110_308_2009|13|-68.274544|107.856201|-62.394295|0.000000|-146.141495|0.000000|1.000000|1.000000|1.000000
AEG110_308_2010|13|-69.935059|117.093567|-60.245094|-0.000000|-134.989655|-0.000000|1.000000|1.000000|1.000000
AEG110_308_2011|13|-68.896683|107.856201|-56.143318|0.000000|129.858444|0.000000|1.000000|1.000000|1.000000
AEG110_308_2012|13|-71.117287|94.891418|-54.555801|1.058789|-179.991287|1.002344|1.000000|1.000000|1.000000
AEG110_308_2013|13|-69.450035|94.869225|-65.165283|-1.760186|-170.141586|0.217692|1.000000|1.000000|1.000000
AEG110_309_2019|13|-62.782410|107.856201|-61.744888|-0.000005|18.586626|-0.000000|1.000000|1.000000|1.000000
AEG110_309_2020|13|-64.283249|117.197754|-62.664970|0.004535|120.227913|0.000683|1.000000|1.000000|1.000000
AEG110_309_2021|13|-69.777878|107.856201|-59.321014|-0.000005|84.586693|-0.000000|1.000000|1.000000|1.000000
AEG110_309_2022|13|-63.186516|107.856201|-56.220261|-0.000005|-116.413391|0.000000|1.000000|1.000000|1.000000
AEG110_309_2023|13|-70.469986|94.898682|-53.925613|1.752708|106.499260|-1.154804|1.000000|1.000001|1.000000
AEG110_309_2024|13|-59.350075|94.870667|-57.566246|-0.839065|110.002502|-1.132921|1.000000|1.000000|1.000000
AEG110_309_2025|13|-66.246544|94.860832|-65.450584|-1.321523|166.483246|-0.024382|1.000000|1.000000|1.000000
AEG110_311_2005|13|-62.624878|107.856201|-57.140892|0.000000|144.623566|0.000000|1.000000|1.000000|1.000000
AEG110_311_2006|13|-63.799805|117.000305|-62.953506|0.000000|-155.006454|0.000000|1.000000|1.000000|1.000000
AEG110_311_2007|13|-71.156242|94.912048|-54.104065|0.000546|94.999710|-0.000191|1.000000|1.000000|1.000000
AEG110_311_2008|13|-68.408249|94.892960|-65.752289|1.709624|-9.981112|-0.957244|1.000000|1.000000|1.000000
AEG110_312_2007|13|-69.538986|117.093567|-62.188927|-0.000000|-50.009506|-0.000000|1.000000|1.000000|1.000000
AEG110_312_2008|13|-68.120071|94.875847|-65.327278|-1.000748|-95.022270|-1.775210|1.000000|1.000000|1.000000
AEG110_313_2005|13|-68.897163|107.841309|-62.987724|-0.004514|-99.761383|0.000082|1.000000|1.000000|1.000000
AEG110_313_2006|13|-62.511520|117.093567|-57.716660|0.000027|81.845291|-0.000001|1.000000|1.000000|1.000000
AEG110_314_2001|13|-71.516899|95.146729|-64.565254|-0.000000|-134.999985|0.000000|1.000000|1.000000|1.000000
AEG110_314_2002|13|-60.910316|95.146729|-64.565239|-0.000000|134.999863|0.000000|1.000000|1.000000|1.000000
AEG110_316_2006|13|-68.988960|117.093567|-62.928001|14.510819|-140.492111|-0.000002|1.000000|1.000000|1.000001
AEG110_316_2007|13|-58.866364|94.872375|-58.022163|10.090052|89.997589|0.081604|1.000000|0.999999|1.000000
AEG110_318_2003|13|-66.213600|124.718018|-59.261917|0.000000|109.997009|0.000000|1.000000|1.000000|1.000000
AEG801_006_7011|13|-45.297821|97.529556|-76.556007|14.052104|-45.429817|-1.423671|1.100000|1.100000|1.100000
AEG801_006_7057|13|-52.802917|93.377823|-58.180950|10.812954|-54.799736|-2.048560|1.100000|1.100000|1.100000
AEG801_006_7058|13|-22.453537|99.439781|-70.977943|9.676413|-1.609337|5.431367|1.100000|1.100000|1.100000
AEG801_006_7059|13|-72.864357|89.235138|-70.624840|-6.117433|67.838898|1.004283|1.100000|1.100000|1.100000
AEG801_006_7060|13|-103.072044|89.144783|-67.973206|1.584932|-168.867386|5.752003|1.100000|1.100000|1.100000
AEG801_006_7061|13|-75.252441|89.161934|-74.462143|-2.371092|80.693031|2.339094|1.100000|1.100000|1.100000
AEG801_006_7063|13|-53.310902|92.309982|-50.736515|-9.852582|154.591431|-2.026616|1.100000|1.100000|1.100000
AEG801_006_7064|13|-90.697319|89.159782|-53.874424|0.568408|95.057808|2.495369|1.100000|1.100000|1.100000
AEG801_006_7065|13|-92.302734|86.016052|-30.061893|4.440526|49.460049|9.722667|1.100000|1.100000|1.100000
AEG801_006_7066|13|-74.112648|86.496704|-26.425470|-4.723341|105.621964|9.558438|1.100000|1.100000|1.100000
AEG801_006_7067|13|-93.785812|88.739281|-49.834839|-0.220366|82.515533|6.441552|1.100000|1.100000|1.100000
AEG801_006_7069|13|-43.116657|93.667427|-51.522800|-6.368618|83.713562|9.518744|1.100000|1.100000|1.100000
AEG801_006_7070|13|-25.244160|74.156013|72.457169|-15.565465|132.743713|2.242488|1.100000|1.100000|1.100000
AEG801_006_7071|13|-16.682682|74.962151|75.485161|-10.875728|107.999748|7.727622|1.100000|1.100000|1.100000
AEG801_006_7072|13|-12.120233|75.235847|76.989243|-5.337172|91.305351|10.181955|1.100000|1.100000|1.100000
AEG801_006_7075|13|-120.524727|96.659424|-109.302048|-1.393364|-122.502640|-12.299605|1.100000|1.100000|1.100000
AEG801_006_7076|13|-114.008888|97.463791|-110.400764|7.916981|-69.549873|-8.305142|1.100000|1.100000|1.100000
AEG801_006_7077|13|-105.254303|97.043861|-104.275093|-11.575246|147.404922|2.051406|1.100000|1.100000|1.100000
AEG801_006_7078|13|-101.180321|97.706169|-105.851524|3.230078|50.902367|11.678421|1.100000|1.100000|1.100000
AEG801_006_7080|13|-40.207146|103.679726|-106.036804|-10.764472|154.892334|-0.692197|1.100000|1.100000|1.100000
AEG801_006_7082|13|-43.781342|103.971748|-109.771584|-0.695156|-122.410461|-11.024682|1.100000|1.100000|1.100000
AEG801_006_7083|13|-79.119835|70.425537|66.042686|8.999949|-48.296349|-4.881941|1.100000|1.100000|1.100000
AEG801_006_7084|13|-82.514526|70.410896|64.611679|3.378348|-100.755920|-10.083487|1.100000|1.100000|1.100000
AEG801_006_7085|13|-16.005617|69.601074|108.842346|-1.844994|91.579819|-7.924919|1.100000|1.100000|1.100000
AEG801_006_7086|13|-18.901461|77.596191|60.124447|-3.541263|83.279015|10.839539|1.100000|1.100000|1.100000
AEG801_006_7088|13|-0.962847|70.135742|102.933128|4.108853|79.373062|17.854418|1.100000|1.100000|1.100000
AEG801_006_7166|13|-110.596962|59.218788|30.889481|-6.206528|94.291489|-2.051570|1.100000|1.100000|1.100000
AEG801_006_7168|13|-126.264893|55.236137|-16.622759|15.577041|-99.794777|-5.525033|1.100000|1.100000|1.100000
AEG801_006_7169|13|-126.819618|54.571556|-8.038686|11.645937|-50.997070|4.597538|1.100000|1.100000|1.100000
AEG801_006_7239|13|-96.275764|90.524429|6.828882|5.823937|82.848206|-8.343817|1.100000|1.100000|1.100000
AEG801_006_7240|13|-121.016655|55.972549|6.066757|-7.322052|82.694366|-2.848311|1.100000|1.100000|1.100000
AEG801_006_7243|13|-116.029434|58.815701|34.617027|-5.606111|82.649338|-4.264116|1.100000|1.100000|1.100000
AEG801_006_7353|13|-83.133766|97.165489|-96.789162|-2.350029|-115.452042|-16.275888|1.100000|1.100000|1.100000
AEG801_006_7389|13|-33.728832|72.575195|72.789909|-13.053158|113.668236|7.862040|1.100000|1.100000|1.100000
AEG801_006_7395|13|-54.362698|94.400345|-67.530426|-11.745252|106.653061|5.044369|1.100000|1.100000|1.100000
AEG801_006_7396|13|-68.168709|73.065674|54.945000|8.377173|22.606920|6.946604|1.100000|1.100000|1.100000
AEG801_006_7397|13|-6.520903|90.546638|-9.385056|-7.968514|-166.300919|-7.733291|1.100000|1.100000|1.100000
AEG801_006_7398|13|-79.077286|89.201584|-56.145561|4.211712|-93.351898|-0.175317|1.100000|1.100000|1.100000
AEG801_006_7402|13|-26.705961|80.312752|38.659752|12.129021|-59.454754|-4.086176|1.100000|1.100000|1.100000
AEG801_006_7403|13|-24.114225|75.984627|64.859550|4.099042|39.562012|14.990080|1.100000|1.100000|1.100000
AEG801_006_7404|13|-35.515392|75.374260|58.744808|6.035757|20.181131|13.807446|1.100000|1.100000|1.100000
AEG801_006_7411|13|-65.572998|96.172539|-85.414116|15.354621|-26.977373|-0.512645|1.100000|1.100000|1.100000
AEG801_006_7413|13|-26.629471|99.411118|-73.147644|7.152740|-80.307045|-8.519023|1.100000|1.100000|1.100000
AEG801_006_7415|13|-53.818634|98.607895|-87.084610|13.696578|-45.314445|-4.093021|1.100000|1.100000|1.100000
AEG801_006_7418|13|-103.349678|94.742119|-92.738281|5.095869|55.318390|12.311281|1.100000|1.100000|1.100000
AEG801_006_7420|13|-21.562132|97.669884|-59.996895|-8.114329|105.985832|7.649729|1.100000|1.100000|1.100000
AEG801_006_7421|13|-36.871536|91.595253|-32.680462|11.051002|-23.667419|1.991219|1.100000|1.100000|1.100000
AEG801_006_7422|13|-9.825713|79.821045|52.032036|-9.680106|-170.473373|-6.389984|1.100000|1.100000|1.100000
AEG801_006_7426|13|-59.959610|94.963623|-77.420753|13.314252|-24.548235|5.396451|1.100000|1.100000|1.100000
AEG801_006_7427|13|-59.703785|99.108192|-93.750641|13.261278|0.937778|8.317966|1.100000|1.100000|1.100000
AEG801_006_7429|13|-74.493927|98.957947|-100.841911|14.840526|-24.862740|-0.651761|1.100000|1.100000|1.100000
AEG801_006_7430|13|-69.690155|99.252968|-100.047455|4.230675|45.741207|14.278535|1.100000|1.100000|1.100000
AEG801_006_7436|13|-39.178402|93.791473|-48.999847|-9.500453|106.137688|6.477695|1.100000|1.100000|1.100000
AEG801_006_7449|13|-81.224670|89.130821|-82.539413|2.593341|-25.888857|1.045593|1.100000|1.100000|1.100000
AEG801_006_7450|13|-77.583763|89.247360|-81.132576|-0.255504|38.753746|4.959237|1.100000|1.100000|1.100000
AEG801_006_7451|13|-46.255669|94.342659|-58.604481|11.367021|-55.855686|-2.631453|1.100000|1.100000|1.100000
AEG801_006_7650|13|-70.249138|74.157951|48.338615|9.336842|10.718616|4.882710|1.100000|1.100000|1.100000
AEG801_006_7651|13|-32.421360|69.202629|93.579041|-8.970537|107.347229|4.927354|1.100000|1.100000|1.100000
AEG801_006_7653|13|-27.726900|70.804192|88.211525|-8.930346|85.390221|11.395269|1.100000|1.100000|1.100000
AEG801_006_7654|13|-69.739685|68.204102|79.319443|1.396473|82.333328|12.220246|1.100000|1.100000|1.100000
AEG801_006_7655|13|-30.578856|70.727295|86.033630|-13.868515|146.556488|-2.368902|1.100000|1.100000|1.100000
AEG801_006_7695|13|-98.504150|78.992920|6.699217|9.990409|-1.667320|6.689215|1.100000|1.100000|1.100000
AEG801_006_7696|13|-102.067619|79.200157|4.799767|-3.825489|97.204163|8.743843|1.100000|1.100000|1.100000
AEG801_006_7697|13|-94.748222|79.748039|5.109737|8.463724|11.089277|7.750900|1.100000|1.100000|1.100000
AEG801_006_7698|13|29.565514|98.648918|-37.151527|8.196282|-50.626328|-4.643383|1.100000|1.100000|1.100000
AEG801_006_7699|13|33.396107|100.873779|-48.180729|0.888007|-97.830803|-8.412138|1.100000|1.100000|1.100000
AEG801_006_7700|13|-5.752711|83.178734|35.589363|4.120681|-48.706059|4.131309|1.100000|1.100000|1.100000
AEG801_006_7701|13|-4.319686|84.521477|27.528799|3.636968|-99.758408|-10.339807|1.100000|1.100000|1.100000
AEG801_006_7702|13|-111.653671|89.748711|-66.586655|-3.966771|128.228378|5.722059|1.100000|1.100000|1.100000
AEG801_006_7705|13|-60.938362|90.893570|-44.854092|-9.274186|178.502472|-1.337266|1.100000|1.100000|1.100000
AEG801_006_7706|13|-68.316612|87.025536|-28.275995|1.465515|74.673386|12.309750|1.100000|1.100000|1.100000
AEG801_006_7709|13|-49.192093|87.027420|-19.392488|14.664801|-60.777023|-4.925488|1.100000|1.100000|1.100000
AEG801_006_7711|13|-44.821217|85.635239|-8.371991|4.480225|-117.985916|-14.775499|1.100000|1.100000|1.100000
AEG801_006_7714|13|-83.763878|87.849388|-38.689293|-7.387592|177.847885|-3.037463|1.100000|1.100000|1.100000
AEG801_006_7715|13|-67.555885|85.177025|-19.022953|-8.858229|-150.740891|-5.093473|1.100000|1.100000|1.100000
AEG801_006_7716|13|-48.707199|89.922333|-33.466442|13.427169|-54.448063|-3.752063|1.100000|1.100000|1.100000
AEG801_006_7717|13|-53.596073|87.780228|-26.714695|12.303573|-5.285726|6.817019|1.100000|1.100000|1.100000
AEG801_006_7718|13|-76.806595|87.802528|-34.549847|0.000847|65.913445|10.159493|1.100000|1.100000|1.100000
AEG801_006_7720|13|-59.867321|87.974564|-30.707722|-2.740767|82.970802|12.749696|1.100000|1.100000|1.100000
AEG801_006_7723|13|-20.466387|79.374260|48.961491|-7.212933|-160.842850|-8.356979|1.100000|1.100000|1.100000
AEG801_006_7727|13|-15.543038|71.006096|117.952110|-3.383669|-60.251106|8.426787|1.100000|1.100000|1.100000
AEG801_006_7737|13|-8.014367|89.215088|-2.335685|-0.555625|-123.424660|-11.205034|1.100000|1.100000|1.100000
AEG801_006_7738|13|-5.041474|89.980225|-5.202883|6.922342|21.180525|8.800973|1.100000|1.100000|1.100000
AEG801_006_7739|13|-84.752190|75.874023|33.557186|-3.584285|83.611893|10.391396|1.100000|1.100000|1.100000
AEG801_006_7743|13|-46.498276|73.085938|62.740597|7.555500|-79.393936|-9.939975|1.100000|1.100000|1.100000
AEG801_006_7750|13|-63.007805|70.971443|67.474426|8.332586|-58.762455|-8.177413|1.100000|1.100000|1.100000
AEG801_006_7751|13|-65.921509|70.561531|68.819656|-3.113933|-119.092819|-11.151397|1.100000|1.100000|1.100000
AEG801_006_7752|13|-43.967823|72.847153|65.299484|-5.152355|84.484787|12.118505|1.100000|1.100000|1.100000
AEG801_006_7754|13|-31.634533|73.682129|69.539581|14.485602|-59.034233|-5.958230|1.100000|1.100000|1.100000
AEG801_006_7755|13|-23.763983|70.569817|118.098808|-5.258341|83.367882|-7.940928|1.100000|1.100000|1.100000
AEG801_006_7756|13|-22.146893|70.172112|114.527451|6.136926|156.094452|-6.603014|1.100000|1.100000|1.100000
AEG801_006_7757|13|-8.234124|72.530754|93.518295|9.049644|-78.288536|-12.157820|1.100000|1.100000|1.100000
AEG801_006_7758|13|-6.787429|71.908691|96.477127|-4.775629|84.669243|16.884853|1.100000|1.100000|1.100000
AEG801_006_7759|13|-122.253006|55.568649|2.040092|3.744665|-176.856094|-7.092988|1.100000|1.100000|1.100000
AEG801_006_7760|13|-124.060349|55.620792|-10.292218|12.567875|-123.286156|-13.057568|1.100000|1.100000|1.100000
AEG801_006_7761|13|-79.754768|85.737434|-23.577843|8.310728|-51.488289|-5.312084|1.100000|1.100000|1.100000
AEG801_006_7762|13|-74.746918|103.514763|-124.408119|10.964913|-25.710178|0.681817|1.100000|1.100000|1.100000
AEG801_006_7763|13|-97.933380|96.236427|-97.725441|-13.292094|147.161972|3.777395|1.100000|1.100000|1.100000
AEG801_006_7764|13|-98.048134|82.258400|-12.422405|-9.017458|104.170303|8.386764|1.100000|1.100000|1.100000
AEG801_006_7765|13|-108.807083|87.551064|-45.682579|0.009016|-25.526474|-0.000361|1.100000|1.100000|1.100000
AEG801_006_7766|13|-111.723442|88.102577|-49.601665|7.390538|82.455498|7.393078|1.100000|1.100000|1.100000
AEG801_006_7767|13|-99.936478|84.356171|-22.293898|8.005146|50.180550|3.152980|1.100000|1.100000|1.100000
AEG801_006_7768|13|-18.506653|93.179893|-31.694826|10.931609|-25.594393|0.708892|1.100000|1.100000|1.100000
AEG801_006_7769|13|-21.235119|93.621712|-35.839787|-4.016889|82.371910|10.199603|0.900000|0.900000|0.900000
AEG801_006_7770|13|-14.530071|93.362335|-30.547142|8.344606|-69.466515|-7.122060|0.900000|0.900000|0.900000
AEG801_006_7771|13|18.913246|100.928833|-56.620537|10.931609|-25.594393|0.708892|1.100000|1.100000|1.100000
AEG801_006_7772|13|21.080112|100.621864|-53.588627|8.344606|-69.466515|-7.122061|0.900000|0.900000|0.900000
AEG801_006_7773|13|-10.670727|108.039978|-86.139496|11.613099|-24.918915|-2.679866|1.100000|1.100000|1.100000
AEG801_006_7774|13|-13.519443|108.745003|-90.222649|5.234086|82.315681|15.510870|0.900000|0.900000|0.900000
AEG801_006_7775|13|-6.073942|108.180130|-85.368439|8.315536|-68.983337|-10.383999|0.900000|0.900000|0.900000
AEG801_006_7776|13|-105.755478|64.161133|79.371078|-1.573293|131.853241|-6.072712|1.100000|1.100000|1.100000
AEG801_011_7002|13|-74.441147|103.632576|-124.934624|-0.007966|107.493706|0.007568|1.000000|1.000000|1.000000
AEG801_011_7006|13|-38.487835|94.005997|-49.762928|0.009535|-5.809270|0.006557|1.000000|1.000000|1.000000
AEG801_011_7007|13|-103.349678|94.742119|-92.738281|0.002677|-4.707595|0.003169|1.000000|1.000000|1.000000
AEG801_011_7009|13|-2.978946|78.015244|65.062408|-0.000000|-3.293876|-0.000000|1.000000|1.000000|1.000000
AEG801_011_7014|13|-121.390427|56.032784|7.632179|-0.000004|-1.995776|0.000000|1.000000|1.000000|1.000000
AEG801_011_7015|13|-115.280304|58.975422|35.711990|-0.000005|-1.554778|0.000000|1.000000|1.000000|1.000000
AEG801_011_7019|13|-63.401318|84.751419|-16.197214|0.010163|13.213272|0.004453|0.800000|0.800000|0.800000
AEG801_011_7020|13|-69.754822|89.320274|-38.954590|0.011393|-3.218975|0.005246|1.000000|1.000000|1.000000
AEG801_011_7021|13|-60.379749|87.825882|-30.225437|0.012595|-3.559014|0.003442|0.800000|0.800000|0.800000
AEG801_011_7073|13|-41.343262|69.189217|84.903175|-0.000000|-4.610995|-0.000000|0.800000|0.800000|0.800000
AEG801_011_7074|13|-61.748062|70.805656|67.511047|0.000000|-2.702537|0.000000|0.800000|0.800000|0.800000
AEG801_011_7075|13|-69.078133|68.078857|79.868767|0.000000|67.236183|0.000000|1.000000|1.000000|1.000000
AEG801_011_7076|13|-17.066978|75.060532|74.707504|0.000000|35.508816|0.000000|0.800000|0.800000|0.800000
AEG801_011_7079|13|-25.502556|69.479698|110.869789|-0.000000|-98.890549|0.000000|1.000000|1.000000|1.000000
AEG801_011_7083|13|-40.092030|76.103195|50.681915|0.000000|-4.648054|0.000000|1.000000|1.000000|1.000000
AEG801_011_7084|13|-50.653515|73.411354|58.521778|-0.000000|-6.101010|-0.000000|0.800000|0.800000|0.800000
AEG801_011_7085|13|-62.987976|77.353279|31.914810|0.000000|-2.175834|0.000000|0.800000|0.800000|0.800000
AEG801_011_7087|13|-16.212353|70.836258|117.021370|-0.000000|-2.616560|0.000000|0.800000|0.800000|0.800000
AEG801_011_7088|13|-23.033310|70.206039|96.181664|-0.000000|-6.540233|-0.000000|1.000000|1.000000|1.000000
AEG801_011_7089|13|-82.264175|68.781372|75.480614|-0.000000|69.055351|-0.000000|0.800000|0.800000|0.800000
AEG801_011_7090|13|-72.250229|70.139389|69.539047|-0.000000|158.829529|-0.000000|0.800000|0.800000|0.800000
AEG801_011_7091|13|-42.823322|72.924881|65.568481|-0.000000|-107.017036|-0.000000|1.000000|1.000000|1.000000
AEG801_011_7096|13|-74.373642|68.645020|126.208221|-0.000000|41.598995|-0.000000|1.000000|1.000000|1.000000
AEG801_011_7098|13|-29.866432|70.823448|86.174759|0.000000|-7.472861|0.000000|1.000000|1.000000|1.000000
AEG801_011_7099|13|-68.149963|73.074158|54.910458|0.000000|-3.168123|0.000000|1.000000|1.000000|1.000000
AEG801_011_7101|13|-70.750580|75.386650|41.223343|0.000000|-2.363684|0.000000|1.000000|1.000000|1.000000
AEG801_011_7102|13|-5.043107|71.920692|97.088356|-0.000000|-106.187241|-0.000000|1.000000|1.000000|1.000000
AEG801_011_7103|13|7.192334|69.210503|106.000137|-0.000000|-107.628670|-0.000000|1.000000|1.000000|1.000000
AEG801_011_7104|13|-16.618654|69.741699|109.911087|-0.000000|65.112663|-0.000000|1.000000|1.000000|1.000000
AEG801_011_7105|13|-81.069756|85.632607|-23.447876|0.009453|-3.794660|0.002841|0.800000|0.800000|0.800000
AEG801_011_7106|13|-108.589722|87.620087|-46.063164|-5.824703|107.835945|6.717244|1.000000|1.000000|1.000000
AEG801_011_7107|13|-18.160675|93.266975|-32.016525|-0.008014|107.930824|0.007486|1.000000|1.000000|1.000000
AEG801_011_7108|13|-10.276690|108.162766|-86.578140|-0.006172|108.489586|0.010327|1.000000|1.000000|1.000000
AEG801_015_7020|13|-102.540924|89.073433|-69.840134|-0.000008|80.804344|-0.000013|1.000002|1.000002|1.000002
AEG801_015_7021|13|-75.145088|89.107567|-74.946091|0.004976|-57.333660|0.001890|1.000002|1.000002|1.000002
AEG801_015_7022|13|-103.296410|97.475945|-105.618393|0.000785|62.701881|0.011928|1.000003|1.000002|1.000002
AEG801_015_7042|13|-87.389046|89.043587|-85.821091|-0.000010|116.465599|-0.000025|1.000003|1.000003|1.000001
AEG801_015_7066|13|-32.574100|72.806419|72.628395|-0.000000|167.950531|-0.000002|1.000002|1.000002|1.000002
AEG801_015_7075|13|-76.708107|89.120834|-66.079819|-0.004514|90.259171|-0.001829|1.000002|1.000002|1.000002
AEG801_015_7080|13|-50.136997|99.054779|-87.506569|0.004915|36.360786|0.014067|1.000002|1.000002|1.000002
AEG801_015_7081|13|-43.210732|93.425850|-50.054024|-0.010957|-100.915718|0.003377|1.000003|1.000002|1.000002
AEG801_015_7082|13|-100.303818|79.435143|3.931568|-0.000001|11.244982|-0.000003|1.000002|1.000002|1.000002
AEG801_015_7083|13|-94.941460|79.709473|5.256838|-0.000002|-128.045807|-0.000008|1.000002|1.000002|1.000002
AEG801_015_7084|13|-71.422424|89.960495|-44.422012|0.009694|68.855125|-0.009139|1.000002|1.000002|1.000002
AEG801_015_7085|13|-49.343143|86.958694|-19.190590|-0.004084|-147.994888|-0.014907|1.000002|1.000002|1.000002
AEG801_015_7086|13|-84.391014|87.781395|-38.395897|-0.002340|84.382530|0.007717|1.000002|1.000002|1.000002
AEG801_015_7089|13|-71.283943|75.133255|42.509884|0.000008|-103.389160|0.000015|1.000002|1.000002|1.000002
AEG801_015_7091|13|-80.172707|70.279160|66.510895|-0.000001|7.817153|-0.000003|1.000002|1.000002|1.000001
AEG801_015_7092|13|-66.238503|70.343765|68.684998|-0.000002|-151.589005|-0.000006|1.000002|1.000002|1.000001
AEG801_015_7093|13|-24.605278|70.362183|94.022072|-0.000004|62.552151|-0.000008|1.000002|1.000002|1.000002
AEG801_015_7094|13|-22.011021|70.585213|117.378868|-0.000005|61.549923|-0.000009|1.000002|1.000002|1.000002
AEG801_015_7095|13|-43.044174|103.953133|-109.247131|0.004699|163.952820|0.009945|1.000002|1.000002|1.000002
AEG801_016_7019|13|-112.917336|59.273685|36.940502|-0.000000|28.314711|0.000000|1.000000|1.000000|1.000000
AEG801_016_7041|13|-16.211800|75.199326|74.647133|0.000000|109.561737|0.000000|1.000000|1.000000|1.000000
AEG801_016_7052|13|-0.021245|69.875977|103.634689|0.000000|34.787327|0.000000|1.000000|1.000000|1.000000
AEG801_016_7053|13|-83.593834|97.201805|-97.094666|0.000902|69.223007|0.016201|1.000000|1.000000|1.000000
AEG801_016_7070|13|-15.394823|71.182800|119.043938|-0.000000|8.818184|-0.000000|1.000000|1.000000|1.000000
AEG801_016_7104|13|-18.094700|77.417892|61.476883|-0.000000|-143.361206|-0.000000|1.000000|1.000000|1.000000
AEG801_016_7105|13|-53.200581|94.755280|-68.577698|0.012294|-28.343239|0.004726|1.000000|1.000000|1.000000
AEG801_016_7106|13|-80.136047|89.127434|-56.923325|0.000929|-161.907532|-0.002114|1.000000|1.000000|1.000000
AEG801_016_7119|13|-36.572472|91.600693|-32.522728|0.011174|-25.750679|0.001393|1.000000|1.000000|1.000000
AEG801_016_7130|13|-45.291641|94.435959|-58.312401|-0.000671|-135.797531|-0.011726|1.000000|1.000000|1.000000
AEG801_016_7131|13|-23.712645|99.568604|-72.446381|-0.007715|-164.924133|-0.007983|1.000000|1.000000|1.000000
AEG801_016_7132|13|17.960037|100.690430|-55.742069|0.000000|-141.359787|0.000000|1.000000|1.000000|1.000000
AEG801_016_7133|13|-100.041824|79.045372|5.962127|-0.000000|-46.891838|-0.000000|1.000000|1.000000|1.000000
AEG801_016_7134|13|-91.036308|89.061478|-52.772594|-0.004354|179.664795|0.000437|1.000000|1.000000|1.000000
AEG801_016_7136|13|-50.922104|86.909508|-20.392702|-0.014599|153.952621|-0.003482|1.000000|1.000000|1.000000
AEG801_016_7138|13|-64.388611|84.809822|-16.719810|-0.010741|162.934372|0.001639|1.000000|1.000000|1.000000
AEG801_016_7139|13|-93.270935|85.999550|-30.239594|-0.001583|151.271545|-0.010714|1.000000|1.000000|1.000000
AEG801_016_7140|13|-33.747570|76.801003|54.612484|-0.000000|-86.871788|-0.000000|1.000000|1.000000|1.000000
AEG801_016_7148|13|-49.002895|73.695114|58.459892|0.000000|9.007133|0.000000|1.000000|1.000000|1.000000
AEG801_016_7152|13|-14.355106|83.875328|25.734211|-0.000000|-173.623581|-0.000000|1.000000|1.000000|1.000000
AEG801_016_7153|13|-6.838089|90.626900|-10.038254|-0.000000|114.199768|-0.000000|1.000000|1.000000|1.000000
AEG801_016_7155|13|-71.355049|68.245689|123.463463|-0.000000|-145.803741|0.000000|1.000000|1.000000|1.000000
AEG801_016_7162|13|-34.430973|82.699837|17.734779|-0.000000|-178.210678|-0.000000|1.000000|1.000000|1.000000
AEG801_016_7164|13|-32.320831|80.151428|34.484322|-0.000000|100.263222|-0.000000|1.000000|1.000000|1.000000
AEG801_016_7166|13|-31.832001|69.331924|93.292816|-0.000000|-78.361328|-0.000000|1.000000|1.000000|1.000000
AEG801_016_7167|13|-70.873611|69.764160|70.605247|-0.000000|30.844461|0.000000|1.000000|1.000000|1.000000
AEG801_016_7168|13|-23.102654|69.921883|113.157280|-0.000000|-79.257057|-0.000000|1.000000|1.000000|1.000000
AEG801_016_7169|13|-8.449329|73.674355|87.176987|0.000000|36.557281|0.000000|1.000000|1.000000|1.000000
AEG801_111_7028|13|-36.275963|75.904655|54.980389|-0.000000|22.867579|0.000000|1.000000|1.000000|1.000000
AEG801_111_7067|13|-27.879841|72.286438|79.577309|-0.000000|-106.842064|-0.000000|1.000000|1.000000|1.000000
AEG801_250_7000|13|-44.623817|97.858620|-77.703148|0.011939|-70.848061|-0.007584|0.600000|0.600000|0.600000
AEG801_250_7001|13|-24.054482|70.249359|95.162369|-0.000000|118.529739|0.000000|0.750000|0.750000|0.750000
AEG801_250_7002|13|-46.508224|97.135704|-75.502357|0.010819|-1.086356|0.009152|0.900000|0.900000|0.900000
AEG801_250_7007|13|-54.639839|94.367386|-67.640640|0.012786|-48.534279|0.000492|1.000000|1.000000|1.000000
AEG801_250_7009|13|-82.339233|89.076485|-59.161465|0.000000|170.308975|-0.000000|1.000000|1.000000|1.000000
AEG801_250_7010|13|-79.077286|89.201584|-56.145561|0.000000|-126.106613|-0.000002|0.700000|0.700000|0.700000
AEG801_250_7012|13|-0.672118|70.109863|102.991699|-0.000000|-37.252731|-0.000000|0.800000|0.800000|0.800000
AEG801_250_7013|13|-25.472500|69.653969|112.303345|-0.000000|-36.247177|0.000000|0.600000|0.600000|0.600000
AEG801_250_7014|13|-67.026634|96.260033|-86.418777|0.011447|19.525845|0.014835|0.600000|0.600000|0.600000
AEG801_250_7016|13|-38.252880|68.851196|117.763618|0.000000|-138.644089|0.000000|0.750000|0.750000|0.750000
AEG801_250_7017|13|-64.993011|95.996368|-84.423645|-0.003709|-130.214676|-0.015893|1.000000|1.000000|1.000000
AEG801_250_7018|13|-23.983738|99.056038|-69.562729|0.006502|23.260347|0.009016|0.600000|0.600000|0.600000
AEG801_250_7021|13|-42.948654|69.113525|83.871674|0.000000|20.419071|0.000000|1.000000|1.000000|1.000000
AEG801_250_7023|13|-54.970474|98.408813|-87.937775|0.009016|22.013834|0.013414|0.550000|0.550000|0.550000
AEG801_250_7024|13|-28.532223|80.185745|37.758438|0.000000|-36.298779|0.000000|0.600000|0.600000|0.600000
AEG801_250_7025|13|-52.810547|98.471420|-86.775650|0.013005|-0.349596|0.008961|1.000000|1.000000|1.000000
AEG801_250_7026|13|-2.230844|78.135818|65.948524|-0.000000|167.541275|-0.000000|0.600000|0.600000|0.600000
AEG801_250_7028|13|-59.326443|98.982758|-93.000183|0.009781|20.566658|0.012376|0.600000|0.600000|0.600000
AEG801_250_7029|13|-81.648766|97.414360|-97.322433|0.012294|22.301851|0.010491|0.600000|0.600000|0.600000
AEG801_250_7030|13|-48.911091|73.998634|57.143932|-0.000000|80.735260|-0.000000|0.500000|0.500000|0.500000
AEG801_250_7031|13|-74.216438|98.857437|-100.351791|-0.009716|-153.128510|-0.011403|0.900000|0.900000|0.900000
AEG801_250_7032|13|-40.933376|75.895576|51.119122|0.000000|-123.948975|-0.000000|0.700000|0.700000|0.700000
AEG801_250_7034|13|-88.853806|68.974014|70.304024|0.000000|-100.248611|-0.000000|0.650000|0.650000|0.650000
AEG801_250_7035|13|-70.582169|99.179108|-100.157463|-0.013499|177.246765|-0.005992|0.600000|0.600000|0.600000
AEG801_250_7036|13|-18.549133|77.710594|59.635254|-0.000000|-103.499451|-0.000000|0.900000|0.900000|0.900000
AEG801_250_7038|13|-25.137672|99.348885|-71.943520|0.006858|93.959892|0.008743|1.000000|1.000000|1.000000
AEG801_250_7043|13|-39.379120|93.765106|-49.000156|0.007622|-88.126648|-0.008617|0.550000|0.550000|0.550000
AEG801_250_7044|13|8.016716|69.231369|105.254089|0.000000|-59.117085|-0.000000|0.550000|0.550000|0.550000
AEG801_250_7045|13|-41.997593|93.709969|-50.852676|0.011447|-41.224567|-0.000209|0.900000|0.900000|0.900000
AEG801_250_7046|13|-37.573792|91.490044|-32.500481|-0.010532|123.541283|0.004043|0.600000|0.600000|0.600000
AEG801_250_7049|13|-54.357365|92.433136|-52.479431|-0.004169|-154.294159|-0.008904|1.000000|1.000000|1.000000
AEG801_250_7050|13|-32.311348|69.130043|94.267120|-0.000000|-118.855743|-0.000000|0.500000|0.500000|0.500000
AEG801_250_7051|13|-70.760422|90.337875|-46.827904|0.000000|-82.998962|-0.000002|1.000000|1.000000|1.000000
AEG801_250_7054|13|-25.492479|80.337929|39.581242|-0.000000|148.798996|-0.000000|1.000000|1.000000|1.000000
AEG801_250_7055|13|-33.160000|76.613388|54.357014|-0.000000|-108.838974|-0.000000|1.000000|1.000000|1.000000
AEG801_250_7056|13|-92.101212|86.102921|-30.483383|-0.008824|130.437210|0.005983|0.600000|0.600000|0.600000
AEG801_250_7057|13|-71.734062|69.852539|70.008804|-0.000000|-121.596863|-0.000000|0.650000|0.650000|0.650000
AEG801_250_7058|13|-17.231070|77.567162|60.976902|0.000000|-19.913361|0.000000|0.600000|0.600000|0.600000
AEG801_250_7059|13|-69.475899|68.254425|79.071602|-0.000000|125.300110|-0.000000|0.500000|0.500000|0.500000
AEG801_250_7060|13|-11.490525|75.542404|75.906097|-0.000000|-13.644019|-0.000000|1.000000|1.000000|1.000000
AEG801_250_7062|13|-44.139824|104.172722|-111.163017|-0.001862|70.950943|0.010901|0.800000|0.800000|0.800000
AEG801_250_7063|13|-107.212334|97.861870|-109.542992|0.011236|-32.821133|-0.001624|0.625775|0.625775|0.625775
AEG801_250_7064|13|-98.195564|96.403107|-98.540649|0.006475|-79.704414|-0.011978|0.650000|0.650000|0.650000
AEG801_250_7066|13|-115.355392|97.186172|-109.536102|-0.000001|-8.069815|-0.000012|0.700000|0.700000|0.700000
AEG801_250_7067|13|-113.854538|97.411873|-110.068306|0.001311|59.363136|0.011420|1.000000|1.000000|1.000000
AEG801_250_7068|13|-104.815811|97.168381|-104.718559|-0.003544|84.622276|0.011256|1.000000|1.000000|1.000000
AEG801_250_7070|13|-40.520798|103.754395|-106.650024|0.000000|-61.853184|0.000000|1.000000|1.000000|1.000000
AEG801_250_7071|13|-38.955330|103.647400|-105.144295|-0.006901|101.140587|0.008278|0.600000|0.600000|0.600000
AEG801_250_7077|13|-81.190796|70.199707|66.565178|-0.000000|82.514946|-0.000000|1.000000|1.000000|1.000000
AEG801_250_7079|13|-14.995565|70.996552|117.840942|0.000004|-11.359092|-0.000000|0.625775|0.625775|0.625775
AEG801_250_7083|13|-1.535511|78.836365|62.670784|-0.000000|88.698364|0.000000|1.000000|1.000000|1.000000
AEG801_250_7084|13|-88.658508|89.043579|-86.433701|-0.000000|22.050884|0.000000|0.800000|0.800000|0.800000
AEG801_250_7085|13|-79.422432|89.153595|-82.809952|-0.001959|-151.470001|-0.005640|1.000000|1.000000|1.000000
AEG801_250_7086|13|-80.895012|89.115433|-83.251312|-0.001426|49.902290|0.005437|0.550000|0.550000|0.550000
AEG801_250_7087|13|-47.045898|94.199997|-58.411064|-0.004465|-156.036636|-0.010683|0.700000|0.700000|0.700000
AEG801_250_7088|13|20.611267|100.556885|-53.466309|0.000000|-105.234329|0.000000|0.600000|0.600000|0.600000
AEG801_250_7089|13|19.389580|100.985352|-56.686886|0.000000|-104.147209|0.000000|0.900000|0.900000|0.900000
AEG801_250_7090|13|-110.137154|59.325100|31.272436|-0.000004|25.333200|-0.000000|0.700000|0.700000|0.700000
AEG801_250_7091|13|-121.547661|56.684635|-14.360072|0.000000|-59.914848|0.000000|1.000000|1.000000|1.000000
AEG801_250_7092|13|-124.952141|55.337463|-10.519323|-0.000016|84.559784|0.000000|0.800000|0.800000|0.800000
AEG801_250_7093|13|-126.195999|55.256458|-16.576309|-0.000013|102.384804|-0.000011|0.700000|0.700000|0.700000
AEG801_250_7094|13|-125.599396|55.534962|-17.981144|-0.000000|-115.523911|-0.000010|0.500000|0.500000|0.500000
AEG801_250_7095|13|-103.423088|78.895996|6.110711|0.000000|31.817942|0.000000|1.000000|1.000000|1.000000
AEG801_250_7096|13|33.984680|100.913071|-48.083355|-0.000000|-121.844727|-0.000000|0.500000|0.500000|0.500000
AEG801_250_7097|13|34.791527|99.191406|-35.271053|0.000000|-60.634056|0.000000|0.650000|0.650000|0.650000
AEG801_250_7098|13|29.868042|98.630600|-36.873230|0.000000|-94.882347|0.000000|0.700000|0.700000|0.700000
AEG801_250_7099|13|31.974976|99.510986|-40.904999|0.000000|81.729034|0.000000|1.000000|1.000000|1.000000
AEG801_250_7100|13|30.591251|99.544205|-41.877998|0.000004|-10.769349|-0.000002|0.625775|0.625775|0.625775
AEG801_250_7101|13|1.845423|84.566681|32.207714|-0.000000|-57.521286|-0.000000|0.650000|0.650000|0.650000
AEG801_250_7102|13|-4.069748|84.615929|27.110601|-0.000000|-121.892662|-0.000000|0.500000|0.500000|0.500000
AEG801_250_7103|13|-6.065187|82.886444|36.234985|0.000000|-94.483871|-0.000000|0.700000|0.700000|0.700000
AEG801_250_7104|13|-9.984116|79.867683|51.708961|0.000004|-15.760548|-0.000001|0.625775|0.625775|0.625775
AEG801_250_7105|13|-5.090090|83.527740|32.983395|-0.000000|82.083740|-0.000000|1.000000|1.000000|1.000000
AEG801_250_7106|13|-89.529541|89.120834|-53.604450|0.000765|89.102936|0.002705|0.700000|0.700000|0.700000
AEG801_250_7107|13|-61.397114|90.905319|-45.012695|0.000874|-91.407234|-0.009241|0.550000|0.550000|0.550000
AEG801_250_7108|13|-60.047642|90.760788|-43.889111|-0.008155|129.158905|0.005956|0.900000|0.900000|0.900000
AEG801_250_7109|13|-67.316696|86.876205|-27.504314|-0.009144|129.641998|0.008306|0.550000|0.550000|0.550000
AEG801_250_7110|13|-93.252571|88.858337|-50.846256|0.003962|44.116505|0.004836|1.000000|1.000000|1.000000
AEG801_250_7111|13|-69.129089|87.240234|-29.317894|-0.012077|-172.824783|-0.003424|1.000000|1.000000|1.000000
AEG801_250_7112|13|-52.620453|92.345406|-50.437679|0.007659|-78.058792|-0.006697|0.625775|0.625775|0.625775
AEG801_250_7113|13|-71.698692|88.989815|-38.379852|0.004508|-99.009224|-0.011132|0.700000|0.700000|0.700000
AEG801_250_7114|13|-79.405281|85.815544|-23.932022|-0.007318|119.056984|0.006666|0.500000|0.500000|0.500000
AEG801_250_7115|13|-65.450485|85.350822|-19.670908|0.010819|-5.306280|0.000710|0.700000|0.700000|0.700000
AEG801_250_7117|13|-54.462490|87.908340|-27.945583|-0.013037|152.442596|0.004590|1.000000|1.000000|1.000000
AEG801_250_7118|13|-57.813980|88.009331|-30.129383|0.007353|32.464108|0.010870|0.625775|0.625775|0.625775
AEG801_250_7119|13|-49.027988|89.753563|-32.832649|0.013087|-17.148291|0.005328|0.650000|0.650000|0.650000
AEG801_250_7120|13|-52.908619|87.814339|-26.360842|0.013852|-48.009644|-0.003123|0.700000|0.700000|0.700000
AEG801_250_7121|13|-82.865227|88.029701|-39.546864|-0.001107|69.460381|0.007896|1.000000|1.000000|1.000000
AEG801_250_7122|13|-103.359039|89.193520|-68.407196|-0.000616|-13.293178|-0.005018|0.900000|0.900000|0.900000
AEG801_250_7123|13|-104.127983|64.230286|78.436623|-0.000000|142.961075|-0.000000|0.500000|0.500000|0.500000
AEG801_250_7127|13|-13.663750|83.565704|27.955105|-0.000000|141.708176|-0.000000|0.700000|0.700000|0.700000
AEG801_250_7128|13|-7.486549|89.359245|-2.894120|0.000000|22.594538|0.000000|0.900000|0.900000|0.900000
AEG801_250_7129|13|-72.383148|75.085793|42.463428|0.000000|-0.580888|-0.000000|0.800000|0.800000|0.800000
AEG801_250_7130|13|-71.310051|68.516167|124.762741|0.000000|-91.142548|0.000000|0.600000|0.600000|0.600000
AEG801_250_7137|13|-33.829159|82.428185|19.680912|-0.000000|140.689270|-0.000000|0.700000|0.700000|0.700000
AEG801_250_7138|13|-45.046547|72.771744|65.098785|-0.000000|-56.553463|-0.000000|0.600000|0.600000|0.600000
AEG801_250_7139|13|-31.361561|80.517761|33.231571|-0.000000|-162.209320|-0.000000|0.500000|0.500000|0.500000
AEG801_250_7142|13|-30.839647|73.828102|69.498764|0.000000|-36.255711|0.000000|0.800000|0.800000|0.800000
AEG801_250_7143|13|-21.648750|70.228706|114.751236|0.000000|118.089256|-0.000000|0.750000|0.750000|0.750000
AEG801_250_7144|13|-6.302857|71.900215|96.761314|0.000000|-53.344616|-0.000000|0.600000|0.600000|0.600000
AEG801_250_7145|13|-7.437611|73.665405|87.862091|0.000000|-55.774036|-0.000000|0.600000|0.600000|0.600000
AEG801_250_7146|13|-3.558880|68.699440|117.642601|-0.000000|-44.159332|-0.000000|0.700000|0.700000|0.700000
AEG801_250_7147|13|-103.847275|89.254166|-66.662659|0.004289|103.949387|0.001284|0.550000|0.550000|0.550000
AEG801_250_7148|13|-78.241508|89.049591|-64.809944|0.003278|-89.986046|0.001284|0.900000|0.900000|0.900000
AEG801_250_7149|13|-73.738556|86.551109|-26.641933|-0.010297|-0.117998|-0.003253|0.600000|0.600000|0.600000
AEG801_253_7001|13|-126.463875|54.641415|-7.212349|-0.000000|-53.416851|-0.000014|0.800000|0.800000|0.800000
AEG801_253_7002|13|-128.195541|54.974617|-23.419230|-0.000000|96.089699|-0.000000|1.000000|1.000000|1.000000
AEG801_253_7003|13|-60.133865|99.200439|-94.394463|0.000000|-144.560440|0.015518|0.850000|0.850000|0.850000
AEG801_253_7004|13|-73.106255|89.341263|-70.135155|-0.004109|124.817490|-0.006026|0.800000|0.800000|0.800000
AEG801_253_7006|13|-95.291382|89.075424|-81.588951|0.003115|109.790627|0.005136|0.850000|0.850000|0.850000
AEG801_253_7007|13|-21.181280|97.673370|-59.765099|-0.005975|91.347710|0.016775|1.000000|1.000000|1.000000
AEG801_253_7015|13|-120.372696|56.052654|4.057424|-0.000012|170.909943|-0.000014|0.900000|0.900000|0.900000
AEG801_253_7017|13|-109.931030|59.320061|30.308655|-0.000011|-151.374496|-0.000003|0.900000|0.900000|0.900000
AEG801_253_7018|13|-107.948227|97.651840|-108.724564|-0.000604|142.575943|0.011420|0.900000|0.900000|0.900000
AEG801_253_7019|13|-97.476425|96.195198|-97.420616|-0.000000|74.585938|0.014016|0.900000|0.900000|0.900000
AEG801_253_7020|13|-121.056557|96.517342|-108.844131|-0.000002|70.609482|0.000000|1.100000|1.100000|1.100000
AEG801_253_7021|13|-50.665382|91.335518|-42.646912|-0.008729|137.555130|0.007650|1.100000|1.100000|1.100000
AEG801_253_7022|13|-71.030029|71.559975|61.945976|-0.000000|127.799591|-0.000000|1.000000|1.000000|1.000000
AEG801_253_7023|13|-82.617828|70.498108|64.012985|-0.000000|99.307724|0.000000|0.900000|0.900000|0.900000
AEG801_253_7024|13|-89.840797|68.970901|70.073013|-0.000000|178.161819|-0.000000|0.800000|0.800000|0.800000
AEG801_253_7029|13|33.178818|101.114693|-49.729012|-0.000000|95.526665|-0.000000|1.000000|1.000000|1.000000
AEG801_253_7031|13|35.823597|99.339188|-34.735748|0.000000|96.230850|0.000000|0.900000|0.900000|0.900000
AEG801_253_7032|13|28.811773|98.573586|-37.126881|-0.000000|91.687065|-0.000000|0.700000|0.700000|0.700000
AEG801_253_7033|13|-4.618164|83.079498|35.902584|-0.000000|94.036057|-0.000000|0.900000|0.900000|0.900000
AEG801_253_7034|13|-9.019021|80.013107|51.390930|-0.000000|96.302147|0.000000|1.000000|1.000000|1.000000
AEG801_253_7035|13|-20.690407|79.500641|48.090889|-0.000000|95.181549|-0.000000|0.700000|0.700000|0.700000
AEG801_253_7036|13|2.493886|84.566795|31.485716|-0.000000|95.569672|-0.000000|0.800000|0.800000|0.800000
AEG801_253_7037|13|-111.653671|89.748711|-66.586655|-0.000000|28.678581|0.000000|1.000000|1.000000|1.000000
AEG801_253_7038|13|-54.051983|88.836105|-31.952232|-0.000000|159.365036|-0.000000|1.100000|1.100000|1.100000
AEG801_253_7039|13|-62.060555|90.065735|-40.697357|-0.000000|-16.464832|-0.000000|1.100000|1.100000|1.100000
AEG801_253_7040|13|-71.730652|88.388718|-35.293392|0.004043|-61.594727|0.010901|1.100000|1.100000|1.100000
AEG801_253_7041|13|-80.452553|89.052887|-60.544289|-0.000580|135.163818|-0.001630|1.100000|1.100000|1.100000
AEG801_253_7042|13|-97.429100|82.324524|-12.381206|-0.011847|134.454956|0.002623|0.900000|0.900000|0.900000
AEG801_253_7043|13|-67.547050|85.313919|-19.763515|-0.004246|37.583427|0.009590|1.000000|1.000000|1.000000
AEG801_253_7045|13|-48.338543|90.207008|-34.708462|-0.013505|139.850388|0.000273|0.800000|0.800000|0.800000
AEG801_253_7047|13|-44.579952|85.693329|-8.418385|-0.015430|-82.489525|-0.001006|0.800000|0.800000|0.800000
AEG801_253_7050|13|-94.235504|88.626839|-48.915874|-0.006309|-177.737686|-0.001463|1.100000|1.100000|1.100000
AEG801_253_7052|13|-28.132566|70.893021|87.385521|0.000000|1.036495|0.000000|1.000000|1.000000|1.000000
AEG801_253_7057|13|-28.773361|78.465240|47.811028|0.000000|-22.475681|0.000000|0.700000|0.700000|0.700000
AEG801_253_7058|13|-26.486546|80.293480|38.963940|-0.000000|-8.346658|-0.000000|0.900000|0.900000|0.900000
AEG801_253_7060|13|-2.843683|78.752731|62.251133|0.000000|-47.576385|0.000000|1.250000|1.250000|1.250000
AEG801_253_7063|13|-11.860399|75.333733|76.929771|-0.000000|-44.663090|-0.000000|1.200000|1.200000|1.200000
AEG801_253_7064|13|-23.034824|70.781677|119.229805|-0.000000|-46.483448|0.000000|0.800000|0.800000|0.800000
AEG801_253_7065|13|-16.380136|72.311798|90.019043|0.000000|19.281689|0.000000|1.000000|1.000000|1.000000
AEG801_253_7066|13|-38.503578|68.579987|116.536972|-0.000000|106.076385|-0.000000|0.750000|0.750000|0.750000
AEG801_253_7068|13|-105.949768|64.201790|80.718880|-0.002224|-31.886457|0.004781|0.750000|0.750000|0.750000
AEG801_253_7069|13|-0.949706|70.426758|102.085213|-0.000000|-73.101189|-0.000000|0.900000|0.900000|0.900000
AEG801_253_7070|13|-13.475212|83.458885|28.693407|0.000000|-12.061420|0.000000|1.000000|1.000000|1.000000
AEG801_253_7071|13|-6.396800|89.571709|-3.541899|0.000000|19.276524|0.000000|1.000000|1.000000|1.000000
AEG801_253_7072|13|-84.617233|75.932220|33.262623|0.010901|-29.328587|-0.000739|0.800000|0.800000|0.800000
AEG801_253_7079|13|-33.674793|82.331070|20.352291|0.000000|-16.136641|0.000000|1.000000|1.000000|1.000000
AEG801_253_7080|13|-44.898003|68.956787|83.022926|-0.000000|15.470843|-0.000000|1.200000|1.200000|1.200000
AEG801_253_7081|13|-64.971794|70.532768|68.045502|0.000000|-4.128585|0.000000|0.700000|0.700000|0.700000
AEG801_253_7082|13|-45.420795|72.983765|63.854973|-0.000000|51.094234|-0.000000|1.000000|1.000000|1.000000
AEG801_253_7083|13|-24.984333|74.215843|72.397743|0.000000|-54.518505|-0.000000|1.250000|1.250000|1.250000
AEG801_253_7086|13|-32.073627|73.671860|69.234421|-0.000000|59.451584|-0.000000|0.900000|0.900000|0.900000
AEG801_253_7087|13|-8.341523|72.384857|94.191040|-0.000000|47.762238|-0.000000|1.000000|1.000000|1.000000
AEG801_253_7088|13|-3.198490|68.522705|119.469612|-0.000000|-34.032665|-0.000000|1.100000|1.100000|1.100000
AEG801_253_7089|13|6.832626|72.902313|92.453720|-0.000000|-85.299194|-0.000000|0.900000|0.900000|0.900000
AEG801_253_7090|13|-74.705429|86.381790|-25.902573|-0.008638|-71.650177|0.005901|1.100000|1.100000|1.100000
AEG801_253_7091|13|-26.826004|99.412735|-73.267441|-0.005924|-1.164428|0.009426|1.100000|1.100000|1.100000
AEG801_255_7025|13|-35.255554|75.441261|58.685368|0.000000|-126.979088|-0.000000|1.000000|1.000000|1.000000
AEG801_255_7026|13|-20.206547|79.409477|48.902031|-0.000000|98.035271|-0.000000|0.900000|0.900000|0.900000
AEG801_255_7029|13|-73.428368|71.358208|61.526043|-0.000000|-121.417038|-0.000000|0.900000|0.900000|0.900000
AEG801_255_7035|13|-27.467266|70.862701|88.152077|0.000000|32.408817|0.000000|0.900000|0.900000|0.900000
AEG801_255_7036|13|-5.241264|72.897697|93.414970|-0.000000|0.793668|-0.000000|0.900000|0.900000|0.900000
AEG801_255_7037|13|-76.806595|87.802528|-34.549847|-0.009318|-176.017349|-0.005502|0.900000|0.900000|0.900000
AEG801_255_7038|13|-59.959610|94.963623|-77.420753|0.011666|-1.603318|0.009781|0.900000|0.900000|0.900000
AEG801_256_7024|13|-23.854393|76.040314|64.800095|-0.000000|-145.958450|-0.000000|1.000000|1.000000|1.000000
AEG801_257_7022|13|-73.131821|89.259804|-73.566040|-0.000011|99.164330|-0.000000|1.000000|1.000000|1.000000
AEG801_257_7023|13|-100.452118|97.802666|-106.007004|-0.002959|80.671036|0.011721|1.000000|1.000000|1.000000
AEG801_257_7024|13|-98.504150|78.992920|6.699217|-0.000000|27.208469|-0.000000|1.000000|1.000000|1.000000
AEG801_257_7025|13|-20.794037|70.609131|117.047119|-0.000000|98.657196|-0.000000|1.000000|1.000000|1.000000
AEG801_257_7026|13|-75.029587|89.504143|-49.094879|-0.011803|99.320442|0.001503|1.000000|1.000000|1.000000
AEG801_257_7027|13|-52.802917|93.377823|-58.180950|-0.008817|-68.736099|0.006174|1.000000|1.000000|1.000000
AEG801_258_7078|13|-16.639549|74.880165|75.983322|-0.000000|136.142563|-0.000000|1.000000|1.000000|1.000000
