m355100_0000|0|0.000000|0.000000|0.000000|0.000000|0.000000|0.000000|1.000000|1.000000|1.000000
c4070_9000|2|64.371002|414.743011|-105.476997|-4.391000|-12.172000|-6.396000|1.000000|1.000000|1.000000
c4070_9001|2|59.490002|415.506012|-110.598000|0.456000|170.656006|5.000000|1.000000|1.000000|1.000000
c4070_9002|2|67.603996|414.391998|-103.996002|6.966000|113.633003|-1.193000|1.000000|1.000000|1.000000
c4070_9003|2|61.575001|415.165009|-105.436996|-0.061000|-125.231003|0.053000|1.000000|1.000000|1.000000
c4300_9000|2|-1.331955|426.162872|-69.411186|0.000000|81.322998|0.000000|1.000000|1.000000|1.000000
c4300_9001|2|-6.228638|427.022095|-66.700645|0.000000|72.096001|0.000000|1.000000|1.000000|1.000000
c4300_9002|2|1.056390|425.718109|-73.547531|0.000000|124.906998|0.000000|1.000000|1.000000|1.000000
c4300_9003|2|-5.635000|426.923004|-77.607002|0.000000|123.086998|0.000000|1.000000|1.000000|1.000000
c6001_9000|2|82.838776|418.189880|-74.728149|0.000000|-176.113998|0.000000|1.000000|1.000000|1.000000
c6001_9001|2|80.714775|418.496124|-73.999146|0.000000|-157.744003|0.000000|1.000000|1.000000|1.000000
c6001_9002|2|82.030777|417.975311|-72.833145|0.000000|168.237000|0.000000|1.000000|1.000000|1.000000
c6001_9003|2|-102.041779|446.804047|-0.180226|0.000000|158.886002|0.000000|1.000000|1.000000|1.000000
c6001_9004|2|-104.274780|447.350586|-0.417225|0.000000|177.255997|0.000000|1.000000|1.000000|1.000000
c6001_9005|2|-103.573784|447.338470|1.198776|0.000000|143.237000|0.000000|1.000000|1.000000|1.000000
c6010_9000|2|-123.903000|445.593201|-86.640999|-15.629000|-0.523000|-0.000000|1.000000|1.000000|1.000000
c6010_9001|2|-59.714798|435.386200|-52.763363|-2.941000|-87.477997|0.000000|1.000000|1.000000|1.000000
c6010_9002|2|-63.601002|431.158295|-117.463997|0.000000|15.843000|0.000000|1.000000|1.000000|1.000000
c6010_9003|2|-1.740000|427.052643|-68.401001|12.066000|-137.470001|-0.000000|1.000000|1.000000|1.000000
c6010_9004|2|30.798000|421.377991|-83.251999|-1.581000|7.441000|-0.000000|1.000000|1.000000|1.000000
c6010_9005|2|21.928221|423.316162|-108.607407|-0.013000|-56.717999|-0.000000|1.000000|1.000000|1.000000
c6090_9000|2|-16.596001|429.584167|-55.641998|2.634000|-122.629997|6.082000|1.000000|1.000000|1.000000
c6100_9000|2|-115.265999|436.031586|-114.180000|10.135000|99.936996|0.000000|1.000000|1.000000|1.000000
c6100_9001|2|-112.704002|435.762939|-113.969002|0.000000|96.402000|0.000000|1.000000|1.000000|1.000000
c6100_9002|2|-113.790001|436.057251|-112.521004|0.000000|64.488998|0.000000|1.000000|1.000000|1.000000
c6100_9003|2|-74.971954|437.243530|-55.483955|0.000000|99.936996|0.000000|1.000000|1.000000|1.000000
c6100_9004|2|-68.922874|436.520538|-53.711609|0.383000|96.402000|0.000000|1.000000|1.000000|1.000000
c6100_9005|2|-74.183952|437.471405|-49.975903|0.000000|64.488998|0.000000|1.000000|1.000000|1.000000
c6100_9006|2|7.494000|426.758514|-58.938999|-0.000000|99.936996|0.000000|1.000000|1.000000|1.000000
c6100_9007|2|10.057000|426.499908|-58.727001|-2.938000|96.402000|0.000000|1.000000|1.000000|1.000000
c6100_9008|2|8.971000|426.792633|-57.278999|-0.000000|64.488998|-0.000000|1.000000|1.000000|1.000000
c6100_9009|2|44.625000|418.809998|-104.080002|10.616000|99.936996|-0.000000|1.000000|1.000000|1.000000
c6100_9010|2|48.189999|418.148010|-104.114998|11.087000|91.402000|0.000000|1.000000|1.000000|1.000000
c6100_9011|2|49.117001|417.812012|-110.414001|9.559000|64.487000|-0.000000|1.000000|1.000000|1.000000
c0000_9000|4|-61.786587|418.848236|-121.084511|0.000000|-229.969467|0.000000|1.000000|1.000000|1.000000
h355100|5|0.000000|0.000000|0.000000|0.000000|0.000000|0.000000|1.000000|1.000000|1.000000
h355150|5|0.000000|0.000000|0.000000|0.000000|0.000000|0.000000|1.000000|1.000000|1.000000
h355151|5|0.000000|0.000000|0.000000|0.000000|0.000000|0.000000|1.000000|1.000000|1.000000
h355152|5|0.000000|0.000000|0.000000|0.000000|0.000000|0.000000|1.000000|1.000000|1.000000
c4191_9000|10|-118.240997|444.313995|-77.539001|16.153999|98.720001|4.221000|1.000000|1.000000|1.000000
AEG001_290_7005|13|-75.186821|436.672028|-63.070801|-5.448715|-113.147705|7.206861|1.100000|1.100000|1.100000
AEG001_290_7006|13|-70.799538|436.631348|-55.639648|-6.955702|-97.702637|5.066471|1.100000|1.100000|1.100000
AEG001_290_7007|13|-84.070244|438.022125|-62.614006|1.819753|35.274551|-9.998258|1.100000|1.100000|1.100000
AEG001_290_7008|13|-116.293663|446.476318|-19.559929|-11.170105|-72.912010|-0.327906|0.900000|0.900000|0.900000
AEG001_290_7009|13|-122.545410|447.585449|-21.550049|-12.597997|-73.470375|-0.996973|1.100000|1.100000|1.100000
AEG001_290_7010|13|-92.242447|435.232574|-101.729492|-4.575681|-111.838539|10.140126|1.100000|1.100000|1.100000
AEG001_290_7011|13|-122.017082|438.162476|-102.800179|-2.653398|35.209072|-10.173691|1.100000|1.100000|1.100000
AEG001_290_7012|13|64.535156|416.528259|-85.706673|7.130363|128.473450|0.536771|0.900000|0.900000|0.900000
AEG001_290_7014|13|31.566578|422.042999|-118.880005|-3.078092|-73.082283|-1.509929|0.900000|0.900000|0.900000
AEG001_290_7017|13|43.018372|421.456879|-59.527222|12.367067|128.323807|2.066077|0.900000|0.900000|0.900000
AEG001_290_7018|13|63.186039|414.906281|-114.868652|9.847987|53.262798|-5.411237|1.100000|1.100000|1.100000
AEG001_290_7020|13|31.059471|422.353088|-121.847580|-2.142084|133.922287|3.135221|1.100000|1.100000|1.100000
AEG001_290_7025|13|5.876900|426.024353|-112.627930|2.056297|163.437195|9.303483|1.100000|1.100000|1.100000
AEG001_290_7026|13|9.645624|424.942657|-91.069351|-9.845293|-82.799957|-2.288035|1.100000|1.100000|1.100000
AEG001_290_7028|13|15.196112|424.576111|-118.507576|7.077989|127.687180|4.978334|1.100000|1.100000|1.100000
AEG001_290_7036|13|-42.485531|431.659302|-98.432129|0.928715|174.552887|1.840381|1.100000|1.100000|1.100000
AEG001_290_7037|13|-46.640865|431.774719|-99.076912|1.196021|85.777679|-1.200884|0.900000|0.900000|0.900000
AEG001_290_7039|13|22.638430|422.564178|-90.573235|10.352300|95.577332|2.517034|1.100000|1.100000|1.100000
AEG001_290_7041|13|47.365818|423.485352|-42.027283|1.401200|101.952591|-11.108429|1.100000|1.100000|1.100000
AEG001_290_7042|13|-30.545841|434.271851|-19.109495|3.567736|178.879684|7.373655|1.100000|1.100000|1.100000
AEG001_290_7043|13|-32.120914|434.287781|-21.838507|-7.307788|-84.580292|3.718902|0.900000|0.900000|0.900000
AEG001_290_7045|13|-47.716309|438.039093|4.384583|7.316390|94.746414|-13.199122|0.900000|0.900000|0.900000
AEG001_290_7046|13|-47.400078|434.715546|-37.241463|3.589211|-169.084427|8.713958|0.900000|0.900000|0.900000
AEG001_290_7047|13|-77.059509|439.987732|-18.742928|-7.428763|-73.300873|-0.012595|1.100000|1.100000|1.100000
AEG001_290_7048|13|-74.606949|437.793732|-46.008312|8.425720|115.944405|-0.132248|1.100000|1.100000|1.100000
AEG001_290_7049|13|-74.882568|437.643066|-48.798828|-0.832296|-148.011978|8.409194|0.900000|0.900000|0.900000
AEG001_290_7050|13|-91.295883|434.298157|-107.860535|-8.630586|-14.023934|-5.113358|1.000000|1.000000|1.000000
AEG001_290_7052|13|47.990536|422.259491|-47.887432|-4.208382|38.397846|-8.713710|0.900000|0.900000|0.900000
AEG001_290_7054|13|101.317070|410.399261|-120.552498|6.606269|106.726562|-3.128387|1.100000|1.100000|1.100000
AEG001_290_7055|13|72.900879|413.805817|-105.933121|2.453759|75.569450|-5.762935|1.100000|1.100000|1.100000
AEG001_290_7057|13|47.186649|418.471252|-84.637070|4.741818|-172.292145|6.726671|0.900000|0.900000|0.900000
AEG001_290_7058|13|37.009640|420.211609|-100.192375|1.028299|168.637405|11.056329|1.100000|1.100000|1.100000
AEG001_290_7059|13|-22.109154|429.987762|-92.500008|5.317111|120.780693|5.357382|0.900000|0.900000|0.900000
AEG001_290_7061|13|-50.255371|432.235077|-74.526978|-2.502258|-139.846054|2.550065|0.900000|0.900000|0.900000
AEG001_290_7062|13|-51.256401|432.301941|-76.726913|2.654075|135.061768|2.384064|0.900000|0.900000|0.900000
AEG001_290_7063|13|55.827934|416.211639|-106.951401|-4.310618|-27.010303|-11.686357|0.900000|0.900000|0.900000
AEG001_290_7064|13|-32.693779|433.186035|-34.115967|4.811376|-172.010117|7.101129|0.900000|0.900000|0.900000
AEG001_290_7066|13|-16.764275|429.648590|-106.618271|-2.314505|-21.501032|-9.217029|1.100000|1.100000|1.100000
AEG001_290_7067|13|-19.507660|430.077393|-105.628555|-2.276174|-23.512772|-9.154621|0.900000|0.900000|0.900000
AEG001_290_7068|13|-57.098389|435.105499|-52.047737|-6.579799|-97.697868|5.106359|0.900000|0.900000|0.900000
AEG001_290_7070|13|-60.639816|438.485291|-13.192879|6.149055|82.375931|-4.225985|1.100000|1.100000|1.100000
AEG001_290_7071|13|-42.058044|435.940918|-16.530151|-4.771662|-8.336359|-6.588706|1.100000|1.100000|1.100000
AEG001_290_7072|13|-73.648544|439.032928|-26.788939|4.667314|171.816376|5.485953|1.100000|1.100000|1.100000
AEG001_290_7073|13|-99.926750|443.578583|-17.684540|4.437768|171.469284|9.370966|1.100000|1.100000|1.100000
AEG001_290_7074|13|-102.779129|443.998322|-19.192688|9.484237|82.224304|-4.554329|0.900000|0.900000|0.900000
AEG001_290_7075|13|-107.759758|440.867889|-86.618713|-14.602722|-111.334198|12.003018|0.900000|0.900000|0.900000
AEG001_290_7076|13|-102.701416|437.056458|-100.129669|15.309216|157.987457|3.839660|1.100000|1.100000|1.100000
AEG001_290_7077|13|-85.316528|441.285187|-14.731327|-9.377105|-73.407341|-0.909315|0.900000|0.900000|0.900000
AEG001_290_7078|13|-86.934639|441.432617|-17.862059|3.397855|171.623077|8.546834|1.100000|1.100000|1.100000
AEG001_290_7081|13|-92.995132|440.319336|-49.337646|3.046347|35.254910|-9.542664|1.100000|1.100000|1.100000
AEG001_290_7082|13|-90.278931|439.856171|-49.589359|1.272136|25.938078|-9.742773|1.100000|1.100000|1.100000
AEG001_290_7086|13|-78.989624|436.085236|-75.598396|0.101688|35.272644|-10.021270|0.900000|0.900000|0.900000
AEG001_290_7087|13|-77.566917|436.751770|-66.224731|6.228751|72.592484|-7.050349|1.100000|1.100000|1.100000
AEG001_290_7088|13|-55.643570|431.231476|-120.432251|2.128505|-112.038048|0.831780|0.900000|0.900000|0.900000
AEG001_290_7089|13|-52.098907|431.377411|-109.030029|1.379480|-178.225571|-0.466529|0.827910|0.827910|0.827910
AEG001_290_7090|13|-51.912407|432.084991|-95.216064|-3.019821|-21.947548|-1.865313|1.100000|1.100000|1.100000
AEG001_290_7091|13|-30.770081|430.788513|-57.084469|-7.785866|-20.732779|-3.835527|0.900000|0.900000|0.900000
AEG001_290_7092|13|-23.145390|429.886475|-57.461914|-4.566782|-110.298134|6.734265|0.900000|0.900000|0.900000
AEG001_290_7093|13|-28.727837|430.773865|-54.904907|7.269835|159.217087|4.202015|1.100000|1.100000|1.100000
AEG001_290_7094|13|-10.819817|428.117523|-86.132202|8.410584|68.550713|-0.856380|0.900000|0.900000|0.900000
AEG001_290_7095|13|-117.731949|445.310028|-48.231091|3.832447|171.222305|12.674757|0.900000|0.900000|0.900000
AEG001_290_7096|13|-120.772705|446.092285|-46.013672|-12.853842|-97.939667|3.721223|1.100000|1.100000|1.100000
AEG001_290_7097|13|-61.641869|431.282135|-125.296631|-4.297173|141.184418|-1.465617|1.100000|1.100000|1.100000
AEG001_290_7099|13|33.321472|423.851349|-53.197990|-0.224139|39.072861|-10.857733|1.100000|1.100000|1.100000
AEG001_290_7101|13|-4.392756|429.708496|-37.171272|6.409094|110.007004|-3.898224|1.100000|1.100000|1.100000
AEG001_290_7102|13|-1.004277|429.503571|-36.525021|1.371666|-137.449875|7.528070|1.100000|1.100000|1.100000
AEG001_290_7103|13|-16.033932|432.229401|-21.212284|-7.284938|-47.636532|-2.502896|1.100000|1.100000|1.100000
AEG001_290_7104|13|-13.139769|431.745697|-23.859613|-1.325303|-137.260544|7.065148|0.900000|0.900000|0.900000
AEG001_290_7105|13|-28.852669|434.517609|-12.269501|4.830774|101.720306|-6.143635|0.900000|0.900000|0.900000
AEG001_290_7109|13|20.012262|423.844574|-124.201324|4.593193|38.811020|-6.023804|0.900000|0.900000|0.900000
AEG001_290_7111|13|-82.213387|434.008362|-100.113113|-4.956010|-111.898201|8.810726|1.100000|1.100000|1.100000
AEG001_290_7112|13|-82.558601|432.388397|-115.687630|3.118447|68.040848|-8.210160|1.100000|1.100000|1.100000
AEG001_290_7113|13|-116.861320|444.014160|-71.557259|-10.364897|-126.071510|9.687258|1.100000|1.100000|1.100000
AEG001_290_7114|13|12.313971|425.311920|-63.864761|-8.793139|-72.193291|7.354558|0.900000|0.900000|0.900000
AEG001_290_7126|13|-53.791275|431.400055|-106.221237|-2.771024|14.797771|-0.506849|1.000000|1.000000|1.000000
AEG001_290_7143|13|66.421516|416.115662|-88.480362|4.498609|76.327446|-6.131576|1.100000|1.100000|1.100000
AEG001_290_7194|13|-60.661774|431.191162|-118.711319|-0.484348|47.704144|0.698674|1.000000|1.000000|1.000000
AEG001_290_7195|13|-57.573532|431.234772|-117.992966|0.868800|-86.117165|0.474944|1.000000|1.000000|1.000000
AEG001_290_7196|13|-101.926819|433.128418|-128.078552|2.357317|-151.943939|7.614213|1.000000|1.000000|1.000000
AEG001_290_7209|13|96.318794|411.039032|-118.233406|2.143204|59.989716|-6.523285|1.100000|1.100000|1.100000
AEG001_290_7210|13|72.527344|414.620331|-97.972893|-6.720095|-25.958536|-2.666437|0.900000|0.900000|0.900000
AEG001_290_7211|13|61.640125|416.432312|-90.195068|1.749840|57.335464|-7.772692|0.900000|0.900000|0.900000
AEG004_354_1000|13|-98.907867|431.559448|-59.115295|24.961063|-178.124710|-26.083815|1.000000|1.000000|1.000000
AEG004_355_1000|13|-50.009827|431.210754|-111.988770|-14.168064|10.328398|0.975870|1.000000|1.000000|1.000000
AEG004_355_1001|13|-81.200958|432.739227|-107.857872|6.343852|71.889595|-3.996312|1.000000|1.000000|1.000000
AEG004_355_1002|13|-47.198456|430.998138|-120.333939|-5.238167|-47.333626|-0.673265|1.000000|1.000000|1.000000
AEG004_355_1003|13|-50.302246|431.188232|-117.638672|0.249083|177.498947|0.159362|1.000000|1.000000|1.000000
AEG004_355_1004|13|-113.488281|443.367249|-69.018738|20.318806|140.012589|4.395773|1.000000|1.000000|1.000000
AEG004_355_1007|13|-56.490952|431.245819|-119.471863|1.985454|-41.940956|-0.012328|1.000000|1.000000|1.000000
AEG004_355_1008|13|-81.997101|432.739227|-109.632744|-6.343850|-118.167488|3.996318|1.000000|1.000000|1.000000
AEG004_385_1002|13|-47.048279|430.044708|-120.052979|-11.592049|-67.562332|-0.927774|1.000000|1.000000|1.000000
AEG004_385_1004|13|-55.835922|431.732483|-104.105042|-27.199495|53.011711|-3.882424|1.000000|1.000000|1.000000
AEG004_385_1006|13|-113.457092|442.368164|-69.158737|-27.536978|35.707287|0.929943|1.000000|1.000000|1.000000
AEG004_385_1008|13|-54.122269|431.278931|-118.784866|-13.848331|162.258224|5.528463|1.000000|1.000000|1.000000
AEG004_385_1010|13|-49.041412|431.258484|-111.267776|-14.710575|-14.510401|3.647731|1.000000|1.000000|1.000000
AEG004_385_1012|13|-79.755058|431.793793|-111.537537|-7.204142|77.478828|-14.141626|1.000000|1.000000|1.000000
AEG004_385_1013|13|-58.008865|425.575195|-95.440659|-16.808893|13.284753|-7.770679|1.000000|1.000000|1.000000
AEG004_386_1000|13|-55.618866|430.769073|-102.302429|-8.579607|-14.586245|15.264191|1.000000|1.000000|1.000000
AEG004_386_1003|13|-106.922638|441.783997|-65.842529|-36.905830|74.397247|-17.657001|1.000000|1.000000|1.000000
AEG004_386_1009|13|-54.209015|430.302795|-120.019257|-3.216752|166.599792|-2.057660|1.000000|1.000000|1.000000
AEG004_386_1017|13|-49.594223|430.624878|-106.488564|6.688367|-63.400379|-4.833656|1.000000|1.000000|1.000000
AEG004_386_1019|13|-82.674667|431.707977|-109.212738|8.140246|76.046265|6.309674|1.000000|1.000000|1.000000
AEG004_387_1001|13|-50.254395|431.345093|-117.796555|0.000000|-29.131676|0.000000|1.000000|1.000000|1.000000
AEG004_387_1003|13|-81.655350|432.835815|-106.576569|8.677237|37.155479|6.350656|1.000000|1.000000|1.000000
AEG004_387_1004|13|-50.545776|431.114807|-112.281708|-13.930373|14.609818|10.908031|1.000000|1.000000|1.000000
AEG004_397_1000|13|-48.162125|430.688538|-109.170547|0.000000|-2.959624|0.000000|1.000000|1.000000|1.000000
AEG004_397_1002|13|-107.169418|441.016968|-64.627899|-4.470742|50.735790|-13.830511|1.000000|1.000000|1.000000
AEG004_397_1004|13|-103.242523|439.934479|-63.291397|7.825703|93.640450|3.941949|1.000000|1.000000|1.000000
AEG004_397_1007|13|-48.491364|431.089020|-106.898361|-5.346090|171.355545|-12.447668|1.000000|1.000000|1.000000
AEG004_397_1008|13|-55.377960|430.481567|-101.275467|3.662102|-64.853821|-9.940874|1.000000|1.000000|1.000000
AEG004_397_1023|13|-53.862549|430.060852|-121.031372|3.911513|-162.825012|-1.954636|1.000000|1.000000|1.000000
AEG004_398_1000|13|-48.270844|430.990540|-109.688538|10.825494|-117.913246|0.666845|1.000000|1.000000|1.000000
AEG004_398_1004|13|-102.112396|439.595154|-63.327271|30.393383|-105.395874|19.267170|1.000000|1.000000|1.000000
AEG099_090_9000|13|-46.473999|431.316986|-116.490997|0.000000|115.081001|0.000000|1.000000|1.000000|1.000000
AEG099_653_9000|13|-106.344002|441.931000|-68.375000|0.000000|0.561000|0.000000|1.000000|1.000000|1.000000
AEG099_653_9001|13|-111.735001|442.936005|-69.903000|0.000000|41.359001|0.000000|1.000000|1.000000|1.000000
AEG099_653_9002|13|-107.636002|442.052002|-68.818001|0.000000|109.440002|0.000000|1.000000|1.000000|1.000000
AEG099_680_9000|13|-117.314003|444.906006|-48.880001|4.845000|133.897995|2.833000|1.000000|1.000000|1.000000
AEG099_680_9001|13|-101.204002|443.384003|-19.216999|0.000000|152.899994|0.000000|1.000000|1.000000|1.000000
AEG099_680_9002|13|63.931999|414.636993|-113.676003|-2.057000|-155.479004|3.632000|1.000000|1.000000|1.000000
AEG099_680_9003|13|-17.325001|432.062988|-22.919001|0.000000|-147.561996|3.511000|1.000000|1.000000|1.000000
AEG099_680_9004|13|-91.995003|432.786987|-120.230003|-2.402000|-165.000000|5.018000|1.000000|1.000000|1.000000
AEG099_685_9000|13|-48.164001|437.752014|1.609000|5.000000|168.875000|-0.000000|1.000000|1.000000|1.000000
AEG099_685_9001|13|-46.237000|437.489990|2.683000|0.000000|-50.061001|0.000000|1.000000|1.000000|1.000000
AEG099_685_9002|13|-50.192001|438.493011|6.076000|-0.000000|-177.041000|5.000000|1.000000|1.000000|1.000000
AEG099_690_9000|13|49.681000|422.537994|-44.963001|0.000000|92.581001|0.000000|1.000000|1.000000|1.000000
AEG099_730_9000|13|-36.535000|432.101990|-49.887001|-2.520000|-146.738998|8.984000|1.000000|1.000000|1.000000
AEG099_730_9001|13|-20.209999|429.638000|-89.024002|-2.231000|165.190994|9.509000|1.000000|1.000000|1.000000
AEG099_730_9002|13|-38.393002|435.514008|-13.728000|-5.332000|-69.477997|-1.359000|1.000000|1.000000|1.000000
AEG099_730_9003|13|-26.247999|430.028015|-59.235001|5.638000|81.944000|-7.926000|1.000000|1.000000|1.000000
AEG099_730_9004|13|-36.062000|435.042999|-17.594999|3.201000|59.259998|-4.138000|1.000000|1.000000|1.000000
AEG099_730_9005|13|13.138000|424.169006|-86.856003|-1.194000|-35.321999|-5.990000|1.000000|1.000000|1.000000
AEG099_730_9006|13|9.245000|425.454987|-115.227997|-5.042000|-120.466003|3.626000|1.000000|1.000000|1.000000
AEG099_730_9007|13|15.749000|424.394989|-113.430000|4.810000|39.987000|-4.398000|1.000000|1.000000|1.000000
AEG099_730_9008|13|32.189999|423.289001|-58.506001|-1.876000|-114.931999|9.277000|1.000000|1.000000|1.000000
AEG099_730_9009|13|45.580002|420.614014|-61.751999|0.727000|45.861000|-11.265000|1.000000|1.000000|1.000000
AEG099_730_9010|13|99.460999|410.835999|-115.549004|-3.279000|-61.431999|4.124000|1.000000|1.000000|1.000000
AEG099_730_9011|13|66.953003|416.635010|-79.355003|-0.000000|151.042007|4.797000|1.000000|1.000000|1.000000
AEG099_730_9012|13|68.051003|416.640991|-75.837997|-4.348000|-53.939999|2.584000|1.000000|1.000000|1.000000
AEG099_730_9013|13|-70.734001|437.243011|-46.668999|-10.005000|-25.365000|-5.868000|1.000000|1.000000|1.000000
AEG099_730_9014|13|-72.279999|438.540009|-31.219999|3.212000|170.977005|1.479000|1.000000|1.000000|1.000000
AEG099_730_9015|13|-84.130997|437.735992|-66.353996|-8.870000|-59.835999|-0.084000|1.000000|1.000000|1.000000
AEG099_730_9016|13|-76.561996|435.789001|-73.521004|2.193000|146.639999|0.667000|1.000000|1.000000|1.000000
AEG099_730_9017|13|-105.530998|440.437012|-82.820000|-6.987000|-41.338001|-6.422000|1.000000|1.000000|1.000000
AEG099_730_9018|13|-97.656998|436.157990|-100.720001|11.551000|128.291000|-3.787000|1.000000|1.000000|1.000000
AEG099_730_9019|13|-69.858002|430.860992|-125.766998|2.056000|76.483002|-0.204000|1.000000|1.000000|1.000000
AEG099_760_9001|13|72.474998|414.882996|-95.625999|-2.796000|-154.138000|2.788000|1.000000|1.000000|1.000000
AEG099_760_9002|13|-45.986000|431.855011|-96.596001|3.061000|76.055000|-0.311000|1.000000|1.000000|1.000000
AEG099_812_9000|13|-49.908001|432.105011|-112.095001|24.893999|-106.346001|6.084000|1.000000|1.000000|1.000000
AEG099_812_9001|13|-56.116001|432.380005|-100.394997|-19.621000|115.589996|17.068001|1.000000|1.000000|1.000000
AEG099_812_9002|13|-50.169998|432.582001|-104.116997|-36.569000|-173.276993|-13.845000|1.000000|1.000000|1.000000
AEG099_812_9003|13|-81.064003|433.365997|-109.101997|-83.542999|-76.672997|32.900002|1.000000|1.000000|1.000000
AEG099_812_9004|13|-102.393997|441.523987|-66.203003|-6.590000|-116.473000|5.196000|1.000000|1.000000|1.000000
AEG099_812_9005|13|-105.864998|443.739014|-64.324997|-110.180000|91.657997|-70.582001|1.000000|1.000000|1.000000
AEG099_830_9001|13|79.606003|412.729004|-114.717003|0.000000|88.556999|0.443000|1.000000|1.000000|1.000000
AEG700_066_1000|13|-118.608154|441.350769|-91.959686|-2.540696|17.319309|-11.128340|1.000000|1.000000|1.000000
AEG700_067_1000|13|-90.290535|436.286133|-91.307014|-0.909568|-140.281647|11.840081|1.000000|1.000000|1.000000
AEG700_067_1001|13|-88.296371|432.001617|-124.026352|-10.272467|-52.171268|0.901147|1.000000|1.000000|1.000000
AEG700_068_1000|13|-87.316887|435.419495|-94.432426|2.487800|49.921436|-10.925069|1.000000|1.000000|1.000000
AEG700_069_1000|13|-123.380615|442.417938|-90.765839|-5.290093|15.280363|-13.904695|1.000000|1.000000|1.000000
AEG801_006_7003|13|45.794373|419.007690|-80.521355|7.849827|123.943085|-1.093683|0.900000|0.900000|0.900000
AEG801_006_7007|13|51.171696|417.659180|-88.723991|-1.154787|34.277260|-8.141871|0.900000|0.900000|0.900000
AEG801_006_7015|13|-79.446472|437.248383|-63.473148|-5.060749|-119.358803|7.968100|1.100000|1.100000|1.100000
AEG801_006_7016|13|-75.376328|437.536591|-51.393311|-8.350391|-76.753891|1.968461|0.900000|0.900000|0.900000
AEG801_006_7017|13|-71.610847|436.985138|-52.127075|-6.471458|-102.094765|5.427324|0.900000|0.900000|0.900000
AEG801_006_7019|13|-118.677017|446.736725|-23.183836|-10.126085|-100.826912|5.058084|1.100000|1.100000|1.100000
AEG801_006_7020|13|-125.305649|448.322327|-18.756115|-11.128262|-50.184437|-6.071140|1.100000|1.100000|1.100000
AEG801_006_7021|13|-97.422363|437.137238|-94.421158|-4.893509|-118.995323|12.529981|0.900000|0.900000|0.900000
AEG801_006_7022|13|-112.061531|437.413361|-101.948975|2.392831|-119.333282|12.594679|1.100000|1.100000|1.100000
AEG801_006_7023|13|-115.846069|437.779510|-101.415512|-9.787732|2.151311|-3.676692|1.100000|1.100000|1.100000
AEG801_006_7024|13|-102.961182|438.501923|-92.958191|-6.340631|-119.441200|14.984779|0.900000|0.900000|0.900000
AEG801_006_7025|13|-104.796623|440.160858|-85.177856|-11.856713|-22.213596|-11.934229|0.900000|0.900000|0.900000
AEG801_006_7031|13|54.646126|416.548370|-109.544556|0.823994|168.555176|12.633638|1.100000|1.100000|1.100000
AEG801_006_7032|13|51.307812|416.998260|-121.096077|-12.053864|-100.284149|3.857800|0.900000|0.900000|0.900000
AEG801_006_7033|13|73.453484|413.220276|-120.876457|-7.033910|-50.361038|-6.201930|0.900000|0.900000|0.900000
AEG801_006_7034|13|64.695190|417.232971|-69.414543|3.654261|154.755981|5.528629|1.100000|1.100000|1.100000
AEG801_006_7038|13|27.188873|422.991058|-123.141830|-5.282336|-101.830505|-2.900353|1.100000|1.100000|1.100000
AEG801_006_7039|13|45.059269|421.352478|-56.562256|13.376737|95.831276|-5.133574|1.100000|1.100000|1.100000
AEG801_006_7042|13|44.371365|418.775940|-105.836441|-3.186688|-20.931879|-11.911866|1.100000|1.100000|1.100000
AEG801_006_7044|13|59.039299|415.732574|-114.645264|-9.165417|-52.590141|-7.626436|0.900000|0.900000|0.900000
AEG801_006_7045|13|94.240494|410.868805|-123.046509|2.778165|-173.035950|5.826451|1.100000|1.100000|1.100000
AEG801_006_7046|13|71.517029|413.509064|-125.562622|-7.054471|-59.402115|-4.325589|0.900000|0.900000|0.900000
AEG801_006_7048|13|78.342903|413.087494|-110.335342|2.603286|67.084648|-4.622743|0.900000|0.900000|0.900000
AEG801_006_7049|13|60.588989|415.442200|-118.806778|8.962028|131.329498|5.012732|1.100000|1.100000|1.100000
AEG801_006_7050|13|51.098629|417.142303|-117.834236|11.998133|104.196533|1.112609|1.100000|1.100000|1.100000
AEG801_006_7051|13|98.944092|410.232330|-125.198257|5.279491|177.960846|5.823967|1.100000|1.100000|1.100000
AEG801_006_7052|13|18.922615|424.004028|-119.406990|-8.393691|-108.429504|2.457966|1.100000|1.100000|1.100000
AEG801_006_7053|13|0.323178|426.923523|-110.198959|3.125194|154.927277|8.990825|0.900000|0.900000|0.900000
AEG801_006_7054|13|22.231693|423.387207|-115.239632|-8.323132|-51.722080|-7.399398|1.100000|1.100000|1.100000
AEG801_006_7055|13|12.670402|424.565826|-98.341919|-5.919970|-152.065643|8.165490|0.900000|0.900000|0.900000
AEG801_006_7056|13|25.105965|422.768036|-110.201309|-2.558307|-19.094521|-10.688410|1.100000|1.100000|1.100000
AEG801_006_7062|13|13.293584|424.530121|-101.081291|-8.299189|-66.895447|-5.326767|1.100000|1.100000|1.100000
AEG801_006_7063|13|-2.508913|427.344971|-108.091171|-9.239340|-90.542175|-1.004449|1.100000|1.100000|1.100000
AEG801_006_7064|13|-22.042305|430.354218|-102.434570|-3.829641|-168.390030|7.428241|1.100000|1.100000|1.100000
AEG801_006_7065|13|-50.519051|431.871338|-98.996338|2.475452|166.202393|0.241597|1.100000|1.100000|1.100000
AEG801_006_7066|13|4.398373|427.517426|-52.781975|-6.547245|-37.533672|-0.437923|1.100000|1.100000|1.100000
AEG801_006_7068|13|-32.844978|433.858795|-27.630241|-8.520013|-37.248993|-1.742122|1.100000|1.100000|1.100000
AEG801_006_7069|13|-47.121876|438.263702|7.309784|-16.927919|-22.996658|0.429509|1.100000|1.100000|1.100000
AEG801_006_7070|13|-43.548767|434.178131|-37.398434|-6.201135|-101.936668|6.858356|0.900000|0.900000|0.900000
AEG801_006_7071|13|-79.995346|440.417694|-17.349852|-7.027944|-102.323601|3.227319|1.100000|1.100000|1.100000
AEG801_006_7072|13|-82.554489|440.837128|-15.470579|-8.610329|-77.106567|-0.697848|1.100000|1.100000|1.100000
AEG801_006_7074|13|44.322884|418.846924|-83.776733|-1.260068|-126.979599|7.710190|0.900000|0.900000|0.900000
AEG801_006_7075|13|91.056221|411.699860|-115.258667|-2.686115|-115.597603|6.091628|1.100000|1.100000|1.100000
AEG801_006_7079|13|44.310726|422.046356|-52.348633|-13.519314|-83.824722|6.042669|0.900000|0.900000|0.900000
AEG801_006_7082|13|18.008537|423.388153|-89.245369|-7.060835|-48.767529|-7.786194|1.100000|1.100000|1.100000
AEG801_006_7083|13|-37.424316|431.448517|-94.406616|-1.126190|-169.181717|2.848299|1.100000|1.100000|1.100000
AEG801_006_7084|13|-57.526852|434.946960|-54.971424|-6.135956|-102.080864|5.552971|1.100000|1.100000|1.100000
AEG801_006_7086|13|-60.808899|438.747589|-8.809567|-3.638175|-126.976700|6.322544|1.100000|1.100000|1.100000
AEG801_006_7089|13|-81.815109|436.835632|-72.351257|3.325374|-167.070099|9.872548|1.100000|1.100000|1.100000
AEG801_006_7090|13|-24.303827|430.267883|-54.641472|6.239351|165.344818|5.368365|1.100000|1.100000|1.100000
AEG801_006_7091|13|-16.320194|428.956055|-87.082291|8.730839|75.157944|0.217801|0.900000|0.900000|0.900000
AEG801_006_7092|13|-13.344242|428.613220|-89.428711|-0.174095|-14.814995|-8.708351|1.100000|1.100000|1.100000
AEG801_006_7093|13|-121.083496|446.039246|-49.607422|-10.422491|-119.326439|8.203604|1.100000|1.100000|1.100000
AEG801_006_7094|13|-108.710426|443.269501|-48.605820|8.083637|149.354813|9.029291|1.100000|1.100000|1.100000
AEG801_006_7095|13|31.630011|424.431793|-50.497799|-6.217662|5.132951|-8.726944|0.900000|0.900000|0.900000
AEG801_006_7096|13|-37.666744|432.716125|-45.270134|-2.685105|-127.061562|8.142515|1.100000|1.100000|1.100000
AEG801_006_7097|13|-14.127987|431.665741|-26.470463|7.616399|142.492325|2.818382|0.900000|0.900000|0.900000
AEG801_006_7099|13|-33.201908|435.079071|-14.318848|7.428977|142.612534|2.275245|1.100000|1.100000|1.100000
AEG801_006_7100|13|-40.114014|435.315338|-21.453011|2.366168|52.896954|-8.491853|0.900000|0.900000|0.900000
AEG801_006_7102|13|-80.842209|435.990662|-79.075928|-3.913847|12.983098|-9.099604|0.900000|0.900000|0.900000
AEG801_006_7103|13|-91.183365|434.664001|-104.879807|-8.954863|-14.085725|-5.514293|1.000000|1.000000|1.000000
AEG801_006_7111|13|99.670959|411.208008|-110.607895|-7.132796|-77.654839|2.760653|1.100000|1.100000|1.100000
AEG801_006_7171|13|-80.853752|433.570099|-102.415802|9.599750|139.602219|1.833933|1.000000|1.000000|1.000000
AEG801_006_7173|13|-97.304939|440.379669|-62.380253|-11.191692|-60.873985|-2.507535|1.000000|1.000000|1.000000
AEG801_006_7174|13|-88.519577|433.653687|-110.398422|3.505609|-157.927032|8.768514|1.000000|1.000000|1.000000
AEG801_006_7175|13|-98.220474|433.311340|-122.762970|-2.688714|27.670528|-7.708143|1.000000|1.000000|1.000000
AEG801_006_7176|13|-71.587280|431.122498|-126.689606|-1.601898|143.502869|-0.728338|1.000000|1.000000|1.000000
AEG801_006_7177|13|-67.812973|431.302246|-127.733002|2.983973|-37.340168|0.668320|1.000000|1.000000|1.000000
AEG801_006_7179|13|-91.834099|432.399414|-125.013344|2.618913|53.983665|-9.840410|1.000000|1.000000|1.000000
AEG801_006_7219|13|71.979073|414.196289|-102.271606|-6.152412|-13.186646|-3.652201|1.100000|1.100000|1.100000
AEG801_006_7224|13|61.794189|416.003265|-94.273811|6.541820|99.058807|-5.427414|1.100000|1.100000|1.100000
AEG801_006_7225|13|76.304199|414.323975|-96.810303|5.523711|168.339294|6.078841|1.100000|1.100000|1.100000
AEG801_011_7004|13|45.176880|418.802429|-83.352760|-0.005720|-3.451846|-0.005329|1.000000|1.000000|1.000000
AEG801_011_7005|13|101.713562|410.457031|-119.286865|-0.003275|5.408935|-0.005778|1.000000|1.000000|1.000000
AEG801_011_7006|13|-40.114014|435.315338|-21.453011|0.000000|-2.957890|0.000000|1.000000|1.000000|1.000000
AEG801_011_7007|13|-60.966045|438.777740|-10.116329|0.012158|-3.201560|-0.025210|1.000000|1.000000|1.000000
AEG801_011_7008|13|4.398373|427.517426|-52.781975|-0.000005|-2.329353|-0.000005|1.000000|1.000000|1.000000
AEG801_011_7010|13|37.009640|420.211609|-100.192375|-0.000000|-2.157985|-0.000011|1.000000|1.000000|1.000000
AEG801_011_7057|13|-53.837997|431.445557|-105.640930|0.000000|14.810953|0.000000|1.000000|1.000000|1.000000
AEG801_011_7058|13|-81.121826|433.401367|-104.023468|0.000000|-41.024303|0.000000|1.000000|1.000000|1.000000
AEG801_011_7059|13|-82.223358|432.455536|-114.755615|0.000000|165.992035|0.000000|1.000000|1.000000|1.000000
AEG801_011_7062|13|58.735523|415.798767|-116.715828|-0.010951|-68.401421|0.000874|1.000000|1.000000|1.000000
AEG801_011_7063|13|73.516586|413.217529|-122.785782|-0.009551|96.530365|-0.000815|1.000000|1.000000|1.000000
AEG801_011_7064|13|62.756607|416.133270|-92.145752|-0.006152|-2.716042|-0.005185|1.000000|1.000000|1.000000
AEG801_011_7066|13|-72.456284|431.047943|-128.171631|0.000000|-36.319031|0.000000|1.000000|1.000000|1.000000
AEG801_015_7008|13|18.977837|423.981171|-123.645256|-0.000002|-58.869080|0.000001|1.000002|1.000002|1.000001
AEG801_015_7011|13|-46.640869|431.774719|-99.076912|-0.000001|-4.983402|-0.000002|1.000003|1.000002|1.000002
AEG801_015_7012|13|44.709946|422.073792|-51.486450|0.011250|80.685768|-0.010297|1.000002|1.000002|1.000002
AEG801_015_7013|13|-32.912647|433.766205|-28.628662|0.000001|150.404236|0.000001|1.000002|1.000002|1.000002
AEG801_015_7014|13|-74.902100|437.694733|-48.054680|-0.000008|87.652382|-0.000014|1.000002|1.000002|1.000002
AEG801_015_7015|13|50.795898|417.247314|-116.678711|0.000009|-106.596519|0.000014|1.000002|1.000002|1.000002
AEG801_015_7024|13|-60.782455|431.092773|-120.797714|0.000000|143.575577|0.000000|1.000000|1.000000|1.000000
AEG801_015_7026|13|-92.255997|434.180847|-108.132446|0.000000|33.846626|0.000000|1.000000|1.000000|1.000000
AEG801_015_7027|13|-68.971161|431.219818|-128.789276|0.000000|135.009567|0.000000|1.000000|1.000000|1.000000
AEG801_016_7003|13|-74.867783|436.612488|-63.268299|0.000000|-38.135281|0.000000|1.000000|1.000000|1.000000
AEG801_016_7004|13|-85.316788|438.189667|-63.074345|-0.000206|-154.137436|0.010054|1.000000|1.000000|1.000000
AEG801_016_7005|13|-114.099106|437.566772|-101.908455|0.000000|94.105782|0.000000|1.000000|1.000000|1.000000
AEG801_016_7011|13|51.484634|416.995575|-119.807343|0.000000|69.440002|0.000000|1.000000|1.000000|1.000000
AEG801_016_7015|13|55.851379|416.304016|-110.374519|0.004262|151.709839|0.011557|1.000000|1.000000|1.000000
AEG801_016_7018|13|-49.672928|431.923859|-100.504768|-0.000001|-91.871078|-0.000014|1.000000|1.000000|1.000000
AEG801_016_7019|13|19.246208|423.142059|-88.326614|0.000000|-150.222443|0.000000|1.000000|1.000000|1.000000
AEG801_016_7021|13|-34.426453|434.231628|-25.701782|-0.000003|19.321896|-0.000008|1.000000|1.000000|1.000000
AEG801_016_7022|13|-46.459389|438.305573|8.628296|-0.007812|-79.967827|0.017458|1.000000|1.000000|1.000000
AEG801_016_7023|13|-73.605232|437.706787|-45.369995|0.000000|-43.837925|0.000000|1.000000|1.000000|1.000000
AEG801_016_7024|13|-21.712585|430.349518|-103.538826|-0.000000|44.776581|-0.000004|1.000000|1.000000|1.000000
AEG801_016_7025|13|-86.915230|441.393188|-18.670773|0.007431|142.915436|0.005601|1.000000|1.000000|1.000000
AEG801_016_7026|13|-88.945190|439.638184|-49.663826|0.000000|-133.859772|0.000000|1.000000|1.000000|1.000000
AEG801_016_7027|13|-61.944519|431.265381|-125.439003|0.000000|178.388763|0.000000|1.000000|1.000000|1.000000
AEG801_016_7028|13|44.929016|421.263275|-57.657707|-0.013684|-63.562008|-0.000219|1.000000|1.000000|1.000000
AEG801_016_7029|13|-80.036621|435.824982|-79.589851|0.001366|-154.330261|0.010655|1.000000|1.000000|1.000000
AEG801_016_7030|13|76.614510|414.344727|-96.008545|0.007076|151.082809|0.004180|1.000000|1.000000|1.000000
AEG801_016_7031|13|97.878708|410.817749|-119.301392|0.006174|151.233658|0.002213|1.000000|1.000000|1.000000
AEG801_016_7051|13|-83.020569|432.372406|-115.673477|0.000000|54.605946|0.000000|1.000000|1.000000|1.000000
AEG801_016_7052|13|-72.035110|431.171539|-130.119247|0.000000|-95.025352|0.000000|1.000000|1.000000|1.000000
AEG801_111_7004|13|11.350227|424.857697|-108.477242|-0.000000|81.450706|0.000000|0.799010|0.799009|0.799009
AEG801_111_7005|13|55.478760|416.021393|-125.244995|0.006967|152.922073|0.008606|1.000000|1.000000|1.000000
AEG801_111_7006|13|45.304153|423.159180|-45.063831|-0.001827|54.464096|-0.010513|0.903812|0.903812|0.903812
AEG801_111_7007|13|12.116699|424.977020|-114.901909|0.000000|81.628395|-0.000000|0.799010|0.799009|0.799009
AEG801_111_7012|13|79.874878|413.125031|-108.605103|-0.006018|-67.598511|0.003224|0.903812|0.903812|0.903812
AEG801_111_7013|13|-102.675064|433.287933|-126.224625|0.000000|46.383049|0.000000|0.903812|0.903812|0.903812
AEG801_111_7045|13|-58.268738|431.035370|-118.316055|0.000000|53.280319|0.000000|1.000000|1.000000|1.000000
AEG801_111_7048|13|-90.532227|434.053711|-107.397690|0.000000|-95.730476|0.000000|1.000000|1.000000|1.000000
AEG801_250_7011|13|100.635010|410.464630|-120.548340|-0.006960|-65.719421|0.002240|0.644388|0.644388|0.644388
AEG801_250_7019|13|-71.162727|436.699463|-55.363415|0.000000|131.254166|0.000000|0.600000|0.600000|0.600000
AEG801_250_7020|13|-80.206169|437.350464|-63.598869|0.000000|148.983765|0.000000|1.000000|1.000000|1.000000
AEG801_250_7021|13|-83.970398|438.024902|-62.364250|-0.009809|-67.693748|0.000601|0.700000|0.700000|0.700000
AEG801_250_7022|13|54.132599|416.581696|-107.136597|0.012021|80.672874|0.000000|0.800000|0.800000|0.800000
AEG801_250_7023|13|-117.522453|446.737701|-19.026974|-0.010697|-59.469093|-0.002969|0.650000|0.650000|0.650000
AEG801_250_7024|13|-124.359734|448.168091|-17.373295|0.000000|-93.704582|0.000000|0.700000|0.700000|0.700000
AEG801_250_7025|13|-121.324028|447.414520|-19.865479|0.010464|82.507072|-0.004342|1.000000|1.000000|1.000000
AEG801_250_7026|13|60.221252|415.469208|-119.801880|-0.001791|-162.259567|0.008633|1.000000|1.000000|1.000000
AEG801_250_7027|13|-116.815788|438.003662|-100.583015|0.000000|-67.133942|0.000000|0.700000|0.700000|0.700000
AEG801_250_7028|13|44.264175|421.954193|-53.132217|-0.010991|-101.845406|0.009945|1.000000|1.000000|1.000000
AEG801_250_7029|13|-1.485840|427.221283|-110.236572|0.000000|54.517696|-0.000005|1.000000|1.000000|1.000000
AEG801_250_7030|13|66.764221|416.125763|-87.945312|-0.007066|-65.247498|0.001421|0.850000|0.850000|0.850000
AEG801_250_7035|13|50.433350|417.176514|-118.247559|0.000000|-61.533340|0.000000|0.800000|0.800000|0.800000
AEG801_250_7036|13|42.788818|419.123840|-106.890320|0.000004|-9.690593|-0.000000|0.625775|0.625775|0.625775
AEG801_250_7039|13|26.873299|422.413269|-109.731926|-0.000000|146.947784|0.000000|0.782720|0.782720|0.782720
AEG801_250_7040|13|65.081253|417.206451|-68.908485|-0.004036|60.265656|-0.009070|0.603213|0.603213|0.603213
AEG801_250_7048|13|-19.203644|430.055817|-106.534592|0.000027|109.375237|0.000027|0.900000|0.900000|0.900000
AEG801_250_7049|13|-20.969543|430.247437|-103.849609|0.000000|111.174789|0.000000|0.656836|0.656836|0.656836
AEG801_250_7050|13|15.454224|424.531952|-119.520996|-0.000000|147.778473|0.000000|0.900000|0.900000|0.900000
AEG801_250_7051|13|14.195183|424.729828|-117.200195|-0.000000|153.399109|0.000000|0.600000|0.600000|0.600000
AEG801_250_7053|13|-48.906853|431.841400|-98.734367|0.000000|58.754982|-0.000003|0.800000|0.800000|0.800000
AEG801_250_7054|13|47.385048|423.382812|-42.539246|0.010136|160.220139|-0.004149|0.753419|0.753419|0.753419
AEG801_250_7055|13|-47.524796|438.382690|7.883583|-0.000016|-24.975544|0.000000|0.800000|0.800000|0.800000
AEG801_250_7056|13|-83.911606|441.064240|-14.649050|0.000847|-175.756348|0.008879|0.800000|0.800000|0.800000
AEG801_250_7057|13|-42.094055|431.645233|-98.791618|-0.000001|-144.565308|0.000000|1.000000|1.000000|1.000000
AEG801_250_7058|13|-38.522404|431.540894|-99.333252|-0.000001|-69.287880|-0.000001|0.600000|0.600000|0.600000
AEG801_250_7059|13|-36.532291|431.432526|-96.229866|-0.000000|164.556351|0.000000|0.600000|0.600000|0.600000
AEG801_250_7060|13|-87.252205|441.508972|-17.159912|0.009344|94.327110|-0.001688|0.600000|0.600000|0.600000
AEG801_250_7061|13|-80.055534|436.001312|-77.912834|0.000000|92.133568|0.000000|0.700000|0.700000|0.700000
AEG801_250_7062|13|43.277290|421.764984|-56.359375|-0.004640|9.426100|-0.012684|0.759017|0.759018|0.759017
AEG801_250_7081|13|64.414368|416.549683|-85.581184|-0.002454|-126.096970|0.007049|0.600000|0.600000|0.600000
AEG801_250_7096|13|99.654602|410.187927|-124.857178|-0.002685|20.232950|-0.007384|1.000000|1.000000|1.000000
AEG801_250_7097|13|100.176743|411.140137|-110.787354|0.006011|158.365143|0.003798|0.800000|0.800000|0.800000
AEG801_250_7099|13|-69.906326|431.199341|-127.451279|0.000000|142.748840|0.000000|0.735754|0.735754|0.735754
AEG801_250_7100|13|-90.949142|434.515350|-105.803635|0.000000|-5.289965|0.000000|0.719176|0.719176|0.719176
AEG801_250_7105|13|-98.153519|433.318146|-122.634918|0.000000|27.669947|0.000000|0.799009|0.799009|0.799009
AEG801_250_7107|13|-59.926025|431.158691|-119.587585|0.000000|143.706833|0.000000|1.000000|1.000000|1.000000
AEG801_250_7150|13|61.712830|416.087036|-93.563721|0.007978|147.981339|0.001612|0.700000|0.700000|0.700000
AEG801_250_7151|13|75.702087|414.435547|-96.230469|0.005710|81.118576|-0.005849|0.800000|0.800000|0.800000
AEG801_253_7005|13|-71.234131|436.992218|-51.305908|0.000000|-0.542741|0.000000|1.100000|1.100000|1.100000
AEG801_253_7006|13|-118.448830|446.864380|-19.949821|0.010764|95.068062|-0.001989|0.900000|0.900000|0.900000
AEG801_253_7007|13|98.275452|410.264404|-125.618164|0.001612|-152.911346|0.007076|1.100000|1.100000|1.100000
AEG801_253_7008|13|72.900879|413.805817|-105.933121|0.004535|53.458389|-0.006807|0.900000|0.900000|0.900000
AEG801_253_7009|13|-126.529526|448.629242|-17.922855|0.000000|93.683777|-0.000002|1.100000|1.100000|1.100000
AEG801_253_7010|13|-92.361572|434.837219|-104.335175|0.000000|-94.261589|0.000000|1.000000|1.000000|1.000000
AEG801_253_7011|13|-121.745636|438.236969|-102.070084|0.000000|29.638487|0.000000|1.100000|1.100000|1.100000
AEG801_253_7013|13|31.699131|421.948456|-119.467606|0.000000|94.554985|0.000000|1.100000|1.100000|1.100000
AEG801_253_7014|13|47.653015|422.212372|-48.352161|-0.009862|-32.669640|0.000328|1.100000|1.100000|1.100000
AEG801_253_7015|13|44.587296|418.746582|-107.117554|0.000000|93.756378|0.000000|0.900000|0.900000|0.900000
AEG801_253_7017|13|25.405548|422.724915|-111.651886|0.000000|124.891304|0.000000|1.100000|1.100000|1.100000
AEG801_253_7019|13|12.642277|424.656555|-101.606689|-0.000004|-32.726078|-0.000009|1.100000|1.100000|1.100000
AEG801_253_7022|13|45.899605|421.325714|-55.145515|-0.000012|-94.998680|0.000000|1.100000|1.100000|1.100000
AEG801_253_7025|13|-1.976379|427.271210|-108.717781|-0.000004|-32.163239|-0.000008|1.100000|1.100000|1.100000
AEG801_253_7026|13|16.434811|424.387329|-118.888443|-0.000005|-32.974567|-0.000007|0.900000|0.900000|0.900000
AEG801_253_7031|13|-17.327515|429.738861|-106.462769|-0.000000|5.515296|-0.000009|1.100000|1.100000|1.100000
AEG801_253_7032|13|-42.390194|431.668823|-96.634155|0.000000|17.297213|-0.000002|0.900000|0.900000|0.900000
AEG801_253_7033|13|17.541504|423.500488|-90.593506|0.000000|37.091122|0.000000|1.100000|1.100000|1.100000
AEG801_253_7034|13|-32.049992|433.864014|-26.635376|-0.000000|-139.222855|0.000000|1.100000|1.100000|1.100000
AEG801_253_7035|13|-31.388180|434.441406|-19.815186|0.000000|14.531364|0.000000|0.900000|0.900000|0.900000
AEG801_253_7036|13|-79.665146|440.397858|-16.516846|-0.006782|-106.378662|0.003716|0.900000|0.900000|0.900000
AEG801_253_7037|13|-75.667000|437.864532|-47.042015|0.000000|-48.837261|0.000000|1.100000|1.100000|1.100000
AEG801_253_7038|13|63.017632|414.911621|-113.856560|0.006393|30.605476|-0.009099|1.100000|1.100000|1.100000
AEG801_253_7039|13|98.831528|411.273438|-110.986069|-0.007222|-56.793987|-0.000000|0.900000|0.900000|0.900000
AEG801_253_7040|13|45.476025|423.842682|-41.451317|0.009972|148.616470|-0.005208|1.100000|1.100000|1.100000
AEG801_253_7041|13|62.356201|415.921906|-94.517334|-0.007979|-23.294813|-0.002447|0.900000|0.900000|0.900000
AEG801_253_7042|13|-47.400078|434.715546|-37.241463|0.000000|130.609558|0.000000|1.100000|1.100000|1.100000
AEG801_253_7045|13|-36.085751|431.378693|-94.289185|-0.000002|-84.216087|-0.000001|1.100000|1.100000|1.100000
AEG801_253_7046|13|-50.255371|432.235077|-74.526978|0.000000|-83.395721|0.000000|0.900000|0.900000|0.900000
AEG801_253_7047|13|-57.144299|434.958435|-54.151367|0.000000|-90.804001|0.000000|0.900000|0.900000|0.900000
AEG801_253_7048|13|-86.779724|441.486053|-15.872070|0.008306|73.974823|-0.004309|1.100000|1.100000|1.100000
AEG801_253_7049|13|-91.904480|440.115234|-49.734627|0.000000|-139.133072|0.000000|1.100000|1.100000|1.100000
AEG801_253_7051|13|-14.027098|428.667847|-88.247322|-0.000007|-139.243820|0.000000|0.900000|0.900000|0.900000
AEG801_253_7052|13|-119.971687|445.815247|-48.605949|0.000000|157.267365|0.000000|1.100000|1.100000|1.100000
AEG801_253_7053|13|-119.367233|445.729767|-46.778320|0.000000|131.864578|0.000000|1.100000|1.100000|1.100000
AEG801_253_7054|13|-60.678936|431.244995|-124.688019|0.000000|-175.502136|0.000000|0.900000|0.900000|0.900000
AEG801_253_7056|13|30.543587|424.664612|-49.845222|-0.000010|-40.446285|-0.000002|0.900000|0.900000|0.900000
AEG801_253_7057|13|-49.174110|438.524841|6.979385|-0.001453|41.728603|-0.012932|1.100000|1.100000|1.100000
AEG801_253_7058|13|-79.581070|436.078003|-76.508308|-0.000946|-139.049683|0.010081|0.900000|0.900000|0.900000
AEG801_253_7087|13|-100.022446|433.475342|-123.349487|0.000000|-153.071060|0.000000|1.000000|1.000000|1.000000
AEG801_253_7128|13|56.432220|416.090332|-107.028702|0.007732|36.017281|-0.008273|0.900000|0.900000|0.900000
AEG801_253_7137|13|64.509155|417.245209|-69.961670|-0.000507|3.899256|-0.006605|0.900000|0.900000|0.900000
AEG801_253_7138|13|66.421516|416.115662|-88.480362|-0.006203|94.506004|-0.003672|1.100000|1.100000|1.100000
AEG801_253_7139|13|78.138924|414.038055|-97.883896|0.001940|36.368217|-0.007253|0.900000|0.900000|0.900000
AEG801_254_7000|13|78.342903|413.087494|-110.335342|0.005929|119.193756|-0.001684|0.900000|0.900000|0.900000
AEG801_255_7001|13|71.979073|414.196289|-102.271606|-0.005279|-77.421257|0.005082|0.900000|0.900000|0.900000
AEG801_255_7002|13|-74.748177|437.368652|-52.633789|0.000000|111.178688|0.000000|1.000000|1.000000|1.000000
AEG801_255_7003|13|30.007629|422.076965|-122.694336|0.005246|24.896860|-0.014340|0.900000|0.900000|0.900000
AEG801_255_7011|13|91.056221|411.699860|-115.258667|0.004645|176.697372|0.004180|1.000000|1.000000|1.000000
AEG801_255_7012|13|-100.457535|432.410004|-129.128540|0.000000|-61.781944|0.000000|1.000000|1.000000|1.000000
AEG801_257_7002|13|63.734009|414.816895|-115.513428|-0.009623|-129.038147|0.005792|0.900000|0.900000|0.900000
AEG801_259_7001|13|20.638428|423.757935|-125.310432|-0.000001|-169.799347|-0.000000|1.000000|1.000000|1.000000
AEG801_259_7002|13|71.517029|413.509064|-125.562622|-0.001468|-1.741820|-0.007984|1.000000|1.000000|1.000000
