m413300_0000|0|0.000000|0.000000|0.000000|0.000000|0.000000|0.000000|1.000000|1.000000|1.000000
m413301_0000|0|0.000000|0.000000|0.000000|0.000000|0.000000|0.000000|1.000000|1.000000|1.000000
m413302_0000|0|0.000000|0.000000|0.000000|0.000000|0.000000|0.000000|1.000000|1.000000|1.000000
m413303_0000|0|0.000000|0.000000|0.000000|0.000000|0.000000|0.000000|1.000000|1.000000|1.000000
c0000_9000|2|47.615002|-0.762000|-7.622000|0.000000|-91.540001|0.000000|1.000000|1.000000|1.000000
c0000_9002|2|49.407001|-0.777000|-5.340000|0.000000|47.139999|0.000000|1.000000|1.000000|1.000000
c0000_9005|2|47.615002|-0.762000|-7.622000|0.000000|-91.540001|0.000000|1.000000|1.000000|1.000000
c0100_9000|2|111.795235|28.759184|25.228901|0.000000|-230.291504|0.000000|1.000000|1.000000|1.000000
c0100_9001|2|-86.900085|0.518439|7.577335|0.000000|50.146694|0.000000|1.000000|1.000000|1.000000
c0100_9002|2|57.279999|11.130000|-25.353001|0.000000|140.662003|0.000000|1.000000|1.000000|1.000000
c0100_9003|2|41.803001|11.236000|-6.124000|0.000000|171.078995|0.000000|1.000000|1.000000|1.000000
c0100_9004|2|105.605003|31.139000|38.354000|0.000000|-32.730000|0.000000|1.000000|1.000000|1.000000
c1000_9000|2|63.966000|11.448000|-25.415001|0.000000|175.000000|0.000000|1.000000|1.000000|1.000000
c1000_9001|2|53.728546|32.243214|65.607651|0.000000|47.786999|0.000000|1.000000|1.000000|1.000000
c2271_9000|2|-49.111000|0.752000|-40.898998|-2.859000|75.589996|1.427000|1.000000|1.000000|1.000000
c2271_9001|2|-34.575001|1.752000|-96.097000|-2.580000|-1.276000|3.105000|1.000000|1.000000|1.000000
c2271_9002|2|-37.063999|1.700000|-94.372002|1.459000|160.177994|-3.768000|1.000000|1.000000|1.000000
c2271_9003|2|-52.018002|0.297000|-109.785004|0.000000|-112.847000|0.000000|1.000000|1.000000|1.000000
c2271_9004|2|-28.417999|2.667000|-66.720001|-1.893000|167.539001|-2.988000|1.000000|1.000000|1.000000
c2271_9005|2|-29.743000|2.628000|-68.584999|-2.182000|52.532001|2.321000|1.000000|1.000000|1.000000
c2271_9006|2|-48.133999|0.791000|-39.664001|0.372000|-161.235001|-3.174000|1.000000|1.000000|1.000000
c2271_9007|2|-47.615002|0.837000|-41.207001|2.903000|-53.217999|1.335000|1.000000|1.000000|1.000000
c2271_9008|2|-83.345001|0.701000|-13.142000|0.000000|162.240005|0.000000|1.000000|1.000000|1.000000
c2271_9009|2|-84.637001|0.691000|-14.400000|0.000000|128.494003|-0.413000|1.000000|1.000000|1.000000
c2271_9010|2|-83.445999|0.686000|-15.554000|-0.317000|-21.812000|0.433000|1.000000|1.000000|1.000000
c2271_9011|2|-61.589001|0.525000|-7.149000|-0.655000|-145.876999|0.000000|1.000000|1.000000|1.000000
c2271_9012|2|-62.372002|0.537000|-9.578000|0.000000|-0.239000|-0.407000|1.000000|1.000000|1.000000
c2271_9013|2|-83.115997|0.579000|25.115000|0.790000|-146.184998|0.000000|1.000000|1.000000|1.000000
c2271_9014|2|-81.832001|0.576000|23.476000|0.000000|-25.112000|0.331000|1.000000|1.000000|1.000000
c2271_9015|2|-77.278999|0.405000|-39.986000|1.541000|-153.725998|0.000000|1.000000|1.000000|1.000000
c2271_9016|2|-76.039001|0.388000|-41.605000|-0.000000|-52.737999|1.842000|1.000000|1.000000|1.000000
c3661_9000|2|-52.563999|0.995000|-81.625999|0.000000|62.201000|0.000000|1.000000|1.000000|1.000000
c3661_9001|2|-93.217003|0.186000|-38.070999|0.000000|-150.059998|0.000000|1.000000|1.000000|1.000000
c3661_9002|2|-41.938999|0.523000|51.787998|0.000000|77.285004|0.000000|1.000000|1.000000|1.000000
c3661_9003|2|-35.766998|1.391000|-29.034000|0.000000|2.320000|0.000000|1.000000|1.000000|1.000000
c3661_9008|2|-111.665001|-0.094000|39.346001|0.000000|122.045998|0.000000|1.000000|1.000000|1.000000
c3661_9011|2|-82.735512|0.505155|8.208279|0.000000|74.148682|0.000000|1.000000|1.000000|1.000000
c3661_9012|2|-83.297180|0.506510|11.301595|0.000000|74.148682|0.000000|1.000000|1.000000|1.000000
c3661_9013|2|-80.176170|0.505294|11.378929|0.000000|74.148682|0.000000|1.000000|1.000000|1.000000
c3661_9014|2|-78.616722|0.499233|9.075054|0.000000|74.148682|0.000000|1.000000|1.000000|1.000000
c3661_9015|2|-77.506538|0.517349|14.820653|0.000000|74.148682|0.000000|1.000000|1.000000|1.000000
c3661_9016|2|-81.354553|0.516183|14.109503|0.000000|74.148682|0.000000|1.000000|1.000000|1.000000
c3661_9017|2|-83.985237|0.511714|13.070460|0.000000|74.148682|0.000000|1.000000|1.000000|1.000000
c3661_9018|2|-74.299019|0.500681|13.141697|0.000000|74.148682|0.000000|1.000000|1.000000|1.000000
c3661_9019|2|-78.873634|0.509470|5.859510|0.000000|74.148682|0.000000|1.000000|1.000000|1.000000
c3661_9020|2|-73.128891|0.493529|9.527081|0.000000|74.148682|0.000000|1.000000|1.000000|1.000000
c3661_9021|2|-75.688637|0.496497|8.078438|0.000000|74.148682|0.000000|1.000000|1.000000|1.000000
c3661_9022|2|-84.453674|0.513444|7.153214|0.000000|74.148682|0.000000|1.000000|1.000000|1.000000
c3661_9023|2|-75.974304|0.498364|11.212479|0.000000|74.148682|0.000000|1.000000|1.000000|1.000000
c3661_9024|2|-70.923477|0.502578|16.722528|0.000000|74.148682|0.000000|1.000000|1.000000|1.000000
c3661_9025|2|-68.283813|0.493901|12.143654|0.000000|74.148682|0.000000|1.000000|1.000000|1.000000
c3661_9026|2|-61.005894|0.527479|19.286648|0.000000|74.148682|0.000000|1.000000|1.000000|1.000000
c3661_9027|2|-61.123867|0.518546|16.993805|0.000000|74.148682|0.000000|1.000000|1.000000|1.000000
c3661_9028|2|-53.456886|0.664310|13.422951|0.000000|74.148682|0.000000|1.000000|1.000000|1.000000
c3661_9029|2|-53.250843|0.676387|17.195446|0.000000|74.148682|0.000000|1.000000|1.000000|1.000000
c3661_9030|2|-80.745422|0.501757|9.576361|0.000000|74.148682|0.000000|1.000000|1.000000|1.000000
c3661_9031|2|-114.305000|0.060000|38.469002|0.000000|122.045998|0.000000|1.000000|1.000000|1.000000
c3661_9032|2|-80.286003|-0.140000|77.373001|0.000000|2.046000|0.000000|1.000000|1.000000|1.000000
c3661_9042|2|-118.737999|-0.171000|38.186001|0.000000|-137.953995|0.000000|1.000000|1.000000|1.000000
c3661_9043|2|-56.456001|0.714000|-80.434998|0.000000|27.201000|0.000000|1.000000|1.000000|1.000000
c3661_9044|2|-56.445000|0.385000|-93.447998|0.000000|142.201004|0.000000|1.000000|1.000000|1.000000
c3661_9045|2|-55.062000|0.657000|-87.532997|0.000000|27.201000|0.000000|1.000000|1.000000|1.000000
c3661_9046|2|-46.118999|0.503000|48.479000|0.000000|-167.714996|0.000000|1.000000|1.000000|1.000000
c3661_9047|2|-36.495998|1.181000|60.285000|0.000000|57.285000|0.000000|1.000000|1.000000|1.000000
c3730_9000|2|71.075996|11.266000|-28.917000|0.000000|-84.314003|0.000000|1.000000|1.000000|1.000000
c3850_9000|2|85.128998|11.115000|-22.667999|0.000000|-179.313004|0.000000|1.000000|1.000000|1.000000
c3850_9001|2|75.857002|11.211000|-15.888000|0.000000|4.946000|0.000000|1.000000|1.000000|1.000000
c3850_9002|2|41.944000|11.200000|-4.752000|0.000000|1.309000|0.000000|1.000000|1.000000|1.000000
c3850_9003|2|43.292000|11.224000|-3.045000|0.000000|5.091000|0.000000|1.000000|1.000000|1.000000
c3850_9004|2|51.333000|11.115000|-10.078000|0.000000|-117.556999|0.000000|1.000000|1.000000|1.000000
c3850_9006|2|41.919998|11.228000|-0.516000|0.000000|0.091000|0.000000|1.000000|1.000000|1.000000
c4200_9000|2|115.186928|28.555334|25.000189|0.000000|-211.823486|0.000000|1.000000|1.000000|1.000000
c4200_9001|2|113.528519|28.241934|23.604977|0.000000|-237.866516|0.000000|1.000000|1.000000|1.000000
c4200_9002|2|115.640839|27.737410|21.857275|0.000000|-229.179504|0.000000|1.000000|1.000000|1.000000
c4300_9000|2|95.754997|27.236000|5.730000|0.000000|-10.629000|0.000000|1.000000|1.000000|1.000000
c4315_9000|2|96.067001|32.504002|55.467999|0.000000|-34.974998|0.000000|1.000000|1.000000|1.000000
c4315_9001|2|91.710999|32.481998|52.632999|0.000000|-34.974998|0.000000|1.000000|1.000000|1.000000
c4315_9002|2|105.039001|31.226000|39.180000|0.000000|-34.974998|0.000000|1.000000|1.000000|1.000000
c4315_9003|2|102.891998|31.407000|40.591000|0.000000|-34.974998|0.000000|1.000000|1.000000|1.000000
c4315_9004|2|102.900002|31.683001|43.945999|0.000000|-34.974998|0.000000|1.000000|1.000000|1.000000
c6060_9000|2|120.705261|24.626255|11.327116|7.051000|150.496002|-0.000000|1.000000|1.000000|1.000000
c6060_9001|2|123.504257|23.927319|9.863116|0.000000|134.979996|0.000000|1.000000|1.000000|1.000000
c6060_9002|2|119.345261|24.435022|9.800117|6.432000|151.447006|-0.000000|1.000000|1.000000|1.000000
c6060_9003|2|117.021263|25.156525|11.613116|0.624000|-111.478996|0.000000|1.000000|1.000000|1.000000
c6060_9004|2|121.350998|18.702377|122.003998|-0.000000|150.496002|-0.000000|1.000000|1.000000|1.000000
c6060_9005|2|124.149002|19.198732|120.537003|-0.000000|134.979996|-0.000000|1.000000|1.000000|1.000000
c6060_9006|2|119.973000|18.784174|120.380997|-0.000000|151.447006|0.000000|1.000000|1.000000|1.000000
c6060_9007|2|23.610001|5.811000|-61.632999|0.782000|150.496002|0.000000|1.000000|1.000000|1.000000
c6060_9008|2|139.033997|21.343000|-163.580994|-5.232000|-163.473999|-4.995000|1.000000|1.000000|1.000000
c6060_9009|2|135.104996|21.072001|-166.356995|-4.805000|-163.455002|-4.996000|1.000000|1.000000|1.000000
c6060_9010|2|135.658005|20.236000|-159.856995|-4.439000|-163.438995|-4.996000|1.000000|1.000000|1.000000
c6060_9011|2|143.783997|24.344999|-177.850006|-3.966000|-163.419006|-4.997000|1.000000|1.000000|1.000000
c6060_9012|2|26.410000|5.972000|-63.098999|-0.320000|134.979996|-0.000000|1.000000|1.000000|1.000000
c6060_9013|2|22.247999|5.564000|-63.157001|0.747000|151.447006|0.000000|1.000000|1.000000|1.000000
c6060_9014|2|19.926001|5.458000|-61.348999|6.770000|-111.478996|0.000000|1.000000|1.000000|1.000000
c6060_9015|2|-6.271023|15.676959|28.364784|0.002000|150.496002|0.000000|1.000000|1.000000|1.000000
c6060_9016|2|132.457993|21.709000|-174.880997|-3.252000|-163.386993|-4.998000|1.000000|1.000000|1.000000
c6060_9017|2|137.916000|22.812000|-174.578003|-4.813000|-163.455994|-4.996000|1.000000|1.000000|1.000000
c6060_9018|2|130.867004|19.865999|-163.580994|-4.344000|-163.434998|-4.996000|1.000000|1.000000|1.000000
c6060_9019|2|-10.494516|15.383856|29.177679|0.002000|134.979996|-0.000000|1.000000|1.000000|1.000000
c6060_9020|2|-8.242367|16.238125|31.467949|0.004000|151.447006|-0.000000|1.000000|1.000000|1.000000
c6060_9021|2|138.362000|20.271000|-156.968002|-6.344000|-163.522003|-4.992000|1.000000|1.000000|1.000000
c6070_9002|2|30.492001|-0.085000|153.322998|0.000000|141.145004|0.000000|1.000000|1.000000|1.000000
c6070_9003|2|29.451000|-0.085000|152.427002|0.000000|-179.580002|0.000000|1.000000|1.000000|1.000000
c6070_9004|2|48.805000|1.624000|133.794998|0.000000|96.418999|0.000000|1.000000|1.000000|1.000000
c6070_9010|2|37.887001|2.401000|126.666000|0.000000|-179.223999|0.000000|1.000000|1.000000|1.000000
c6070_9011|2|27.559000|2.400000|118.821999|0.000000|-75.689003|0.000000|1.000000|1.000000|1.000000
c6070_9012|2|30.018999|2.484000|118.500999|0.000000|141.628006|0.000000|1.000000|1.000000|1.000000
c6070_9013|2|29.235001|2.084000|120.478996|0.000000|8.341000|0.000000|1.000000|1.000000|1.000000
c6070_9016|2|10.911000|1.528000|114.588997|0.000000|154.582993|0.000000|1.000000|1.000000|1.000000
c6070_9017|2|10.261000|-0.085000|145.746994|0.000000|134.684006|0.000000|1.000000|1.000000|1.000000
c6070_9018|2|8.149000|1.257000|115.461998|0.000000|-85.139999|0.000000|1.000000|1.000000|1.000000
c6090_9000|2|1.757000|4.525000|-46.349998|-2.160000|149.242996|-4.938000|1.000000|1.000000|1.000000
c6100_9000|2|33.337002|4.157000|-102.540001|-4.524000|64.731003|0.000000|1.000000|1.000000|1.000000
c6100_9001|2|33.429001|4.351000|-98.765999|-2.944000|102.723000|0.000000|1.000000|1.000000|1.000000
c6100_9002|2|37.324001|4.586000|-99.050003|-2.352000|111.670998|0.000000|1.000000|1.000000|1.000000
c6100_9003|2|53.013000|32.556999|79.716003|-1.526000|49.743999|0.000000|1.000000|1.000000|1.000000
c6100_9004|2|61.027000|32.644001|85.545998|1.281000|102.723000|0.000000|1.000000|1.000000|1.000000
c6100_9005|2|57.873001|32.637001|83.445000|-0.950000|-8.326000|-0.000000|1.000000|1.000000|1.000000
c6100_9006|2|113.947998|31.732000|51.012001|3.921000|49.743999|0.000000|1.000000|1.000000|1.000000
c6100_9007|2|115.564003|31.400999|48.250000|7.735000|107.723000|0.000000|1.000000|1.000000|1.000000
c0000_9001|4|55.130001|32.520000|66.599998|0.000000|51.990002|0.000000|1.000000|1.000000|1.000000
c0000_9003|4|27.303417|21.336927|24.359480|0.000000|0.000000|0.000000|1.000000|1.000000|1.000000
c0000_9004|4|100.680000|10.780000|-61.320000|0.000000|144.270004|0.000000|1.000000|1.000000|1.000000
h413300|5|0.000000|0.000000|0.000000|0.000000|0.000000|0.000000|1.000000|1.000000|1.000000
h413301|5|0.000000|0.000000|0.000000|0.000000|0.000000|0.000000|1.000000|1.000000|1.000000
h413350|5|0.000000|0.000000|0.000000|0.000000|0.000000|0.000000|1.000000|1.000000|1.000000
h413351|5|0.000000|0.000000|0.000000|0.000000|0.000000|0.000000|1.000000|1.000000|1.000000
h413353|5|0.000000|0.000000|0.000000|0.000000|0.000000|0.000000|1.000000|1.000000|1.000000
AEG099_001_9000|9|57.780998|-0.762000|-5.887000|0.000000|-88.557999|0.000000|1.000000|1.000000|1.000000
AEG099_001_9001|9|33.527000|-0.792000|-5.828000|0.000000|90.281998|0.000000|1.000000|1.000000|1.000000
AEG099_053_9001|9|96.637001|32.487000|59.820999|0.000000|-40.000000|0.000000|1.000000|1.000000|1.000000
c1000_9002|10|96.637001|32.487000|59.820999|0.000000|-40.000000|0.000000|1.000000|1.000000|1.000000
c3661_9004|10|59.575001|11.115000|-27.400000|0.000000|113.278000|0.000000|1.000000|1.000000|1.000000
c3661_9005|10|60.039001|11.115000|-29.855000|0.000000|128.893997|0.000000|1.000000|1.000000|1.000000
c3661_9006|10|61.841000|11.165000|-29.857000|0.000000|138.634003|0.000000|1.000000|1.000000|1.000000
c3661_9007|10|57.455002|11.141000|-25.648001|0.000000|169.796005|0.000000|1.000000|1.000000|1.000000
c3661_9009|10|48.816002|11.217000|12.477000|0.000000|-75.678001|0.000000|1.000000|1.000000|1.000000
c3661_9010|10|71.445000|11.291000|-26.789000|0.000000|-31.205000|0.000000|1.000000|1.000000|1.000000
c3661_9033|10|71.445000|11.291000|-26.789000|0.000000|-31.205000|0.000000|1.000000|1.000000|1.000000
c3661_9034|10|68.573997|11.285000|-26.434999|0.000000|-63.540001|0.000000|1.000000|1.000000|1.000000
c3661_9035|10|70.180000|11.272000|-27.454000|0.000000|-30.205000|0.000000|1.000000|1.000000|1.000000
c3661_9036|10|69.030998|11.247000|-28.622000|0.000000|-55.515999|0.000000|1.000000|1.000000|1.000000
c3661_9037|10|75.823997|11.228000|-18.868999|0.000000|-26.181999|0.000000|1.000000|1.000000|1.000000
c3661_9038|10|76.484001|11.272000|-17.306999|0.000000|-3.821000|0.000000|1.000000|1.000000|1.000000
c3661_9039|10|78.876999|11.193000|-19.672001|0.000000|23.841999|0.000000|1.000000|1.000000|1.000000
c3661_9040|10|87.968002|11.130000|-27.443001|0.000000|-49.268002|0.000000|1.000000|1.000000|1.000000
c3661_9041|10|88.314003|11.130000|-29.172001|0.000000|99.794998|0.000000|1.000000|1.000000|1.000000
c3730_9001|10|63.229000|7.456000|-87.029999|0.000000|22.112000|0.000000|1.000000|1.000000|1.000000
c4170_9000|10|85.769997|11.213000|-21.177999|0.000000|-67.406998|0.000000|1.000000|1.000000|1.000000
c4170_9001|10|87.287003|11.208000|-23.145000|0.000000|90.361000|0.000000|1.000000|1.000000|1.000000
c4170_9002|10|80.222000|11.214000|-23.653999|0.000000|22.094000|0.000000|1.000000|1.000000|1.000000
c4170_9003|10|54.154999|11.124000|-9.201000|0.000000|158.160004|0.000000|1.000000|1.000000|1.000000
c4170_9005|10|83.209999|11.220000|-38.486000|0.000000|26.673000|0.000000|1.000000|1.000000|1.000000
c4170_9006|10|89.002998|11.223000|-34.733002|0.000000|-150.690002|-0.000000|1.000000|1.000000|1.000000
c4170_9008|10|52.895000|11.127000|-8.229000|0.000000|137.261993|0.000000|1.000000|1.000000|1.000000
c4170_9009|10|53.106998|11.125000|-9.949000|0.000000|151.554993|0.000000|1.000000|1.000000|1.000000
h413301_0000|11|0.000000|0.000000|0.000000|0.000000|0.000000|0.000000|1.000000|1.000000|1.000000
AEG001_290_7000|13|98.179558|18.713699|112.844467|-4.816021|149.504028|0.322358|1.100000|1.100000|1.100000
AEG001_290_7001|13|29.827135|4.340850|-94.814926|5.137368|-142.169998|-1.043514|0.900000|0.900000|0.900000
AEG001_290_7002|13|85.991623|11.174118|-52.141605|-0.162113|92.829605|-2.599993|1.100000|1.100000|1.100000
AEG001_290_7005|13|91.343307|11.243111|-41.945068|-1.363853|171.327011|-0.358722|1.100000|1.100000|1.100000
AEG001_290_7006|13|66.524261|11.222993|-31.296740|-0.000042|128.430969|0.000055|1.100000|1.100000|1.100000
AEG001_290_7009|13|77.352928|32.802353|94.534172|1.086792|166.245850|-0.141631|1.100000|1.100000|1.100000
AEG001_290_7010|13|51.092869|32.500645|73.351570|0.050516|32.160431|-0.061615|1.100000|1.100000|1.100000
AEG001_290_7011|13|66.002647|11.244270|-27.561985|0.786373|-158.610016|-0.300146|1.100000|1.100000|1.100000
AEG001_290_7012|13|73.691612|11.285534|-25.804941|1.902536|167.432098|0.731568|1.100000|1.100000|1.100000
AEG001_290_7013|13|65.922043|32.500000|77.824982|0.000000|-90.355850|0.000000|1.100000|1.100000|1.100000
AEG001_290_7014|13|60.290150|32.499634|66.341980|0.000000|-161.355850|0.000000|1.100000|1.100000|1.100000
AEG001_290_7015|13|46.021164|32.499626|53.621098|-0.000328|-11.839597|-0.000510|1.100000|1.100000|1.100000
AEG001_290_7016|13|39.960522|32.499630|62.505867|-0.002845|144.644211|-0.002869|1.100000|1.100000|1.100000
AEG001_290_7017|13|50.329597|32.499638|55.211182|0.000000|61.644150|0.000000|0.900000|0.900000|0.900000
AEG001_290_7018|13|47.638451|32.499638|70.353027|-0.000004|-80.839462|-0.000006|0.900000|0.900000|0.900000
AEG001_290_7019|13|75.277550|32.499634|68.730957|0.000000|12.644156|0.000000|1.100000|1.100000|1.100000
AEG001_290_7020|13|46.400116|11.211655|-29.931633|-0.391987|-133.610291|-0.149389|1.100000|1.100000|1.100000
AEG001_290_7022|13|4.993180|5.524473|-35.686638|8.316411|-76.581856|8.238849|1.000000|1.000000|1.000000
AEG001_290_7023|13|25.337940|22.421631|34.840820|21.506653|-158.633072|-3.409300|1.100000|1.100000|1.100000
AEG001_290_7024|13|28.155659|22.748255|33.879372|-2.519740|129.208893|-20.585539|1.100000|1.100000|1.100000
AEG001_290_7025|13|12.768980|29.156691|67.125000|10.444561|-153.892700|-20.809999|1.100000|1.100000|1.100000
AEG001_290_7026|13|9.880335|28.007622|65.925781|15.425929|-152.711365|-12.134515|1.100000|1.100000|1.100000
AEG001_290_7027|13|84.501038|32.500004|61.411709|-0.000328|-64.839577|-0.000510|1.100000|1.100000|1.100000
AEG001_290_7028|13|112.843407|31.660879|53.433830|-4.511817|-53.993462|-1.651132|1.100000|1.100000|1.100000
AEG001_290_7029|13|109.420647|31.798605|48.149654|-4.370806|-90.395248|1.658342|1.100000|1.100000|1.100000
AEG001_290_7030|13|108.833549|20.710772|-8.897707|-3.391360|-92.867752|16.285246|1.100000|1.100000|1.100000
AEG001_290_7031|13|88.168221|11.270363|-40.905769|-0.098848|-154.431351|-2.330622|1.100000|1.100000|1.100000
AEG001_290_7032|13|78.358566|11.222992|-40.312065|0.000000|32.083015|-0.000017|1.100000|1.100000|1.100000
AEG001_290_7033|13|92.520943|11.231759|-17.622072|0.090322|142.444641|-0.515545|1.100000|1.100000|1.100000
AEG001_290_7034|13|56.646664|11.222988|-13.706869|0.000082|-158.612076|-0.000026|1.100000|1.100000|1.100000
AEG001_290_7035|13|59.900768|11.222999|-12.032358|-0.000042|128.430969|0.000055|1.100000|1.100000|1.100000
AEG001_290_7036|13|48.547607|11.222992|-3.533686|-0.000042|128.430969|0.000055|1.100000|1.100000|1.100000
AEG001_290_7037|13|45.026600|11.222991|5.095685|0.000000|-96.462708|0.000000|0.900000|0.900000|0.900000
AEG001_290_7038|13|41.555023|11.352539|14.823488|3.734557|128.419540|0.339706|1.100000|1.100000|1.100000
AEG001_290_7039|13|54.567669|11.222995|13.922487|-0.000027|45.430946|-0.000000|1.100000|1.100000|1.100000
AEG001_290_7075|13|108.706444|18.555986|120.371567|3.653249|-18.589764|0.472267|0.900000|0.900000|0.900000
AEG001_290_7145|13|104.715897|18.449263|119.947502|3.846791|3.131724|2.221752|1.100000|1.100000|1.100000
AEG001_290_7146|13|119.394791|20.737860|101.237785|-4.545607|149.839981|4.567265|1.100000|1.100000|1.100000
AEG001_290_7147|13|115.102562|19.805664|108.453354|4.703951|-61.239601|-5.247880|1.100000|1.100000|1.100000
AEG001_290_7148|13|112.606758|31.652411|73.291512|16.454775|94.890038|-0.104639|1.100000|1.100000|1.100000
AEG001_290_7149|13|88.876625|11.201257|-16.349607|0.335881|-133.305405|-0.014371|1.100000|1.100000|1.100000
AEG001_290_7150|13|80.431412|8.051147|-104.866699|3.720077|-49.290054|5.088301|1.100000|1.100000|1.100000
AEG001_290_7151|13|84.900627|8.537849|-103.459976|-3.604780|32.374165|4.940795|0.900000|0.900000|0.900000
AEG001_290_7152|13|72.512398|11.223000|-32.971359|-0.000000|44.121407|-0.000000|1.100000|1.100000|1.100000
AEG001_290_7153|13|3.077299|5.463425|-32.009384|1.015622|161.176285|-12.343242|1.200000|1.200000|1.200000
AEG001_290_7154|13|-0.850006|20.492779|44.199215|8.195598|-91.001900|15.655066|1.100000|1.100000|1.100000
AEG001_290_7155|13|87.835899|32.442348|41.116215|-2.359721|-53.866215|0.268208|1.100000|1.100000|1.100000
AEG001_290_7156|13|87.365112|32.499630|68.063965|-0.000016|-90.458527|0.000000|1.100000|1.100000|1.100000
AEG001_290_7157|13|83.514435|11.210162|-41.553230|-0.098848|-115.431374|-0.279817|0.900000|0.900000|0.900000
AEG001_290_7158|13|83.467171|11.114997|-33.262245|-0.000009|136.568893|-0.000026|1.100000|1.100000|1.100000
AEG001_290_7159|13|84.201195|11.114998|-26.020271|0.000055|171.331284|-0.000000|1.100000|1.100000|1.100000
AEG001_290_7160|13|61.211555|11.114998|-7.000731|0.000082|-158.612076|-0.000026|1.100000|1.100000|1.100000
AEG001_290_7161|13|26.053318|11.461913|-22.312988|1.846227|-158.637482|0.830660|1.100000|1.100000|1.100000
AEG001_290_7162|13|6.869461|12.959280|11.997314|12.194729|-158.206467|-4.078995|1.100000|1.100000|1.100000
AEG001_290_7163|13|7.058655|12.353638|7.801269|4.783757|-62.857151|11.075481|1.100000|1.100000|1.100000
AEG001_290_7164|13|48.451710|32.503883|74.346184|0.043467|106.644981|0.329598|1.100000|1.100000|1.100000
AEG001_290_7165|13|90.044090|32.601780|83.647453|-1.495425|68.149261|-0.999024|1.100000|1.100000|1.100000
AEG001_290_7166|13|91.014091|11.125717|-54.621101|0.726595|119.358131|-3.615561|1.100000|1.100000|1.100000
AEG001_290_7167|13|-5.881242|6.607238|-6.805177|14.725562|-157.581787|-6.898553|1.100000|1.100000|1.100000
AEG001_290_7168|13|29.017021|4.074708|-98.363762|4.889732|-115.491043|1.147172|1.100000|1.100000|1.100000
AEG001_290_7169|13|35.007412|7.131171|-57.885681|0.342548|-49.312134|13.948013|1.000000|1.000000|1.000000
AEG001_290_7170|13|38.486572|7.223447|-60.223125|-12.225286|20.172367|3.800756|1.200000|1.200000|1.200000
AEG001_290_7171|13|60.410313|11.307570|18.836918|1.124741|-144.461273|-0.082891|1.100000|1.100000|1.100000
AEG001_290_7172|13|64.243774|11.349696|18.033691|-1.105839|80.419617|-1.170715|1.100000|1.100000|1.100000
AEG001_290_7173|13|71.709976|32.499634|66.213127|0.000000|-90.355850|0.000000|1.100000|1.100000|1.100000
AEG001_290_7174|13|103.917168|32.837563|92.148926|-0.000428|68.162292|0.000137|1.100000|1.100000|1.100000
AEG001_290_7175|13|100.244759|32.850880|93.424477|4.300341|-179.708862|-1.311092|0.900000|0.900000|0.900000
AEG001_290_7176|13|115.280632|31.162933|71.215828|-7.573667|-179.381729|10.123435|0.900000|0.900000|0.900000
AEG001_290_7177|13|42.574612|32.499634|57.059814|0.054642|-58.355820|-0.023184|0.900000|0.900000|0.900000
AEG001_290_7178|13|2.295696|6.343094|-20.842833|15.228564|-133.853897|-6.386042|1.000000|1.000000|1.000000
AEG003_066_1006|13|57.459240|11.152473|-5.222156|-10.722795|150.324814|-42.749657|1.000000|1.000000|1.000001
AEG003_066_1008|13|85.624168|11.012226|-30.718382|4.852358|-139.442413|-0.170734|1.000000|1.000000|1.000001
AEG003_066_1009|13|74.277107|11.096451|-32.343544|0.000082|154.251526|0.000001|1.000000|1.000000|1.000001
AEG003_067_1006|13|58.653973|10.768818|-6.186359|2.571156|140.720749|-6.409139|1.000000|1.000000|1.000000
AEG003_067_1007|13|60.714787|10.947501|-3.409828|-10.402029|2.690022|0.000001|1.000000|1.000000|1.000000
AEG003_067_1008|13|87.989311|11.092510|-31.833584|-11.820543|86.832260|-0.000073|1.000000|1.000000|1.000000
AEG003_067_1009|13|75.723694|11.001718|-26.953373|10.849483|141.415619|-8.795686|1.000000|1.000000|1.000000
AEG003_067_1010|13|74.274101|10.878650|-37.309322|-9.519043|-176.421204|-0.000101|1.000000|1.000000|1.000000
AEG003_068_1004|13|50.232368|10.643349|-2.733133|9.941317|-91.410759|10.743697|1.000000|1.000000|1.000000
AEG003_068_1005|13|80.772263|10.646923|-40.113815|9.051190|-89.038437|-0.000001|1.000000|1.000000|1.000000
AEG003_068_1006|13|68.184677|10.835993|-33.759506|-6.534606|-89.046005|-0.109345|1.000000|1.000000|1.000000
AEG003_068_1007|13|81.681465|10.767577|-17.443613|12.594108|-89.039757|10.903474|1.000000|1.000000|1.000000
AEG003_070_1007|13|-115.471817|0.977347|-1.504711|84.041397|-46.934681|2.558758|1.000000|1.000000|1.000000
AEG003_070_1008|13|-57.291843|0.413945|13.085817|-79.705635|-114.465057|0.371107|1.000000|1.000000|1.000000
AEG003_070_1009|13|-67.667610|0.735205|-16.353771|79.989952|-56.920795|-1.206792|1.000000|1.000000|1.000000
AEG003_070_1010|13|-58.184395|0.226256|-104.295891|82.876762|91.272575|0.525771|1.000000|1.000000|1.000000
AEG003_070_1011|13|-109.707542|0.544962|-30.509987|94.129288|-5.024375|-2.595329|1.000000|1.000000|1.000000
AEG003_070_1012|13|-91.190926|0.588970|18.864073|-92.310684|-6.337997|-0.302598|1.000000|1.000000|1.000000
AEG003_070_1013|13|-69.685562|0.255821|-70.976151|91.014671|-59.790138|5.395831|1.000000|1.000000|1.000000
AEG003_070_1014|13|-62.596889|0.667109|-44.031731|80.002785|-8.421343|-1.420452|1.000000|1.000000|1.000000
AEG003_081_1001|13|-108.512123|0.037232|-31.580326|3.032713|-163.774643|-0.095841|1.000000|1.000000|1.000000
AEG003_081_1002|13|-101.552986|0.783539|-16.531254|0.028496|-124.380356|0.653540|1.000000|1.000000|1.000000
AEG003_081_1003|13|-62.492840|0.398376|-73.970215|1.313036|-36.746952|3.115960|1.000000|1.000000|1.000000
AEG003_081_1004|13|-79.055183|0.622330|26.311523|-0.207372|126.885719|-0.751458|1.000000|1.000000|1.000000
AEG003_081_1006|13|-113.284538|0.114972|32.433723|-0.838146|31.584639|3.518395|1.000000|1.000000|1.000000
AEG003_081_1008|13|-97.004707|0.432907|30.629881|0.231680|9.562828|0.713919|1.000000|1.000000|1.000000
AEG003_081_1009|13|-92.505547|0.519135|12.204582|0.291622|43.569000|-0.100269|1.000000|1.000000|1.000000
AEG003_081_1010|13|-123.151588|0.127533|-17.735828|-1.965176|-48.680271|5.238153|1.000000|1.000000|1.000000
AEG003_081_1011|13|-61.741322|0.560257|-45.203617|-0.408527|-30.377365|0.276240|1.000000|1.000000|1.000000
AEG003_082_1002|13|-88.304932|0.523704|20.358395|-0.164963|15.245366|0.185262|1.000000|1.000000|1.000000
AEG003_082_1003|13|-103.056839|0.407806|26.881590|0.155564|-110.453766|-1.008097|1.000000|1.000000|1.000000
AEG003_082_1007|13|-109.965828|0.601211|-22.129398|1.734294|-110.550430|3.004354|1.000000|1.000000|1.000000
AEG003_082_1008|13|-112.666573|0.719719|2.398191|0.903306|-59.714050|-0.588598|1.000000|1.000000|1.000000
AEG003_082_1009|13|-112.486351|0.783157|-1.706299|-0.757353|-178.475555|-0.406275|1.000000|1.000000|1.000000
AEG003_082_1010|13|-99.690758|0.539078|13.690673|-0.198912|-89.716476|-0.537363|1.000000|1.000000|1.000000
AEG003_082_1011|13|-78.505081|0.671799|37.714600|-0.075405|15.239218|1.151816|1.000000|1.000000|1.000000
AEG003_082_1012|13|-84.412605|-0.054879|-49.621830|1.959172|-178.477036|-1.255681|1.000000|1.000000|1.000000
AEG003_082_1013|13|-80.282501|0.605988|-2.454589|0.435602|-59.712151|-0.779663|1.000000|1.000000|1.000000
AEG003_082_1014|13|-66.151833|0.766572|34.547661|3.085933|71.947479|-4.524842|1.000000|1.000000|1.000000
AEG003_082_1015|13|-53.662064|0.660095|11.752440|-1.913178|103.072220|-0.253211|1.000000|1.000000|1.000000
AEG003_082_1016|13|-62.406399|-0.125435|91.395271|1.424755|-89.681137|-3.708382|1.000000|1.000000|1.000000
AEG003_082_1017|13|-65.097168|0.612343|-12.829347|-1.196954|-79.282738|-0.927228|1.000000|1.000000|1.000000
AEG003_082_1018|13|-71.369896|0.841766|-16.966553|0.116988|161.968048|0.956937|1.000000|1.000000|1.000000
AEG003_082_1019|13|-58.296833|0.029511|-107.279785|-2.843222|71.435013|-0.192992|1.000000|1.000000|1.000000
AEG003_082_1020|13|-55.183819|0.326134|-100.657715|1.382868|-47.342964|3.186584|1.000000|1.000000|1.000000
AEG003_082_1021|13|-83.387939|0.691002|-13.818113|-0.538367|52.930779|0.191792|1.000000|1.000000|1.000000
AEG003_082_1022|13|-105.626289|-0.036016|-36.088619|-4.127528|-21.911106|5.877706|1.000000|1.000000|1.000000
AEG003_082_1023|13|-103.997276|0.737030|-0.395995|-0.881746|-140.861099|-0.022595|1.000000|1.000000|1.000000
AEG003_082_1024|13|-123.956627|0.563653|-10.005122|-0.224768|-22.273769|2.866985|1.000000|1.000000|1.000000
AEG003_082_1025|13|-115.411278|0.114616|-27.100580|-2.725347|52.966446|0.270940|1.000000|1.000000|1.000000
AEG003_082_1027|13|-85.307198|0.509034|8.631836|0.200562|3.635710|-0.164416|1.000000|1.000000|1.000000
AEG003_082_1029|13|-78.693596|0.653282|29.069094|0.771593|-71.454300|0.846998|1.000000|1.000000|1.000000
AEG003_082_1030|13|-62.402916|0.342779|-79.240608|-2.667850|162.016006|-1.338682|1.000000|1.000000|1.000000
AEG003_082_1031|13|-74.138443|0.003059|-68.190430|1.385108|-79.306435|1.158072|1.000000|1.000000|1.000000
AEG003_082_1032|13|-43.704895|1.024910|-14.431393|-3.069367|52.967564|1.387130|1.000000|1.000000|1.000000
AEG003_082_1033|13|-56.890335|0.538895|-39.587650|-0.527864|-22.030460|-1.253906|1.000000|1.000000|1.000000
AEG003_082_1034|13|-65.209236|0.679176|-35.200443|0.854183|-135.519745|0.553300|1.000000|1.000000|1.000000
AEG003_082_1035|13|-109.252617|-0.107368|42.090332|0.233647|3.597161|0.535842|1.000000|1.000000|1.000000
AEG003_082_1036|13|-101.964050|-0.014190|50.487301|0.637858|-105.394539|-0.955621|1.000000|1.000000|1.000000
AEG003_082_1037|13|-5.364595|-0.132571|126.840088|0.968794|-124.751587|-2.156722|1.000000|1.000000|1.000000
AEG003_082_1038|13|-23.263884|2.980781|-70.189369|3.017441|-82.008659|0.137451|1.000000|1.000000|1.000000
AEG003_084_1001|13|-108.974281|0.642250|7.619372|-0.726146|-138.480347|-0.800671|1.000000|1.000000|1.000000
AEG003_084_1002|13|-114.885193|0.791458|-12.404294|1.341640|-175.534271|-0.534697|1.000000|1.000000|1.000000
AEG003_084_1003|13|-76.472313|0.666092|42.926022|1.253230|-77.469307|-0.456700|1.000000|1.000000|1.000000
AEG003_084_1004|13|-59.753139|0.621307|39.297596|1.105971|143.064133|0.373092|1.000000|1.000000|1.000000
AEG003_084_1005|13|-65.388870|0.536110|-5.816163|-0.544664|-158.043671|0.516390|1.000000|1.000000|1.000000
AEG003_084_1007|13|-95.235443|0.694344|-21.396975|0.730011|-172.880081|0.467404|1.000000|1.000000|1.000000
AEG003_084_1008|13|-58.404228|0.503876|58.083981|-0.185813|-131.183609|-0.696455|1.000000|1.000000|1.000000
AEG003_084_1009|13|-107.160606|0.386688|25.342533|-1.051644|172.800537|-0.691243|1.000000|1.000000|1.000000
AEG003_084_1010|13|-63.289108|0.455795|-64.335457|1.242657|-33.075584|2.484386|1.000000|1.000000|1.000000
AEG003_085_1003|13|-93.848068|0.510696|16.877687|-0.015852|-129.634384|-0.151844|1.000000|1.000000|1.000000
AEG003_085_1004|13|-119.585030|-0.044831|-22.141844|2.231040|179.482803|-4.727499|1.000000|1.000000|1.000000
AEG003_085_1006|13|-120.053162|0.639481|-0.417971|1.384343|-95.737015|-1.218670|1.000000|1.000000|1.000000
AEG003_085_1007|13|-79.127693|-0.014167|-53.800777|-1.678270|106.384750|-1.997028|1.000000|1.000000|1.000000
AEG003_085_1009|13|-60.057487|0.524658|14.845945|0.171165|-174.201447|-0.487415|1.000000|1.000000|1.000000
AEG003_085_1011|13|-60.500374|0.538971|-21.412352|-1.341968|-115.313225|0.747769|1.000000|1.000000|1.000000
AEG003_085_1014|13|-60.241962|0.058274|-95.137207|3.322122|-58.484703|2.449797|1.000000|1.000000|1.000000
AEG003_085_1015|13|-47.855827|0.494782|-110.153564|2.980749|-141.600693|-1.519499|1.000000|1.000000|1.000000
AEG003_085_1017|13|-90.017807|0.692947|-15.428953|-0.565975|-77.926552|0.067127|1.000000|1.000000|1.000000
AEG003_085_1019|13|-105.874031|0.215431|-29.214596|-3.437007|10.039942|0.738016|1.000000|1.000000|1.000000
AEG003_085_1020|13|-108.554848|0.547905|12.959230|1.129549|-58.161766|-0.417578|1.000000|1.000000|1.000000
AEG003_085_1021|13|-118.026733|-0.078660|-32.011955|1.671429|-91.928955|1.415598|1.000000|1.000000|1.000000
AEG003_085_1025|13|-97.916733|0.578934|8.518558|0.668839|20.888649|-0.117346|1.000000|1.000000|1.000000
AEG003_085_1026|13|-79.839256|0.588295|23.520752|-0.610346|59.634293|-0.246597|1.000000|1.000000|1.000000
AEG003_085_1027|13|-77.118896|0.535301|17.515381|-0.407598|-39.298088|0.218621|1.000000|1.000000|1.000000
AEG003_085_1030|13|-69.049667|0.037934|-76.611572|-0.417474|150.885727|-2.260869|1.000000|1.000000|1.000000
AEG003_085_1031|13|-61.411385|0.333527|80.081543|-0.063804|-143.887375|0.299217|1.000000|1.000000|1.000000
AEG003_085_1032|13|-70.246437|0.708481|-30.939455|-1.238479|70.208229|-0.777535|1.000000|1.000000|1.000000
AEG003_085_1033|13|-51.429523|0.585869|-37.879154|-3.033025|109.054512|-0.569913|1.000000|1.000000|1.000000
AEG003_085_1035|13|-113.028931|-0.174623|45.257797|-0.678156|166.742889|-0.633291|1.000000|1.000000|1.000000
AEG003_085_1036|13|-106.890877|0.074531|35.961189|1.259214|-107.381233|-2.664961|1.000000|1.000000|1.000000
AEG004_372_1000|13|43.172752|32.500000|68.227478|0.000000|145.499969|0.000000|1.000000|1.000000|1.000000
AEG004_372_1001|13|79.677856|32.500000|60.713520|0.000000|55.499969|0.000000|1.000000|1.000000|1.000000
AEG004_372_1002|13|65.954254|32.500000|62.581974|0.000000|145.500031|0.000000|1.000000|1.000000|1.000000
AEG004_501_1000|13|91.437973|32.500000|57.726578|0.000000|-34.499996|0.000000|1.000000|1.000000|1.000000
AEG004_503_1000|13|96.917091|32.500000|63.878567|0.000000|-34.499996|0.000000|1.000000|1.000000|1.000000
AEG004_503_1004|13|45.719849|32.500000|50.644577|0.000000|55.500019|0.000000|1.000000|1.000000|1.000000
AEG004_504_1000|13|83.678658|32.500000|54.836399|0.000000|-34.499996|0.000000|1.000000|1.000000|1.000000
AEG004_504_1001|13|77.564789|32.500000|91.864471|0.000027|145.499954|0.000000|1.000000|1.000000|1.000000
AEG004_504_1004|13|36.708408|32.500000|63.747589|0.000027|55.500000|-0.000000|1.000000|1.000000|1.000000
AEG004_505_1003|13|41.187519|32.500000|57.239311|0.000000|-124.500046|0.000000|1.000000|1.000000|1.000000
AEG004_506_1001|13|81.618187|32.500000|86.020676|0.000000|-124.500008|0.000000|1.000000|1.000000|1.000000
AEG004_506_1003|13|64.957108|32.500000|64.032806|-0.000000|-34.499973|-0.000000|1.000000|1.000000|1.000000
AEG004_506_1004|13|72.946754|32.500000|90.739090|0.000000|-34.500034|0.000000|1.000000|1.000000|1.000000
AEG004_507_1000|13|83.777962|32.500000|74.308044|0.000027|-34.500072|0.000000|1.000000|1.000000|1.000000
AEG004_507_1001|13|82.004639|32.500000|66.147964|0.000027|145.499954|0.000000|1.000000|1.000000|1.000000
AEG004_507_1002|13|60.543716|32.500000|66.156067|0.000027|55.499969|-0.000000|1.000000|1.000000|1.000000
AEG004_507_1003|13|71.326965|32.500000|82.055038|0.000027|55.500000|-0.000000|1.000000|1.000000|1.000000
AEG004_508_1002|13|47.384720|32.500000|65.599991|0.000000|55.499969|-0.000000|1.000000|1.000000|1.000000
AEG004_686_1000|13|-96.667908|0.088317|15.104501|-23.576529|-8.985655|31.586811|1.000000|1.000000|1.000000
AEG004_686_1001|13|-109.837738|0.295145|4.987827|-13.310999|32.301846|34.766796|1.000000|1.000000|1.000000
AEG004_686_1003|13|-88.645920|0.364494|-14.172383|-38.020996|37.130577|30.438496|1.000000|1.000000|1.000000
AEG004_686_1006|13|-105.376045|0.003532|24.650326|32.527271|-16.162933|19.238865|1.000000|1.000000|1.000000
AEG004_686_1007|13|-61.910461|-0.185805|81.905563|-22.051456|15.272710|-27.471336|1.000000|1.000000|1.000000
AEG004_690_1202|13|55.602867|-0.777015|-9.101641|0.000000|134.999969|0.000000|1.000000|1.000000|1.000000
AEG004_690_1203|13|50.167301|-0.777013|-3.876489|0.000000|37.000008|0.000000|1.000000|1.000000|1.000000
AEG004_693_1010|13|68.500000|10.611237|-19.578896|-0.090000|-89.999985|-0.000000|1.000000|1.000000|1.000000
AEG004_693_1011|13|71.499802|10.611237|-19.578896|-0.090000|90.000000|0.000000|1.000000|1.000000|1.000000
AEG004_904_1005|13|-43.101082|0.775269|-104.292961|-10.052624|79.455193|-39.755112|1.000000|1.000000|1.000000
AEG004_904_1006|13|-58.266167|1.038649|-59.579994|11.254822|-78.299881|-123.380173|1.000000|1.000000|1.000000
AEG004_904_1007|13|-56.171207|0.268738|-19.777096|0.516854|139.978821|-1.087420|1.000000|1.000000|1.000000
AEG004_904_1008|13|-126.294144|-0.498710|-50.288074|-0.008262|149.110703|-0.033884|1.000000|1.000000|1.000000
AEG004_904_1009|13|-81.716194|0.606857|-1.345178|-0.738718|24.880716|-59.800949|1.000000|1.000000|1.000000
AEG004_904_1010|13|-105.833351|1.119414|-1.441162|-164.306259|6.698404|-45.427563|1.000000|1.000000|1.000000
AEG004_904_1011|13|-64.168907|1.224372|36.956394|-169.336899|71.173172|-0.684527|1.000000|1.000000|1.000000
AEG004_904_1012|13|-68.529366|-0.034302|71.240974|-2.059594|-135.026245|-0.941337|1.000000|1.000000|1.000000
AEG004_904_1013|13|-30.503426|0.293639|92.241470|-0.007486|47.994816|2.603559|1.000000|1.000000|1.000000
AEG004_904_1014|13|-4.286924|-0.343139|125.350082|0.148079|27.973206|2.731393|1.000000|1.000000|1.000000
AEG004_904_1019|13|-80.673195|0.783827|38.570507|63.290966|23.633245|-103.333168|1.000000|1.000000|1.000000
AEG004_904_1020|13|65.155365|10.903470|-34.403801|-0.833480|153.973877|-18.929131|1.000000|1.000000|1.000000
AEG004_904_1021|13|80.088417|11.127606|-42.338135|-8.164926|-110.398796|-71.527275|1.000000|1.000000|1.000000
AEG004_904_1022|13|81.187675|10.940258|-26.782104|-1.238410|117.558113|-36.338657|1.000000|1.000000|1.000000
AEG004_904_1023|13|86.835091|11.577288|-19.140095|10.656659|-46.345211|-142.283966|1.000000|1.000000|1.000000
AEG004_904_1024|13|62.373287|10.917552|-0.322792|-2.818850|161.975571|-17.666965|1.000000|1.000000|1.000000
AEG004_904_1025|13|68.359726|11.577288|9.158993|-169.343338|75.720200|-37.716045|1.000000|1.000000|1.000000
AEG004_904_1026|13|52.926376|10.903470|-14.499142|-0.833480|-111.208572|-18.929127|1.000000|1.000000|1.000000
AEG004_904_1027|13|51.200447|10.940258|14.082043|-1.238410|117.558113|-36.338657|1.000000|1.000000|1.000000
AEG004_904_1028|13|96.801476|11.100398|-28.611172|-3.190732|147.846924|-17.837503|1.000000|1.000000|1.000000
AEG004_904_1029|13|32.755863|10.940258|-15.470802|-1.238410|-173.159042|-36.338657|1.000000|1.000000|1.000000
AEG004_904_1030|13|50.690948|11.176434|-28.463657|-8.005937|-148.826401|-25.291035|1.000000|1.000000|1.000000
AEG004_904_1031|13|85.424011|11.438094|-33.428978|-169.131119|-75.346336|-42.790379|1.000000|1.000000|1.000000
AEG004_904_1033|13|-81.842598|-0.500000|99.735619|-22.524296|30.750584|-51.967705|1.000000|1.000000|1.000000
AEG004_904_1034|13|-106.879814|-0.462816|50.848625|0.445137|-24.290682|0.564474|1.000000|1.000000|1.000000
AEG004_904_1036|13|-67.113136|0.599387|-70.216431|-171.091782|-40.809856|23.713032|1.000000|1.000000|1.000000
AEG004_904_1037|13|-68.778740|0.736333|-40.250496|-70.257408|78.375641|-81.454308|1.000000|1.000000|1.000000
AEG004_907_1011|13|48.685287|10.978252|-18.453615|0.000082|143.000290|-0.000044|1.000000|1.000000|1.000000
AEG004_970_1003|13|57.446327|-0.777017|-5.911140|0.000000|90.000000|0.000000|1.000000|1.000000|1.000000
AEG004_976_1001|13|70.000000|11.222992|-20.000000|0.000000|90.000000|0.000000|1.000000|1.000000|1.000000
AEG004_979_1009|13|51.810829|-0.820400|-5.911140|0.000000|0.000055|0.000000|1.000000|1.000000|1.000000
AEG004_986_1000|13|66.747047|4.287393|-12.500286|-87.696938|-119.531265|9.740493|0.511292|0.511295|0.511292
AEG004_986_1001|13|67.546875|3.124538|-8.816360|-91.996162|49.488041|-41.334408|0.511292|0.511295|0.511292
AEG004_986_1002|13|63.127850|0.223286|-9.012311|-89.096596|-145.586990|9.513070|0.679482|0.679487|0.679482
AEG004_986_1008|13|57.221252|1.965855|-2.509914|90.000000|-90.000099|-5.000001|0.560236|0.560239|0.560236
AEG004_986_1014|13|57.185989|-0.793423|-2.297762|0.002727|-122.531174|-0.010523|0.607026|0.607030|0.607026
AEG004_986_1015|13|47.033737|2.462008|-2.206791|89.999947|89.999916|78.423912|0.618397|0.618401|0.618397
AEG004_986_1029|13|48.264328|-0.793423|-2.706997|0.002727|147.468796|-0.010523|0.859564|0.859570|0.859564
AEG004_986_1030|13|47.398113|-0.793423|-9.323875|0.002727|57.468700|-0.010524|0.732074|0.732078|0.732074
AEG004_986_1031|13|54.517445|-3.277850|-1.877934|-90.000008|-0.000155|8.679034|1.000000|1.000000|1.000000
AEG004_986_1036|13|52.751976|-2.444072|-9.941113|-90.000000|179.999893|8.109178|1.000000|1.000000|1.000000
AEG004_986_1041|13|47.017090|-0.793423|-5.936058|89.999931|89.999931|165.000244|0.732074|0.732078|0.732074
AEG004_987_1018|13|68.540802|6.647995|-15.369362|0.000000|180.000000|0.000000|1.000000|1.000000|1.000000
AEG004_987_1021|13|59.450733|-0.554822|-4.644194|0.000000|14.368333|0.000000|1.000000|1.000000|1.000000
AEG004_987_1026|13|66.976662|2.800670|-8.971490|0.000000|160.094482|0.000000|1.000000|1.000000|1.000000
AEG004_987_1170|13|49.686562|-0.777014|-8.318180|-0.000027|48.162918|0.000000|1.000000|1.000000|1.000000
AEG004_987_1171|13|48.231003|-0.777014|-8.009708|0.000000|118.000015|0.000000|1.000000|1.000000|1.000000
AEG004_987_1173|13|49.449638|-0.777014|-5.781641|0.015464|-61.045341|0.000328|1.000000|1.000000|1.000000
AEG004_987_1174|13|53.388039|-0.777015|-7.740036|0.000000|-55.109940|0.000000|1.000000|1.000000|1.000000
AEG004_987_1175|13|54.624222|-0.777014|-3.830816|0.000164|-144.437103|0.000710|1.000000|1.000000|1.000000
AEG004_990_1000|13|70.000000|11.222992|-20.000000|0.000000|90.000000|0.000000|1.000000|1.000000|1.000000
AEG007_310_1000|13|43.314976|32.064526|58.804241|0.000000|-124.500008|0.000000|1.000000|1.000000|1.000000
AEG030_186_1203|13|48.339439|-0.777013|-3.424469|0.000000|6.279168|0.000000|1.000000|1.000000|1.000000
AEG030_187_1207|13|56.485046|-0.777015|-8.637579|0.000000|-129.500000|0.000000|1.000000|1.000000|1.000000
AEG030_187_1208|13|49.310337|-0.777015|-8.899247|0.000000|-2.500030|0.000000|1.000000|1.000000|1.000000
AEG030_187_1209|13|53.804241|-0.777013|-2.868475|0.000000|75.500000|0.000000|1.000000|1.000000|1.000000
AEG030_187_1210|13|50.430248|-0.777013|-3.014001|0.000000|-10.499993|0.000000|1.000000|1.000000|1.000000
AEG030_189_1203|13|53.250202|-0.777015|-9.119880|0.000000|-173.500015|0.000000|1.000000|1.000000|1.000000
AEG030_582_1000|13|-116.363037|0.740082|-1.656250|0.838228|-0.007613|0.970707|1.000000|1.000000|1.000000
AEG030_582_1001|13|-110.154816|0.729553|2.362060|-0.059762|-99.995674|-0.933227|1.000000|1.000000|1.000000
AEG030_582_1002|13|-95.822495|0.519959|14.698730|-0.056301|-96.008224|-0.291473|1.000000|1.000000|1.000000
AEG030_582_1003|13|-91.596268|0.510437|21.006842|-0.101317|32.013653|0.273371|1.000000|1.000000|1.000000
AEG030_582_1004|13|-112.243340|0.396545|-24.494385|-3.453041|81.959236|-3.008180|1.000000|1.000000|1.000000
AEG030_582_1005|13|-81.873756|0.145737|-45.246338|0.138953|-57.986141|2.168612|1.000000|1.000000|1.000000
AEG030_582_1006|13|-79.714272|0.598557|-2.001469|0.585566|53.012619|0.676380|1.000000|1.000000|1.000000
AEG030_582_1007|13|-81.210213|0.579521|-28.163092|0.530760|155.011139|-0.966271|1.000000|1.000000|1.000000
AEG030_582_1008|13|-82.774132|0.534294|44.288818|1.250690|-55.983521|-0.160110|1.000000|1.000000|1.000000
AEG030_582_1009|13|-78.975014|0.654648|38.956554|-0.646237|166.982605|-1.011358|1.000000|1.000000|1.000000
AEG030_582_1010|13|-82.357597|-0.137375|-53.934074|1.280251|166.048477|-2.229092|1.000000|1.000000|1.000000
AEG030_582_1011|13|-56.381508|0.588028|14.654055|1.137063|-78.452209|0.369404|1.000000|1.000000|1.000000
AEG030_582_1012|13|-62.975170|0.687668|37.338375|1.497505|-178.477783|2.142138|1.000000|1.000000|1.000000
AEG030_582_1013|13|-56.458218|0.547943|54.590336|-0.118275|-106.985115|-0.483319|1.000000|1.000000|1.000000
AEG030_582_1014|13|-62.757481|0.326912|85.449951|-4.929803|166.947296|-0.828476|1.000000|1.000000|1.000000
AEG030_582_1015|13|-66.728806|0.616563|-10.077881|-1.766642|-119.558472|-0.089274|1.000000|1.000000|1.000000
AEG030_582_1016|13|-69.317940|0.782105|-16.293701|-0.116851|-19.550516|-2.037637|1.000000|1.000000|1.000000
AEG030_582_1017|13|-62.967731|0.596954|-18.785887|1.352869|107.441132|0.780199|1.000000|1.000000|1.000000
AEG030_582_1018|13|-60.496277|0.035782|-98.676750|-0.689326|9.190975|3.409166|1.000000|1.000000|1.000000
AEG030_582_1019|13|-54.451435|0.306068|-103.232674|-2.134410|115.134995|-2.499695|1.000000|1.000000|1.000000
AEG030_582_1020|13|-57.831932|-0.109467|-119.151360|-1.495957|31.167383|1.422346|1.000000|1.000000|1.000000
AEG030_582_1021|13|-109.476059|0.025573|-31.498056|-2.860426|37.576294|-1.015649|1.000000|1.000000|1.000000
AEG030_582_1022|13|-107.189247|-0.113304|-39.053463|0.700422|-67.382103|0.951445|1.000000|1.000000|1.000000
AEG030_582_1023|13|-124.945381|0.535408|-8.334229|0.550623|173.663971|-3.283442|1.000000|1.000000|1.000000
AEG030_582_1024|13|-98.040207|0.753158|-17.720705|0.574774|127.771492|-0.017318|1.000000|1.000000|1.000000
AEG030_582_1025|13|-101.191490|0.694656|-21.649174|1.245389|-170.219025|-0.251351|1.000000|1.000000|1.000000
AEG030_582_1026|13|-86.017426|0.679985|-13.680177|0.058466|-140.249283|0.168487|1.000000|1.000000|1.000000
AEG030_582_1027|13|-118.762085|-0.084838|-27.686522|1.715525|-140.110062|-2.798454|1.000000|1.000000|1.000000
AEG030_582_1028|13|-99.131950|0.428902|28.352779|0.395659|9.418466|0.591877|1.000000|1.000000|1.000000
AEG030_582_1029|13|-106.897255|0.333908|28.317381|-0.954908|91.436478|1.234406|1.000000|1.000000|1.000000
AEG030_582_1031|13|-105.081963|-0.101769|51.935547|0.080678|3.666899|1.455049|1.000000|1.000000|1.000000
AEG030_582_1032|13|-80.842041|0.548065|19.208742|-0.320500|-11.754247|0.252198|1.000000|1.000000|1.000000
AEG030_582_1033|13|-87.530457|0.507133|11.475584|-0.087235|171.303925|0.137423|1.000000|1.000000|1.000000
AEG030_582_1034|13|-75.802689|0.635147|25.123533|0.497347|-116.739861|0.889564|1.000000|1.000000|1.000000
AEG030_582_1036|13|-74.140465|-0.064728|-72.471680|-0.350663|-19.547251|1.795985|1.000000|1.000000|1.000000
AEG030_582_1037|13|-64.763222|0.217956|-77.361343|-2.463394|107.408546|-1.759687|1.000000|1.000000|1.000000
AEG030_582_1038|13|-67.530495|0.258865|-65.535400|2.336362|-119.562859|-0.597809|1.000000|1.000000|1.000000
AEG030_582_1039|13|-110.218040|0.528778|12.915048|-0.371590|59.202789|1.510483|1.000000|1.000000|1.000000
AEG030_582_1040|13|-41.883724|1.164757|-12.193117|-2.447428|127.245834|-3.006397|1.000000|1.000000|1.000000
AEG030_582_1041|13|-57.270084|-0.009308|91.774658|0.267716|-107.211777|-3.427500|1.000000|1.000000|1.000000
AEG030_582_1042|13|-67.023842|0.662857|-35.360355|-0.732030|82.003822|-0.904763|1.000000|1.000000|1.000000
AEG030_582_1043|13|-55.445072|0.507042|-37.268799|-1.458083|-67.323677|-0.668277|1.000000|1.000000|1.000000
AEG030_582_1044|13|-63.584946|0.568207|-43.074707|-0.834376|37.586342|-0.374322|1.000000|1.000000|1.000000
AEG030_582_1045|13|-111.336395|-0.152008|45.191647|-0.590878|170.407181|-0.666837|1.000000|1.000000|1.000000
AEG030_582_1046|13|-116.885521|-0.048691|33.435028|1.704651|-40.572208|-0.019370|1.000000|1.000000|1.000000
AEG030_582_1047|13|-111.997894|-0.055832|35.870609|-0.299845|67.426445|2.652190|1.000000|1.000000|1.000000
AEG030_582_1048|13|-125.734833|-0.079719|-19.511963|-2.785672|-42.418873|3.346164|1.000000|1.000000|1.000000
AEG030_582_1049|13|-37.597664|1.356733|-39.277596|2.100911|-23.378290|2.632246|1.000000|1.000000|1.000000
AEG030_582_1050|13|-57.561935|0.500120|-11.573073|-0.328885|-5.545195|0.608215|1.000000|1.000000|1.000000
AEG030_582_1051|13|-9.619604|-0.276146|129.160889|0.575730|-120.234428|-1.351671|1.000000|1.000000|1.000000
AEG030_582_1052|13|8.866292|0.305427|127.029869|0.780773|65.760498|4.453283|1.000000|1.000000|1.000000
AEG030_582_1053|13|23.727554|0.723624|126.684013|-3.665435|132.846832|2.071815|1.000000|1.000000|1.000000
AEG030_582_1054|13|19.775589|1.224449|120.488686|6.757216|8.586949|3.303161|1.000000|1.000000|1.000000
AEG030_582_1055|13|-27.193941|2.792475|-72.604752|-2.391664|55.238064|1.906524|1.000000|1.000000|1.000000
AEG030_582_1056|13|-31.653233|2.497385|-79.573669|-1.673653|132.119629|-3.019257|1.000000|1.000000|1.000000
AEG030_905_1000|13|48.692722|-0.777013|-6.176028|0.000000|-23.999996|0.000000|1.000000|1.000000|1.000000
AEG030_905_1001|13|54.130978|-0.777014|-3.748106|0.000000|-129.999985|0.000000|1.000000|1.000000|1.000000
AEG030_905_1002|13|55.814072|-0.777015|-7.908213|0.000000|23.000000|0.000000|1.000000|1.000000|1.000000
AEG097_025_1000|13|70.000000|11.222992|-20.000002|0.000000|0.000000|0.000000|1.000000|1.000000|1.000000
AEG099_015_9000|13|102.023003|11.965000|-47.723999|0.000000|-9.369000|0.000000|1.000000|1.000000|1.000000
AEG099_053_9000|13|63.966000|11.348000|-25.415001|0.000000|-180.000000|0.000000|1.000000|1.000000|1.000000
AEG099_090_9000|13|45.549000|32.516998|60.220001|0.000000|-124.848000|0.000000|1.000000|1.000000|1.000000
AEG099_090_9001|13|49.139999|-0.762000|-7.300000|0.000000|83.790001|0.000000|1.000000|1.000000|1.000000
AEG099_136_7001|13|45.298794|32.499565|59.811806|-0.010546|29.967213|0.098901|1.300000|1.300000|1.300000
AEG099_136_7002|13|44.558598|32.499371|61.537086|-0.079995|87.999817|0.068712|1.300000|1.300000|1.300000
AEG099_136_7003|13|45.792637|32.499100|62.010345|0.054314|27.974129|0.090540|1.055024|1.055023|1.055024
AEG099_136_7004|13|46.642925|32.499329|60.025745|0.035572|-115.003067|-0.081728|1.038713|1.038712|1.038712
AEG099_136_7005|13|47.160885|32.499481|58.735413|0.043167|-99.966667|-0.070720|1.071856|1.071856|1.071856
AEG099_136_7006|13|41.895653|32.499554|62.462795|0.131823|16.898020|0.031774|0.937275|0.937275|0.937275
AEG099_136_7007|13|45.238697|32.499428|60.651264|0.086033|-20.086771|0.049505|0.847120|0.847120|0.847120
AEG099_136_7008|13|48.219040|32.500439|61.657719|-0.113571|74.834122|0.471720|0.804890|0.804891|0.804891
AEG099_136_7009|13|44.111469|32.499577|60.612652|-0.028523|-176.986328|-0.107912|1.300000|1.300000|1.300000
AEG099_136_7010|13|42.762913|32.499580|61.176689|0.151219|-88.174667|0.001940|1.300000|1.300000|1.300000
AEG099_136_7011|13|46.342842|32.499630|57.551636|0.047019|-152.036163|-0.091302|1.055024|1.055024|1.055024
AEG099_136_7012|13|46.787903|32.499649|56.037418|0.082263|-115.085930|-0.034474|1.038712|1.038712|1.038713
AEG099_136_7013|13|45.605434|32.499638|58.546585|0.003770|-10.127668|0.131085|1.113936|1.113935|1.113936
AEG099_136_7014|13|44.923439|32.499645|57.463154|0.098246|-61.501202|0.081525|1.381613|1.381613|1.381613
AEG099_136_7015|13|44.760262|32.499615|58.850914|0.042976|-22.761040|0.116195|0.847120|0.847120|0.847120
AEG099_136_7016|13|47.538914|32.499260|61.606979|-0.489675|175.802490|-0.201220|0.804890|0.804890|0.804890
AEG099_163_9000|13|47.616001|-0.795000|-7.608000|0.500000|-94.440002|-0.400000|1.000000|1.000000|1.000000
AEG099_413_9000|13|47.549999|-0.726000|-7.540000|0.000000|0.000000|0.000000|1.000000|1.000000|1.000000
AEG099_504_9000|13|96.737709|10.903996|-60.964027|0.000000|-89.847198|0.000000|1.000000|1.000000|1.000000
AEG099_600_9000|13|52.546001|-0.762000|-2.879000|0.000000|5.764000|0.000000|1.000000|1.000000|1.000000
AEG099_610_9000|13|-84.440002|0.515000|14.443000|0.000000|33.971001|0.000000|1.000000|1.000000|1.000000
AEG099_610_9001|13|-123.265999|0.602000|-3.000000|0.000000|-136.029007|0.000000|1.000000|1.000000|1.000000
AEG099_610_9002|13|54.513000|11.216000|-9.098000|0.000000|-109.711998|0.000000|1.000000|1.000000|1.000000
AEG099_650_9000|13|84.787003|11.130000|-27.191999|0.000000|92.064003|0.000000|1.000000|1.000000|1.000000
AEG099_650_9001|13|50.062000|11.130000|-19.667000|0.000000|-25.992001|0.000000|1.000000|1.000000|1.000000
AEG099_650_9002|13|81.718002|11.167000|-24.059999|0.000000|-13.252000|0.000000|1.000000|1.000000|1.000000
AEG099_650_9003|13|83.078003|11.138000|-22.632999|0.000000|114.054001|0.000000|1.000000|1.000000|1.000000
AEG099_650_9004|13|71.878998|11.174000|-0.927000|0.000000|169.738007|0.000000|1.000000|1.000000|1.000000
AEG099_651_9000|13|-0.314000|8.260000|-4.673000|0.000000|-153.382004|0.000000|1.000000|1.000000|1.000000
AEG099_680_9000|13|99.365997|18.743000|110.955002|-1.370000|125.441002|-1.667000|1.000000|1.000000|1.000000
AEG099_680_9001|13|111.155998|20.825001|-7.274000|2.696000|-168.149002|6.582000|1.000000|1.000000|1.000000
AEG099_680_9002|13|113.091003|31.476999|70.575996|5.555000|134.095993|7.947000|1.000000|1.000000|1.000000
AEG099_680_9003|13|68.077003|32.377998|76.900002|-5.864000|-87.723999|3.095000|1.000000|1.000000|1.000000
AEG099_680_9004|13|90.143997|32.192001|41.195999|1.037000|27.917999|-3.206000|1.000000|1.000000|1.000000
AEG099_680_9005|13|72.017998|32.402000|64.374001|0.638000|-90.342003|3.629000|1.000000|1.000000|1.000000
AEG099_680_9006|13|23.813999|18.775000|25.822001|8.759000|-121.035004|7.654000|1.000000|1.000000|1.000000
AEG099_680_9008|13|91.085999|11.264000|-43.727001|-1.395000|158.897995|-1.739000|1.000000|1.000000|1.000000
AEG099_680_9009|13|28.079000|4.034000|-95.556999|2.671000|-106.953003|1.383000|1.000000|1.000000|1.000000
AEG099_680_9010|13|36.270000|6.730000|-61.082001|6.455000|-129.757996|4.039000|1.000000|1.000000|1.000000
AEG099_680_9011|13|72.917999|9.669000|-73.849998|6.701000|-173.934006|-0.856000|1.000000|1.000000|1.000000
AEG099_690_9000|13|60.124001|11.386000|16.961000|0.000000|92.581001|0.000000|1.000000|1.000000|1.000000
AEG099_690_9001|13|58.367001|11.332000|17.724001|0.000000|2.581000|0.000000|1.000000|1.000000|1.000000
AEG099_690_9003|13|99.848999|32.884998|90.758003|0.000000|-86.650002|0.000000|1.000000|1.000000|1.000000
AEG099_720_9000|13|117.311996|19.792000|108.352997|1.363000|9.171000|0.000000|1.000000|1.000000|1.000000
AEG099_720_9001|13|109.377998|31.921000|55.435001|0.000000|-135.042999|0.000000|1.000000|1.000000|1.000000
AEG099_720_9002|13|111.543999|31.577999|49.459999|0.000000|21.466000|0.000000|1.000000|1.000000|1.000000
AEG099_720_9003|13|34.866001|4.305000|-100.683998|0.000000|85.450996|0.000000|1.000000|1.000000|1.000000
AEG099_720_9011|13|59.282001|32.766998|102.169998|0.000000|-156.647995|0.000000|1.000000|1.000000|1.000000
AEG099_720_9012|13|62.346001|32.833000|100.885002|0.000000|88.797997|0.000000|1.000000|1.000000|1.000000
AEG099_720_9013|13|-18.844999|22.416000|61.106998|0.821000|62.047001|-8.980000|1.000000|1.000000|1.000000
AEG099_720_9014|13|-13.386000|22.368999|61.709000|7.051000|129.727005|-6.134000|1.000000|1.000000|1.000000
AEG099_720_9019|13|8.818000|13.297000|13.730000|-4.241000|-39.805000|10.514000|1.000000|1.000000|1.000000
AEG099_720_9020|13|18.655001|7.282000|-33.159000|0.000000|138.970001|0.000000|1.000000|1.000000|1.000000
AEG099_720_9021|13|6.067000|12.110000|7.880000|9.403000|-153.949997|-3.895000|1.000000|1.000000|1.000000
AEG099_720_9022|13|74.314003|7.164000|-109.593002|0.000000|-22.059999|0.000000|1.000000|1.000000|1.000000
AEG099_720_9023|13|114.914001|19.496000|110.156998|4.139000|-73.115997|-4.738000|1.000000|1.000000|1.000000
AEG099_720_9024|13|41.264999|11.284000|12.828000|-0.167000|-82.885002|-1.169000|1.000000|1.000000|1.000000
AEG099_720_9025|13|26.288000|11.434000|-23.299999|0.000000|136.037994|0.000000|1.000000|1.000000|1.000000
AEG099_720_9032|13|111.235001|11.816000|-46.212002|2.610000|74.500000|-5.839000|1.000000|1.000000|1.000000
AEG099_720_9033|13|92.235001|11.013000|-54.630001|-0.795000|-129.740005|-0.456000|1.000000|1.000000|1.000000
AEG099_720_9035|13|79.276001|9.953000|-55.520000|0.000000|-136.029999|0.000000|1.000000|1.000000|1.000000
AEG099_720_9036|13|80.633003|9.696000|-58.088001|0.000000|38.970001|0.000000|1.000000|1.000000|1.000000
AEG099_720_9038|13|111.415001|12.763000|-40.023998|-9.439000|-3.656000|-3.003000|1.000000|1.000000|1.000000
AEG099_720_9039|13|36.212002|4.439000|-98.755997|-3.479000|-22.318001|5.702000|1.000000|1.000000|1.000000
AEG099_720_9048|13|74.956001|32.358002|50.437000|0.000000|39.686001|0.000000|1.000000|1.000000|1.000000
AEG099_720_9052|13|10.782000|28.452999|68.306000|17.165001|-121.489998|-8.396000|1.000000|1.000000|1.000000
AEG099_720_9055|13|3.507000|5.403000|-34.212002|-3.952000|-13.506000|3.769000|1.000000|1.000000|1.000000
AEG099_720_9056|13|78.980003|7.894000|-104.688004|3.634000|-145.498001|-4.756000|1.000000|1.000000|1.000000
AEG099_760_9000|13|67.394997|11.214000|-29.027000|0.000000|70.000999|0.000000|1.000000|1.000000|1.000000
AEG099_760_9001|13|82.195999|18.031000|116.463997|10.567000|-18.105000|-2.041000|1.000000|1.000000|1.000000
AEG099_760_9002|13|62.848999|32.466000|52.763000|2.176000|124.448997|-0.000000|1.000000|1.000000|1.000000
AEG099_760_9003|13|-1.634000|6.257000|-13.972000|5.461000|-147.653000|-2.610000|1.000000|1.000000|1.000000
AEG099_760_9004|13|85.983002|17.466000|124.133003|1.451000|61.352001|4.407000|1.000000|1.000000|1.000000
AEG201_031_1021|13|-115.898697|0.427480|-12.699950|-63.433456|154.400360|-22.976158|1.000000|1.000000|1.000000
AEG201_031_1022|13|-68.046150|0.982098|-13.987626|66.501007|-41.893375|-153.886887|1.000000|1.000000|1.000000
AEG201_031_1023|13|-48.171894|0.194810|-109.145401|59.769608|-49.589146|33.312447|1.000000|1.000000|1.000000
AEG201_031_1024|13|-97.012276|0.478715|-21.821529|-60.212189|-86.124825|-25.674871|1.000000|1.000000|1.000000
AEG201_031_1025|13|-64.141312|0.055029|-75.022713|-42.284863|172.952667|-66.605026|1.000000|1.000000|1.000000
AEG700_011_1000|13|89.534485|11.223000|-16.238785|0.000000|179.812119|0.000000|1.000000|1.000000|1.000000
AEG700_012_1002|13|51.667362|11.223000|-13.007454|0.000000|-179.757950|-0.000000|1.000000|1.000000|1.000000
AEG700_012_1003|13|84.411072|11.223000|-25.503067|0.000000|-179.988098|0.000000|1.000000|1.000000|1.000000
AEG700_013_1002|13|73.386658|11.223000|-32.821579|0.000002|90.244431|0.000001|1.000000|1.000000|1.000000
AEG700_013_1003|13|89.636658|11.223000|-32.841843|0.000000|179.355286|0.000000|1.000000|1.000000|1.000000
AEG700_013_1004|13|73.354919|9.981380|-41.161240|0.000001|-89.666748|-0.000001|1.000000|1.000000|1.000000
AEG700_013_1005|13|73.555115|11.223000|-25.430710|0.000000|-89.880157|0.000000|1.000000|1.000000|1.000000
AEG700_013_1006|13|61.724552|11.223000|-1.709480|-0.000000|90.370895|-0.000001|1.000000|1.000001|1.000000
AEG700_013_1007|13|61.725773|11.223000|-13.072739|-0.000000|-179.881088|-0.000000|1.000000|1.000000|1.000000
AEG700_013_1008|13|40.483761|11.223000|16.243011|-0.000001|1.366120|-0.000000|1.000000|1.000000|1.000000
AEG700_014_1002|13|65.334534|11.313339|-15.781250|-0.000000|0.092235|-0.000000|1.000000|1.000000|1.000000
AEG700_014_1003|13|54.474693|10.130554|16.377594|5.210014|89.669952|-4.461000|1.000000|1.000000|1.000000
AEG700_014_1004|13|65.264465|11.223000|-32.727158|0.000000|-90.078438|0.000000|1.000000|1.000000|1.000000
AEG700_014_1005|13|47.951115|11.223000|-1.587570|-0.000000|0.192611|-0.000000|1.000000|1.000000|1.000000
AEG700_015_1001|13|46.527164|10.661161|6.343109|-0.000000|0.413172|-5.109048|1.000000|1.000000|1.000000
AEG700_030_1000|13|86.199829|11.223000|-41.365402|0.000000|179.926697|-0.000000|1.000000|1.000000|1.000000
AEG700_101_1005|13|-59.687214|-0.225590|-106.315247|14.471919|-60.487835|2.143586|1.000000|1.000000|1.000000
AEG700_101_1007|13|-67.986984|0.053483|-64.232910|1.451224|-159.194061|10.327656|1.000000|1.000000|1.000000
AEG700_101_1008|13|-35.554512|1.458407|-38.484100|-3.298601|-158.651520|-39.155319|1.000000|1.000000|1.000000
AEG700_101_1010|13|-54.605820|0.400211|17.779198|-3.498187|-110.864243|12.847341|1.000000|1.000000|1.000000
AEG700_101_1011|13|-78.529610|0.529557|41.636227|-12.089071|17.432039|1.188999|1.000000|1.000000|1.000000
AEG700_101_1012|13|-53.563339|0.379272|54.715752|8.866467|-86.378914|-4.665512|1.000000|1.000000|1.000000
AEG700_101_1013|13|-56.410263|-0.306067|93.718376|-0.876359|-29.378908|-4.665510|1.000000|1.000000|1.000000
AEG700_101_1019|13|-111.810677|0.186997|-26.124920|12.919592|-153.076065|-5.750297|1.000000|1.000000|1.000000
AEG700_101_1020|13|-105.379768|0.554014|-0.350828|-3.329715|21.818850|-20.527943|1.000000|1.000000|1.000000
AEG700_101_1021|13|-87.436134|0.459001|-13.343505|-8.980943|3.435039|18.620378|1.000000|1.000000|1.000000
AEG700_101_1022|13|-101.632828|-0.003656|38.381359|7.864444|-52.193550|20.837267|1.000000|1.000000|1.000000
AEG700_101_1023|13|-89.765816|0.437708|19.648327|5.345114|-45.284023|-5.103743|1.000000|1.000000|1.000000
AEG700_101_1024|13|-41.821232|1.043981|-10.034945|6.201019|-101.848816|-1.119468|1.000000|1.000000|1.000000
AEG700_101_1025|13|-67.416557|0.586075|-37.305172|-4.096705|-2.925971|-34.300556|1.000000|1.000000|1.000000
AEG700_101_1026|13|-112.223099|-0.405938|45.247547|-8.015763|62.120770|0.762605|1.000000|1.000000|1.000000
AEG801_006_7002|13|72.536125|32.561611|48.618412|0.315309|70.886566|0.700067|1.100000|1.100000|1.100000
AEG801_006_7031|13|90.053848|32.200779|36.912598|-1.702792|13.223885|-3.739417|1.100000|1.100000|1.100000
AEG801_006_7063|13|68.865372|32.534191|50.631107|-0.160912|-116.481430|-0.544479|1.100000|1.100000|1.100000
AEG801_006_7071|13|97.041977|32.827095|93.711906|-0.249072|-31.521259|0.351809|1.100000|1.100000|1.100000
AEG801_006_7075|13|81.053047|17.696770|117.897469|0.618242|52.523640|4.529699|1.100000|1.100000|1.100000
AEG801_006_7103|13|53.135452|32.499634|53.440914|-0.002019|153.617554|0.000956|1.100000|1.100000|1.100000
AEG801_006_7116|13|79.464958|32.644379|39.916260|0.879783|85.138016|-0.203630|1.100000|1.100000|1.100000
AEG801_006_7117|13|85.152351|32.428665|38.353271|0.868964|69.006401|-2.271879|1.100000|1.100000|1.100000
AEG801_006_7171|13|88.710060|32.089954|33.216072|2.959138|88.783974|-2.918167|1.100000|1.100000|1.100000
AEG801_006_7264|13|106.061798|18.209532|124.539047|3.561015|-60.704510|-2.075526|1.100000|1.100000|1.100000
AEG801_006_7332|13|34.722858|4.159081|-104.271477|3.043587|-71.593437|4.148001|0.900000|0.900000|0.900000
AEG801_006_7335|13|111.575478|19.797691|107.479973|-3.129705|-134.148117|-6.479802|1.100000|1.100000|1.100000
AEG801_006_7337|13|31.621298|4.202133|-99.321297|-4.830976|75.359596|-2.098449|1.100000|1.100000|1.100000
AEG801_006_7338|13|34.316071|4.608773|-95.805420|-3.905254|10.636117|3.620846|1.100000|1.100000|1.100000
AEG801_006_7341|13|98.902122|10.549552|-65.782478|-0.655539|77.795570|-2.332936|1.100000|1.100000|1.100000
AEG801_006_7342|13|87.589256|10.485124|-63.975101|3.197075|154.103806|-1.942458|1.100000|1.100000|1.100000
AEG801_006_7343|13|108.772484|12.058867|-46.092529|-5.872859|26.931501|-4.937309|0.900000|0.900000|0.900000
AEG801_006_7347|13|17.311501|10.281157|-29.215572|4.358317|-172.815353|-10.004594|1.100000|1.100000|1.100000
AEG801_006_7351|13|11.604842|12.672959|5.719971|-5.951572|75.285553|-3.678637|1.100000|1.100000|1.100000
AEG801_006_7352|13|-4.903076|5.757630|-12.800781|6.683504|173.191788|-13.029963|1.100000|1.100000|1.100000
AEG801_006_7353|13|-0.906281|6.770889|-11.472167|-7.258229|108.834686|-12.359918|1.100000|1.100000|1.100000
AEG801_006_7358|13|28.753054|11.400665|-21.145264|2.150854|76.975174|0.294845|1.100000|1.100000|1.100000
AEG801_006_7359|13|29.378695|11.288086|-16.760986|1.117446|126.424835|1.783991|1.100000|1.100000|1.100000
AEG801_006_7370|13|9.107386|12.884354|9.522952|-1.103949|126.616890|-10.599291|1.100000|1.100000|1.100000
AEG801_006_7371|13|-18.489817|18.857796|48.460274|-12.789338|73.509155|-14.862924|1.100000|1.100000|1.100000
AEG801_006_7372|13|-18.467587|22.933943|63.615097|9.121469|114.362312|-13.727007|1.100000|1.100000|1.100000
AEG801_006_7373|13|-14.907322|22.141741|59.860149|8.689995|-153.660385|5.923823|1.100000|1.100000|1.100000
AEG801_006_7381|13|56.437382|32.992142|102.331047|0.156821|-109.315567|2.331089|1.100000|1.100000|1.100000
AEG801_006_7383|13|-21.457155|22.451044|60.905540|-17.219954|-37.014149|5.439235|1.100000|1.100000|1.100000
AEG801_006_7385|13|96.495155|11.255916|-18.601566|0.629170|-78.658844|0.456842|1.100000|1.100000|1.100000
AEG801_006_7386|13|62.857681|11.370422|20.192381|0.860249|-68.477470|1.041358|1.100000|1.100000|1.100000
AEG801_006_7389|13|40.683971|12.351257|21.376478|10.246267|160.112076|4.918747|1.100000|1.100000|1.100000
AEG801_006_7391|13|54.773422|11.241668|17.145020|0.180044|136.568207|-0.458538|1.100000|1.100000|1.100000
AEG801_006_7394|13|69.882668|11.282683|14.700685|-1.219914|4.010068|-0.357383|1.100000|1.100000|1.100000
AEG801_006_7396|13|27.203474|12.589516|8.394775|-12.402375|-44.423054|0.800417|1.100000|1.100000|1.100000
AEG801_006_7404|13|75.710442|11.280547|-53.381104|-0.166984|-145.668289|2.411357|1.100000|1.100000|1.100000
AEG801_006_7405|13|99.258949|11.529812|-32.604004|2.275901|-53.485062|-1.279649|1.100000|1.100000|1.100000
AEG801_006_7409|13|72.023926|11.382033|-52.251465|0.275175|-6.821591|-2.027774|1.100000|1.100000|1.100000
AEG801_006_7410|13|94.681297|10.818627|-60.363544|-3.440144|27.089279|-1.060331|1.100000|1.100000|1.100000
AEG801_006_7411|13|111.792526|12.408414|-42.951180|-6.707313|26.907158|-5.711895|1.100000|1.100000|1.100000
AEG801_006_7418|13|117.173050|31.332142|54.412842|-2.901547|-126.732277|3.765074|1.100000|1.100000|1.100000
AEG801_006_7419|13|100.047455|32.497086|62.707527|0.706214|44.139832|-0.514073|1.100000|1.100000|1.100000
AEG801_006_7420|13|94.747902|30.925550|27.974604|-11.296935|-8.049477|-4.143774|1.100000|1.100000|1.100000
AEG801_006_7421|13|93.660912|30.430592|24.861820|-1.405291|-112.537384|13.251441|0.900000|0.900000|0.900000
AEG801_006_7422|13|86.591011|32.499634|52.446781|-0.003693|-39.857227|0.002978|1.100000|1.100000|1.100000
AEG801_006_7423|13|66.563606|32.667984|34.185307|-0.372288|-38.854614|0.584691|1.100000|1.100000|1.100000
AEG801_006_7424|13|83.617981|32.505791|47.941658|-2.223669|-173.843292|0.117889|1.100000|1.100000|1.100000
AEG801_006_7425|13|59.545345|32.573391|82.674545|0.344378|-142.861969|1.155285|1.100000|1.100000|1.100000
AEG801_006_7428|13|41.358444|32.493725|70.349113|-0.130316|91.355087|0.517920|1.100000|1.100000|1.100000
AEG801_006_7429|13|73.001373|32.518547|52.465828|0.429236|70.139259|0.700094|1.100000|1.100000|1.100000
AEG801_006_7431|13|86.001839|32.606136|85.646729|1.046084|-116.819115|0.985432|1.100000|1.100000|1.100000
AEG801_006_7432|13|91.026886|32.530304|79.597420|1.652824|-84.908852|0.178678|1.100000|1.100000|1.100000
AEG801_006_7434|13|72.101433|32.499634|69.602768|-0.000643|79.148720|-0.000262|1.100000|1.100000|1.100000
AEG801_006_7435|13|90.622810|32.499634|74.638123|-0.000005|127.874191|-0.000037|1.100000|1.100000|1.100000
AEG801_006_7443|13|58.630424|33.190685|105.054710|5.091578|129.070602|-4.737503|1.100000|1.100000|1.100000
AEG801_006_7444|13|77.391220|32.669750|89.737778|-1.869676|24.116331|-0.519532|1.100000|1.100000|1.100000
AEG801_006_7446|13|86.845161|32.499634|77.091789|0.000000|-89.923187|-0.000011|1.100000|1.100000|1.100000
AEG801_006_7447|13|71.339165|32.500000|81.865982|0.000000|55.127674|0.000000|1.100000|1.100000|1.100000
AEG801_006_7448|13|61.877209|32.999809|102.869522|-9.613580|73.905220|-2.956295|1.100000|1.100000|1.100000
AEG801_006_7454|13|45.086159|11.850143|22.471462|-1.222294|-89.246414|10.915462|1.100000|1.100000|1.100000
AEG801_006_7455|13|34.980858|32.442917|61.280769|1.905541|-91.935127|0.266460|1.100000|1.100000|1.100000
AEG801_006_7456|13|93.902420|11.277322|-13.730473|1.253968|-72.218842|1.170257|1.100000|1.100000|1.100000
AEG801_006_7457|13|47.130054|32.560501|47.125492|-1.336346|-109.364044|-1.370899|1.100000|1.100000|1.100000
AEG801_006_7458|13|65.809189|32.499634|58.026852|-0.000004|113.153984|-0.000002|1.100000|1.100000|1.100000
AEG801_006_7459|13|66.176483|32.499634|61.437256|-0.000000|128.859848|-0.000007|1.100000|1.100000|1.100000
AEG801_006_7460|13|94.874359|32.499634|63.906288|-0.000005|127.874191|-0.000037|1.100000|1.100000|1.100000
AEG801_006_7461|13|59.652420|32.499634|61.313725|-0.000040|-173.857605|-0.000019|1.100000|1.100000|1.100000
AEG801_006_7462|13|58.241566|32.529755|79.060310|0.226598|65.952003|-1.028454|1.100000|1.100000|1.100000
AEG801_006_7463|13|123.515366|18.702255|124.181633|12.626920|-59.601803|-3.611068|1.100000|1.100000|1.100000
AEG801_006_7464|13|115.778366|20.225861|105.302261|-4.544932|-134.138077|-6.254117|1.100000|1.100000|1.100000
AEG801_006_7465|13|85.656517|17.593117|122.068863|0.003962|-60.461800|-0.002351|1.100000|1.100000|1.100000
AEG801_006_7466|13|37.443291|32.499405|64.747009|0.048494|-91.930534|-0.001639|1.100000|1.100000|1.100000
AEG801_006_7468|13|99.167770|10.157532|-78.371811|0.496555|-39.434906|2.234319|1.100000|1.100000|1.100000
AEG801_006_7469|13|81.402702|8.201214|-102.348625|5.233974|-126.587311|-2.172793|1.100000|1.100000|1.100000
AEG801_006_7470|13|61.125519|32.501335|52.994865|0.000137|13.278360|0.000164|1.100000|1.100000|1.100000
AEG801_006_7471|13|60.279346|32.530979|48.385746|-0.000217|88.701187|0.000601|1.100000|1.100000|1.100000
AEG801_006_7472|13|111.867332|31.789942|55.644527|-0.000200|13.270029|-0.004779|1.100000|1.100000|1.100000
AEG801_006_7473|13|109.007957|31.909180|50.990963|4.386593|88.877541|-1.572721|1.100000|1.100000|1.100000
AEG801_006_7474|13|118.701385|31.281754|61.827629|-3.053257|-40.627430|-5.890824|1.100000|1.100000|1.100000
AEG801_006_7475|13|95.630005|27.812660|14.159666|-14.528460|-7.759111|-2.879691|1.100000|1.100000|1.100000
AEG801_006_7476|13|109.936714|13.287065|-37.836674|2.451902|100.471260|-8.984388|0.900000|0.900000|0.900000
AEG801_006_7477|13|99.050201|10.435982|-68.736328|0.048959|100.323822|-2.258198|0.900000|0.900000|0.900000
AEG801_006_7478|13|83.211342|17.232927|125.790039|0.268290|-116.801521|-4.699363|1.100000|1.100000|1.100000
AEG801_006_7479|13|81.700943|8.287817|-99.927734|-4.839163|100.316940|-2.422405|0.900000|0.900000|0.900000
AEG801_006_7480|13|75.525490|7.338431|-112.340813|4.801514|-145.356628|-4.149437|1.100000|1.100000|1.100000
AEG801_006_7481|13|71.588737|6.982513|-110.609360|-1.275731|-6.719848|5.786537|1.100000|1.100000|1.100000
AEG801_006_7482|13|74.079453|7.383294|-106.071045|-5.148674|100.289566|-2.735343|0.900000|0.900000|0.900000
AEG801_011_7017|13|87.516724|32.192474|34.169434|0.000055|-130.829727|0.003388|1.000000|1.000000|1.000000
AEG801_011_7020|13|34.722858|4.159081|-104.271477|-0.005122|49.190342|0.000519|1.000000|1.000000|1.000000
AEG801_011_7024|13|31.392052|4.126595|-100.403816|0.004235|-160.609085|-0.002783|1.000000|1.000000|1.000000
AEG801_011_7027|13|87.730278|10.424347|-64.926033|-0.002820|48.524586|-0.002383|1.000000|1.000000|1.000000
AEG801_011_7028|13|105.946571|18.199860|124.625732|-0.003869|172.696869|-0.001616|1.000000|1.000000|1.000000
AEG801_011_7034|13|-5.885529|5.512069|-13.031006|-0.006464|-7.777910|0.013141|1.000000|1.000000|1.000000
AEG801_011_7035|13|-0.906281|6.770889|-11.472167|-0.015124|33.822849|0.005109|1.000000|1.000000|1.000000
AEG801_011_7048|13|56.788330|11.253404|17.144047|0.000191|143.456589|-0.000639|1.000000|1.000000|1.000000
AEG801_011_7051|13|-17.883596|19.001118|48.669121|-0.020629|12.173721|0.005246|1.000000|1.000000|1.000000
AEG801_011_7052|13|-20.643560|22.706747|62.275970|-0.015125|21.332731|-0.014224|1.000000|1.000000|1.000000
AEG801_011_7053|13|28.155659|22.748255|33.879372|0.000027|174.780731|-0.000012|1.000000|1.000000|1.000000
AEG801_011_7061|13|60.827190|33.171040|104.866249|-0.000430|116.565140|-0.006143|1.000000|1.000000|1.000000
AEG801_011_7064|13|67.534912|11.280205|14.427244|0.000738|120.526062|-0.001239|1.000000|1.000000|1.000000
AEG801_011_7066|13|40.683971|12.351257|21.376478|-0.010308|-92.377274|0.008743|1.000000|1.000000|1.000000
AEG801_011_7070|13|27.203474|12.589516|8.394775|0.006858|-155.594299|0.011966|1.000000|1.000000|1.000000
AEG801_011_7077|13|74.657738|11.322487|-52.933350|-0.001035|-110.992332|0.000820|1.000000|1.000000|1.000000
AEG801_011_7078|13|99.926811|11.549400|-32.775875|-0.533808|-125.954628|-2.555704|1.000000|1.000000|1.000000
AEG801_011_7081|13|46.959923|11.211655|-28.799496|0.000082|100.879997|0.000219|1.000000|1.000000|1.000000
AEG801_011_7082|13|71.458946|11.385827|-52.012211|-1.933654|-158.014359|-0.227702|1.000000|1.000000|1.000000
AEG801_011_7083|13|109.734642|12.182685|-45.000725|-0.004217|47.515663|-0.007036|1.000000|1.000000|1.000000
AEG801_011_7092|13|99.793083|32.494968|63.903076|0.000109|47.010338|-0.000102|1.000000|1.000000|1.000000
AEG801_011_7094|13|94.084373|30.192398|23.946047|-0.011257|-59.163200|0.007459|1.000000|1.000000|1.000000
AEG801_011_7096|13|66.022682|32.670212|35.079098|0.000628|-108.992508|0.000137|1.000000|1.000000|1.000000
AEG801_011_7098|13|51.092869|32.500645|73.351570|-0.000000|-6.985944|-0.000000|1.000000|1.000000|1.000000
AEG801_011_7101|13|41.179680|32.490749|70.636223|-0.000444|-159.013275|-0.000297|1.000000|1.000000|1.000000
AEG801_011_7102|13|74.464417|32.516663|52.417477|0.000137|-47.989613|-0.000388|1.000000|1.000000|1.000000
AEG801_011_7103|13|77.352928|32.802353|94.534172|0.001175|49.758564|0.000492|1.000000|1.000000|1.000000
AEG801_011_7104|13|85.050858|32.611977|86.225090|-0.001399|36.927612|-0.000451|1.000000|1.000000|1.000000
AEG801_011_7105|13|91.160622|32.562225|80.982178|-0.001679|81.859894|-0.001247|1.000000|1.000000|1.000000
AEG801_011_7107|13|75.277550|32.499634|68.730957|-0.000005|-0.690879|0.000005|1.000000|1.000000|1.000000
AEG801_011_7111|13|104.715897|18.449263|119.947502|-0.004043|147.715591|0.000301|1.000000|1.000000|1.000000
AEG801_011_7115|13|77.391228|32.669754|89.737785|-0.002168|4.927735|-0.000099|1.000000|1.000000|1.000000
AEG801_011_7116|13|70.985489|32.500000|80.948097|0.000000|36.937389|0.000000|1.000000|1.000000|1.000000
AEG801_011_7119|13|56.993515|32.960587|101.619637|-0.000902|-81.228935|0.001749|1.000000|1.000000|1.000000
AEG801_011_7120|13|45.763687|32.607956|46.165771|-0.000865|-81.262512|-0.002905|1.000000|1.000000|1.000000
AEG801_011_7121|13|64.736465|32.499634|58.613281|-0.000000|116.565140|-0.000006|1.000000|1.000000|1.000000
AEG801_011_7123|13|12.768981|29.156693|67.125000|0.018797|176.976135|-0.024267|1.000000|1.000000|1.000000
AEG801_011_7124|13|57.708748|32.535751|79.189461|-0.000872|-6.001338|-0.000195|1.000000|1.000000|1.000000
AEG801_011_7131|13|80.801880|17.573244|119.548332|-0.004430|161.959198|-0.000963|1.000000|1.000000|1.000000
AEG801_011_7158|13|91.560455|11.221924|-18.271479|0.000000|-125.954018|-0.000000|1.000000|1.000000|1.000000
AEG801_011_7159|13|117.689873|20.441849|103.700920|-0.006429|148.253754|0.004125|1.000000|1.000000|1.000000
AEG801_011_7160|13|123.212517|18.815615|123.040512|-0.009594|131.386337|-0.000133|1.000000|1.000000|1.000000
AEG801_011_7161|13|85.097649|17.520601|122.787102|-0.004357|131.479874|0.001475|1.000000|1.000000|1.000000
AEG801_011_7162|13|84.839249|32.499634|50.581295|-0.000000|-152.139862|-0.000000|1.000000|1.000000|1.000000
AEG801_011_7163|13|98.796745|10.765930|-79.058266|0.036282|-59.748940|-0.000179|1.000000|1.000000|1.000000
AEG801_011_7164|13|81.402702|8.201214|-102.348625|0.003716|-60.765556|0.005273|1.000000|1.000000|1.000000
AEG801_011_7165|13|58.737514|32.512058|49.708244|-0.000233|-130.831146|-0.000571|1.000000|1.000000|1.000000
AEG801_011_7166|13|109.292786|31.922302|52.471924|-0.002525|-130.742828|0.004016|1.000000|1.000000|1.000000
AEG801_011_7167|13|117.379692|31.304602|53.927982|-0.000911|-152.102509|0.004699|1.000000|1.000000|1.000000
AEG801_011_7168|13|118.268227|31.338146|60.465332|-0.004404|-60.700829|-0.002726|1.000000|1.000000|1.000000
AEG801_011_7169|13|101.071083|32.934654|94.490669|-0.002620|81.777611|-0.003595|1.000000|1.000000|1.000000
AEG801_011_7170|13|73.016891|7.065079|-112.582291|0.006120|-110.917603|-0.000631|1.000000|1.000000|1.000000
AEG801_015_7063|13|89.839676|32.234367|37.436039|-0.003401|-68.716675|0.001378|1.000002|1.000002|1.000002
AEG801_015_7079|13|96.749474|11.254707|-19.230223|0.000579|-89.633438|0.000367|1.000002|1.000002|1.000002
AEG801_015_7080|13|106.508369|18.402906|121.682373|-0.001612|-143.809357|-0.003683|1.000002|1.000002|1.000002
AEG801_015_7081|13|120.611237|20.826447|100.268814|0.007321|-170.703873|0.000464|1.000002|1.000002|1.000003
AEG801_015_7082|13|82.576523|32.552441|46.894779|-0.002227|-170.717178|-0.000001|1.000002|1.000002|1.000002
AEG801_015_7083|13|90.196175|32.505882|79.031250|0.000302|-82.712929|-0.001622|1.000002|1.000002|1.000002
AEG801_015_7084|13|61.564434|11.534054|21.441067|-0.008791|-80.545113|0.005481|1.000003|1.000002|1.000002
AEG801_015_7085|13|60.785961|32.500332|53.677490|0.000029|-68.716667|-0.000026|1.000003|1.000002|1.000002
AEG801_015_7086|13|112.369354|31.765594|56.413570|-0.004720|-68.767471|-0.000608|1.000003|1.000002|1.000002
AEG801_016_7000|13|104.802353|18.208361|123.829597|-0.002045|89.275635|0.003579|1.000000|1.000000|1.000000
AEG801_016_7001|13|30.124807|4.272461|-95.804031|0.000000|98.412895|0.000000|1.000000|1.000000|1.000000
AEG801_016_7002|13|-3.804626|5.816269|-13.981688|-0.007186|-5.078221|0.012076|1.000000|1.000000|1.000000
AEG801_016_7003|13|12.551196|12.862488|6.920409|-0.006757|-151.981308|0.002268|1.000000|1.000000|1.000000
AEG801_016_7004|13|54.350403|11.251740|18.377439|0.000628|-118.958237|0.000273|1.000000|1.000000|1.000000
AEG801_016_7006|13|90.615540|32.499634|76.884270|-0.000002|27.222342|-0.000001|1.000000|1.000000|1.000000
AEG801_016_7007|13|57.787228|33.015553|102.986526|0.005792|-161.864151|-0.000961|1.000000|1.000000|1.000000
AEG801_016_7009|13|99.429276|32.499298|62.127686|0.000137|26.645922|0.000055|1.000000|1.000000|1.000000
AEG801_016_7011|13|34.330612|32.402180|60.438965|0.002213|-147.537628|-0.001627|1.000000|1.000000|1.000000
AEG801_016_7012|13|70.937561|11.289841|15.195069|0.000437|-118.994644|0.001175|1.000000|1.000000|1.000000
AEG801_016_7013|13|47.776443|32.515720|48.546387|-0.000602|-161.868210|-0.000197|1.000000|1.000000|1.000000
AEG801_016_7030|13|123.261063|18.461864|125.551537|0.000574|-144.464386|-0.013390|1.000000|1.000000|1.000000
AEG801_016_7031|13|115.281975|19.974501|107.182625|-0.000984|89.273438|0.007158|1.000000|1.000000|1.000000
AEG801_016_7032|13|79.760063|32.635094|39.497074|0.000355|-161.872131|0.001912|1.000000|1.000000|1.000000
AEG801_016_7033|13|111.878731|12.332585|-43.434082|0.002404|-119.285004|0.008469|1.000000|1.000000|1.000000
AEG801_016_7034|13|116.262314|31.389015|53.719727|-0.000103|-161.862122|0.004781|1.000000|1.000000|1.000000
AEG801_016_7035|13|85.729660|32.499634|51.159897|-0.000000|-77.900581|0.000000|1.000000|1.000000|1.000000
AEG801_250_7000|13|104.450539|18.018581|126.578110|-0.002478|-154.705933|-0.003541|0.700000|0.700000|0.700000
AEG801_250_7001|13|31.296076|4.140868|-99.742485|0.000000|-41.064079|0.000000|0.700000|0.700000|0.700000
AEG801_250_7002|13|87.421509|10.361160|-63.694092|0.004563|-142.872696|0.004453|0.600000|0.600000|0.600000
AEG801_250_7004|13|18.362331|10.504073|-28.383539|0.005382|-164.601486|-0.007932|0.550000|0.550000|0.550000
AEG801_250_7005|13|17.181948|10.179948|-30.310789|0.012322|-97.171478|0.002514|0.900000|0.900000|0.900000
AEG801_250_7007|13|-4.567825|5.686828|-13.770509|0.010628|-81.416321|0.010081|0.700000|0.700000|0.700000
AEG801_250_7008|13|29.471012|11.260635|-21.392458|-0.000013|4.308156|-0.000634|1.000000|1.000000|1.000000
AEG801_250_7009|13|10.581000|13.673423|9.466961|-0.000013|88.923149|0.027485|0.700000|0.700000|0.700000
AEG801_250_7010|13|25.566475|22.760010|35.710690|0.016529|171.068024|-0.013534|0.550000|0.550000|0.550000
AEG801_250_7011|13|-22.821653|22.540585|61.251965|-0.010979|30.866140|-0.013427|0.600000|0.600000|0.600000
AEG801_250_7012|13|-21.444382|22.316744|60.222691|0.007486|106.801781|-0.012398|0.900000|0.900000|0.900000
AEG801_250_7019|13|60.722607|11.688950|20.889679|0.017294|100.577187|-0.013634|1.000000|1.000000|1.000000
AEG801_250_7021|13|90.295006|32.508587|78.726562|0.001612|-77.912895|0.000382|1.000000|1.000000|1.000000
AEG801_250_7022|13|58.619465|33.186268|105.003464|0.006612|162.082489|-0.001226|0.700000|0.700000|0.700000
AEG801_250_7023|13|109.764389|12.296778|-42.492294|-0.003867|42.169117|-0.013081|0.550000|0.550000|0.550000
AEG801_250_7026|13|55.269905|11.241675|16.883785|-0.000137|-48.035431|0.000601|0.700000|0.700000|0.700000
AEG801_250_7027|13|64.097343|11.377219|19.309568|0.001257|175.343903|-0.001001|0.800000|0.800000|0.800000
AEG801_250_7028|13|33.930336|32.412415|62.068367|0.000656|174.237747|-0.002779|0.700000|0.700000|0.700000
AEG801_250_7029|13|70.438248|11.295738|15.392816|-0.000968|-48.006817|0.000792|0.700000|0.700000|0.700000
AEG801_250_7030|13|48.260448|32.552834|46.891354|-0.001483|162.104324|0.001066|0.700000|0.700000|0.700000
AEG801_250_7031|13|58.792263|32.565262|81.621819|0.000956|106.808418|-0.000667|0.800000|0.800000|0.800000
AEG801_250_7032|13|58.744831|32.553532|80.004150|-0.000536|30.853508|-0.001050|0.600000|0.600000|0.600000
AEG801_250_7047|13|94.080788|30.609770|25.950447|-0.009581|-69.607346|0.009016|0.600000|0.600000|0.600000
AEG801_250_7057|13|90.157036|32.162491|36.174561|-0.004100|-48.597893|-0.000264|1.000000|1.000000|1.000000
AEG801_250_7065|13|88.378822|32.125671|33.581543|0.003442|99.467232|-0.002319|0.800000|0.800000|0.800000
AEG801_250_7080|13|69.487968|32.535122|50.640629|0.000169|-81.801247|-0.000555|0.625776|0.625775|0.625775
AEG801_250_7083|13|83.923256|32.500713|48.599117|0.000027|-28.413626|-0.000021|0.800000|0.800000|0.800000
AEG801_250_7084|13|79.035477|32.649166|40.335453|-0.000350|-43.005726|-0.000896|0.600000|0.600000|0.600000
AEG801_250_7085|13|92.520943|11.231759|-17.622072|-0.000164|-4.072898|0.000463|0.625775|0.625775|0.625775
AEG801_250_7086|13|94.463089|11.269410|-15.170164|-0.000655|82.350258|-0.000497|1.000000|1.000000|1.000000
AEG801_250_7089|13|93.052124|11.257572|-14.592286|0.001011|-94.095047|0.000164|0.650000|0.650000|0.650000
AEG801_250_7167|13|103.381165|18.040375|125.626701|-0.003632|118.014114|0.002240|1.000000|1.000000|1.000000
AEG801_250_7168|13|122.124664|18.242226|125.581551|-0.004756|-155.309708|-0.012248|0.600000|0.600000|0.600000
AEG801_250_7169|13|85.710617|17.662697|121.084946|-0.002624|-155.626343|-0.003662|0.600000|0.600000|0.600000
AEG801_250_7170|13|59.831837|32.524200|48.884514|-0.000290|99.470085|0.000546|0.700000|0.700000|0.700000
AEG801_250_7171|13|61.379204|32.504669|52.046383|0.000219|-48.597805|-0.000034|1.000000|1.000000|1.000000
AEG801_250_7172|13|111.922943|31.765833|54.775387|-0.004311|-48.675922|-0.002075|0.800000|0.800000|0.800000
AEG801_250_7173|13|118.745346|31.289371|61.352295|-0.005622|-71.184097|-0.003524|0.600000|0.600000|0.600000
AEG801_253_7002|13|94.291977|11.308403|-12.592289|-0.001302|30.604193|0.000628|1.000000|1.000000|1.000000
AEG801_253_7004|13|32.989994|4.361815|-97.578873|0.000000|-51.963161|0.000000|0.900000|0.900000|0.900000
AEG801_253_7005|13|97.180168|10.596664|-64.647942|0.001066|-108.213219|0.002432|0.900000|0.900000|0.900000
AEG801_253_7006|13|110.737007|19.585283|108.884041|0.006338|-49.956123|-0.002942|0.900000|0.900000|0.900000
AEG801_253_7007|13|32.390366|11.255325|-16.460451|0.000137|167.941925|0.000710|1.000000|1.000000|1.000000
AEG801_253_7008|13|-18.635712|23.149345|64.700844|0.011502|115.415359|-0.010884|1.000000|1.000000|1.000000
AEG801_253_7012|13|-19.498726|19.100424|49.756859|-0.017118|-0.694250|0.003934|1.000000|1.000000|1.000000
AEG801_253_7015|13|68.382492|32.537083|50.249508|-0.000091|89.240097|0.000574|0.800000|0.800000|0.800000
AEG801_253_7016|13|42.742786|32.556580|70.282013|-0.008980|-138.864700|-0.038112|0.800000|0.800000|0.800000
AEG801_253_7017|13|59.236729|33.331699|106.698212|0.006885|-136.890320|0.012240|0.800000|0.800000|0.800000
AEG801_253_7018|13|72.050095|32.499630|82.725594|0.000000|-106.138901|0.000000|1.000000|1.000000|1.000000
AEG801_253_7037|13|99.472511|18.695093|113.802498|0.002595|30.726282|0.004289|0.700000|0.700000|0.700000
AEG801_253_7044|13|-6.099991|5.574852|-12.279785|-0.001842|-24.750221|0.015573|0.700000|0.700000|0.700000
AEG801_253_7045|13|16.717434|10.074067|-30.418459|-0.012186|85.629089|-0.003130|0.800000|0.800000|0.800000
AEG801_253_7046|13|4.235351|5.444656|-35.410667|-0.002908|-11.066786|0.009972|1.000000|1.000000|1.000000
AEG801_253_7049|13|72.402534|11.367363|-51.658455|-0.001031|-88.072922|-0.000999|0.900000|0.900000|0.900000
AEG801_253_7052|13|9.208874|13.069048|10.668704|0.005355|-156.402603|-0.009450|0.900000|0.900000|0.900000
AEG801_253_7053|13|63.447899|11.370040|19.423830|-0.001014|-17.633198|0.001229|0.800000|0.800000|0.800000
AEG801_253_7054|13|41.220959|12.487301|22.891079|-0.023687|-63.845425|0.016392|1.000000|1.000000|1.000000
AEG801_253_7058|13|25.337940|22.421631|34.840820|0.021256|-151.664291|-0.000379|0.800000|0.800000|0.800000
AEG801_253_7059|13|86.179314|32.585148|84.694336|0.000820|-106.139275|0.001175|1.000000|1.000000|1.000000
AEG801_253_7060|13|65.809189|32.499634|58.026852|0.000000|-136.890320|0.000000|1.000000|1.000000|1.000000
AEG801_253_7062|13|61.144444|32.563480|83.391846|0.001175|115.430389|-0.000483|1.000000|1.000000|1.000000
AEG801_253_7063|13|93.892403|30.892172|27.340073|0.005737|-83.617157|0.010764|1.000000|1.000000|1.000000
AEG801_253_7064|13|83.551208|17.303036|124.999016|0.001120|-106.052727|-0.004532|1.000000|1.000000|1.000000
AEG801_253_7065|13|71.816086|6.969712|-111.638924|0.005519|-88.158249|0.002131|0.900000|0.900000|0.900000
AEG801_254_7008|13|98.179558|18.713699|112.844467|0.004371|-1.758838|0.002377|1.000000|1.000000|1.000000
AEG801_255_7056|13|81.053047|17.696770|117.897469|-0.003600|113.166000|0.002677|1.000000|1.000000|1.000000
AEG801_255_7060|13|111.575478|19.797691|107.479973|0.005382|29.230949|0.006912|1.000000|1.000000|1.000000
AEG801_255_7063|13|73.001389|32.518539|52.465851|0.000355|-69.725204|-0.000172|1.000000|1.000000|1.000000
AEG801_257_7016|13|95.370163|11.246278|-18.694330|-0.000488|31.500805|0.000137|1.000000|1.000000|1.000000
AEG801_257_7025|13|106.309998|18.460129|120.654556|0.002049|31.354151|0.003497|1.000000|1.000000|1.000000
AEG801_257_7026|13|119.394791|20.737860|101.237785|0.007213|31.178608|0.002787|1.000000|1.000000|1.000000
