m354100_0000|0|0.000000|0.000000|0.000000|0.000000|0.000000|0.000000|1.000000|1.000000|1.000000
c1000_9000|2|-58.529999|351.441010|84.953003|0.000000|0.000000|0.000000|1.000000|1.000000|1.000000
c4000_9000|2|-70.260002|357.928986|114.897003|0.778000|14.699000|0.000000|1.000000|1.000000|1.000000
c4000_9001|2|-67.377998|357.972992|106.231003|-6.233000|115.412003|0.000000|1.000000|1.000000|1.000000
c4000_9002|2|-65.209000|358.127014|112.904999|-12.583000|57.023998|-0.000000|1.000000|1.000000|1.000000
c4000_9003|2|-29.190001|350.154999|89.962997|10.993000|163.884995|-0.000000|1.000000|1.000000|1.000000
c4000_9004|2|-26.207001|352.093994|96.042000|0.000000|129.626999|0.000000|1.000000|1.000000|1.000000
c4000_9005|2|-25.569000|352.048004|104.942001|1.221000|77.042000|-0.000000|1.000000|1.000000|1.000000
c4000_9006|2|-30.089001|352.005005|104.105003|0.216000|43.445000|-0.000000|1.000000|1.000000|1.000000
c4020_9000|2|-43.563000|351.078003|88.703003|8.519000|116.327003|-5.828000|1.000000|1.000000|1.000000
c4020_9001|2|101.313004|338.937988|79.916000|-0.508000|91.877998|-15.132000|1.000000|1.000000|1.000000
c6010_9000|2|120.191002|348.170502|116.541000|-0.000000|-28.014000|0.000000|1.000000|1.000000|1.000000
c6010_9001|2|118.164001|329.678741|47.126999|0.000000|55.377998|0.000000|1.000000|1.000000|1.000000
c6010_9002|2|108.385002|317.432678|-5.926000|10.342000|130.639999|0.000000|1.000000|1.000000|1.000000
c6010_9003|2|41.772999|304.426086|-16.999001|0.000000|108.425003|0.000000|1.000000|1.000000|1.000000
c6010_9004|2|-29.933495|284.286621|-29.716862|12.322000|179.285995|0.000000|1.000000|1.000000|1.000000
c6010_9005|2|-92.071999|276.648773|-5.344000|0.000000|159.087997|0.000000|1.000000|1.000000|1.000000
c6010_9006|2|-41.473000|341.563995|46.577000|2.721000|90.469002|0.000000|1.000000|1.000000|1.000000
c6010_9007|2|81.920998|329.477509|44.046001|-12.571000|66.375999|0.000000|1.000000|1.000000|1.000000
c6010_9008|2|52.408001|350.773560|115.210999|0.000000|146.072998|0.000000|1.000000|1.000000|1.000000
c6010_9009|2|-8.344000|353.953461|110.060997|0.000000|134.940994|0.000000|1.000000|1.000000|1.000000
c6010_9010|2|-81.577003|360.361969|116.455002|-0.000000|81.488998|0.000000|1.000000|1.000000|1.000000
c6010_9011|2|-82.327003|342.833710|44.849998|1.036000|-72.163002|0.000000|1.000000|1.000000|1.000000
c6010_9012|2|-5.696208|340.846405|56.504459|0.000000|73.097000|0.000000|1.000000|1.000000|1.000000
c6010_9013|2|-123.101997|253.892792|-83.295998|1.988000|-94.853996|0.000000|1.000000|1.000000|1.000000
c6010_9014|2|-60.516998|259.624390|-75.148003|0.000000|-139.207993|0.000000|1.000000|1.000000|1.000000
c6010_9015|2|6.081000|264.417267|-76.732002|16.285000|163.447006|0.000000|1.000000|1.000000|1.000000
c6050_9000|2|30.249001|348.623962|101.639000|-0.000000|1.724000|0.000000|1.000000|1.000000|1.000000
c6050_9001|2|-32.887001|357.698334|118.334000|2.633000|110.925003|0.000000|1.000000|1.000000|1.000000
c6050_9002|2|-108.633003|363.218384|120.317001|7.618000|143.328003|0.000000|1.000000|1.000000|1.000000
c6090_9000|2|-55.378029|256.592804|-91.686768|0.000000|-125.574997|0.000000|1.000000|1.000000|1.000000
c6090_9001|2|66.046997|307.187988|-28.837000|-1.106000|-29.774000|15.448000|1.000000|1.000000|1.000000
c6090_9002|2|82.196999|308.665985|-40.939999|8.560000|-158.964005|-5.479000|1.000000|1.000000|1.000000
c6090_9003|2|89.366997|287.226990|-60.396999|0.000000|154.548004|0.000000|1.000000|1.000000|1.000000
c6090_9004|2|88.920998|316.013000|0.104000|-11.724000|79.707001|-6.333000|1.000000|1.000000|1.000000
c6090_9005|2|49.127998|301.345001|-41.887001|0.000000|80.358002|0.000000|1.000000|1.000000|1.000000
c6090_9006|2|72.462997|280.820007|-88.155998|-8.091000|-69.290001|-2.480000|1.000000|1.000000|1.000000
c6090_9007|2|86.191002|282.238007|-78.843002|15.248000|-174.716995|-0.861000|1.000000|1.000000|1.000000
c6090_9008|2|79.014000|285.243988|-72.056999|0.000000|66.563004|0.000000|1.000000|1.000000|1.000000
c6090_9009|2|84.384003|299.917999|-51.005001|9.449000|-117.110001|12.706000|1.000000|1.000000|1.000000
c6090_9010|2|87.927002|310.343994|-34.546001|0.000000|80.358002|0.000000|1.000000|1.000000|1.000000
c6090_9011|2|78.447998|311.575012|-18.424999|0.000000|-97.955002|0.000000|1.000000|1.000000|1.000000
c6090_9012|2|88.751999|285.420013|-67.172997|0.000000|28.768000|0.000000|1.000000|1.000000|1.000000
c6090_9013|2|61.035000|303.207001|-46.909000|0.000000|80.358002|0.000000|1.000000|1.000000|1.000000
c6090_9014|2|79.241997|307.923004|-46.848000|2.221000|-49.800999|2.048000|1.000000|1.000000|1.000000
c6090_9015|2|75.011002|308.218994|-35.662998|0.000000|152.128006|-0.000000|1.000000|1.000000|1.000000
c6091_9000|2|78.038002|279.498993|-94.233002|-4.009000|78.238998|-5.196000|1.000000|1.000000|1.000000
c6100_9000|2|35.487999|349.998627|108.219002|0.000000|99.936996|0.000000|1.000000|1.000000|1.000000
c6100_9001|2|38.767361|350.780792|106.857323|0.000000|96.402000|0.000000|1.000000|1.000000|1.000000
c6100_9002|2|36.965000|350.335541|109.877998|-5.913000|64.488998|0.000000|1.000000|1.000000|1.000000
c6100_9003|2|-8.781000|354.991974|113.750999|6.257000|99.936996|0.000000|1.000000|1.000000|1.000000
c6100_9004|2|-1.058000|358.669617|109.349998|0.000000|96.402000|0.000000|1.000000|1.000000|1.000000
c6100_9005|2|-9.481000|356.897491|120.348999|-4.819000|59.488998|0.000000|1.000000|1.000000|1.000000
c6100_9006|2|-104.139000|359.734222|105.589996|0.000000|89.936996|0.000000|1.000000|1.000000|1.000000
c6100_9007|2|-101.807999|360.395203|109.551003|0.000000|96.402000|0.000000|1.000000|1.000000|1.000000
c6100_9008|2|-101.427002|358.661407|101.656998|0.000000|69.488998|0.000000|1.000000|1.000000|1.000000
c6100_9009|2|-89.844002|353.157288|83.324997|0.000000|99.936996|-0.000000|1.000000|1.000000|1.000000
c6100_9010|2|-90.785004|351.596954|76.888000|0.000000|96.402000|0.000000|1.000000|1.000000|1.000000
c6100_9011|2|-86.424004|353.174194|84.796997|-0.000000|64.488998|0.000000|1.000000|1.000000|1.000000
c6100_9012|2|-3.393000|342.612976|65.254997|0.000000|99.936996|0.000000|1.000000|1.000000|1.000000
c6100_9013|2|-0.829000|342.406128|65.459999|0.000000|96.402000|0.000000|1.000000|1.000000|1.000000
c6100_9014|2|-1.918000|342.848602|66.914001|-6.368000|64.488998|-0.000000|1.000000|1.000000|1.000000
c6100_9015|2|-63.838001|280.836029|-8.529000|-10.158000|99.936996|0.000000|1.000000|1.000000|1.000000
c6100_9016|2|-61.275002|281.057281|-8.318000|0.000000|96.402000|0.000000|1.000000|1.000000|1.000000
c6100_9017|2|-62.362000|281.136261|-6.870000|-10.008000|64.488998|0.000000|1.000000|1.000000|1.000000
c6100_9018|2|15.845000|301.218231|-2.068000|0.000000|99.936996|0.000000|1.000000|1.000000|1.000000
c6100_9019|2|18.407000|302.010315|-1.857000|0.000000|96.402000|0.000000|1.000000|1.000000|1.000000
c6100_9020|2|17.320999|301.829010|-0.411000|0.000000|64.488998|0.000000|1.000000|1.000000|1.000000
c6100_9024|2|83.605003|311.635132|-23.902000|-6.606000|99.936996|-0.000000|1.000000|1.000000|1.000000
c6100_9025|2|81.193001|311.446625|-22.648001|-8.097000|96.402000|-0.000000|1.000000|1.000000|1.000000
c6100_9026|2|81.880997|311.024384|-25.613001|-13.569000|54.488998|0.000000|1.000000|1.000000|1.000000
c6100_9027|2|-42.500000|264.426971|-62.890999|-0.000000|99.936996|-0.000000|1.000000|1.000000|1.000000
c6100_9028|2|-42.856998|262.875854|-67.135002|-2.706000|96.402000|-0.000000|1.000000|1.000000|1.000000
c6100_9029|2|-38.828999|263.169800|-67.294998|-0.000000|59.488998|0.000000|1.000000|1.000000|1.000000
c6100_9030|2|-99.429001|259.445923|-66.057999|0.000000|99.936996|-0.000000|1.000000|1.000000|1.000000
c6100_9031|2|-96.866997|259.473053|-65.847000|1.651000|96.402000|0.000000|1.000000|1.000000|1.000000
c6100_9032|2|-97.953003|259.515594|-64.399002|-11.604000|64.488998|-0.000000|1.000000|1.000000|1.000000
c0000_9000|4|-108.402000|356.679993|97.831001|0.000000|-94.807999|0.000000|1.000000|1.000000|1.000000
c0000_9001|4|58.308998|338.601013|71.957001|0.000000|-135.237000|0.000000|1.000000|1.000000|1.000000
h354100|5|0.000000|0.000000|0.000000|0.000000|0.000000|0.000000|1.000000|1.000000|1.000000
h354150|5|0.000000|0.000000|0.000000|0.000000|0.000000|0.000000|1.000000|1.000000|1.000000
h354151|5|0.000000|0.000000|0.000000|0.000000|0.000000|0.000000|1.000000|1.000000|1.000000
h354152|5|0.000000|0.000000|0.000000|0.000000|0.000000|0.000000|1.000000|1.000000|1.000000
AEG001_290_7000|13|11.612981|258.543640|-88.636559|-6.738921|15.001647|-0.150400|1.000000|1.000000|1.000000
AEG001_290_7001|13|-38.269829|259.192780|-60.402264|6.956220|134.818588|-9.281381|1.000000|1.000000|1.000000
AEG001_290_7002|13|21.862396|354.192322|119.766693|5.379431|92.065536|-16.199028|1.000000|1.000000|1.000000
AEG001_290_7003|13|79.302681|310.394165|-25.956030|-1.361747|126.448906|-14.690487|1.000000|1.000000|1.000000
AEG001_290_7004|13|-7.626252|342.148865|61.401878|-11.236612|-58.569706|8.124866|1.000000|1.000000|1.000000
AEG001_290_7005|13|-102.183182|276.826569|1.261131|-17.504223|13.863072|1.251919|1.000000|1.000000|1.000000
AEG001_290_7006|13|-31.081112|293.931885|29.925819|-6.347544|105.196938|-13.691154|1.000000|1.000000|1.000000
AEG001_290_7007|13|-100.843262|279.474426|10.389755|16.337540|-149.651169|2.536924|1.000000|1.000000|1.000000
AEG001_290_7008|13|-46.535221|289.086975|18.715578|-1.312052|126.044846|-14.292420|1.000000|1.000000|1.000000
AEG001_290_7009|13|85.455040|344.417725|97.978111|10.431558|-154.033951|10.959476|1.000000|1.000000|1.000000
AEG001_290_7010|13|-72.688477|283.486603|11.800453|14.188078|-168.680695|-5.280751|1.000000|1.000000|1.000000
AEG001_290_7011|13|-15.595049|349.473938|93.075027|-3.642648|41.400528|-9.252369|0.800000|0.800000|0.800000
AEG001_290_7012|13|-57.019485|286.936859|16.593485|2.888815|137.367447|-14.649542|1.000000|1.000000|1.000000
AEG001_290_7013|13|10.993952|349.572113|99.565300|10.062207|-148.129089|10.197936|1.000000|1.000000|1.000000
AEG001_290_7014|13|42.791466|349.949829|109.900169|8.576859|-137.823959|12.809146|1.000000|1.000000|1.000000
AEG001_290_7015|13|111.302612|340.265381|91.130325|1.386883|41.229557|-7.047855|1.000000|1.000000|1.000000
AEG001_290_7016|13|92.281906|316.026917|-3.983449|-12.073585|52.234375|-0.151640|1.000000|1.000000|1.000000
AEG001_290_7017|13|32.035099|310.072906|36.374527|15.170670|-136.984406|-0.286622|1.000000|1.000000|1.000000
AEG001_290_7018|13|20.649141|355.713898|124.371346|-5.933681|-86.274132|17.088835|1.000000|1.000000|1.000000
AEG001_290_7019|13|50.013702|342.973785|86.017952|15.763778|164.488510|-1.005244|0.900000|0.900000|0.900000
AEG001_290_7021|13|-0.761316|300.846344|31.719410|-18.039921|46.718903|3.384195|0.800000|0.800000|0.800000
AEG001_290_7022|13|64.980713|309.289398|-11.943654|-3.823717|-5.464147|14.797058|1.000000|1.000000|1.000000
AEG001_290_7023|13|-58.575161|287.472351|20.027546|11.581379|170.416779|-10.355410|1.000000|1.000000|1.000000
AEG001_290_7025|13|73.479759|261.876801|-102.800201|-4.537852|138.213074|-9.555307|1.000000|1.000000|1.000000
AEG001_290_7026|13|48.984013|260.479218|-90.364677|6.804754|-160.737152|-2.379976|1.000000|1.000000|1.000000
AEG001_290_7027|13|37.990818|260.457245|-81.984398|-5.998563|29.971117|0.490735|1.000000|1.000000|1.000000
AEG001_290_7028|13|23.270414|338.459259|60.323597|15.745255|149.817505|-1.593833|1.000000|1.000000|1.000000
AEG001_290_7029|13|-1.346804|257.445221|-92.894165|5.125947|160.115326|-6.240388|1.000000|1.000000|1.000000
AEG001_290_7032|13|-13.375728|255.764328|-102.668938|-2.395667|-32.393501|5.494150|1.000000|1.000000|1.000000
AEG001_290_7033|13|6.981775|259.902100|-69.692001|7.732158|-147.426468|0.512701|1.000000|1.000000|1.000000
AEG001_290_7035|13|-112.528725|278.970062|9.721924|-13.981353|22.506357|-10.572558|1.000000|1.000000|1.000000
AEG001_290_7036|13|105.345497|316.973633|-7.637489|-0.117806|-77.909012|7.619759|1.000000|1.000000|1.000000
AEG001_290_7037|13|-49.531120|253.481262|-101.827362|4.456973|178.916519|-3.083386|1.000000|1.000000|1.000000
AEG001_290_7038|13|41.752186|259.202911|-98.755913|0.145319|-65.502045|5.572206|1.000000|1.000000|1.000000
AEG001_290_7039|13|12.902880|352.279419|110.200027|5.452430|-127.784218|15.116602|1.000000|1.000000|1.000000
AEG001_290_7040|13|73.011414|351.790405|123.787697|14.775256|177.339859|2.670604|1.000000|1.000000|1.000000
AEG001_290_7041|13|-3.254486|259.147522|-70.582199|8.325728|-152.877319|0.451476|1.000000|1.000000|1.000000
AEG001_290_7042|13|-32.505634|352.158508|106.330879|-4.409477|59.417484|-6.091741|1.000000|1.000000|1.000000
AEG001_290_7043|13|-40.061520|358.094757|141.126541|9.857166|-167.981873|5.274846|1.000000|1.000000|1.000000
AEG001_290_7045|13|5.995802|304.229218|34.581242|-2.191495|111.300453|-14.574454|1.000000|1.000000|1.000000
AEG001_290_7046|13|19.795639|304.222809|24.660645|14.312305|-98.140236|14.611714|1.000000|1.000000|1.000000
AEG001_290_7047|13|-22.066284|258.388367|-69.325050|8.695432|-156.936462|0.720695|1.000000|1.000000|1.000000
AEG001_290_7048|13|-52.589008|276.060242|-48.429787|-8.686617|21.871469|11.355056|1.000000|1.000000|1.000000
AEG001_290_7049|13|-29.872272|284.498016|-32.173248|12.010562|-95.137367|3.776737|1.000000|1.000000|1.000000
AEG001_290_7051|13|-46.253296|287.630951|11.005100|-14.522567|22.608444|5.180398|1.000000|1.000000|1.000000
AEG001_290_7052|13|31.499786|259.376526|-90.112144|1.072149|128.990555|-6.227985|1.000000|1.000000|1.000000
AEG001_290_7053|13|110.916824|320.302338|8.914998|11.173804|175.579391|-5.372020|1.000000|1.000000|1.000000
AEG001_290_7054|13|0.768339|347.009949|85.814926|14.339876|176.437363|3.903181|1.000000|1.000000|1.000000
AEG001_290_7055|13|-118.707085|266.555206|-26.983015|1.155039|111.689415|-17.168240|1.000000|1.000000|1.000000
AEG001_290_7056|13|-94.282097|261.914642|-60.904209|-15.621543|73.218140|-5.030783|1.000000|1.000000|1.000000
AEG001_290_7057|13|-107.890129|273.919434|-6.698541|-10.860387|70.631683|-16.468700|0.900000|0.900000|0.900000
AEG001_290_7058|13|77.833138|344.952911|98.413269|3.037004|92.388000|-14.609997|1.000000|1.000000|1.000000
AEG001_290_7059|13|32.715118|308.048920|27.633627|19.555210|-129.186996|4.351785|0.800000|0.800000|0.800000
AEG001_290_7061|13|23.120327|261.175323|-65.219635|0.383829|150.090378|-4.590412|1.000000|1.000000|1.000000
AEG001_290_7062|13|59.102234|262.746948|-76.675804|2.186945|-60.088223|14.302608|1.000000|1.000000|1.000000
AEG001_290_7063|13|30.413933|258.931580|-94.089294|-3.232118|92.083801|-5.521859|1.000000|1.000000|1.000000
AEG001_290_7064|13|-14.129944|259.753143|-61.603886|-8.918561|0.855805|1.311997|1.000000|1.000000|1.000000
AEG001_290_7065|13|17.946543|259.921997|-78.203461|-7.631967|44.223454|-0.879664|1.000000|1.000000|1.000000
AEG001_290_7066|13|48.742374|311.666870|26.993130|7.387480|-67.767693|16.407753|1.000000|1.000000|1.000000
AEG001_290_7067|13|-9.937134|343.148102|64.853516|-9.346435|22.899067|-9.979605|0.800000|0.800000|0.800000
AEG001_290_7068|13|53.165474|333.017822|52.534733|-1.835662|-95.454140|17.947550|1.000000|1.000000|1.000000
AEG001_290_7069|13|79.932709|330.813629|48.257221|-17.092754|2.024314|-1.898101|1.000000|1.000000|1.000000
AEG001_290_7070|13|76.674095|331.297638|49.598415|-15.377754|23.323246|-8.047916|0.800000|0.800000|0.800000
AEG001_290_7071|13|36.854469|343.035522|83.083565|-12.433795|22.843277|-9.968493|0.800000|0.800000|0.800000
AEG001_290_7072|13|39.806881|342.585663|82.247231|-15.353554|1.404406|-4.553082|1.000000|1.000000|1.000000
AEG001_290_7073|13|114.840927|335.397675|65.390091|13.420665|147.948135|-10.289062|1.000000|1.000000|1.000000
AEG001_290_7074|13|92.841888|351.270813|125.777977|-7.133712|-70.272987|12.972961|1.000000|1.000000|1.000000
AEG001_290_7075|13|54.300900|352.150574|120.755615|15.591468|164.365311|-0.560226|0.900000|0.900000|0.900000
AEG001_290_7076|13|56.131443|346.987579|101.971138|-14.995576|1.626387|-3.720072|1.000000|1.000000|1.000000
AEG001_290_7077|13|56.665413|347.794678|105.080399|-12.568512|22.733006|-8.945489|0.800000|0.800000|0.800000
AEG001_290_7078|13|82.640465|339.563324|76.744438|0.000000|-18.459120|0.000000|0.800000|0.800000|0.800000
AEG001_290_7079|13|97.854225|327.759644|39.769958|0.057564|-87.935287|20.596983|1.000000|1.000000|1.000000
AEG001_290_7080|13|116.768143|326.371063|34.333965|-5.852060|-64.869057|12.167520|0.800000|0.800000|0.800000
AEG001_290_7081|13|92.789680|332.869385|56.278568|-14.174099|23.358250|-7.988541|0.800000|0.800000|0.800000
AEG001_290_7085|13|-100.673553|253.075439|-95.549339|8.716471|-153.120529|2.370650|1.000000|1.000000|1.000000
AEG001_290_7086|13|-97.266769|253.453583|-93.668678|-5.334017|61.504318|-7.775218|0.850000|0.850000|0.850000
AEG001_290_7087|13|-82.400002|283.530853|17.672913|-14.925579|26.645592|0.404101|1.000000|1.000000|1.000000
AEG001_290_7088|13|-69.980576|284.378876|14.041372|3.700597|137.199783|-14.515704|1.000000|1.000000|1.000000
AEG001_290_7089|13|-1.530869|258.200897|-84.659042|-7.794929|67.951424|0.319735|1.000000|1.000000|1.000000
AEG001_290_7091|13|-109.795174|258.635101|-63.647827|-10.084988|61.451870|-8.059865|0.850000|0.850000|0.850000
AEG001_290_7092|13|-113.468475|258.368835|-63.359653|12.682515|-152.831909|0.841753|1.000000|1.000000|1.000000
AEG001_290_7093|13|-0.999846|258.625244|-75.879822|-6.549852|61.801910|-2.412237|1.000000|1.000000|1.000000
AEG001_290_7094|13|-28.701954|258.563599|-66.103592|5.279299|139.461487|-7.892580|1.000000|1.000000|1.000000
AEG001_290_7095|13|-78.816376|258.640381|-79.261139|-15.279348|60.117664|-14.139413|0.850000|0.850000|0.850000
AEG001_290_7096|13|-89.307243|264.719330|-50.808586|-15.903802|60.324142|-4.619130|0.850000|0.850000|0.850000
AEG001_290_7097|13|-72.486763|273.062958|-30.285976|13.971344|-150.242859|-7.553519|1.000000|1.000000|1.000000
AEG001_290_7098|13|-70.889122|273.852600|-27.576302|-15.712065|62.798214|-1.427196|0.850000|0.850000|0.850000
AEG001_290_7099|13|73.430626|321.101837|23.313747|20.127911|-153.509506|1.469666|1.000000|1.000000|1.000000
AEG001_290_7100|13|-36.146801|280.334442|-46.874290|15.894615|-105.438393|1.406417|1.000000|1.000000|1.000000
AEG001_290_7102|13|-88.568184|280.658203|8.375551|13.205298|-125.707245|10.244791|0.800000|0.800000|0.800000
AEG001_290_7106|13|-101.384773|286.514099|22.719366|-0.973658|109.818100|-13.803363|1.000000|1.000000|1.000000
AEG001_290_7107|13|-5.697523|346.112671|80.207260|12.808630|129.821304|-8.239077|0.800000|0.800000|0.800000
AEG001_290_7108|13|14.380765|295.508881|-26.743374|-1.755035|144.931061|-14.598983|0.850000|0.850000|0.850000
AEG001_290_7109|13|-127.710922|353.856964|64.204971|-5.172832|-49.740376|4.656604|1.000000|1.000000|1.000000
AEG001_290_7110|13|-59.229786|373.343872|162.444077|19.278181|148.329834|-14.097754|0.900000|0.900000|0.900000
AEG001_290_7111|13|-58.827850|359.024414|143.965347|-8.273883|36.164268|-5.541792|0.800000|0.800000|0.800000
AEG001_290_7112|13|-87.278214|358.976013|122.205086|-1.193983|36.205418|-4.913704|1.000000|1.000000|1.000000
AEG001_290_7117|13|-111.179390|276.057098|0.913603|16.769398|160.212143|-8.038153|1.000000|1.000000|1.000000
AEG001_290_7118|13|88.026054|281.073944|-82.202713|-16.283758|27.504244|2.288851|1.000000|1.000000|1.000000
AEG001_290_7119|13|86.008614|280.777832|-85.226593|-5.485080|103.457108|3.179617|1.000000|1.000000|1.000000
AEG001_290_7121|13|-6.739128|290.970490|-23.636177|12.993368|-145.708755|-7.296778|1.000000|1.000000|1.000000
AEG001_290_7122|13|42.706543|261.725769|-70.774864|-5.396634|3.480418|4.083005|1.000000|1.000000|1.000000
AEG001_290_7125|13|-79.189270|264.376434|-65.170181|-2.945209|-4.458252|13.517547|1.000000|1.000000|1.000000
AEG001_290_7130|13|-27.503048|290.772888|13.289654|0.000000|101.455597|0.000000|1.000000|1.000000|1.000000
AEG001_290_7132|13|-79.934509|269.017181|-42.464977|-0.605878|139.083054|-19.494505|1.000000|1.000000|1.000000
AEG001_290_7139|13|94.217735|287.039490|-60.878769|-15.031098|-13.648555|10.945431|1.000000|1.000000|1.000000
AEG001_290_7142|13|60.000786|261.546234|-89.946716|-4.729323|103.412086|-6.530035|1.000000|1.000000|1.000000
AEG001_290_7145|13|84.165207|287.506378|-58.443180|-14.466670|-10.122534|3.499216|1.000000|1.000000|1.000000
AEG001_290_7153|13|25.704412|257.864105|-102.623489|-3.310232|102.993011|-0.059044|1.000000|1.000000|1.000000
AEG001_290_7164|13|17.914309|258.078278|-95.807266|-6.657407|25.902868|-0.007839|1.000000|1.000000|1.000000
AEG001_290_7172|13|-58.279259|255.926895|-82.026596|-8.288387|1.840654|-1.520532|1.000000|1.000000|1.000000
AEG001_290_7199|13|52.692501|262.646118|-71.943146|-5.040485|102.853241|-8.515845|1.000000|1.000000|1.000000
AEG001_290_7245|13|68.720345|281.390045|-80.803406|-4.555996|-96.495476|6.861635|1.000000|1.000000|1.000000
AEG001_290_7250|13|-36.216801|283.150604|-24.368572|-2.338329|153.350388|-16.749666|0.850000|0.850000|0.850000
AEG001_290_7251|13|87.783333|300.817322|-48.037373|13.273843|-144.597717|4.269223|1.000000|1.000000|1.000000
AEG001_290_7252|13|35.083370|261.841461|-66.443954|1.544716|-86.887276|5.031527|1.000000|1.000000|1.000000
AEG001_290_7253|13|-40.271305|256.250732|-79.193115|-4.722321|-40.835220|4.706329|1.000000|1.000000|1.000000
AEG001_290_7254|13|-61.940544|250.994202|-119.451637|-13.852933|88.768188|-5.845150|1.000000|1.000000|1.000000
AEG001_290_7255|13|-90.273911|279.777466|5.976387|11.209488|146.996414|-14.554529|1.000000|1.000000|1.000000
AEG001_290_7256|13|67.984612|261.915558|-96.275208|2.950067|-84.274345|7.828463|1.000000|1.000000|1.000000
AEG001_290_7257|13|93.839989|339.383148|79.894447|-11.497128|26.533701|-8.183381|1.000000|1.000000|1.000000
AEG001_290_7258|13|93.782852|334.255768|61.193958|-7.631001|55.370834|-14.118327|1.000000|1.000000|1.000000
AEG001_290_7259|13|125.802391|326.895416|36.448811|5.906583|115.312828|-13.880402|1.000000|1.000000|1.000000
AEG001_290_7260|13|123.973839|329.451813|44.959499|15.981086|-156.322784|6.680580|1.000000|1.000000|1.000000
AEG001_290_7261|13|120.136391|334.316284|61.039238|-12.565770|-31.969797|10.706267|1.000000|1.000000|1.000000
AEG001_290_7262|13|122.661041|337.739960|76.165489|-13.250049|-28.485245|3.858347|0.800000|0.800000|0.800000
AEG001_290_7263|13|-97.332428|342.997406|44.604160|-4.016340|41.450363|-8.526966|0.800000|0.800000|0.800000
AEG001_290_7264|13|-94.873428|342.143463|40.161850|-7.973624|-48.069050|3.165273|0.800000|0.800000|0.800000
AEG001_290_7265|13|-88.387283|343.211761|49.676872|6.361886|-138.690948|10.087591|0.800000|0.800000|0.800000
AEG001_290_7266|13|-66.974030|341.597321|45.942738|6.996626|132.257523|-4.978324|1.000000|1.000000|1.000000
AEG001_290_7267|13|-9.630890|353.573608|117.266441|11.785629|177.628616|-1.271676|1.000000|1.000000|1.000000
AEG001_290_7268|13|-23.001251|355.118195|125.816490|0.917704|87.369156|-8.392507|1.000000|1.000000|1.000000
AEG001_290_7269|13|-47.661552|357.872131|137.703323|4.095465|102.749077|-7.609273|1.000000|1.000000|1.000000
AEG001_290_7270|13|-78.192116|363.652710|163.514771|-9.731289|-52.335590|13.313516|1.000000|1.000000|1.000000
AEG001_290_7271|13|-98.879547|362.490173|152.434616|2.933402|-144.644394|9.789954|1.000000|1.000000|1.000000
AEG001_290_7272|13|-104.260429|360.507050|126.578903|5.695177|102.440361|-3.985994|1.000000|1.000000|1.000000
AEG001_290_7273|13|-25.920225|356.067596|132.114670|1.182279|87.389915|-7.893176|1.000000|1.000000|1.000000
AEG001_290_7274|13|-28.387159|352.337189|107.196053|7.292155|177.474106|-0.273728|1.000000|1.000000|1.000000
AEG001_290_7275|13|-14.732059|349.957916|96.652695|-0.775495|59.211266|-9.823494|1.000000|1.000000|1.000000
AEG004_585_1128|13|-71.567589|354.189453|109.994881|0.000000|-140.000122|0.000000|1.000000|1.000000|1.000000
AEG004_585_1144|13|-20.964668|339.969208|59.467995|0.000000|-141.761581|0.000000|1.000000|1.000000|1.000000
AEG004_585_1168|13|78.355049|338.575073|91.421761|0.000000|-140.000122|0.000000|1.000000|1.000000|1.000000
AEG004_585_1169|13|126.558563|322.683167|38.111839|0.000000|-141.761581|0.000000|1.000000|1.000000|1.000000
AEG004_586_1140|13|-42.933701|344.373352|76.471222|-0.000046|-50.000702|-0.000055|1.000000|1.000000|1.000000
AEG004_586_1161|13|-70.063545|351.788208|100.310394|-0.000046|39.999729|-0.000055|1.000000|1.000000|1.000000
AEG004_586_1164|13|-26.991249|345.884033|94.339195|0.000000|-50.000484|0.000000|1.000000|1.000000|1.000000
AEG004_586_1166|13|-102.707916|354.759399|111.274780|0.000000|39.999729|0.000000|1.000000|1.000000|1.000000
AEG004_586_1170|13|-25.929520|343.620087|63.618759|-0.000029|-141.761581|-0.000107|1.000000|1.000000|1.000000
AEG004_586_1171|13|101.846985|328.020660|56.951347|-0.000046|-50.000702|-0.000055|1.000000|1.000000|1.000000
AEG004_586_1172|13|79.859093|336.173828|81.737274|-0.000046|39.999729|-0.000055|1.000000|1.000000|1.000000
AEG004_586_1173|13|120.531975|332.869720|72.983040|0.000000|-50.000484|0.000000|1.000000|1.000000|1.000000
AEG004_586_1174|13|52.671234|338.050568|87.193649|0.000000|39.999729|0.000000|1.000000|1.000000|1.000000
AEG004_586_1175|13|121.593704|325.180847|42.262604|-0.000029|-141.761581|-0.000107|1.000000|1.000000|1.000000
AEG004_586_1176|13|-27.418692|347.998291|104.404533|0.000000|-50.000526|0.000000|1.000000|1.000000|1.000000
AEG004_587_1152|13|-16.519928|345.882874|88.917038|-0.004566|-50.000507|-0.006329|1.000000|1.000000|1.000000
AEG004_587_1174|13|-25.355774|343.654144|58.299057|0.000000|-51.761543|0.000000|1.000000|1.000000|1.000000
AEG004_587_1180|13|122.167450|325.214905|36.942902|0.000000|-51.761543|0.000000|1.000000|1.000000|1.000000
AEG004_588_1004|13|-45.559357|346.253723|67.330238|0.000000|-50.000546|0.000000|1.000000|1.000000|1.000000
AEG004_588_1007|13|-19.885139|343.393555|68.597832|0.000000|38.238396|0.000000|1.000000|1.000000|1.000000
AEG004_588_1011|13|-76.795288|353.982056|104.944427|0.000000|-140.000153|0.000000|1.000000|1.000000|1.000000
AEG004_588_1014|13|-100.772156|354.641357|101.684433|0.000000|129.999725|0.000000|1.000000|1.000000|1.000000
AEG004_588_1015|13|-30.422134|348.086548|94.704796|0.000000|129.999924|0.000000|1.000000|1.000000|1.000000
AEG004_588_1017|13|104.035339|328.708405|47.580284|0.000000|-50.000546|0.000000|1.000000|1.000000|1.000000
AEG004_588_1019|13|73.127350|338.367676|86.371307|0.000000|-140.000153|0.000000|1.000000|1.000000|1.000000
AEG004_588_1020|13|54.606995|337.932526|77.603302|0.000000|129.999725|0.000000|1.000000|1.000000|1.000000
AEG004_589_1176|13|-56.127533|354.690826|127.694946|0.000000|39.999260|0.000000|1.000000|1.000000|1.000000
AEG004_589_1180|13|-53.872246|346.744171|75.438728|0.000000|129.999512|0.000000|1.000000|1.000000|1.000000
AEG004_589_1194|13|91.395691|343.478088|106.338791|0.000000|39.999260|0.000000|1.000000|1.000000|1.000000
AEG004_589_1195|13|95.722450|329.198853|55.688774|0.000000|129.999512|0.000000|1.000000|1.000000|1.000000
AEG004_693_1000|13|-35.985039|351.086975|100.640671|-0.090000|-140.000443|-0.000000|1.000000|1.000000|1.000000
AEG004_693_1001|13|-34.056824|351.086975|102.938660|-0.090000|39.999554|-0.000000|1.000000|1.000000|1.000000
AEG004_693_1002|13|117.974464|339.124481|90.646263|-0.090000|-50.000549|-0.000000|1.000000|1.000000|1.000000
AEG004_693_1003|13|120.272461|339.124481|88.718048|-0.090000|129.999435|0.000000|1.000000|1.000000|1.000000
AEG004_976_1000|13|-34.698280|351.698730|101.519066|0.000000|39.999550|0.000000|1.000000|1.000000|1.000000
AEG004_976_1001|13|118.852859|339.736237|89.359505|0.000000|129.999435|0.000000|1.000000|1.000000|1.000000
AEG004_977_1000|13|-34.698280|351.698730|101.519066|0.000000|39.999550|0.000000|1.000000|1.000000|1.000000
AEG004_977_1001|13|118.852859|339.736237|89.359505|0.000000|129.999435|0.000000|1.000000|1.000000|1.000000
AEG004_979_1000|13|-55.094543|339.655334|118.633240|0.000000|39.999577|0.000000|1.000000|1.000000|1.000000
AEG004_979_1001|13|135.966995|327.692841|109.755798|0.000000|129.999466|0.000000|1.000000|1.000000|1.000000
AEG004_983_1000|13|-34.698284|351.698730|101.519058|0.000000|39.999550|0.000000|1.000000|1.000000|1.000000
AEG004_983_1001|13|118.852852|339.736237|89.359505|0.000000|129.999435|0.000000|1.000000|1.000000|1.000000
AEG004_985_1004|13|-55.890930|339.540527|122.672691|0.000000|-36.000401|0.000000|1.000000|1.000000|1.000000
AEG004_985_1005|13|140.006439|327.578033|110.552193|0.000000|53.999481|0.000000|1.000000|1.000000|1.000000
AEG004_986_1036|13|-48.847237|339.682312|118.004684|0.002727|-82.531654|-0.010524|0.607026|0.607030|0.607026
AEG004_986_1037|13|-55.751774|339.682312|123.367393|0.002727|-172.531723|-0.010524|0.859565|0.859570|0.859565
AEG004_986_1038|13|-60.355225|339.682312|118.633133|0.002727|97.468216|-0.010524|0.732074|0.732078|0.732074
AEG004_986_1039|13|-58.782806|339.682312|121.695480|-90.000053|-50.000546|14.999835|0.732074|0.732078|0.732074
AEG004_986_1040|13|-56.583923|339.682312|124.290169|-90.000061|-50.000561|14.999846|0.618397|0.618401|0.618397
AEG004_986_1041|13|-52.204193|339.682312|121.472931|-90.000000|39.999413|14.999813|0.618397|0.618401|0.618397
AEG004_986_1042|13|-56.408764|339.682312|114.475266|-90.000000|-140.000565|20.499807|0.679482|0.679486|0.679482
AEG004_986_1043|13|-48.763641|342.441589|117.761024|90.000000|-50.000538|-4.999989|0.560236|0.560239|0.560236
AEG004_986_1044|13|-46.761372|341.238037|109.633026|-90.000000|-140.000565|20.499868|0.679482|0.679486|0.679482
AEG004_986_1045|13|-41.942947|345.883698|105.612381|-90.000000|-140.000565|41.499855|0.511292|0.511295|0.511292
AEG004_986_1046|13|-41.587917|344.222870|109.283798|-90.000023|39.999416|-51.499977|0.511293|0.511295|0.511292
AEG004_986_1047|13|135.338455|327.719818|103.508492|0.002727|7.468239|-0.010523|0.607027|0.607030|0.607026
AEG004_986_1048|13|140.701157|327.719818|110.413040|0.002727|-82.531837|-0.010524|0.859565|0.859570|0.859565
AEG004_986_1049|13|135.966873|327.719818|115.016479|0.002727|-172.531906|-0.010524|0.732074|0.732078|0.732074
AEG004_986_1050|13|139.029236|327.719818|113.444069|-90.000061|39.999352|14.999846|0.732074|0.732078|0.732074
AEG004_986_1051|13|141.623932|327.719818|111.245186|-90.000061|39.999340|14.999842|0.618397|0.618401|0.618397
AEG004_986_1052|13|138.806686|327.719818|106.865456|90.000000|-50.000698|165.000183|0.618397|0.618401|0.618397
AEG004_986_1053|13|131.809021|327.719818|111.070007|-90.000008|-50.000683|20.499815|0.679482|0.679486|0.679482
AEG004_986_1054|13|135.094788|330.479095|103.424896|90.000000|39.999352|-4.999990|0.560236|0.560239|0.560236
AEG004_986_1055|13|126.966797|329.275543|101.422607|-90.000000|-50.000675|20.499863|0.679482|0.679486|0.679482
AEG004_986_1056|13|122.946159|333.921204|96.604179|-90.000000|-50.000683|41.499855|0.511292|0.511295|0.511292
AEG004_986_1057|13|126.617584|332.260376|96.249161|89.999992|-50.000687|-128.500046|0.511293|0.511295|0.511292
AEG004_987_1001|13|-37.852020|347.123718|105.413116|0.000000|129.999557|0.000000|1.000000|1.000000|1.000000
AEG004_987_1003|13|-48.607323|339.925537|115.022789|0.000000|39.999550|0.000000|1.000000|1.000000|1.000000
AEG004_987_1004|13|-50.956009|339.704590|114.078918|0.000000|-50.000435|0.000000|1.000000|1.000000|1.000000
AEG004_987_1012|13|-56.307919|339.698730|118.751656|0.000000|-110.000397|0.000000|1.000000|1.000000|1.000000
AEG004_987_1013|13|-59.300266|339.698730|119.271011|0.000000|159.999512|0.000000|1.000000|1.000000|1.000000
AEG004_987_1014|13|-55.350368|339.698730|119.820343|0.000000|99.999474|0.000000|1.000000|1.000000|1.000000
AEG004_987_1135|13|-53.475128|339.760895|122.161743|-0.006252|-142.437592|-0.032958|1.000000|1.000000|1.000000
AEG004_987_1139|13|-56.093124|339.698730|118.934998|0.015464|6.954212|0.000328|1.000000|1.000000|1.000000
AEG004_987_1140|13|122.746902|335.161255|92.513252|0.000000|-140.000565|0.000000|1.000000|1.000000|1.000000
AEG004_987_1141|13|132.356552|327.963074|103.268570|0.000000|129.999435|0.000000|1.000000|1.000000|1.000000
AEG004_987_1142|13|131.412689|327.742126|105.617256|0.000000|39.999458|0.000000|1.000000|1.000000|1.000000
AEG004_987_1143|13|136.085419|327.736237|110.969177|0.000000|-20.000502|0.000000|1.000000|1.000000|1.000000
AEG004_987_1144|13|136.604767|327.736237|113.961525|0.000000|-110.000603|0.000000|1.000000|1.000000|1.000000
AEG004_987_1145|13|137.154099|327.736237|110.011627|0.000000|-170.000641|0.000000|1.000000|1.000000|1.000000
AEG004_987_1146|13|139.495499|327.798401|108.136391|-0.006252|-52.437706|-0.032958|1.000000|1.000000|1.000000
AEG004_987_1147|13|136.268753|327.736237|110.754379|0.015464|96.954109|0.000328|1.000000|1.000000|1.000000
AEG027_079_9000|13|-34.069000|352.003998|97.970001|0.000000|-49.914001|0.000000|1.000000|1.000000|1.000000
AEG027_216_9000|13|-34.069000|352.003998|97.970001|0.000000|-49.914001|0.000000|1.000000|1.000000|1.000000
AEG099_053_9000|13|-58.529999|351.441010|84.953003|0.000000|0.000000|0.000000|1.000000|1.000000|1.000000
AEG099_272_9000|13|-35.766998|345.979004|102.603996|0.000000|130.582993|0.000000|1.000000|1.000000|1.000000
AEG099_503_9000|13|-105.209999|356.877014|100.323997|0.000000|53.972000|-5.000000|1.000000|1.000000|1.000000
AEG099_503_9001|13|59.429001|339.420990|75.386002|-10.000000|36.988998|-5.000000|1.000000|1.000000|1.000000
AEG099_620_9000|13|-35.830002|348.040009|75.742996|0.000000|133.145004|0.000000|1.000000|1.000000|1.000000
AEG099_620_9001|13|-69.433998|357.976013|109.397003|0.000000|-32.891998|0.000000|1.000000|1.000000|1.000000
AEG099_630_9000|13|-56.088001|339.704010|119.542000|0.000000|-50.070999|0.000000|1.000000|1.000000|1.000000
AEG099_630_9001|13|136.945007|327.730988|110.789001|0.000000|40.905998|0.000000|1.000000|1.000000|1.000000
AEG099_680_9000|13|-87.358002|358.768005|120.101997|2.658000|165.820007|0.727000|1.000000|1.000000|1.000000
AEG099_680_9001|13|-94.323997|342.304993|42.238998|0.696000|16.309999|-3.324000|1.000000|1.000000|1.000000
AEG099_680_9002|13|85.095001|344.024994|96.586998|5.814000|160.100998|0.908000|1.000000|1.000000|1.000000
AEG099_680_9003|13|-59.721001|286.709991|18.063999|-8.808000|47.965000|-2.466000|1.000000|1.000000|1.000000
AEG099_680_9004|13|-40.270000|279.996002|-39.466000|-2.816000|14.793000|4.916000|1.000000|1.000000|1.000000
AEG099_680_9005|13|-43.493000|253.481995|-104.217003|0.000000|99.142998|0.000000|1.000000|1.000000|1.000000
AEG099_680_9006|13|24.077000|257.766998|-101.459000|2.372000|-80.775002|1.889000|1.000000|1.000000|1.000000
AEG099_680_9007|13|85.710999|280.954010|-82.959000|-0.799000|-74.268997|7.069000|1.000000|1.000000|1.000000
AEG099_680_9008|13|107.556000|316.975006|-7.227000|0.000000|38.903000|0.000000|1.000000|1.000000|1.000000
AEG099_690_9000|13|-29.767000|352.101013|105.133003|0.000000|175.136993|0.000000|1.000000|1.000000|1.000000
AEG099_690_9001|13|85.764000|300.289001|-49.471001|0.000000|-145.792999|0.000000|1.000000|1.000000|1.000000
AEG099_730_9000|13|-106.820999|360.243011|122.532997|-2.081000|-108.983002|2.646000|1.000000|1.000000|1.000000
AEG099_730_9002|13|-61.785999|340.778992|41.926998|0.000000|164.910995|0.000000|1.000000|1.000000|1.000000
AEG099_730_9003|13|-63.284000|348.552002|60.084999|-1.198000|-15.577000|-3.647000|1.000000|1.000000|1.000000
AEG099_730_9004|13|-70.036003|349.376007|58.025002|1.516000|123.350998|2.739000|1.000000|1.000000|1.000000
AEG099_730_9005|13|-18.525000|354.773987|124.147003|-1.475000|-67.163002|9.526000|1.000000|1.000000|1.000000
AEG099_730_9006|13|-25.135000|354.050995|118.897003|7.779000|139.000000|-4.659000|1.000000|1.000000|1.000000
AEG099_730_9007|13|-12.671000|349.087006|92.862999|0.916000|-120.289001|2.653000|1.000000|1.000000|1.000000
AEG099_730_9008|13|-5.823000|349.644012|98.528000|-7.020000|-43.567001|2.365000|1.000000|1.000000|1.000000
AEG099_730_9009|13|-46.153999|350.459991|83.953003|-8.062000|-3.191000|-6.258000|1.000000|1.000000|1.000000
AEG099_730_9010|13|-5.997000|342.806000|65.055000|12.226000|169.834000|1.814000|1.000000|1.000000|1.000000
AEG099_730_9011|13|17.243999|352.354004|112.361000|14.746000|-175.091003|2.300000|1.000000|1.000000|1.000000
AEG099_730_9012|13|24.208000|354.643005|122.443001|-6.045000|-51.596001|1.731000|1.000000|1.000000|1.000000
AEG099_730_9013|13|37.931999|343.722992|86.403999|5.407000|91.958000|-12.138000|1.000000|1.000000|1.000000
AEG099_730_9014|13|52.444000|347.583008|103.361000|2.565000|-136.022995|7.028000|1.000000|1.000000|1.000000
AEG099_730_9015|13|62.250999|345.278992|97.262001|4.127000|102.737000|-10.049000|1.000000|1.000000|1.000000
AEG099_730_9016|13|50.257999|331.765015|48.401001|12.549000|138.380997|-3.819000|1.000000|1.000000|1.000000
AEG099_730_9017|13|53.463001|331.856995|49.214001|-9.953000|-24.371000|1.399000|1.000000|1.000000|1.000000
AEG099_730_9018|13|88.996002|333.506012|58.431999|-8.285000|-58.123001|4.918000|1.000000|1.000000|1.000000
AEG099_730_9019|13|116.225998|334.429993|62.240002|-3.125000|91.809998|-14.989000|1.000000|1.000000|1.000000
AEG099_730_9020|13|115.228996|337.059998|71.690002|-0.745000|-22.121000|3.388000|1.000000|1.000000|1.000000
AEG099_730_9021|13|79.626999|320.738007|20.469999|13.091000|-172.451996|-0.240000|1.000000|1.000000|1.000000
AEG099_730_9022|13|70.982002|320.016998|20.725000|-5.643000|-18.509001|6.452000|1.000000|1.000000|1.000000
AEG099_730_9023|13|78.290001|311.042999|-21.459999|-7.126000|32.841000|0.345000|1.000000|1.000000|1.000000
AEG099_730_9024|13|62.194000|305.416992|-33.868999|-1.559000|-0.688000|6.813000|1.000000|1.000000|1.000000
AEG099_730_9025|13|57.743999|304.367004|-34.099998|-8.800000|122.512001|-10.796000|1.000000|1.000000|1.000000
AEG099_730_9026|13|23.962999|307.359985|32.563999|7.027000|-176.737000|-5.273000|1.000000|1.000000|1.000000
AEG099_730_9027|13|27.187000|306.915985|28.556000|-12.508000|25.113001|0.399000|1.000000|1.000000|1.000000
AEG099_730_9028|13|49.787998|310.691986|21.826000|-15.428000|34.930000|1.071000|1.000000|1.000000|1.000000
AEG099_730_9029|13|19.958000|295.251007|-39.376999|-10.613000|47.292000|-0.815000|1.000000|1.000000|1.000000
AEG099_730_9030|13|14.563000|296.019012|-22.893000|6.293000|-162.488998|-9.043000|1.000000|1.000000|1.000000
AEG099_730_9031|13|-39.931999|287.992004|7.180000|10.484000|-115.556999|3.792000|1.000000|1.000000|1.000000
AEG099_730_9032|13|-19.850000|295.605011|27.819000|14.428000|-154.675995|-5.542000|1.000000|1.000000|1.000000
AEG099_730_9033|13|-26.934999|292.433014|18.087999|-9.507000|-5.974000|8.029000|1.000000|1.000000|1.000000
AEG099_730_9034|13|-115.251999|273.921997|-5.029000|-14.472000|16.149000|-2.522000|1.000000|1.000000|1.000000
AEG099_730_9035|13|-103.940002|277.738007|5.446000|-9.306000|45.652000|-3.307000|1.000000|1.000000|1.000000
AEG099_730_9036|13|-106.629997|278.447998|8.573000|7.926000|-165.052002|0.543000|1.000000|1.000000|1.000000
AEG099_730_9037|13|-67.176003|274.806000|-27.263000|-11.942000|53.903000|2.224000|1.000000|1.000000|1.000000
AEG099_730_9038|13|-86.834999|263.692993|-57.676998|-1.925000|-12.261000|8.413000|1.000000|1.000000|1.000000
AEG099_730_9039|13|-90.994003|263.300995|-56.331001|5.183000|-177.554001|-12.461000|1.000000|1.000000|1.000000
AEG099_730_9040|13|-94.761002|253.871994|-91.362999|5.554000|157.455002|-5.273000|1.000000|1.000000|1.000000
AEG099_730_9041|13|-67.780998|253.643005|-96.999001|1.223000|-93.227997|4.988000|1.000000|1.000000|1.000000
AEG099_730_9042|13|-44.199001|258.559998|-62.122002|2.758000|-118.749001|4.787000|1.000000|1.000000|1.000000
AEG099_730_9043|13|-42.293999|257.981995|-66.121002|-1.218000|87.607002|-6.011000|1.000000|1.000000|1.000000
AEG099_730_9044|13|-22.311001|257.751007|-73.066002|5.132000|-119.667000|5.116000|1.000000|1.000000|1.000000
AEG099_730_9045|13|-17.771999|259.497009|-62.873001|-5.819000|29.483999|-1.949000|1.000000|1.000000|1.000000
AEG099_730_9046|13|-3.024000|256.908997|-96.151001|-4.400000|-5.218000|3.214000|1.000000|1.000000|1.000000
AEG099_730_9048|13|12.665000|258.893005|-85.290001|-2.308000|13.515000|-0.034000|1.000000|1.000000|1.000000
AEG099_730_9049|13|39.678001|261.114990|-74.584000|0.000000|-106.880997|0.894000|1.000000|1.000000|1.000000
AEG099_730_9050|13|39.548000|260.817993|-78.569000|-1.318000|106.971001|-4.554000|1.000000|1.000000|1.000000
AEG099_730_9051|13|56.874001|262.050995|-80.366997|1.605000|-81.085999|2.779000|1.000000|1.000000|1.000000
AEG099_730_9052|13|87.799004|287.358002|-59.442001|13.640000|-146.423004|7.226000|1.000000|1.000000|1.000000
AEG099_750_9000|13|-45.646000|289.681000|20.353001|0.000000|73.427002|0.000000|1.000000|1.000000|1.000000
AEG099_750_9001|13|8.541000|259.993988|-70.111000|0.000000|157.942993|0.000000|1.000000|1.000000|1.000000
AEG099_750_9003|13|18.322001|260.329010|-72.834999|0.000000|-67.257004|0.000000|1.000000|1.000000|1.000000
AEG099_760_9000|13|-102.961998|354.092010|68.319000|-2.788000|-107.607002|0.792000|1.000000|1.000000|1.000000
AEG099_760_9001|13|113.778000|340.088989|90.789001|0.000000|42.730000|0.000000|1.000000|1.000000|1.000000
AEG099_760_9002|13|81.280998|339.621002|77.414001|0.540000|-36.209000|4.492000|1.000000|1.000000|1.000000
AEG099_760_9003|13|17.356001|306.209991|33.637001|3.850000|-57.721001|14.608000|1.000000|1.000000|1.000000
AEG099_760_9004|13|-86.674004|265.981995|-47.939999|12.130000|-97.584000|11.642000|1.000000|1.000000|1.000000
AEG099_760_9005|13|-55.323002|255.774994|-82.811996|3.038000|-160.460999|0.904000|1.000000|1.000000|1.000000
AEG099_830_9000|13|-3.176000|258.167999|-81.417999|4.983000|-75.366997|4.161000|1.000000|1.000000|1.000000
AEG099_830_9001|13|10.541000|257.319000|-100.363998|-2.561000|-12.120000|4.838000|1.000000|1.000000|1.000000
AEG099_830_9002|13|42.945000|259.720001|-94.282997|3.112000|-110.975998|7.100000|1.000000|1.000000|1.000000
AEG700_011_1068|13|-40.143501|351.626465|101.039474|0.000000|39.999813|0.000000|1.000000|1.000000|1.000000
AEG700_011_1089|13|123.644341|340.308441|89.078232|0.000000|-140.000305|0.000000|1.000000|1.000000|1.000000
AEG700_012_1007|13|-46.752647|350.073212|72.213631|0.000000|131.228149|0.000000|1.000000|1.000000|1.000000
AEG700_012_1015|13|102.842049|332.546936|52.463676|0.000000|131.228149|0.000000|1.000000|1.000000|1.000000
AEG700_013_1000|13|-15.824570|343.826630|64.696136|0.000000|38.238449|0.000000|1.000000|1.000000|1.000000
AEG700_013_1117|13|-54.900917|349.500946|86.234322|0.000000|39.999996|0.000000|1.000000|1.000000|1.000000
AEG700_013_1119|13|-32.696960|348.219299|77.556435|0.000000|129.999176|0.000000|1.000000|1.000000|1.000000
AEG700_013_1139|13|131.086838|328.104919|43.822090|0.000000|38.238449|0.000000|1.000000|1.000000|1.000000
AEG700_013_1140|13|94.693779|333.767761|66.484367|0.000000|39.999996|0.000000|1.000000|1.000000|1.000000
AEG700_013_1141|13|111.895477|331.454498|56.628696|0.000000|129.999176|0.000000|1.000000|1.000000|1.000000
AEG700_013_1142|13|52.671219|338.050568|87.193512|0.000000|39.999683|0.000000|1.000000|1.000000|1.000000
AEG700_014_1123|13|-72.445732|357.791748|120.373772|-0.010991|39.999813|-0.002921|1.000000|1.000000|1.000000
AEG700_014_1126|13|-19.741070|343.826630|49.048725|-0.010991|-141.761551|-0.002921|1.000000|1.000000|1.000000
AEG700_014_1127|13|-92.396744|358.453583|112.061249|-0.010991|129.999649|-0.002921|1.000000|1.000000|1.000000
AEG700_014_1131|13|-58.177505|349.784149|69.716980|-0.010991|-49.999908|-0.002921|1.000000|1.000000|1.000000
AEG700_014_1144|13|-56.799385|358.260712|137.788849|0.000000|39.999298|0.000000|1.000000|1.000000|1.000000
AEG700_014_1145|13|-22.341530|351.011292|105.103233|0.000000|129.999435|0.000000|1.000000|1.000000|1.000000
AEG700_014_1146|13|-26.675621|349.212830|84.293900|-0.010991|-140.000595|-0.002921|1.000000|1.000000|1.000000
AEG700_014_1147|13|77.476738|344.158936|101.800293|-0.010991|39.999813|-0.002921|1.000000|1.000000|1.000000
AEG700_014_1148|13|127.782257|326.540588|27.692829|-0.010991|-141.761551|-0.002921|1.000000|1.000000|1.000000
AEG700_014_1149|13|62.982407|341.744751|87.980118|-0.010991|129.999649|-0.002921|1.000000|1.000000|1.000000
AEG700_014_1150|13|90.515266|331.919434|50.309875|-0.010991|-49.999908|-0.002921|1.000000|1.000000|1.000000
AEG700_014_1151|13|90.723839|347.047974|116.432693|0.000000|39.999298|0.000000|1.000000|1.000000|1.000000
AEG700_014_1152|13|134.800079|337.212097|80.339371|0.000000|129.999146|0.000000|1.000000|1.000000|1.000000
AEG700_014_1153|13|121.638893|336.203644|63.066784|-0.010991|-140.000595|-0.002921|1.000000|1.000000|1.000000
AEG700_014_1154|13|101.439644|340.584869|90.375244|0.000000|-50.000641|0.000000|1.000000|1.000000|1.000000
AEG700_015_1006|13|-75.924095|355.685913|95.262184|0.000000|39.999619|0.000000|1.000000|1.000000|1.000000
AEG700_015_1007|13|-112.328415|358.571411|109.733322|0.000000|39.999710|0.000000|1.000000|1.000000|1.000000
AEG700_015_1013|13|73.998543|340.071533|76.689064|0.000000|39.999619|0.000000|1.000000|1.000000|1.000000
AEG700_015_1014|13|43.050735|341.862579|85.652191|0.000000|39.999710|0.000000|1.000000|1.000000|1.000000
AEG700_030_1007|13|-20.822218|349.993958|91.655441|0.000000|-51.761585|0.000000|1.000000|1.000000|1.000000
AEG700_030_1010|13|-73.125839|358.583008|102.961510|0.000000|-140.000137|0.000000|1.000000|1.000000|1.000000
AEG700_030_1011|13|123.891838|337.512726|72.512932|0.000000|-141.761612|0.000000|1.000000|1.000000|1.000000
AEG700_030_1012|13|76.715988|342.968628|84.456200|0.000000|-140.000137|0.000000|1.000000|1.000000|1.000000
AEG700_031_1024|13|-64.757042|355.857422|95.403297|0.000000|39.999710|0.000000|1.000000|1.000000|1.000000
AEG700_031_1026|13|-66.195732|357.673981|126.773445|0.000000|-140.000748|0.000000|1.000000|1.000000|1.000000
AEG700_031_1027|13|-59.573380|349.854706|80.687248|0.000000|-140.000137|0.000000|1.000000|1.000000|1.000000
AEG700_031_1031|13|-30.629818|353.184692|111.960228|-0.000001|-50.000340|4.999998|1.000000|1.000000|1.000000
AEG700_031_1033|13|85.165596|340.255493|76.830177|0.000000|39.999710|0.000000|1.000000|1.000000|1.000000
AEG700_031_1034|13|81.327492|346.461243|105.417290|0.000000|-140.000748|0.000000|1.000000|1.000000|1.000000
AEG700_031_1035|13|90.021317|333.692932|60.937294|0.000000|-140.000137|0.000000|1.000000|1.000000|1.000000
AEG700_031_1036|13|110.678474|339.259766|83.145561|-0.000001|-50.000340|4.999998|1.000000|1.000000|1.000000
AEG700_045_1006|13|-66.098846|350.790527|99.764320|0.000000|129.999908|0.000000|1.000000|1.000000|1.000000
AEG700_045_1011|13|83.823792|335.176147|81.191200|0.000000|129.999908|0.000000|1.000000|1.000000|1.000000
AEG700_047_1009|13|-35.453991|353.096436|106.801239|0.000000|129.999573|0.000000|1.000000|1.000000|1.000000
AEG700_048_1029|13|-60.238205|350.191742|80.667770|0.000000|129.999725|0.000000|1.000000|1.000000|1.000000
AEG700_048_1030|13|-92.973877|359.117706|112.105370|-0.010991|39.999477|-0.002921|1.000000|1.000000|1.000000
AEG700_048_1033|13|-57.979362|350.620636|69.601204|0.000000|-140.000168|0.000000|1.000000|1.000000|1.000000
AEG700_048_1036|13|-22.366558|349.467468|88.931572|0.000000|-51.761585|-0.000000|1.000000|1.000000|1.000000
AEG700_048_1047|13|89.534988|334.439636|60.865242|0.000000|129.999725|0.000000|1.000000|1.000000|1.000000
AEG700_048_1048|13|62.405273|342.408875|88.024239|-0.010991|39.999477|-0.002921|1.000000|1.000000|1.000000
AEG700_048_1049|13|91.135620|333.075317|50.253777|0.000000|-140.000168|0.000000|1.000000|1.000000|1.000000
AEG801_006_7000|13|-103.096832|354.081787|65.153877|-1.674611|-40.740486|-3.072556|1.000000|1.000000|1.000000
AEG801_006_7001|13|-100.114098|353.782501|70.819061|-3.034622|-43.087395|-4.024964|1.000000|1.000000|1.000000
AEG801_006_7002|13|-88.821594|352.820801|76.247490|5.430656|137.383987|1.643863|0.824504|0.824504|0.824504
AEG801_006_7003|13|-115.789955|360.922852|121.341820|7.051816|136.757309|-0.254357|1.000000|1.000000|1.000000
AEG801_006_7004|13|112.326248|340.080872|88.475929|-0.607749|-131.339554|4.297501|0.774300|0.774300|0.774300
AEG801_006_7005|13|113.917450|340.149567|93.850723|-0.302694|-115.970955|9.460769|1.000000|1.000000|1.000000
AEG801_006_7006|13|-116.861092|285.946381|20.668961|-4.510137|70.247917|-14.301280|1.000000|1.000000|1.000000
AEG801_006_7007|13|45.236916|259.364044|-98.610664|-4.794910|66.600769|-4.709160|1.000000|1.000000|1.000000
AEG801_006_7008|13|2.376657|355.568176|122.744492|0.000000|122.270088|0.000000|1.000000|1.000000|1.000000
AEG801_006_7009|13|99.788185|312.501038|-30.887562|7.240383|142.804245|-11.918328|0.774300|0.774300|0.774300
AEG801_006_7010|13|83.537170|339.692963|82.077934|9.195210|119.684845|-12.229544|1.000000|1.000000|1.000000
AEG801_006_7011|13|27.629147|309.124603|35.763737|17.007227|-147.621735|-2.246909|1.000000|1.000000|1.000000
AEG801_006_7012|13|54.663231|310.874115|16.476631|20.226759|-126.691391|1.591025|1.020000|1.020000|1.020000
AEG801_006_7013|13|-2.889467|259.821381|-65.294853|7.775733|-150.514740|0.077072|1.000000|1.000000|1.000000
AEG801_006_7014|13|63.124786|351.652618|120.992355|11.505508|126.245651|-10.055831|0.774300|0.774300|0.774300
AEG801_006_7015|13|-39.881332|291.549347|24.743483|-19.989717|70.817902|-4.100351|0.991549|0.991549|0.991549
AEG801_006_7016|13|19.432497|361.691223|147.083694|-5.829563|-84.098305|12.695845|0.774300|0.774300|0.774300
AEG801_006_7017|13|-54.040977|341.625458|45.815987|15.216187|-174.276001|3.045116|0.842800|0.842800|0.842800
AEG801_006_7018|13|-111.991699|277.837097|6.175910|-17.926739|-13.991285|3.089021|0.842800|0.842800|0.842800
AEG801_006_7019|13|-123.166954|273.864014|-4.615656|-12.668382|-46.188141|17.942799|1.020000|1.020000|1.020000
AEG801_006_7020|13|66.684570|350.445953|117.228966|2.483730|-112.101959|14.870769|1.000000|1.000000|1.000000
AEG801_006_7021|13|-101.823273|285.459534|18.818720|6.296807|147.059814|-10.098489|1.000000|1.000000|1.000000
AEG801_006_7022|13|-2.764145|289.167084|-45.327770|-2.950330|15.208562|9.887409|1.020000|1.020000|1.020000
AEG801_006_7023|13|66.477722|342.937866|88.985115|12.919685|-156.742950|8.493450|1.000000|1.000000|1.000000
AEG801_006_7024|13|-119.289314|274.272797|-3.990826|16.204048|-138.163574|13.804931|1.020000|1.020000|1.020000
AEG801_006_7025|13|-86.373566|283.096985|17.750622|-13.424701|35.596870|-2.788540|1.000000|1.000000|1.000000
AEG801_006_7026|13|-85.087189|265.054321|-53.459885|10.309405|-85.938469|12.945339|0.991549|0.991549|0.991549
AEG801_006_7027|13|-76.853302|360.430176|150.781326|-3.821578|-81.216400|9.404321|1.020000|1.020000|1.020000
AEG801_006_7028|13|-17.330675|258.169952|-72.384155|4.360499|-100.841362|7.836113|1.020000|1.020000|1.020000
AEG801_006_7029|13|101.843285|344.166473|103.733734|15.899014|145.512405|-3.184110|0.774300|0.774300|0.774300
AEG801_006_7030|13|14.494548|304.999603|31.196264|13.052847|-105.070480|13.918288|1.000000|1.000000|1.000000
AEG801_006_7031|13|18.071865|353.678467|116.853737|16.027260|179.950760|5.105813|1.000000|1.000000|1.000000
AEG801_006_7032|13|58.324097|340.941803|80.350601|15.106328|152.946854|-4.740523|1.000000|1.000000|1.000000
AEG801_006_7033|13|-27.338335|255.462128|-90.772194|-5.614769|49.177567|0.706898|0.774300|0.774300|0.774300
AEG801_006_7034|13|76.908424|317.084106|11.538927|7.766254|-90.486931|22.054487|1.000000|1.000000|1.000000
AEG801_006_7035|13|-47.368202|286.798584|8.104420|1.614520|137.566055|-16.600908|1.000000|1.000000|1.000000
AEG801_006_7036|13|-90.032738|283.212402|19.401367|0.520076|107.599861|-12.134081|0.774300|0.774300|0.774300
AEG801_006_7037|13|-6.433128|291.515961|-19.432251|11.757406|-144.460678|-8.170510|1.000000|1.000000|1.000000
AEG801_006_7038|13|-2.354138|257.803070|-88.832771|-1.181718|-30.786549|8.224859|1.000000|1.000000|1.000000
AEG801_006_7039|13|26.140835|335.552277|50.409241|5.319323|158.503906|-3.393533|1.000000|1.000000|1.000000
AEG801_006_7041|13|-125.636780|364.174988|156.679901|-5.301805|33.599426|-2.203858|1.000000|1.000000|1.000000
AEG801_006_7042|13|7.781402|260.929352|-61.606346|-8.251181|5.909262|1.310549|1.000000|1.000000|1.000000
AEG801_006_7043|13|32.407291|260.678467|-77.334366|-5.292013|-14.040775|2.727649|1.000000|1.000000|1.000000
AEG801_006_7044|13|51.369598|260.301361|-93.906303|-6.276661|-0.426328|4.796706|1.000000|1.000000|1.000000
AEG801_006_7045|13|-27.796108|257.318359|-74.315933|0.896176|-75.409004|9.082594|1.000000|1.000000|1.000000
AEG801_006_7046|13|119.322357|322.346252|16.601767|11.911767|156.853485|-5.281758|1.000000|1.000000|1.000000
AEG801_006_7047|13|25.362606|261.168335|-68.252335|2.838873|-86.008408|3.700624|1.000000|1.000000|1.000000
AEG801_006_7048|13|-93.747887|364.214630|164.012039|11.502367|-167.499222|5.463907|0.991549|0.991549|0.991549
AEG801_006_7049|13|-43.273006|355.742218|121.941017|-6.939137|-57.342068|3.174182|1.020000|1.020000|1.020000
AEG801_006_7050|13|66.073967|343.829193|92.201736|13.289061|-160.110825|7.757154|1.020000|1.020000|1.020000
AEG801_006_7051|13|-30.973717|352.547333|108.794266|-6.295127|39.930359|-7.306847|0.991549|0.991549|0.991549
AEG801_006_7052|13|-114.017113|367.339050|179.501999|-3.372744|55.975235|-7.854337|1.020000|1.020000|1.020000
AEG801_006_7053|13|31.931488|261.020386|-73.704475|-0.124412|106.504730|-5.593359|1.000000|1.000000|1.000000
AEG801_006_7054|13|-30.792940|293.103943|25.372772|-0.079885|134.255127|-14.511883|1.000000|1.000000|1.000000
AEG801_006_7055|13|35.724945|332.588715|44.138130|-8.416597|-6.597679|-15.446867|1.000000|1.000000|1.000000
AEG801_006_7056|13|-1.399167|348.029816|89.788231|-8.424562|-57.953644|7.648802|1.020000|1.020000|1.020000
AEG801_006_7057|13|-79.569016|284.151672|18.653183|9.662422|154.917191|-13.049539|1.000000|1.000000|1.000000
AEG801_006_7058|13|-122.181282|363.760223|150.512497|-0.445355|84.054420|-3.737864|1.000000|1.000000|1.000000
AEG801_006_7059|13|-37.720100|258.704376|-63.111958|3.561834|120.789970|-9.460990|0.774300|0.774300|0.774300
AEG801_006_7060|13|63.356140|308.324310|-16.165844|-13.209751|100.213661|-10.215221|1.000000|1.000000|1.000000
AEG801_006_7061|13|-70.519501|254.415771|-92.966324|6.092665|121.584023|-8.127190|0.774300|0.774300|0.774300
AEG801_006_7062|13|120.872711|339.692688|83.559776|-9.012976|29.612238|-8.061066|0.774300|0.774300|0.774300
AEG801_006_7063|13|69.675018|351.486877|121.871330|4.524345|94.893204|-14.355133|0.774300|0.774300|0.774300
AEG801_006_7064|13|100.003235|341.878296|92.367302|-6.995508|30.589108|-9.356206|0.991549|0.991549|0.991549
AEG801_006_7065|13|21.231934|303.741333|21.968475|6.598563|-72.579178|19.472734|1.000000|1.000000|1.000000
AEG801_006_7066|13|-50.299633|360.344604|149.068298|-9.019868|-55.212948|13.025363|1.000000|1.000000|1.000000
AEG801_006_7067|13|7.533201|304.019287|32.200134|28.558794|-131.748596|8.181062|1.000000|1.000000|1.000000
AEG801_006_7068|13|30.747587|307.178436|26.177517|14.352635|173.955185|-14.608949|0.774300|0.774300|0.774300
AEG801_006_7069|13|-22.206409|258.779999|-66.561577|-7.905027|-8.221645|3.608553|1.000000|1.000000|1.000000
AEG801_006_7070|13|67.119011|306.588165|-34.479187|6.635337|174.085068|-12.948853|1.000000|1.000000|1.000000
AEG801_006_7072|13|-80.964134|279.094269|-0.758767|8.949954|147.176651|-15.521028|0.774300|0.774300|0.774300
AEG801_006_7073|13|53.915604|311.926666|22.039761|10.346071|176.080460|-15.840850|0.774300|0.774300|0.774300
AEG801_006_7074|13|-73.949844|265.228455|-68.046310|16.059332|-83.089943|1.090728|0.991549|0.991549|0.991549
AEG801_006_7075|13|-116.586197|363.971069|154.359329|5.032593|144.323395|-1.868621|1.000000|1.000000|1.000000
AEG801_006_7076|13|-89.437180|260.782623|-68.325531|19.317961|-136.936234|3.809797|1.020000|1.020000|1.020000
AEG801_006_7077|13|-85.179924|265.726196|-50.258530|-12.101072|-1.935146|13.196227|0.991549|0.991550|0.991549
AEG801_006_7078|13|83.094322|324.321747|29.760328|18.419767|-157.960922|9.907462|1.020000|1.020000|1.020000
AEG801_006_7079|13|17.476198|307.009369|36.734097|18.847582|-127.384781|2.732487|1.020000|1.020000|1.020000
AEG801_006_7080|13|-50.060555|289.153320|21.890480|3.886624|140.961075|-14.439662|1.000000|1.000000|1.000000
AEG801_006_7081|13|15.594360|257.760010|-97.649506|6.812620|-149.140091|0.611356|1.000000|1.000000|1.000000
AEG801_006_7082|13|15.457763|295.402588|-29.616474|14.442652|-129.210617|-2.885808|0.774300|0.774300|0.774300
AEG801_006_7083|13|-97.873344|342.622253|41.884361|9.055492|168.347382|2.414007|1.000000|1.000000|1.000000
AEG801_006_7084|13|-85.710754|341.280365|35.984562|-2.046974|30.474737|-3.882041|0.774300|0.774300|0.774300
AEG801_006_7085|13|22.779701|335.495422|48.113148|11.611459|154.812912|2.528017|1.000000|1.000000|1.000000
AEG801_006_7086|13|-4.048164|339.141388|48.365253|4.031915|-157.420547|8.281660|1.020000|1.020000|1.020000
AEG801_006_7087|13|20.302807|345.280243|85.908150|15.183044|152.206299|-2.047026|1.000000|1.000000|1.000000
AEG801_006_7088|13|39.421791|349.266907|106.505875|12.732675|-160.357513|8.812639|1.020000|1.020000|1.020000
AEG801_006_7089|13|37.184914|347.436279|99.147644|12.402831|-157.044937|9.824490|1.000000|1.000000|1.000000
AEG801_006_7090|13|97.247025|329.023071|43.144936|17.660709|154.443558|-9.995187|1.000000|1.000000|1.000000
AEG801_006_7091|13|101.936638|328.774567|42.472046|1.076219|90.784447|-19.512943|1.000000|1.000000|1.000000
AEG801_006_7092|13|49.788307|298.409729|-59.882717|5.995323|-91.196846|10.330004|0.774300|0.774300|0.774300
AEG801_006_7093|13|-76.322853|250.812332|-116.818878|4.791624|-74.372879|0.108737|1.000000|1.000000|1.000000
AEG801_006_7094|13|-110.960426|250.738937|-104.886414|-8.659960|-6.410915|6.771231|0.991549|0.991550|0.991549
AEG801_006_7095|13|-112.090286|250.083664|-108.320824|3.208686|146.318527|-10.311393|0.774300|0.774300|0.774300
AEG801_006_7096|13|-80.140488|250.610474|-118.264069|-1.395500|145.869476|-1.356102|0.774300|0.774300|0.774300
AEG801_006_7097|13|-49.811810|253.213470|-105.052505|1.755196|-74.558617|5.150208|1.000000|1.000000|1.000000
AEG801_006_7098|13|10.390680|257.037354|-104.524582|-0.284380|47.247391|-1.942856|0.774300|0.774300|0.774300
AEG801_006_7100|13|-121.415939|367.261993|176.757843|5.872951|-178.815308|2.049712|1.000000|1.000000|1.000000
AEG801_006_7101|13|-87.317924|266.722534|-44.295006|18.678905|-135.852707|0.927293|1.020000|1.020000|1.020000
AEG801_006_7104|13|-104.464531|285.025848|18.068621|-9.634381|9.968363|-2.614786|1.020000|1.020000|1.020000
AEG801_006_7105|13|-63.497211|359.031525|144.187302|3.940665|-115.741943|7.865593|1.000000|1.000000|1.000000
AEG801_006_7106|13|-43.476135|358.663025|143.063095|-4.114505|-82.824280|11.577854|1.000000|1.000000|1.000000
AEG801_006_7107|13|-67.761543|364.664886|165.594772|-15.612130|31.379696|-5.428561|1.000000|1.000000|1.000000
AEG801_006_7108|13|8.894217|361.603271|145.234909|10.264437|-121.892471|13.383372|1.000000|1.000000|1.000000
AEG801_006_7109|13|7.523258|362.570618|148.571808|-1.414593|-81.292793|16.359127|1.020000|1.020000|1.020000
AEG801_006_7110|13|-112.676231|362.301025|138.649521|-2.772525|32.569817|-6.389342|1.000000|1.000000|1.000000
AEG801_006_7111|13|-111.427605|360.783142|123.505493|-0.589238|46.725513|-7.080758|1.000000|1.000000|1.000000
AEG801_006_7112|13|-79.292557|360.094421|147.814423|0.375962|-115.803864|8.739366|1.000000|1.000000|1.000000
AEG801_006_7113|13|-67.039520|361.839691|156.483139|-16.148289|31.103752|-6.393414|1.000000|1.000000|1.000000
AEG801_006_7114|13|26.741430|259.179718|-89.612274|-1.114268|106.488625|-6.608162|1.000000|1.000000|1.000000
AEG801_006_7115|13|-10.555663|255.698303|-106.624878|1.551273|-48.111298|2.112605|1.000000|1.000000|1.000000
AEG801_006_7117|13|-10.784252|257.238831|-84.897079|5.324925|-98.316422|2.643912|1.000000|1.000000|1.000000
AEG801_006_7118|13|16.683933|260.065643|-75.763130|-6.505482|16.843565|3.111178|1.000000|1.000000|1.000000
AEG801_006_7119|13|9.672517|259.093140|-82.146324|3.695570|-143.170349|1.144220|1.000000|1.000000|1.000000
AEG801_006_7120|13|-30.482542|254.943359|-96.388428|1.066384|-48.174492|5.011419|1.000000|1.000000|1.000000
AEG801_006_7121|13|0.873868|257.009155|-97.387787|3.374468|-98.429703|5.982179|1.000000|1.000000|1.000000
AEG801_006_7122|13|16.688536|261.215607|-61.003613|6.887071|-164.413879|0.646108|1.000000|1.000000|1.000000
AEG801_006_7127|13|77.630623|282.343384|-76.934486|-5.675142|80.950714|-19.154381|1.000000|1.000000|1.000000
AEG801_006_7130|13|44.751671|261.626495|-73.679214|-6.436512|73.501328|-3.665168|1.000000|1.000000|1.000000
AEG801_006_7131|13|1.575348|299.550293|22.600365|10.732386|-81.713249|14.768974|1.000000|1.000000|1.000000
AEG801_006_7132|13|-82.410728|264.003082|-62.056641|-9.322413|116.756454|-17.585962|1.000000|1.000000|1.000000
AEG801_006_7136|13|45.647259|261.266052|-78.682388|5.602057|-102.074043|3.807038|1.000000|1.000000|1.000000
AEG801_006_7137|13|-100.050316|276.042969|-2.038361|17.246336|-149.693466|3.565195|1.000000|1.000000|1.000000
AEG801_006_7138|13|-50.050613|277.499023|-38.902740|12.185031|-162.893860|-12.349272|1.000000|1.000000|1.000000
AEG801_006_7140|13|-54.506470|257.860046|-66.978035|-3.446926|47.050533|-5.736541|1.000000|1.000000|1.000000
AEG801_006_7141|13|56.661598|261.527069|-86.490479|-6.894303|68.837814|-2.889595|1.000000|1.000000|1.000000
AEG801_006_7144|13|28.283531|258.028381|-101.769073|-2.634721|106.465401|-7.279324|1.000000|1.000000|1.000000
AEG801_006_7146|13|-79.227875|259.947266|-75.404037|10.158897|-100.459976|18.200432|1.000000|1.000000|1.000000
AEG801_006_7150|13|-50.066483|258.520630|-62.185959|2.862887|-98.685486|10.803558|1.000000|1.000000|1.000000
AEG801_006_7151|13|95.172264|316.855896|-1.346460|10.227224|-161.788834|-5.948252|1.000000|1.000000|1.000000
AEG801_006_7152|13|17.523533|293.078247|-47.907970|16.561323|-149.430038|-5.104452|1.000000|1.000000|1.000000
AEG801_006_7156|13|93.400101|288.719391|-54.921406|-8.380823|69.644951|-13.803742|1.000000|1.000000|1.000000
AEG801_006_7157|13|-105.852348|272.876831|-10.560620|-17.837761|6.534334|4.390036|1.000000|1.000000|1.000000
AEG801_006_7159|13|-94.808121|262.307251|-57.715126|-9.428639|0.644551|12.175826|1.000000|1.000000|1.000000
AEG801_006_7167|13|-52.395069|277.360260|-35.544964|12.289342|-75.575050|11.814398|1.000000|1.000000|1.000000
AEG801_006_7170|13|73.577255|281.560211|-78.632156|6.597390|160.834976|-0.056747|1.000000|1.000000|1.000000
AEG801_006_7175|13|-97.878777|265.678467|-40.295246|11.041108|-99.638252|11.882343|1.000000|1.000000|1.000000
AEG801_006_7183|13|5.233217|290.797577|-45.841675|-17.222834|50.113712|9.293865|1.000000|1.000000|1.000000
AEG801_006_7188|13|-55.628639|256.152832|-80.069496|-7.927958|-1.104863|-0.650691|1.000000|1.000000|1.000000
AEG801_006_7199|13|92.093948|287.560211|-58.879929|-11.162915|66.891968|-11.984655|1.000000|1.000000|1.000000
AEG801_006_7228|13|-107.070747|286.700470|23.874866|-5.019182|67.746925|-13.972403|1.000000|1.000000|1.000000
AEG801_006_7286|13|61.134495|320.420135|24.847471|-7.288975|52.337605|-12.054646|1.000000|1.000000|1.000000
AEG801_006_7291|13|-53.058933|255.100449|-87.528000|1.501248|-98.772575|8.562735|1.000000|1.000000|1.000000
AEG801_006_7292|13|112.029190|336.296082|68.547264|12.732978|153.710983|-7.801927|1.000000|1.000000|1.000000
AEG801_006_7293|13|124.463760|339.721252|85.548248|-7.853059|-59.631840|4.579123|1.000000|1.000000|1.000000
AEG801_006_7294|13|90.815262|339.370758|79.354301|-9.613802|-57.618809|10.738070|0.991549|0.991549|0.991549
AEG801_006_7295|13|-91.964798|343.246735|48.427612|1.688396|78.758453|-9.934366|1.000000|1.000000|1.000000
AEG801_006_7296|13|-3.622792|352.852783|113.582703|-6.229493|-57.041676|12.460424|1.000000|1.000000|1.000000
AEG801_006_7297|13|-22.289890|353.647583|116.369179|6.225773|-148.540573|7.000398|1.000000|1.000000|1.000000
AEG801_006_7298|13|-34.731750|355.287354|123.076096|-4.244281|31.473082|-6.853322|1.000000|1.000000|1.000000
AEG801_006_7299|13|-109.855820|366.498474|174.908981|7.804285|-167.277542|4.268404|0.991549|0.991549|0.991549
AEG801_006_7300|13|-106.007065|366.429779|175.337158|3.171858|103.370300|-8.744846|0.991549|0.991550|0.991549
AEG801_006_7301|13|-85.803566|360.078033|143.842712|-7.123199|-58.730694|2.405811|1.000000|1.000000|1.000000
AEG801_006_7302|13|-13.988700|354.908722|124.632858|4.277174|122.568497|-9.145997|1.000000|1.000000|1.000000
AEG801_006_7303|13|-20.111631|351.952087|106.633705|9.044673|130.416321|-4.296575|0.991549|0.991550|0.991549
AEG801_011_7000|13|-102.827507|354.051971|66.439636|0.000000|-107.665703|0.000000|1.000000|1.000000|1.000000
AEG801_011_7001|13|-115.647041|361.119965|123.622337|0.000000|-147.341232|0.000000|1.000000|1.000000|1.000000
AEG801_011_7002|13|-78.607780|360.119659|148.276428|0.000000|-148.624695|0.000000|1.000000|1.000000|1.000000
AEG801_011_7003|13|-122.537384|366.992920|173.949875|0.000000|-148.526825|0.000000|1.000000|1.000000|1.000000
AEG801_011_7004|13|26.882812|259.021576|-91.192101|0.000000|-147.415619|0.000000|1.000000|1.000000|1.000000
AEG801_011_7005|13|-29.575867|255.217407|-92.055168|0.000000|-147.102005|0.000000|1.000000|1.000000|1.000000
AEG801_011_7006|13|-9.445611|257.259369|-86.514503|0.000000|123.012756|0.000000|1.000000|1.000000|1.000000
AEG801_011_7007|13|-0.939121|258.800995|-74.256653|0.000000|123.175369|0.000000|1.000000|1.000000|1.000000
AEG801_011_7008|13|-29.323963|258.692719|-65.143890|0.000000|-147.336670|0.000000|1.000000|1.000000|1.000000
AEG801_011_7009|13|-2.164183|259.542084|-68.071571|0.000000|-56.397022|0.000000|1.000000|1.000000|1.000000
AEG801_011_7010|13|-12.814791|259.729034|-61.927906|0.000000|-54.112400|0.000000|1.000000|1.000000|1.000000
AEG801_011_7011|13|16.155422|261.203979|-60.984932|0.000000|124.035118|0.000000|1.000000|1.000000|1.000000
AEG801_011_7012|13|35.030361|260.906433|-75.698074|0.000000|-55.632244|0.000000|1.000000|1.000000|1.000000
AEG801_011_7013|13|56.759487|261.791168|-83.638802|0.000000|-147.182205|0.000000|1.000000|1.000000|1.000000
AEG801_011_7014|13|23.316254|304.516754|22.987572|0.000000|34.378601|0.000000|1.000000|1.000000|1.000000
AEG801_011_7015|13|-78.726608|259.338745|-77.307266|0.000000|123.848228|0.000000|1.000000|1.000000|1.000000
AEG801_011_7016|13|-49.054420|286.888855|9.987316|0.000000|122.187263|0.000000|1.000000|1.000000|1.000000
AEG801_011_7017|13|-79.578979|269.320038|-41.514515|0.000000|126.238785|0.000000|1.000000|1.000000|1.000000
AEG801_011_7018|13|44.405674|259.127289|-100.503365|0.000000|-56.177654|0.000000|1.000000|1.000000|1.000000
AEG801_011_7019|13|88.160355|280.910583|-84.576408|0.000000|123.338219|0.000000|1.000000|1.000000|1.000000
AEG801_011_7020|13|93.938751|316.436890|-2.974106|0.000000|35.387627|0.000000|1.000000|1.000000|1.000000
AEG801_011_7021|13|78.888733|282.028748|-78.147865|0.000000|-47.137341|0.000000|1.000000|1.000000|1.000000
AEG801_011_7023|13|-99.940849|286.000671|20.583843|0.000000|33.659355|0.000000|1.000000|1.000000|1.000000
AEG801_011_7024|13|-98.936157|265.884766|-38.727249|0.000000|122.973801|0.000000|1.000000|1.000000|1.000000
AEG801_011_7025|13|18.544762|293.274475|-48.086922|0.000000|118.911148|0.000000|1.000000|1.000000|1.000000
AEG801_011_7026|13|-71.544724|254.679855|-91.626076|0.000000|31.580793|0.000000|1.000000|1.000000|1.000000
AEG801_011_7027|13|-6.185204|291.538483|-19.915840|0.000000|-145.614532|0.000000|1.000000|1.000000|1.000000
AEG801_011_7029|13|18.479885|257.813110|-98.521233|0.000000|124.106476|0.000000|1.000000|1.000000|1.000000
AEG801_011_7031|13|-54.375576|256.356110|-78.492638|0.000000|-148.186752|0.000000|1.000000|1.000000|1.000000
AEG801_011_7032|13|-2.364227|289.073517|-47.605698|0.000000|-96.818840|0.000000|1.000000|1.000000|1.000000
AEG801_011_7060|13|-51.260780|255.090500|-87.633339|0.000000|125.596268|0.000000|1.000000|1.000000|1.000000
AEG801_011_7061|13|-51.460781|253.090485|-104.600685|0.000000|125.661560|0.000000|1.000000|1.000000|1.000000
AEG801_011_7062|13|95.541405|286.934601|-62.164009|0.000000|34.145515|0.000000|1.000000|1.000000|1.000000
AEG801_011_7063|13|99.191231|328.332092|41.381554|0.000000|-56.948345|0.000000|1.000000|1.000000|1.000000
AEG801_011_7064|13|-29.746206|352.487854|108.384850|0.000000|-55.971565|0.000000|1.000000|1.000000|1.000000
AEG801_011_7065|13|-106.671410|366.715973|176.984375|0.000000|121.842117|0.000000|1.000000|1.000000|1.000000
AEG801_011_7066|13|111.773033|340.066986|88.047829|0.000000|-146.050247|0.000000|1.000000|1.000000|1.000000
AEG801_015_7000|13|-87.066711|359.025757|123.201866|0.000000|-24.395615|0.000000|1.000000|1.000000|1.000000
AEG801_015_7001|13|-4.108414|257.591675|-89.089432|0.000000|-23.477968|0.000000|1.000000|1.000000|1.000000
AEG801_015_7002|13|28.360075|259.394958|-88.339531|0.000000|-113.972733|0.000000|1.000000|1.000000|1.000000
AEG801_015_7003|13|-21.497406|258.411682|-69.357094|0.000000|157.049026|0.000000|1.000000|1.000000|1.000000
AEG801_015_7004|13|9.730940|257.029938|-103.965645|0.000000|-113.593636|0.000000|1.000000|1.000000|1.000000
AEG801_015_7005|13|-32.069859|254.881714|-95.411110|0.000000|157.209457|0.000000|1.000000|1.000000|1.000000
AEG801_015_7006|13|-0.159391|258.664917|-76.188377|0.000000|156.651566|0.000000|1.000000|1.000000|1.000000
AEG801_015_7007|13|26.580719|261.173950|-69.153542|0.000000|156.398788|0.000000|1.000000|1.000000|1.000000
AEG801_015_7008|13|-97.676239|261.621643|-58.190498|0.000000|-22.243183|0.000000|1.000000|1.000000|1.000000
AEG801_015_7010|13|94.339378|288.640320|-55.706295|0.000000|163.338379|0.000000|1.000000|1.000000|1.000000
AEG801_015_7012|13|19.467800|303.363678|22.013626|0.000000|160.560623|0.000000|1.000000|1.000000|1.000000
AEG801_015_7013|13|-6.223022|291.324341|-21.709257|0.000000|156.406464|0.000000|1.000000|1.000000|1.000000
AEG801_015_7014|13|-81.451660|264.253479|-61.824203|0.000000|3.433815|0.000000|1.000000|1.000000|1.000000
AEG801_015_7018|13|-70.423180|254.613617|-91.850342|0.000000|-85.149879|0.000000|1.000000|1.000000|1.000000
AEG801_015_7019|13|7.088165|291.189911|-45.787426|0.000000|155.918274|0.000000|1.000000|1.000000|1.000000
AEG801_015_7020|13|-120.949883|274.946106|-2.273811|0.000000|-169.998978|0.000000|1.000000|1.000000|1.000000
AEG801_015_7021|13|-47.070534|287.559174|11.372681|0.000000|67.432869|0.000000|1.000000|1.000000|1.000000
AEG801_015_7022|13|46.661064|259.355133|-99.251274|0.000000|65.725899|0.000000|1.000000|1.000000|1.000000
AEG801_015_7023|13|111.450851|336.601135|69.876488|0.000000|-23.161484|0.000000|1.000000|1.000000|1.000000
AEG801_015_7024|13|-23.452795|353.866089|117.425606|0.000000|-19.468086|0.000000|1.000000|1.000000|1.000000
AEG801_016_7000|13|112.083649|340.198639|91.457382|0.000000|-124.552315|0.000000|1.000000|1.000000|1.000000
AEG801_016_7001|13|31.438702|309.836151|35.725883|0.000000|49.619061|0.000000|1.000000|1.000000|1.000000
AEG801_016_7002|13|-120.860580|363.740540|150.256027|0.000000|-12.168443|0.000000|1.000000|1.000000|1.000000
AEG801_016_7003|13|-101.152405|285.731232|19.602520|0.000000|-60.883823|0.000000|1.000000|1.000000|1.000000
AEG801_016_7004|13|-89.957993|283.269623|19.653702|0.000000|41.545284|0.000000|1.000000|1.000000|1.000000
AEG801_016_7005|13|-124.365295|364.082245|155.483444|0.000000|-60.263435|0.000000|1.000000|1.000000|1.000000
AEG801_016_7006|13|-111.820961|278.024811|6.785683|0.000000|-125.866714|0.000000|1.000000|1.000000|1.000000
AEG801_016_7007|13|-1.394199|258.245300|-84.065567|0.000000|-68.025345|0.000000|1.000000|1.000000|1.000000
AEG801_016_7008|13|-3.646896|352.551758|112.353577|0.000000|-75.713455|0.000000|1.000000|1.000000|1.000000
AEG801_016_7009|13|-57.514641|287.048218|17.461472|0.000000|172.892990|0.000000|1.000000|1.000000|1.000000
AEG801_016_7010|13|-28.056854|255.433502|-90.158096|0.000000|-36.952290|0.000000|1.000000|1.000000|1.000000
AEG801_016_7012|13|6.441004|259.955475|-68.966164|0.000000|114.959160|0.000000|1.000000|1.000000|1.000000
AEG801_016_7013|13|55.849274|261.324188|-87.846077|0.000000|-152.379456|0.000000|1.000000|1.000000|1.000000
AEG801_016_7014|13|-58.555603|358.969269|143.594452|0.000000|112.584892|0.000000|1.000000|1.000000|1.000000
AEG801_016_7015|13|14.362698|304.727295|30.254196|0.000000|55.332947|0.000000|1.000000|1.000000|1.000000
AEG801_016_7016|13|-38.899059|358.143860|141.716492|0.000000|114.872963|0.000000|1.000000|1.000000|1.000000
AEG801_016_7017|13|23.480282|354.088470|119.896034|0.000000|163.242920|0.000000|1.000000|1.000000|1.000000
AEG801_016_7018|13|62.980782|351.743500|121.300720|0.000000|-126.126831|0.000000|1.000000|1.000000|1.000000
AEG801_016_7019|13|10.363253|259.034698|-83.336967|0.000000|-155.019608|0.000000|1.000000|1.000000|1.000000
AEG801_016_7020|13|-65.969383|364.533447|164.732773|0.000000|-56.186939|0.000000|1.000000|1.000000|1.000000
AEG801_016_7021|13|9.080050|361.621155|145.280029|0.000000|111.013145|0.000000|1.000000|1.000000|1.000000
AEG801_016_7022|13|19.173069|258.216217|-95.085846|0.000000|-158.052307|0.000000|1.000000|1.000000|1.000000
AEG801_016_7023|13|-9.312698|255.761826|-107.178230|0.000000|21.059732|0.000000|1.000000|1.000000|1.000000
AEG801_016_7024|13|15.911404|260.138000|-74.211334|0.000000|111.948380|0.000000|1.000000|1.000000|1.000000
AEG801_016_7025|13|-27.092625|257.210205|-75.286949|0.000000|112.023483|0.000000|1.000000|1.000000|1.000000
AEG801_016_7026|13|-27.944366|258.553741|-66.378418|0.000000|21.989267|0.000000|1.000000|1.000000|1.000000
AEG801_016_7027|13|16.951839|261.074371|-62.256207|0.000000|112.006302|0.000000|1.000000|1.000000|1.000000
AEG801_016_7028|13|33.362431|261.004456|-74.250168|0.000000|35.214306|0.000000|1.000000|1.000000|1.000000
AEG801_016_7029|13|-51.086796|258.333923|-63.079094|0.000000|-67.709343|0.000000|1.000000|1.000000|1.000000
AEG801_016_7031|13|87.890717|281.044067|-82.508499|0.000000|52.358860|0.000000|1.000000|1.000000|1.000000
AEG801_016_7033|13|43.624481|261.848541|-70.233650|0.000000|-79.863457|0.000000|1.000000|1.000000|1.000000
AEG801_016_7037|13|1.382774|299.196259|21.256989|0.000000|104.803947|0.000000|1.000000|1.000000|1.000000
AEG801_016_7038|13|-81.118027|268.587097|-42.924988|0.000000|-62.047611|0.000000|1.000000|1.000000|1.000000
AEG801_016_7055|13|30.929775|258.956757|-94.158813|0.000000|114.580322|0.000000|1.000000|1.000000|1.000000
AEG801_016_7056|13|68.607071|281.357819|-81.778725|0.000000|24.449228|0.000000|1.000000|1.000000|1.000000
AEG801_016_7057|13|89.961060|339.172943|78.494980|0.000000|145.302811|0.000000|1.000000|1.000000|1.000000
AEG801_016_7058|13|-110.480675|366.304688|173.547852|0.000000|167.628082|0.000000|1.000000|1.000000|1.000000
AEG801_016_7059|13|-98.354248|362.161285|150.475754|0.000000|77.261703|0.000000|1.000000|1.000000|1.000000
AEG801_111_7000|13|2.200586|355.181305|121.230225|0.000000|47.916698|0.000000|0.799009|0.799009|0.799009
AEG801_111_7001|13|-122.206047|363.814880|151.409241|0.000000|-69.030922|0.000000|0.903812|0.903812|0.903812
AEG801_111_7002|13|5.671879|303.820496|33.827858|0.000000|-124.090355|0.000000|1.000000|1.000000|1.000000
AEG801_111_7003|13|-111.912880|367.126831|179.671600|0.000000|179.787247|0.000000|1.000000|1.000000|1.000000
AEG801_111_7004|13|-59.229786|373.343872|162.444077|0.000027|-167.052765|-0.000001|1.000000|1.000000|1.000000
AEG801_111_7005|13|-29.010675|255.117142|-92.335159|0.000000|-69.144318|0.000000|0.903812|0.903812|0.903812
AEG801_111_7006|13|9.461213|259.044983|-80.731079|0.000000|-159.051956|0.000000|0.903812|0.903812|0.903812
AEG801_111_7007|13|58.218723|261.805389|-85.004684|0.000000|110.260582|0.000000|0.903812|0.903812|0.903812
AEG801_111_7008|13|-0.291702|299.497864|24.300385|0.000000|-160.317032|0.000000|0.870138|0.870138|0.870138
AEG801_111_7009|13|52.203796|309.870605|16.131821|0.000000|112.317856|0.000000|0.903812|0.903812|0.903812
AEG801_111_7010|13|42.112823|261.387756|-71.464828|0.000000|-174.147141|0.000000|0.903812|0.903812|0.903812
AEG801_111_7012|13|44.404175|261.026886|-78.833031|0.000000|-158.996445|0.000000|0.903812|0.903812|0.903812
AEG801_111_7013|13|-85.159805|264.455139|-55.098167|0.000000|16.830614|0.000000|0.903812|0.903812|0.903812
AEG801_111_7014|13|-2.401596|289.300507|-44.094994|0.000000|-70.032936|0.000000|0.903812|0.903812|0.903812
AEG801_111_7017|13|-13.605904|255.397232|-104.186127|0.000000|-155.172470|0.000000|0.903812|0.903812|0.903812
AEG801_111_7018|13|112.186371|335.386932|66.184059|0.000000|114.918411|0.000000|0.903812|0.903812|0.903812
AEG801_111_7019|13|-93.898788|365.886749|172.574417|0.000000|44.313580|0.000000|0.799009|0.799009|0.799009
AEG801_111_7020|13|-78.478264|362.903809|161.869232|0.000000|-46.891819|0.000000|0.799009|0.799009|0.799009
AEG801_250_7000|13|-40.072929|291.311310|23.650478|0.000000|-146.239700|0.000000|1.000000|1.000000|1.000000
AEG801_250_7001|13|13.767640|257.578186|-98.450966|0.000000|26.393436|0.000000|0.719176|0.719176|0.719176
AEG801_250_7002|13|2.961706|355.977051|124.246628|0.000000|-47.896282|0.000000|1.000000|1.000000|1.000000
AEG801_250_7003|13|26.176880|308.520844|34.576927|0.000000|-50.007683|0.000000|0.689231|0.689231|0.689231
AEG801_250_7004|13|54.361023|310.543762|15.473877|0.000000|-1.104370|0.000000|0.600000|0.600000|0.600000
AEG801_250_7005|13|21.462246|303.830780|22.095512|0.000000|-69.600014|0.000000|0.927884|0.927884|0.927884
AEG801_250_7006|13|113.056610|340.131561|91.937393|0.000000|6.195473|0.000000|0.700000|0.700000|0.700000
AEG801_250_7007|13|-26.824875|255.475281|-91.356453|0.000000|-144.233353|0.000000|0.740930|0.740930|0.740930
AEG801_250_7008|13|-124.031830|364.255554|157.219757|0.000000|161.359909|0.000000|0.600000|0.600000|0.600000
AEG801_250_7009|13|-111.743515|277.542694|5.408462|0.000000|118.612480|0.000000|0.600000|0.600000|0.600000
AEG801_250_7010|13|-120.716148|363.799896|151.189514|0.000000|-23.235304|0.000000|1.000000|1.000000|1.000000
AEG801_250_7011|13|-89.350365|280.015015|6.841013|0.000000|101.687798|0.000000|1.000000|1.000000|1.000000
AEG801_250_7012|13|-92.146233|364.257416|164.536133|0.000000|-70.042336|0.000000|0.600000|0.600000|0.600000
AEG801_250_7013|13|-87.554382|280.634583|7.699921|0.000000|-132.302383|0.000000|0.600000|0.600000|0.600000
AEG801_250_7014|13|66.974724|350.290558|116.702148|0.000000|110.942444|0.000000|0.660352|0.660351|0.660352
AEG801_250_7015|13|-81.425400|283.855804|18.488743|0.000000|30.746151|0.000000|0.700000|0.700000|0.700000
AEG801_250_7016|13|-118.109528|363.993683|154.286453|0.000000|83.550949|0.000000|0.700000|0.700000|0.700000
AEG801_250_7017|13|29.666245|309.212830|34.370667|0.000000|-25.379988|0.000000|1.000000|1.000000|1.000000
AEG801_250_7018|13|-51.353760|360.451416|149.467499|0.000000|9.850224|0.000000|0.900000|0.900000|0.900000
AEG801_250_7019|13|-55.289368|287.319489|17.111382|0.000000|-128.811493|0.000000|0.722514|0.722514|0.722514
AEG801_250_7020|13|-113.636345|367.244781|178.925171|0.000000|121.087837|0.000000|0.800000|0.800000|0.800000
AEG801_250_7021|13|-88.402298|266.471710|-44.336464|0.000000|-41.429379|0.000000|0.669660|0.669660|0.669660
AEG801_250_7022|13|15.768399|257.882355|-96.601273|0.000000|-156.380890|0.000000|1.000000|1.000000|1.000000
AEG801_250_7023|13|11.059412|349.995148|101.282005|0.000000|-140.433945|0.000000|0.550000|0.550000|0.550000
AEG801_250_7024|13|113.361145|340.032928|88.422897|0.000000|71.334473|0.000000|0.550000|0.550000|0.550000
AEG801_250_7025|13|25.304840|261.221710|-67.307274|0.000000|-125.953239|-0.000000|0.692316|0.692316|0.692316
AEG801_250_7027|13|37.437962|260.495911|-81.173912|0.000000|-60.772865|0.000000|0.600000|0.600000|0.600000
AEG801_250_7028|13|-4.257267|259.617889|-66.259102|0.000000|42.934837|0.000000|0.600000|0.600000|0.600000
AEG801_250_7029|13|-2.134869|257.960815|-87.252892|0.000000|-135.802917|0.000000|1.000000|1.000000|1.000000
AEG801_250_7030|13|-9.513367|353.785461|118.265533|0.000000|-90.405426|0.000000|0.700000|0.700000|0.700000
AEG801_250_7031|13|-47.181099|286.957062|8.647228|0.000000|-47.149513|0.000000|0.770516|0.770516|0.770516
AEG801_250_7032|13|22.210423|354.609802|121.247398|0.000000|105.018829|0.000000|0.851680|0.851680|0.851680
AEG801_250_7033|13|63.593010|351.446381|120.321579|0.000004|163.941467|-0.000000|0.625775|0.625775|0.625775
AEG801_250_7034|13|73.366035|351.617737|123.205925|0.000000|-31.270044|0.000000|1.000000|1.000000|1.000000
AEG801_250_7035|13|70.713051|351.272827|121.287148|-0.000001|-145.118622|-0.000005|0.481487|0.481487|0.481488
AEG801_250_7036|13|-63.100445|358.876526|143.084702|0.000000|53.186710|0.000000|1.000000|1.000000|1.000000
AEG801_250_7037|13|7.739182|304.379761|33.423607|0.000000|30.264050|0.000000|1.000000|1.000000|1.000000
AEG801_250_7038|13|-16.305069|258.056427|-73.481331|0.000000|139.971970|0.000000|0.550000|0.550000|0.550000
AEG801_250_7039|13|22.674896|353.633881|118.103844|0.000000|0.181328|0.000000|0.550000|0.550000|0.550000
AEG801_250_7040|13|100.407562|342.211456|94.434540|0.000000|138.698380|0.000000|0.600000|0.600000|0.600000
AEG801_250_7041|13|-113.521935|360.697174|120.925980|0.000000|156.117966|0.000000|1.000000|1.000000|1.000000
AEG801_250_7042|13|-87.455078|358.939209|121.132492|0.000000|-88.603058|0.000000|0.978143|0.978143|0.978143
AEG801_250_7043|13|-66.243439|365.011047|167.771271|0.000000|167.155975|0.000000|0.600000|0.600000|0.600000
AEG801_250_7044|13|8.159304|362.337860|147.689255|0.000000|-70.638039|0.000000|0.750000|0.750000|0.750000
AEG801_250_7045|13|-76.505150|359.860718|147.281464|0.000000|41.367176|0.000000|0.600000|0.600000|0.600000
AEG801_250_7046|13|-20.899418|258.795532|-66.844101|0.000000|113.686623|0.000000|0.847602|0.847602|0.847602
AEG801_250_7047|13|29.234795|258.848450|-94.218445|0.000000|144.813141|0.000000|1.000000|1.000000|1.000000
AEG801_250_7048|13|-10.987962|255.733551|-104.871437|0.000000|-66.269844|0.000000|0.847602|0.847602|0.847602
AEG801_250_7049|13|-12.451996|255.796600|-102.933006|0.000000|126.439873|0.000000|0.638383|0.638383|0.638383
AEG801_250_7050|13|-28.198498|257.455902|-73.269791|0.000000|49.308681|0.000000|0.550000|0.550000|0.550000
AEG801_250_7051|13|9.285915|259.110046|-81.921188|0.000000|-41.729214|0.000000|0.844719|0.844719|0.844719
AEG801_250_7052|13|-1.860439|258.604218|-75.470917|0.000000|49.038479|0.000000|0.667068|0.667068|0.667068
AEG801_250_7053|13|-2.419174|257.434723|-92.358574|0.000000|134.159729|0.000000|0.796201|0.796201|0.796201
AEG801_250_7054|13|6.503419|260.772308|-62.317348|0.000000|144.094620|0.000000|0.692316|0.692316|0.692316
AEG801_250_7055|13|55.884064|261.465668|-86.349724|0.000000|54.385948|0.000000|1.000000|1.000000|1.000000
AEG801_250_7056|13|38.448147|260.393311|-83.046852|0.000000|-150.739090|0.000000|0.919275|0.919275|0.919275
AEG801_250_7057|13|-53.468273|257.927307|-66.205498|0.000000|-154.496582|0.000000|0.719176|0.719176|0.719176
AEG801_250_7059|13|44.026730|259.345276|-98.298004|0.000000|-156.347885|0.000000|1.000000|1.000000|1.000000
AEG801_250_7060|13|-81.048836|264.147491|-63.485794|-0.000000|79.273827|-0.000000|0.692316|0.692316|0.692316
AEG801_250_7064|13|-56.806152|255.628082|-83.090347|0.000000|-136.366837|0.000000|1.000000|1.000000|1.000000
AEG801_250_7065|13|-122.898697|273.031189|-6.811035|0.000000|-31.509912|0.000000|0.671444|0.671444|0.671444
AEG801_250_7066|13|46.061256|261.184326|-80.022644|0.000000|23.560307|0.000000|0.847602|0.847602|0.847602
AEG801_250_7068|13|-28.883160|291.133575|12.916870|0.000000|66.133606|0.000000|1.000000|1.000000|1.000000
AEG801_250_7069|13|-28.407841|291.602692|14.587244|0.000000|36.137756|0.000000|0.600000|0.600000|0.600000
AEG801_250_7070|13|-0.647636|299.135284|23.047371|0.000000|48.813683|0.000000|0.613855|0.613855|0.613855
AEG801_250_7072|13|-1.567020|289.412354|-45.329086|0.000000|69.073570|0.000000|0.636287|0.636287|0.636287
AEG801_250_7073|13|-59.470581|255.853088|-82.691284|0.000000|47.175758|0.000000|0.796201|0.796201|0.796201
AEG801_250_7075|13|67.292732|281.721191|-80.177460|0.000000|-24.024418|0.000000|0.650000|0.650000|0.650000
AEG801_250_7081|13|-84.874908|265.027710|-53.760567|0.000000|27.990133|0.000000|0.550000|0.550000|0.550000
AEG801_250_7082|13|24.854193|257.821777|-102.717720|0.000000|119.077972|0.000000|0.600000|0.600000|0.600000
AEG801_250_7087|13|-95.407928|262.443726|-56.190727|0.000000|144.757904|0.000000|1.000000|1.000000|1.000000
AEG801_250_7094|13|-120.458313|273.724365|-5.292862|0.000000|152.623947|0.000000|1.000000|1.000000|1.000000
AEG801_250_7098|13|4.476212|290.642853|-45.792549|0.000000|171.982010|0.000000|0.826952|0.826952|0.826952
AEG801_250_7099|13|43.558952|261.601898|-72.814621|0.000000|129.148651|0.000000|1.000000|1.000000|1.000000
AEG801_250_7100|13|90.377762|339.514771|79.809181|0.000000|-159.057114|0.000000|0.660352|0.660351|0.660352
AEG801_250_7101|13|110.995750|336.074249|67.818230|0.000000|115.200523|0.000000|0.876237|0.876237|0.876237
AEG801_250_7102|13|-24.081438|353.551697|115.149773|0.000000|133.055710|0.000000|0.888277|0.888277|0.888277
AEG801_250_7103|13|-108.749352|366.256287|173.613190|0.000000|-160.766571|0.000000|1.000000|1.000000|1.000000
AEG801_253_7000|13|73.325119|261.929199|-103.669182|0.000000|169.590988|0.000000|1.000000|1.000000|1.000000
AEG801_253_7001|13|-116.563644|286.137115|21.394398|0.000000|88.324883|0.000000|1.000000|1.000000|1.000000
AEG801_253_7002|13|0.807079|355.598358|123.471619|-0.000000|116.528259|0.000000|1.153969|1.153969|1.153968
AEG801_253_7003|13|114.234894|340.158783|94.075554|0.000000|-44.755325|0.000000|1.000000|1.000000|1.000000
AEG801_253_7004|13|18.739712|304.126404|25.132660|0.000000|52.183743|0.000000|1.000000|1.000000|1.000000
AEG801_253_7005|13|54.437347|311.031982|17.393784|0.000000|-154.978943|0.000000|0.700000|0.700000|0.700000
AEG801_253_7006|13|-105.627121|285.199738|17.797745|0.000000|13.498498|-0.000000|0.869313|0.869313|0.869313
AEG801_253_7007|13|-122.589584|367.293518|176.668213|0.000000|60.056671|-0.000000|0.869312|0.869313|0.869313
AEG801_253_7008|13|19.751682|361.579590|146.721146|0.000000|91.836792|0.000000|0.700000|0.700000|0.700000
AEG801_253_7009|13|101.400879|344.012177|102.921082|0.000000|30.934122|0.000000|0.700000|0.700000|0.700000
AEG801_253_7010|13|-16.901764|258.278320|-71.801430|0.000000|-15.442132|0.000000|0.700000|0.700000|0.700000
AEG801_253_7011|13|65.126518|350.156067|115.782761|0.000000|-123.321129|0.000000|0.800000|0.800000|0.800000
AEG801_253_7012|13|113.450920|336.109680|67.664886|0.000000|6.506601|0.000000|0.700000|0.700000|0.700000
AEG801_253_7013|13|-115.494804|363.916260|154.083420|0.000000|72.651260|0.000000|1.000000|1.000000|1.000000
AEG801_253_7014|13|-86.066742|267.919739|-44.003830|0.000000|31.745409|0.000000|1.000000|1.000000|1.000000
AEG801_253_7015|13|-49.283310|289.412506|22.517883|0.000000|104.618469|0.000000|0.900000|0.900000|0.900000
AEG801_253_7016|13|-57.821823|287.739746|20.685966|0.000000|-172.286682|0.000000|0.806379|0.806379|0.806379
AEG801_253_7018|13|19.143368|353.401733|116.219566|0.000000|145.075989|0.000000|0.700000|0.700000|0.700000
AEG801_253_7019|13|10.443872|349.248016|98.105881|0.000000|-15.699649|0.000000|0.700000|0.700000|0.700000
AEG801_253_7020|13|26.111794|309.143738|37.029938|0.000000|86.438141|0.000000|1.000000|1.000000|1.000000
AEG801_253_7021|13|-49.174839|360.543396|149.801117|0.000000|148.986145|0.000000|0.800000|0.800000|0.800000
AEG801_253_7022|13|16.008240|257.499695|-100.432457|0.000000|106.825729|0.000000|1.000000|1.000000|1.000000
AEG801_253_7023|13|-38.902039|258.737061|-62.708122|0.000000|39.966976|0.000000|0.700000|0.700000|0.700000
AEG801_253_7024|13|10.498232|257.018799|-105.000824|0.000000|27.072821|0.000000|0.700000|0.700000|0.700000
AEG801_253_7025|13|-2.042912|257.771973|-89.533035|0.000000|40.992130|0.000000|1.000000|1.000000|1.000000
AEG801_253_7026|13|23.015717|261.116333|-66.813911|0.000000|-168.590164|0.000000|0.802415|0.802415|0.802415
AEG801_253_7027|13|-2.453033|260.184235|-62.961853|0.000000|-177.035172|0.000000|1.000000|1.000000|1.000000
AEG801_253_7028|13|-43.215332|355.605316|120.772865|0.000000|-0.036118|0.000000|0.824504|0.824504|0.824504
AEG801_253_7029|13|-4.812008|352.858856|113.712051|0.000000|158.955704|0.000000|0.591304|0.591304|0.591304
AEG801_253_7030|13|-30.339012|293.336487|26.181099|0.000000|59.861370|0.000000|0.900260|0.900260|0.900260
AEG801_253_7031|13|-69.332016|254.337433|-93.316322|0.000000|-84.874268|0.000000|0.661594|0.661594|0.661594
AEG801_253_7032|13|13.417789|351.872864|108.865486|0.000000|94.426086|0.000000|0.800000|0.800000|0.800000
AEG801_253_7033|13|73.207939|352.114410|125.068062|0.000000|70.271744|-0.000000|1.170653|1.170653|1.170653
AEG801_253_7034|13|9.051926|304.145325|31.637611|0.000000|32.894855|0.000000|1.000000|1.000000|1.000000
AEG801_253_7035|13|-65.012878|359.163269|145.157257|0.000000|73.922745|0.000000|1.000000|1.000000|1.000000
AEG801_253_7036|13|-23.176212|258.943176|-65.203209|0.000000|113.414757|0.000000|0.800000|0.800000|0.800000
AEG801_253_7037|13|-96.456680|342.618622|42.517265|0.000000|83.473526|0.000000|1.000000|1.000000|1.000000
AEG801_253_7039|13|-10.053974|353.315704|116.063538|0.000000|-159.167542|0.000000|0.700000|0.700000|0.700000
AEG801_253_7040|13|57.860474|261.653595|-86.339638|0.000000|50.186737|0.000000|1.000000|1.000000|1.000000
AEG801_253_7041|13|99.264153|341.952393|92.525124|0.000000|113.384888|0.000000|1.000000|1.000000|1.000000
AEG801_253_7042|13|124.729294|339.734863|85.787346|0.000000|29.750700|0.000000|1.000000|1.000000|1.000000
AEG801_253_7044|13|-79.516556|284.448334|19.746895|0.000000|-176.844955|0.000000|0.700000|0.700000|0.700000
AEG801_253_7046|13|18.856735|307.226990|36.273682|0.000000|112.940720|0.000000|0.700000|0.700000|0.700000
AEG801_253_7047|13|-44.202332|358.921051|144.107162|0.000000|73.195999|0.000000|0.900000|0.900000|0.900000
AEG801_253_7048|13|16.308334|295.733948|-28.531498|0.000000|34.878803|0.000000|0.962742|0.962742|0.962742
AEG801_253_7049|13|-121.866913|273.955078|-4.561531|0.000000|-94.833427|0.000000|0.700000|0.700000|0.700000
AEG801_253_7051|13|-101.409805|353.909485|69.410683|0.000000|0.695860|0.000000|1.000000|1.000000|1.000000
AEG801_253_7052|13|-109.486923|360.602356|123.203476|0.000000|125.324097|0.000000|1.000000|1.000000|1.000000
AEG801_253_7053|13|-126.658340|364.228668|158.587036|0.000000|57.685314|-0.000000|0.869312|0.869313|0.869312
AEG801_253_7054|13|-68.446198|364.833801|166.335724|0.000000|52.130924|-0.000000|0.869312|0.869313|0.869312
AEG801_253_7055|13|5.600193|362.074554|147.192902|0.000000|73.212753|0.000000|1.000000|1.000000|1.000000
AEG801_253_7056|13|-75.646049|360.769043|152.810150|0.000000|-168.378067|0.000000|1.000000|1.000000|1.000000
AEG801_253_7057|13|-94.645355|364.354401|164.454437|0.000000|-29.784136|0.000000|0.700000|0.700000|0.700000
AEG801_253_7058|13|-10.598877|257.320435|-83.762772|0.000000|23.793226|0.000000|1.000000|1.000000|1.000000
AEG801_253_7059|13|-31.134449|254.802872|-98.112030|0.000000|-156.256409|0.000000|1.000000|1.000000|1.000000
AEG801_253_7060|13|1.243649|256.899719|-98.521477|0.000000|-117.587921|0.000000|1.000000|1.000000|1.000000
AEG801_253_7061|13|18.386904|260.051788|-77.362740|0.000000|-167.816406|0.000000|1.000000|1.000000|1.000000
AEG801_253_7062|13|8.731504|261.226807|-59.803452|0.000000|11.319989|0.000000|1.000000|1.000000|1.000000
AEG801_253_7063|13|11.425741|258.797638|-88.053406|0.000000|-73.039383|0.000000|1.000000|1.000000|1.000000
AEG801_253_7064|13|52.462372|260.388977|-93.956238|0.000000|-74.271065|0.000000|1.000000|1.000000|1.000000
AEG801_253_7067|13|76.044479|282.120697|-77.417961|0.000000|-7.943472|0.000000|1.000000|1.000000|1.000000
AEG801_253_7069|13|-112.342476|275.668091|-0.153496|0.000000|22.562872|0.000000|1.000000|1.000000|1.000000
AEG801_253_7070|13|-55.651478|257.868988|-67.165100|0.000000|130.807419|0.000000|1.000000|1.000000|1.000000
AEG801_253_7071|13|-80.170929|264.195404|-64.783325|0.000000|38.051525|0.000000|0.802415|0.802415|0.802415
AEG801_253_7075|13|-54.252022|255.172943|-87.030624|0.000000|-103.440086|0.000000|1.000000|1.000000|1.000000
AEG801_253_7077|13|-27.750626|291.215790|11.981675|0.000000|6.121124|0.000000|0.800000|0.800000|0.800000
AEG801_253_7078|13|-80.485970|259.784485|-75.417038|0.000000|23.544882|0.000000|1.000000|1.000000|1.000000
AEG801_253_7080|13|-98.559288|253.082764|-95.844971|0.000000|151.804932|0.000000|1.000000|1.000000|1.000000
AEG801_253_7082|13|95.065643|316.949493|-0.568846|0.000000|13.549255|0.000000|1.000000|1.000000|1.000000
AEG801_253_7084|13|45.737083|261.708801|-73.780647|0.000000|3.987667|0.000000|1.000000|1.000000|1.000000
AEG801_253_7085|13|-97.465179|265.447449|-41.527390|0.000000|171.782150|0.000000|1.000000|1.000000|1.000000
AEG801_253_7096|13|95.377815|287.675873|-59.384872|0.000000|23.773388|0.000000|1.000000|1.000000|1.000000
AEG801_253_7097|13|26.895983|257.911957|-102.831581|0.000000|0.628422|0.000000|0.800000|0.800000|0.800000
AEG801_253_7102|13|-107.168732|273.146484|-9.241264|0.000000|12.304520|0.000000|1.000000|1.000000|1.000000
AEG801_253_7104|13|-94.801819|262.082367|-59.077679|0.000000|-76.575188|0.000000|1.000000|1.000000|1.000000
AEG801_253_7113|13|0.424210|289.635559|-47.867504|0.000000|-176.105423|0.000000|1.000000|1.000000|1.000000
AEG801_253_7137|13|53.310936|262.562927|-73.221542|0.000000|10.357989|0.000000|0.800000|0.800000|0.800000
AEG801_253_7138|13|126.194305|326.906860|36.540939|0.000000|23.956869|0.000000|1.000000|1.000000|1.000000
AEG801_254_7005|13|18.638702|260.417175|-73.681923|0.000000|-135.380295|0.000000|1.000000|1.000000|1.000000
AEG801_254_7006|13|-87.155746|282.911865|18.784927|0.000000|-125.217819|0.000000|0.900000|0.900000|0.900000
AEG801_254_7007|13|-47.045853|369.299225|150.881439|-0.018586|-138.479721|0.014261|1.000000|1.000000|1.000000
AEG801_254_7008|13|-110.163643|276.679169|2.538382|0.000000|130.375183|0.000000|1.000000|1.000000|1.000000
AEG801_255_7000|13|-67.919136|361.563568|157.553696|0.000000|27.570108|0.000000|1.000000|1.000000|1.000000
AEG801_255_7001|13|-87.202103|264.910614|-50.913483|0.000000|148.156372|0.000000|0.850000|0.850000|0.850000
AEG801_255_7002|13|8.285426|259.576141|-69.243729|0.000000|30.093250|0.000000|1.000000|1.000000|1.000000
AEG801_255_7003|13|9.968111|257.982727|-89.262245|0.000000|73.617188|0.000000|0.900000|0.900000|0.900000
AEG801_255_7004|13|15.512646|305.164429|32.659298|0.000000|48.809254|0.000000|1.000000|1.000000|1.000000
AEG801_255_7005|13|31.132294|306.775696|27.131115|0.000000|130.166351|0.000000|1.000000|1.000000|1.000000
AEG801_255_7007|13|-46.303394|288.871735|20.553364|0.000000|60.274082|0.000000|1.000000|1.000000|1.000000
AEG801_255_7008|13|-41.706856|358.359894|143.378830|0.000000|119.641922|0.000000|0.850000|0.850000|0.850000
AEG801_255_7009|13|-2.307008|259.046143|-70.371437|0.000000|-16.369740|0.000000|0.900000|0.900000|0.900000
AEG801_255_7010|13|32.658577|260.372833|-76.376282|0.000000|-106.780762|0.000000|0.900000|0.900000|0.900000
AEG801_255_7011|13|-100.970886|275.864227|-0.347637|0.000000|-58.825375|0.000000|1.000000|1.000000|1.000000
AEG801_255_7015|13|50.407108|260.104309|-91.714417|0.000000|-72.185989|0.000000|1.000000|1.000000|1.000000
AEG801_255_7029|13|24.727566|258.835144|-89.299980|0.000000|16.366674|0.000000|0.900000|0.900000|0.900000
AEG801_256_7003|13|-102.821526|284.697327|17.374493|0.000000|-23.938663|0.000000|1.000000|1.000000|1.000000
AEG801_260_7000|13|-56.216774|359.595245|146.546265|0.000000|78.478043|0.000000|1.000000|1.000000|1.000000
AEG801_260_7001|13|-81.539177|366.365540|174.104309|0.000000|134.806641|0.000000|0.775044|0.775044|0.775044
AEG801_260_7002|13|-45.320614|360.157715|148.846680|0.000000|-31.643431|0.000000|0.800000|0.800000|0.800000
AEG801_260_7003|13|-98.369331|366.516083|175.227493|0.000000|-148.997894|0.000000|0.700000|0.700000|0.700000
AEG801_260_7004|13|-32.987724|355.084259|122.335564|0.000000|52.254692|0.000000|0.750000|0.750000|0.750000
AEG801_261_7000|13|-105.223663|366.312195|174.691940|0.000000|-125.050125|0.000000|0.640000|0.640000|0.640000
AEG801_261_7001|13|-47.965775|358.006226|138.492294|0.000000|8.475044|0.000000|1.000000|1.000000|1.000000
AEG801_261_7002|13|-60.860260|362.694305|157.794250|0.000000|101.981750|0.000000|0.900000|0.900000|0.900000
AEG801_261_7003|13|-20.206785|352.864227|114.586182|0.000000|102.313492|0.000000|0.900000|0.900000|0.900000
AEG801_261_7004|13|-78.653587|360.504883|151.915131|0.000000|-75.499481|0.000000|1.000000|1.000000|1.000000
AEG801_262_7000|13|-77.585892|363.799225|163.989594|0.000000|47.485195|0.000000|1.000000|1.000000|1.000000
AEG801_263_7000|13|-26.147692|355.903625|131.212830|0.000000|-99.325294|0.000000|1.000000|1.000000|1.000000
AEG801_263_7001|13|-90.717850|363.655823|162.301025|0.000000|-110.558098|0.000000|0.900000|0.900000|0.900000
AEG801_265_7000|13|-14.589828|352.421204|111.744766|0.000000|23.705349|0.000000|1.000000|1.000000|1.000000
AEG801_265_7001|13|-103.693100|360.527649|126.572021|0.000000|-38.963139|0.000000|0.900000|0.900000|0.900000
AEG801_265_7002|13|-86.857239|360.232239|145.971985|0.000000|105.718239|0.000000|0.800000|0.800000|0.800000
AEG801_265_7003|13|-94.904404|365.601501|170.516083|0.000000|126.114418|0.000000|0.939320|0.939320|0.939320
AEG801_266_7000|13|-84.428612|359.817596|142.304993|0.000000|-97.352203|0.000000|0.700000|0.700000|0.700000
AEG801_266_7001|13|-15.117218|354.702667|123.552177|0.000000|156.876068|0.000000|1.000000|1.000000|1.000000
AEG801_266_7002|13|-110.661522|366.793274|176.637070|0.000000|152.629852|0.000000|1.000000|1.000000|1.000000
AEG801_266_7003|13|-6.698120|349.214020|95.347137|0.000000|69.094261|0.000000|0.800000|0.800000|0.800000
AEG801_267_7000|13|-23.040726|355.021973|125.168159|0.000000|-146.145645|0.000000|0.733863|0.733863|0.733863
AEG801_267_7001|13|-41.159637|356.503784|129.719513|0.000000|-133.922485|0.000000|1.000000|1.000000|1.000000
AEG801_267_7002|13|-23.790495|354.292603|120.125679|0.000000|17.839487|0.000000|1.000000|1.000000|1.000000
AEG801_267_7003|13|-36.521698|365.533203|140.922714|0.000000|-28.843586|0.000000|1.000000|1.000000|1.000000
AEG801_267_7004|13|-118.323486|361.617523|127.108017|0.000000|177.350708|0.000000|0.832200|0.832200|0.832200
AEG801_268_7000|13|-43.633553|355.977936|123.821381|0.000000|-74.092110|0.000000|0.832200|0.832200|0.832200
AEG801_268_7001|13|-112.592392|360.962433|124.428131|0.000000|50.001438|0.000000|1.000000|1.000000|1.000000
AEG801_268_7002|13|-97.563759|362.417938|152.963867|0.000000|34.900749|0.000000|0.700000|0.700000|0.700000
AEG801_268_7003|13|-69.986298|365.235626|169.359100|0.000000|-101.471046|0.000000|1.000000|1.000000|1.000000
AEG801_268_7004|13|-2.053986|349.983307|100.812424|0.000000|-51.416725|0.000000|0.700000|0.700000|0.700000
