m514000_0000|0|0.000000|0.000000|0.000000|0.000000|0.000000|0.000000|1.000000|1.000000|1.000000
m514001_0000|0|0.000000|0.000000|0.000000|0.000000|0.000000|0.000000|1.000000|1.000000|1.000000
c1000_9001|2|69.595001|216.979996|98.772003|0.000000|0.000000|0.000000|1.000000|1.000000|1.000000
c3650_9000|2|-53.646999|197.248001|69.535004|0.000000|163.235992|0.000000|1.000000|1.000000|1.000000
c3650_9001|2|-51.910000|195.522995|71.973999|0.000000|98.220001|0.000000|1.000000|1.000000|1.000000
c3650_9002|2|-57.842999|192.651993|67.307999|0.000000|178.117004|0.000000|1.000000|1.000000|1.000000
c3650_9003|2|-99.154999|179.854996|87.842003|0.000000|-174.789993|0.000000|1.000000|1.000000|1.000000
c3650_9004|2|-89.283997|178.985992|98.358002|0.000000|31.721001|0.000000|1.000000|1.000000|1.000000
c3650_9006|2|-19.792000|199.589996|70.620003|0.000000|63.848000|0.000000|1.000000|1.000000|1.000000
c3650_9007|2|-27.198000|198.419006|63.765999|3.723000|-143.550995|-14.946000|1.000000|1.000000|1.000000
c3650_9008|2|-67.232002|186.078003|84.278000|-15.244000|103.714996|2.316000|1.000000|1.000000|1.000000
c3650_9009|2|-72.352997|185.335999|78.882004|-5.751000|-179.882004|-14.304000|1.000000|1.000000|1.000000
c3650_9010|2|-75.994003|182.910995|93.220001|9.684000|-17.014000|12.023000|1.000000|1.000000|1.000000
c3650_9011|2|-76.411003|184.162003|80.226997|6.514000|-132.406998|-13.979000|1.000000|1.000000|1.000000
c3650_9012|2|-28.881001|194.990997|92.474998|-9.070000|58.884998|12.503000|1.000000|1.000000|1.000000
c3650_9013|2|-29.486000|195.367004|87.417000|-15.321000|117.859001|-1.531000|1.000000|1.000000|1.000000
c3650_9014|2|-117.700996|206.503006|56.104000|0.000000|77.647003|0.000000|1.000000|1.000000|1.000000
c3650_9015|2|-92.040001|213.850006|27.295000|0.000000|133.820999|0.000000|1.000000|1.000000|1.000000
c3650_9016|2|-79.882004|215.380997|24.929001|0.000000|121.195000|0.000000|1.000000|1.000000|1.000000
c3650_9017|2|-115.060997|210.020004|34.125000|0.000000|-155.889999|0.000000|1.000000|1.000000|1.000000
c3650_9018|2|-165.889008|207.511002|50.740002|0.000000|-95.931000|0.000000|1.000000|1.000000|1.000000
c3650_9019|2|-106.945999|205.466003|62.842999|0.000000|28.058001|0.000000|1.000000|1.000000|1.000000
c3650_9020|2|-104.046997|209.496002|37.452000|0.000000|107.091003|0.000000|1.000000|1.000000|1.000000
c3650_9021|2|-99.835999|205.093994|65.019997|0.000000|-72.813004|0.000000|1.000000|1.000000|1.000000
c3650_9022|2|-83.586998|209.210999|38.849998|0.000000|115.226997|0.000000|1.000000|1.000000|1.000000
c3650_9023|2|-92.393997|205.362000|63.188000|9.243000|1.185000|0.000000|1.000000|1.000000|1.000000
c3650_9024|2|-74.070999|205.882004|59.564999|0.000000|-32.971001|0.000000|1.000000|1.000000|1.000000
c3650_9025|2|-89.922997|208.451996|44.613998|0.000000|-163.179993|0.000000|1.000000|1.000000|1.000000
c3650_9026|2|-126.316002|204.929993|66.584000|7.941000|-27.476000|-4.364000|1.000000|1.000000|1.000000
c3650_9027|2|-163.826004|208.201996|46.789001|1.555000|81.224998|8.925000|1.000000|1.000000|1.000000
c3650_9028|2|-167.764999|206.893997|55.078999|0.000000|-16.913000|0.000000|1.000000|1.000000|1.000000
c3650_9029|2|-172.391006|208.763000|43.439999|0.666000|-84.667999|-9.029000|1.000000|1.000000|1.000000
c4200_9000|2|-10.174000|216.565994|-44.132000|0.000000|68.632004|0.000000|1.000000|1.000000|1.000000
c4300_9000|2|41.019001|112.546997|-44.231998|0.000000|9.540000|0.000000|1.000000|1.000000|1.000000
c4660_9000|2|10.087000|113.709999|-51.140999|0.845000|-130.188004|2.531000|1.000000|1.000000|1.000000
c4811_9000|2|37.409000|209.365997|70.231003|0.000000|-139.574005|0.000000|1.000000|1.000000|1.000000
c6031_9003|2|-6.334000|162.326004|118.405998|-4.155000|152.242996|-1.078000|1.000000|1.000000|1.000000
c0000_9000|4|72.889000|217.811996|99.350998|0.000000|50.647999|0.000000|1.000000|1.000000|1.000000
h514000|5|0.000000|0.000000|0.000000|0.000000|0.000000|0.000000|1.000000|1.000000|1.000000
h514001|5|0.000000|0.000000|0.000000|0.000000|0.000000|0.000000|1.000000|1.000000|1.000000
h514002|5|0.000000|0.000000|0.000000|0.000000|0.000000|0.000000|1.000000|1.000000|1.000000
h514003|5|0.000000|0.000000|0.000000|0.000000|0.000000|0.000000|1.000000|1.000000|1.000000
h514021|5|0.000000|0.000000|0.000000|0.000000|0.000000|0.000000|1.000000|1.000000|1.000000
h514050|5|0.000000|0.000000|0.000000|0.000000|0.000000|0.000000|1.000000|1.000000|1.000000
h514051|5|0.000000|0.000000|0.000000|0.000000|0.000000|0.000000|1.000000|1.000000|1.000000
h514052|5|0.000000|0.000000|0.000000|0.000000|0.000000|0.000000|1.000000|1.000000|1.000000
h514053|5|0.000000|0.000000|0.000000|0.000000|0.000000|0.000000|1.000000|1.000000|1.000000
AEG007_085_9000|9|91.627998|206.871002|66.350998|-0.000000|-90.000000|-0.000000|1.000000|1.000000|1.000000
AEG007_086_9000|9|91.627998|206.871002|66.350998|-0.000000|-90.000000|-0.000000|1.000000|1.000000|1.000000
AEG099_075_9000|9|35.709000|209.085007|61.888000|0.000000|167.681000|0.000000|1.000000|1.000000|1.000000
AEG099_610_9001|9|-32.138000|194.399994|90.084000|-14.824000|104.733002|0.579000|1.000000|1.000000|1.000000
AEG099_610_9002|9|-38.713001|163.414001|109.832001|-12.369000|77.246002|4.482000|1.000000|1.000000|1.000000
AEG099_620_9000|9|-16.316999|211.796997|-48.973999|0.000000|12.343000|0.000000|1.000000|1.000000|1.000000
AEG099_660_9045|9|-104.732002|205.886993|60.139999|0.000000|-29.166000|0.000000|1.000000|1.000000|1.000000
AEG099_660_9046|9|-102.711998|205.845993|60.358002|0.000000|-85.431000|0.000000|1.000000|1.000000|1.000000
AEG099_660_9047|9|-86.280998|208.600998|42.723999|0.000000|-26.559000|0.000000|1.000000|1.000000|1.000000
AEG099_660_9048|9|-88.022003|208.306000|44.611000|0.000000|103.318001|0.000000|1.000000|1.000000|1.000000
AEG099_660_9049|9|-96.651001|211.175003|26.790001|0.000000|-155.175995|0.000000|1.000000|1.000000|1.000000
AEG099_660_9050|9|-95.013000|211.007996|27.802000|0.000000|134.313004|0.000000|1.000000|1.000000|1.000000
AEG099_660_9051|9|-96.566002|210.626999|30.222000|0.000000|178.309006|0.000000|1.000000|1.000000|1.000000
AEG099_660_9052|9|-105.958000|205.110992|65.051003|0.000000|52.321999|0.000000|1.000000|1.000000|1.000000
AEG099_660_9053|9|-123.299004|208.334000|45.181000|0.000000|139.828003|0.000000|1.000000|1.000000|1.000000
AEG099_660_9054|9|-121.652000|209.054993|40.584000|0.000000|-20.966000|0.000000|1.000000|1.000000|1.000000
AEG099_660_9055|9|-123.996002|205.561996|62.581001|0.000000|-20.976000|0.000000|1.000000|1.000000|1.000000
AEG099_660_9056|9|-73.344002|205.576996|61.473999|0.000000|108.105003|0.000000|1.000000|1.000000|1.000000
AEG099_800_9000|9|-126.584999|268.898010|-12.981000|0.000000|75.662003|0.000000|1.000000|1.000000|1.000000
AEG220_901_9000|9|83.861000|329.977997|66.509003|0.015000|-0.558000|-21.725000|0.083000|0.069000|0.083000
AEG220_901_9001|9|87.758003|492.851990|68.197998|-0.000000|59.439999|-0.000000|0.077000|0.063000|0.077000
AEG220_901_9002|9|90.782997|481.187012|69.175003|-16.458000|169.712997|-20.983000|0.069000|0.057000|0.069000
AEG220_901_9003|9|88.045998|513.291992|64.596001|-29.020000|-101.038002|-51.973999|0.056000|0.068000|0.068000
AEG220_903_9000|9|82.797997|504.792999|74.388000|26.639000|-16.473000|-41.233002|0.032000|0.038000|0.038000
c3650_9005|10|-93.467003|178.800995|89.114998|0.000000|125.647003|0.000000|1.000000|1.000000|1.000000
c4166_9000|10|-3.716000|245.951996|-6.716000|-2.822000|-9.644000|-0.863000|1.000000|1.000000|1.000000
c4630_9000|10|-38.283001|158.701004|123.504997|9.509000|-46.195000|-1.308000|1.000000|1.000000|1.000000
c6001_9000|10|-9.856000|237.917007|-23.905001|0.000000|-57.404999|0.000000|1.000000|1.000000|1.000000
c6001_9001|10|-11.595000|238.065994|-21.945000|0.000000|-37.618000|0.000000|1.000000|1.000000|1.000000
c6001_9002|10|-84.676003|230.802002|11.578000|0.000000|-132.404999|0.000000|1.000000|1.000000|1.000000
c6001_9003|10|-87.025002|231.050995|10.405000|0.000000|-112.617996|0.000000|1.000000|1.000000|1.000000
c6001_9004|10|-85.045998|230.987000|9.883000|0.000000|-153.104996|0.000000|1.000000|1.000000|1.000000
c6031_9000|10|-39.798000|163.166000|112.910004|-7.428000|138.029007|-4.990000|1.000000|1.000000|1.000000
c6031_9001|10|-46.687000|163.016006|122.564003|-4.419000|138.656998|-4.996000|1.000000|1.000000|1.000000
c6031_9002|10|-59.549000|157.557007|122.496002|0.762000|-155.862000|-5.000000|1.000000|1.000000|1.000000
c6060_9000|10|-68.650002|249.490997|-109.134003|-5.413000|25.610001|0.000000|1.000000|1.000000|1.000000
c6060_9001|10|-69.156998|249.423004|-106.448997|0.000000|19.243000|0.000000|1.000000|1.000000|1.000000
c6060_9002|10|-43.757000|242.658997|-24.691999|18.488001|25.610001|0.000000|1.000000|1.000000|1.000000
c6060_9003|10|-44.268002|242.251007|-22.011999|12.996000|19.243000|0.000000|1.000000|1.000000|1.000000
c6060_9004|10|-43.008999|241.884995|-20.333000|1.291000|-23.809000|0.000000|1.000000|1.000000|1.000000
c6060_9005|10|43.771000|214.957993|105.680000|-0.000000|25.610001|-0.000000|1.000000|1.000000|1.000000
c6060_9006|10|43.264999|215.020004|108.363998|-9.692000|19.243000|0.000000|1.000000|1.000000|1.000000
c6060_9007|10|44.521999|215.466995|110.042000|-0.964000|-23.809000|-0.000000|1.000000|1.000000|1.000000
c6060_9008|10|45.962002|215.501007|107.294998|-8.152000|27.915001|-0.000000|1.000000|1.000000|1.000000
c6060_9009|10|-39.601002|192.309006|84.174004|-0.000000|25.610001|0.000000|1.000000|1.000000|1.000000
c6060_9010|10|-40.106998|191.908997|86.857002|-0.000000|19.243000|-0.000000|1.000000|1.000000|1.000000
c6060_9011|10|-38.849998|192.085999|88.536003|11.044000|-23.809000|0.000000|1.000000|1.000000|1.000000
c6060_9012|10|-37.408001|192.804993|85.788002|-2.998000|27.915001|-0.000000|1.000000|1.000000|1.000000
h514001_0000|11|0.000000|0.000000|0.000000|0.000000|0.000000|0.000000|1.000000|1.000000|1.000000
h514003_0000|11|0.000000|0.000000|0.000000|0.000000|0.000000|0.000000|1.000000|1.000000|1.000000
AEG004_042_1002|13|34.202446|197.946777|4.861967|123.450783|12.363167|39.546120|1.000000|1.000000|1.000000
AEG004_042_1003|13|-43.364197|169.390900|100.564407|-26.214674|13.386820|138.771057|1.000000|1.000000|1.000000
AEG004_042_1006|13|-106.696312|232.718719|8.988079|-31.223871|27.573149|173.616760|1.000000|1.000000|1.000000
AEG004_042_1007|13|-103.271408|220.348602|17.938148|104.511971|-56.891762|28.193758|1.000000|1.000000|1.000000
AEG004_042_1008|13|-91.569016|234.217773|7.062469|-7.108468|35.528156|-156.471848|1.000000|1.000000|1.000000
AEG004_043_1000|13|-3.723337|189.351059|93.434586|-62.068245|29.875771|177.405548|1.000000|1.000000|1.000000
AEG004_043_1001|13|5.572818|175.816589|97.401611|-10.415210|-8.612158|-134.943298|1.000000|1.000000|1.000000
AEG004_043_1003|13|-18.724651|164.927963|103.594635|99.159782|-83.859367|42.567921|1.000000|1.000000|1.000000
AEG004_043_1005|13|-61.725681|185.168243|86.963089|16.695425|-34.025486|162.300079|1.000000|1.000000|1.000000
AEG004_043_1006|13|-19.874516|176.696548|101.547455|-75.526604|75.733139|156.617432|1.000000|1.000000|1.000000
AEG004_043_1007|13|-15.127020|205.590668|51.189381|15.126878|-19.797054|-161.961807|1.000000|1.000000|1.000000
AEG004_043_1008|13|50.385208|164.381775|4.283051|59.515209|-147.631836|-23.328243|1.000000|1.000000|1.000000
AEG004_043_1009|13|29.894596|206.998810|105.066162|61.866428|51.864868|-122.862267|1.000000|1.000000|1.000000
AEG004_043_1010|13|-46.739334|195.652603|69.444748|12.089436|-21.749083|-160.570938|1.000000|1.000000|1.000000
AEG004_043_1011|13|-2.981777|209.106918|28.390053|-0.972212|-92.402122|50.320980|1.000000|1.000000|1.000000
AEG004_043_1012|13|37.162846|192.442566|6.107771|116.209808|31.329453|-7.241878|1.000000|1.000000|1.000000
AEG004_043_1013|13|7.254681|202.614471|92.020874|42.270096|23.332445|-122.953102|1.000000|1.000000|1.000000
AEG004_043_1014|13|-104.936386|203.865128|61.675423|24.983995|4.184226|124.197945|1.000000|1.000000|1.000000
AEG004_043_1015|13|-113.338684|216.323425|20.156628|73.925529|-62.364006|2.686704|1.000000|1.000000|1.000000
AEG004_043_1016|13|-79.533112|207.406418|38.693836|-6.516172|52.383114|66.726585|1.000000|1.000000|1.000000
AEG004_043_1017|13|-114.577728|179.929413|78.761841|-65.361267|82.804955|148.081039|1.000000|1.000000|1.000000
AEG004_043_1018|13|-112.836693|186.303970|76.983925|95.907150|81.138283|-48.159687|1.000000|1.000000|1.000000
AEG004_043_1019|13|-85.319931|223.935471|18.173622|91.874443|2.794036|2.175125|1.000000|1.000000|1.000000
AEG004_043_1020|13|-127.141754|265.640503|-14.196639|-178.487030|1.949607|42.367756|1.000000|1.000000|1.000000
AEG004_043_1022|13|-127.136551|265.085327|-14.207756|175.785233|58.900349|-32.190804|1.000000|1.000000|1.000000
AEG004_043_1023|13|-109.618095|248.737350|10.287495|77.838615|-37.713139|53.846218|1.000000|1.000000|1.000000
AEG004_043_1024|13|-128.971390|264.168518|-17.809793|-49.079323|-99.702263|37.670116|1.000000|1.000000|1.000000
AEG004_043_1025|13|26.971508|133.352005|-5.874325|-156.668991|7.106131|-15.476753|1.000000|1.000000|1.000000
AEG004_048_1109|13|-80.522507|231.125778|10.230487|-2.595351|61.086769|10.509067|1.000000|1.000000|1.000000
AEG004_048_1110|13|-76.322990|231.807693|8.905682|-3.317996|-144.917694|-9.225718|1.000000|1.000000|1.000000
AEG004_048_1111|13|-63.475090|232.288635|13.126698|11.509988|-12.107650|6.080562|1.000000|1.000000|1.000000
AEG004_048_1112|13|-45.611698|234.701797|18.003813|-7.119664|165.633179|-5.260909|1.000000|1.000000|1.000000
AEG004_048_1113|13|-13.104911|239.600922|9.750759|7.030533|-92.391251|-7.546184|1.000000|1.000000|1.000000
AEG004_048_1114|13|-13.375641|240.940216|0.752722|-0.268455|65.605560|10.454943|1.000000|1.000000|1.000000
AEG004_048_1115|13|-14.864186|243.707108|-16.178452|4.758318|-91.911858|-11.141691|1.000000|1.000000|1.000000
AEG004_048_1116|13|-20.886248|247.172119|-36.464512|0.878144|-95.808174|-9.433638|1.000000|1.000000|1.000000
AEG004_048_1117|13|-22.928715|247.722794|-40.997272|-5.737314|124.475708|6.387511|1.000000|1.000000|1.000000
AEG004_048_1118|13|-19.693556|248.725082|-53.899376|11.086162|48.097904|12.393598|1.000000|1.000000|1.000000
AEG004_048_1119|13|-23.415949|255.825867|-95.160301|2.493345|-82.603378|-8.119318|1.000000|1.000000|1.000000
AEG004_048_1120|13|-22.452091|255.245682|-90.982346|1.709816|78.460632|9.212667|1.000000|1.000000|1.000000
AEG004_048_1121|13|-47.605686|206.881775|51.498718|-8.596992|162.900513|2.854555|1.000000|1.000000|1.000000
AEG004_048_1122|13|-43.357052|207.019058|51.248756|6.538185|44.789932|6.278447|1.000000|1.000000|1.000000
AEG004_048_1123|13|-36.652275|207.017548|51.587608|-8.544909|161.889725|3.006567|1.000000|1.000000|1.000000
AEG004_048_1124|13|-7.137682|206.132889|55.572197|-8.805866|-165.446396|-2.118397|1.000000|1.000000|1.000000
AEG004_048_1125|13|-12.131235|206.280212|55.161713|-7.707055|149.574051|4.768046|1.000000|1.000000|1.000000
AEG004_048_1126|13|13.897528|205.337204|95.936920|-15.332511|107.207558|1.398824|1.000000|1.000000|1.000000
AEG004_048_1127|13|17.473656|205.968628|98.580330|5.675724|0.421142|14.333615|1.000000|1.000000|1.000000
AEG004_048_1128|13|27.484411|208.518341|106.610939|-15.098598|128.006348|-7.256382|1.000000|1.000000|1.000000
AEG004_048_1129|13|40.258907|214.145325|124.917648|-20.472248|90.485397|-8.458927|1.000000|1.000000|1.000000
AEG004_048_1130|13|43.520348|215.645721|127.565865|14.812249|-149.987045|-10.660893|1.000000|1.000000|1.000000
AEG004_048_1131|13|-125.241631|203.543365|74.316025|-8.912709|170.998962|1.606215|1.000000|1.000000|1.000000
AEG004_048_1132|13|-116.514572|204.731644|66.802528|-5.597209|129.428513|7.129434|1.000000|1.000000|1.000000
AEG004_048_1133|13|-111.533356|204.714508|66.811554|9.052542|-0.116910|-0.199162|1.000000|1.000000|1.000000
AEG004_048_1134|13|-90.562744|204.724197|64.832291|-14.030703|-149.824005|-6.632861|1.000000|1.000000|1.000000
AEG004_048_1135|13|-73.936272|205.104202|64.230194|-7.903261|152.019638|4.433832|1.000000|1.000000|1.000000
AEG004_048_1136|13|-68.773422|205.041992|63.617653|8.630273|18.676554|2.750216|1.000000|1.000000|1.000000
AEG004_048_1137|13|-50.117001|206.113724|56.492729|4.164285|63.654419|8.047413|1.000000|1.000000|1.000000
AEG004_048_1138|13|-15.192209|198.155563|93.857513|-6.854892|-171.642532|-13.561593|1.000000|1.000000|1.000000
AEG004_048_1139|13|-21.891081|195.794388|97.981285|-0.264413|48.777706|13.904298|1.000000|1.000000|1.000000
AEG004_048_1140|13|-25.660315|194.809830|100.345261|-7.944022|167.100128|-8.421355|1.000000|1.000000|1.000000
AEG004_048_1141|13|-30.658028|193.746979|99.790977|-1.023441|26.152010|15.361285|1.000000|1.000000|1.000000
AEG004_048_1142|13|-38.918335|191.497604|99.870781|-10.901134|156.863983|-10.936480|1.000000|1.000000|1.000000
AEG004_048_1143|13|-63.163574|185.719147|94.910645|-0.068733|-121.843613|-13.755749|1.000000|1.000000|1.000000
AEG004_048_1144|13|-69.318199|184.102905|96.902924|-0.881026|26.003139|15.433333|1.000000|1.000000|1.000000
AEG004_048_1145|13|-74.306549|182.834930|96.874786|-12.206891|149.961472|-9.472334|1.000000|1.000000|1.000000
AEG004_048_1146|13|-78.989563|181.605774|95.836166|11.871171|-16.038385|11.435649|1.000000|1.000000|1.000000
AEG004_048_1147|13|86.927094|211.976471|39.075802|0.609171|135.881332|2.383080|1.000000|1.000000|1.000000
AEG004_048_1148|13|98.675507|212.788223|60.646297|-6.185624|-24.593924|-1.521067|1.000000|1.000000|1.000000
AEG004_048_1149|13|101.660820|212.798935|64.238495|5.714164|141.391190|2.940532|1.000000|1.000000|1.000000
AEG004_048_1150|13|83.461754|217.180191|82.647339|-0.570549|142.442947|-14.818869|1.000000|1.000000|1.000000
AEG004_048_1151|13|87.802086|218.547287|86.210152|7.260682|-69.380638|12.001188|1.000000|1.000000|1.000000
AEG004_048_1152|13|94.001717|220.158798|89.207336|5.582558|150.448135|-15.843550|1.000000|1.000000|1.000000
AEG004_048_1153|13|97.344177|221.373322|92.432930|-0.898857|-38.248039|13.160957|1.000000|1.000000|1.000000
AEG004_048_1154|13|123.696510|227.010254|113.657310|7.134134|162.273270|2.900918|1.000000|1.000000|1.000000
AEG004_048_1155|13|126.198296|227.185089|117.374847|-7.090038|-90.056267|4.953499|1.000000|1.000000|1.000000
AEG004_048_1156|13|-7.863634|249.959961|-59.556065|1.382322|-84.655464|-16.514194|1.000000|1.000000|1.000000
AEG004_311_1000|13|-17.086788|197.315735|87.561691|57.838718|-13.613599|124.804306|1.000000|1.000000|1.000000
AEG004_311_1006|13|10.559153|162.303375|111.784042|41.196537|57.023899|168.983765|1.000000|1.000000|1.000000
AEG004_311_1007|13|57.325977|180.564087|3.684455|148.283691|40.155354|-21.234116|1.000000|1.000000|1.000000
AEG004_311_1009|13|-18.384037|197.791290|90.003250|23.247505|-30.871531|-156.788986|1.000000|1.000000|1.000000
AEG004_311_1010|13|7.679197|203.687943|98.763794|-55.452206|28.582535|168.617264|1.000000|1.000000|1.000000
AEG004_311_1011|13|7.841907|203.233276|100.669601|69.496025|63.731308|-39.406631|1.000000|1.000000|1.000000
AEG004_311_1013|13|-105.256721|203.857956|70.921066|32.851639|-22.663059|-124.523201|1.000000|1.000000|1.000000
AEG004_311_1014|13|-125.188766|167.973892|103.286240|78.620461|21.497391|-127.881073|1.000000|1.000000|1.000000
AEG004_311_1015|13|-87.170891|216.386520|20.398079|-86.366974|40.977310|139.859207|1.000000|1.000000|1.000000
AEG004_311_1016|13|-95.047104|207.637558|44.266376|12.079506|-12.378705|142.607101|1.000000|1.000000|1.000000
AEG004_801_1000|13|2.700000|160.500000|85.699997|0.000000|-180.000000|0.000000|1.000000|1.000000|1.000000
AEG007_071_1006|13|17.247559|204.851028|34.134521|-0.000007|90.000000|-0.000003|1.000000|1.000000|1.000000
AEG007_082_1002|13|32.838142|211.790817|52.953018|118.884087|44.628925|-4.489181|1.000000|1.000000|1.000000
AEG007_082_1003|13|27.570896|212.763519|52.479385|138.185776|31.805059|11.557970|1.000000|1.000000|1.000000
AEG007_082_1004|13|17.828735|216.135010|48.939911|145.359894|-3.406209|-31.670635|1.000000|1.000000|1.000000
AEG007_082_1006|13|24.990524|212.944824|52.139053|24.639496|163.837051|-14.320585|1.000000|1.000000|1.000000
AEG007_082_1007|13|7.562561|212.890259|48.571945|146.232864|22.877754|-26.836344|1.000000|1.000000|1.000000
AEG007_082_1008|13|8.659634|215.048569|47.008499|-178.767151|22.877714|-26.836342|1.000000|1.000000|1.000000
AEG007_082_1009|13|10.426605|213.706436|48.454407|140.790497|-13.766463|-1.718033|1.000000|1.000000|1.000000
AEG007_082_1010|13|36.822487|213.159821|24.229630|-45.179741|-7.995854|-154.397476|1.000000|1.000000|1.000000
AEG007_082_1011|13|36.705498|211.797958|27.400360|-41.814201|-57.634563|168.442047|1.000000|1.000000|1.000000
AEG007_082_1012|13|32.993938|211.924698|47.445938|-33.767185|-66.561844|-153.163666|1.000000|1.000000|1.000000
AEG007_082_1013|13|31.419853|214.083008|46.364227|1.232857|-66.561859|-153.163666|1.000000|1.000000|1.000000
AEG007_082_1014|13|36.390434|211.979263|29.983948|24.639475|-105.602562|-14.320606|1.000000|1.000000|1.000000
AEG007_082_1015|13|32.848415|212.740860|44.583191|140.790497|76.793945|-1.718035|1.000000|1.000000|1.000000
AEG007_082_1016|13|35.564991|214.014160|33.780907|-30.782320|-65.135384|-141.316559|1.000000|1.000000|1.000000
AEG007_082_1017|13|33.261497|215.169434|37.176674|145.359924|87.154167|-31.670649|1.000000|1.000000|1.000000
AEG007_082_1018|13|39.227486|210.745758|36.573433|127.497131|66.910400|16.053539|1.000000|1.000000|1.000000
AEG007_082_1019|13|12.409786|215.432892|21.913712|-178.767151|-83.061897|-26.836349|1.000000|1.000000|1.000000
AEG007_082_1020|13|11.207738|213.274597|20.429489|146.232864|-83.061859|-26.836342|1.000000|1.000000|1.000000
AEG007_082_1021|13|3.353545|213.147858|38.894531|138.185806|-74.134560|11.557963|1.000000|1.000000|1.000000
AEG007_082_1022|13|4.861491|215.364059|32.801559|149.217712|-81.635315|-38.683453|1.000000|1.000000|1.000000
AEG007_082_1023|13|0.649460|210.556717|27.751892|-55.140133|70.654175|-148.329361|1.000000|1.000000|1.000000
AEG007_082_1024|13|8.034565|216.519333|30.199858|-34.640091|70.654221|-148.329361|1.000000|1.000000|1.000000
AEG007_082_1025|13|10.534209|214.090759|23.215652|-39.209496|60.293926|-178.281967|1.000000|1.000000|1.000000
AEG007_082_1026|13|3.122338|213.226547|36.603592|27.792150|76.093536|-5.409325|1.000000|1.000000|1.000000
AEG007_082_1027|13|0.344162|211.127045|44.802246|121.001053|-59.316093|20.777462|1.000000|1.000000|1.000000
AEG007_082_1028|13|33.884903|214.742996|26.289383|1.232854|12.438121|-153.163666|1.000000|1.000000|1.000000
AEG007_082_1029|13|35.247086|212.584686|24.950607|-33.767170|12.438147|-153.163666|1.000000|1.000000|1.000000
AEG007_082_1030|13|16.277987|212.457947|17.482384|-41.814186|21.365477|168.442032|1.000000|1.000000|1.000000
AEG007_082_1031|13|22.323690|214.674164|19.819382|-30.782310|13.864676|-141.316544|1.000000|1.000000|1.000000
AEG007_082_1032|13|26.946426|209.866806|15.142784|-55.140110|-13.845825|-148.329376|1.000000|1.000000|1.000000
AEG007_082_1033|13|25.217539|215.829437|22.728508|-34.640106|-13.845830|-148.329361|1.000000|1.000000|1.000000
AEG007_082_1034|13|32.409142|213.400879|24.547226|-39.209484|-24.206072|-178.281967|1.000000|1.000000|1.000000
AEG007_082_1035|13|18.753990|212.639267|18.284615|24.639471|-26.602543|-14.320583|1.000000|1.000000|1.000000
AEG007_082_1036|13|11.183764|211.485245|16.062149|-61.115883|34.189323|-175.510818|1.000000|1.000000|1.000000
AEG007_082_1037|13|3.584164|214.969330|46.039600|49.499119|117.450279|-12.184823|1.000000|1.000000|1.000000
AEG007_082_1038|13|5.400229|212.950790|49.577271|51.304234|154.124466|6.118566|1.000000|1.000000|1.000000
AEG007_082_1039|13|12.660089|212.295044|14.487701|54.132500|25.384268|-7.222110|1.000000|1.000000|1.000000
AEG007_082_1040|13|8.805438|211.703125|14.936874|56.191143|48.700081|7.369472|1.000000|1.000000|1.000000
AEG007_082_1041|13|11.335408|213.274597|20.433395|146.232849|-82.622246|-26.836334|1.000000|1.000000|1.000000
AEG007_082_1042|13|16.435162|211.660629|14.806305|-61.115879|29.689409|-175.510818|1.000000|1.000001|1.000000
AEG007_082_1043|13|41.467571|211.391968|29.369644|-61.115883|-55.310650|-175.510818|1.000000|1.000001|1.000000
AEG007_082_1044|13|40.498249|211.009766|21.941513|56.191143|-36.299934|7.369473|1.000000|1.000001|1.000000
AEG007_082_1046|13|38.673996|214.220901|26.623253|51.093727|-57.716766|-22.625078|1.000000|1.000000|1.000000
AEG007_082_1047|13|30.012466|210.735413|54.270332|118.884102|44.689400|-4.489193|1.000000|1.000001|1.000000
AEG007_082_1048|13|37.159447|210.353210|52.025879|56.191170|-116.299942|7.369479|1.000000|1.000000|1.000000
AEG007_082_1049|13|33.448086|211.638351|53.328438|54.289783|-151.313293|-14.014433|1.000000|1.000000|1.000000
AEG007_083_1001|13|17.490995|224.964157|46.753845|6.499990|-153.939590|-0.000005|1.000000|1.000000|1.000000
AEG007_083_1002|13|28.032658|212.721008|51.467606|32.660519|177.719009|-47.837555|1.000000|1.000000|1.000000
AEG007_083_1003|13|22.658562|225.210022|46.574966|11.016603|-168.920380|-10.878329|1.000000|1.000000|1.000000
AEG007_083_1004|13|17.194969|217.359741|48.324005|159.827469|-0.684830|-12.622692|1.000000|1.000000|1.000000
AEG007_083_1005|13|25.449299|225.519592|44.525223|15.598813|-121.109924|-8.317258|1.000000|1.000000|1.000000
AEG007_083_1006|13|12.994713|221.928619|45.678558|15.547290|164.890839|-21.177902|1.000000|1.000000|1.000000
AEG007_083_1007|13|11.810362|216.199265|47.968369|30.910435|148.835007|-29.136198|1.000000|1.000000|1.000000
AEG007_083_1008|13|32.348862|215.233704|43.204285|30.910435|-120.604568|-29.136198|1.000000|1.000000|1.000000
AEG007_083_1009|13|30.047569|220.963058|42.042374|15.547283|-104.548767|-21.177902|1.000000|1.000000|1.000000
AEG007_083_1010|13|30.849422|224.244461|32.370224|11.016604|-78.359985|-10.878325|1.000000|1.000000|1.000000
AEG007_083_1011|13|35.689240|211.755432|26.948547|32.660545|-91.720596|-47.837532|1.000000|1.000000|1.000000
AEG007_083_1012|13|32.651802|216.394165|37.816406|159.827454|89.875587|-12.622675|1.000000|1.000000|1.000000
AEG007_083_1013|13|31.078823|223.998596|37.535767|6.499990|-63.379196|-0.000003|1.000000|1.000000|1.000000
AEG007_083_1014|13|12.498068|222.312958|26.447342|15.547287|58.951260|-21.177889|1.000000|1.000000|1.000000
AEG007_083_1015|13|8.982184|225.594360|35.493469|11.016607|85.140053|-10.878333|1.000000|1.000000|1.000000
AEG007_083_1016|13|10.621546|216.583588|24.679657|30.910458|42.895428|-29.136211|1.000001|1.000000|1.000000
AEG007_083_1017|13|10.229343|225.348480|30.475477|6.499990|100.120827|-0.000005|1.000000|1.000000|1.000000
AEG007_083_1018|13|8.800835|217.744064|29.759615|-20.172552|73.375565|-167.377319|1.000000|1.000000|1.000000
AEG007_083_1019|13|0.048921|210.045502|46.581928|38.609970|87.919769|-31.981302|1.000000|1.000000|1.000000
AEG007_083_1020|13|29.380589|221.623047|26.811790|15.547294|-25.548719|-21.177896|1.000000|1.000000|1.000000
AEG007_083_1021|13|20.039143|224.904449|24.179161|11.016607|0.640054|-10.878328|1.000000|1.000000|1.000000
AEG007_083_1022|13|30.960257|215.893692|24.774490|30.910427|-41.604561|-29.136198|1.000000|1.000000|1.000000
AEG007_083_1023|13|25.153557|224.658585|24.939583|6.499992|15.620850|-0.000005|1.000000|1.000000|1.000000
AEG007_083_1024|13|25.729177|217.054169|23.449051|-20.172541|-11.124403|-167.377319|1.000000|1.000000|1.000000
AEG007_083_1025|13|15.640574|212.415436|18.393753|32.660519|-12.720557|-47.837532|1.000000|1.000000|1.000000
AEG007_083_1026|13|4.964073|215.091400|47.069435|47.305565|146.049103|1.612909|1.000000|1.000000|1.000000
AEG007_083_1027|13|10.734315|212.704620|15.815521|54.782459|41.033733|2.187059|1.000000|1.000000|1.000000
AEG007_083_1028|13|15.575807|211.759857|13.414825|50.488075|4.445270|-6.463056|1.000000|1.000000|1.000000
AEG007_083_1031|13|31.339935|210.318787|55.152283|49.582424|-173.732620|-29.355600|1.000000|1.000000|1.000000
AEG007_083_1032|13|35.068886|211.354706|51.676414|54.782516|-123.966255|2.187054|1.000000|1.000000|1.000000
AEG007_083_1033|13|16.327448|210.484970|13.703873|35.204250|-32.173988|-39.312302|1.000000|1.000000|1.000000
AEG007_083_1034|13|3.420549|209.373642|52.548901|54.665073|157.572708|13.670271|1.000000|1.000000|1.000000
AEG007_084_1001|13|21.740231|239.712204|45.720047|-3.306711|-166.474014|-1.137869|1.000000|1.000000|1.000000
AEG007_084_1002|13|20.203239|257.391663|45.735073|-0.383166|-166.433151|-0.463584|1.000000|1.000000|1.000000
AEG007_084_1003|13|27.504864|239.712204|43.126678|-3.306710|-138.474045|-1.137869|1.000000|1.000000|1.000000
AEG007_084_1004|13|19.444801|215.234451|48.248932|53.241302|-167.295197|0.208102|1.000000|1.000000|1.000000
AEG007_084_1006|13|21.649651|221.410034|47.238129|26.298201|-171.835037|-29.641758|1.000000|1.000000|1.000000
AEG007_084_1007|13|11.613361|239.921082|41.321533|-1.982330|119.108650|2.881192|1.000000|1.000000|1.000000
AEG007_084_1008|13|10.501358|227.476273|41.223801|-1.982330|119.108650|2.881192|1.000000|1.000000|1.000000
AEG007_084_1009|13|9.185558|220.389297|43.332413|30.036530|128.978806|-14.564775|1.000000|1.000000|1.000000
AEG007_084_1010|13|25.617409|226.510696|44.579178|-1.982329|-150.330887|2.881193|1.000000|1.000000|1.000000
AEG007_084_1011|13|31.522425|220.444458|33.372574|26.298185|-81.274612|-29.641747|1.000000|1.000001|1.000000
AEG007_084_1012|13|25.704247|238.955505|43.466278|-1.982329|-150.330887|2.881193|1.000000|1.000000|1.000000
AEG007_084_1013|13|27.738804|219.423721|45.874283|30.036518|-140.460785|-14.564775|1.000000|1.000000|1.000000
AEG007_084_1014|13|38.016350|210.688568|34.986649|53.241299|-76.734795|0.208104|1.000000|1.000000|1.000000
AEG007_084_1015|13|33.852684|215.996704|35.883980|47.196373|-100.574417|-28.270014|1.000000|1.000000|1.000000
AEG007_084_1016|13|30.003517|238.746643|33.296837|-3.306710|-75.913605|-1.137868|1.000000|1.000000|1.000000
AEG007_084_1017|13|30.033611|256.426117|34.833607|-0.383166|-75.872757|-0.463584|1.000000|1.000000|1.000000
AEG007_084_1018|13|8.621586|221.794357|34.341232|26.298227|82.225380|-29.641764|1.000000|1.000000|1.000000
AEG007_084_1019|13|17.466301|227.860596|25.273254|-1.982329|13.169106|2.881193|1.000000|1.000000|1.000000
AEG007_084_1020|13|8.255172|215.618774|31.943573|53.241306|86.765213|0.208103|1.000000|1.000000|1.000000
AEG007_084_1022|13|2.853518|212.038452|30.949265|53.241295|86.765213|0.208101|1.000000|1.000000|1.000000
AEG007_084_1023|13|10.056450|240.096527|34.845211|-3.306710|87.586395|-1.137870|1.000000|1.000000|1.000000
AEG007_084_1024|13|10.464078|257.776001|33.363186|-0.383166|87.627266|-0.463584|1.000000|1.000000|1.000000
AEG007_084_1025|13|17.066938|240.305405|26.315641|-1.982329|13.169106|2.881193|1.000000|1.000000|1.000000
AEG007_084_1026|13|21.151516|221.104462|23.709770|26.298195|-2.274606|-29.641758|1.000000|1.000000|1.000000
AEG007_084_1027|13|31.025475|227.170700|31.644600|-1.982329|-71.330887|2.881192|1.000000|1.000000|1.000000
AEG007_084_1028|13|23.503008|214.928879|23.115219|53.241302|2.265229|0.208101|1.000000|1.000000|1.000000
AEG007_084_1029|13|32.701572|220.083725|29.809311|30.036518|-61.460773|-14.564777|1.000000|1.000000|1.000000
AEG007_084_1030|13|23.975029|211.348557|17.643135|53.241295|2.265229|0.208102|1.000000|1.000000|1.000000
AEG007_084_1031|13|20.787340|239.406631|25.186323|-3.306709|3.086381|-1.137868|1.000000|1.000000|1.000000
AEG007_084_1032|13|22.301605|257.086121|25.450016|-0.383166|3.127280|-0.463584|1.000000|1.000000|1.000000
AEG007_084_1033|13|29.949604|239.615509|31.347013|-1.982329|-71.330887|2.881192|1.000000|1.000000|1.000000
AEG007_084_1034|13|9.951855|223.506332|37.978088|43.291950|125.919807|-17.344921|1.000000|1.000000|1.000000
AEG007_084_1035|13|15.950668|220.773636|23.397537|30.036518|23.478838|-14.564781|1.000000|1.000000|1.000000
AEG007_220_1000|13|-0.829278|31.045967|-100.836777|3.090879|107.616287|-1.952519|1.000000|1.000000|1.000000
AEG007_220_1001|13|34.204422|33.399166|-45.859398|-17.721056|-86.810150|10.100130|1.000000|1.000000|1.000000
AEG007_220_1002|13|66.230820|31.067139|-12.331293|-13.716209|-30.638487|-12.294470|1.000000|1.000000|1.000000
AEG007_220_1003|13|114.110718|25.075462|-0.609048|-15.257298|-52.371307|0.834678|1.000001|1.000000|1.000000
AEG007_220_1004|13|64.064819|32.723354|-4.769122|-10.857364|-129.529999|21.193148|1.000000|1.000000|1.000000
AEG007_220_1005|13|42.743095|33.231331|-33.748104|-18.020199|-18.741383|-14.896187|1.000001|1.000001|1.000001
AEG007_220_1006|13|54.675266|31.426643|-25.711086|-25.235228|-47.375763|3.848183|1.000000|1.000000|1.000000
AEG007_220_1007|13|3.046967|32.179543|-83.308296|7.394827|168.788773|-2.184269|1.000000|1.000000|1.000000
AEG007_220_1008|13|19.499594|33.595051|-63.186726|-9.473694|-101.138275|14.904322|1.000000|1.000000|1.000000
AEG007_220_1009|13|-10.355630|113.581841|-57.011833|-5.034144|-7.550223|1.618828|1.000000|1.000000|1.000000
AEG007_220_1010|13|24.154053|113.798859|-14.230000|0.000000|166.729019|0.000000|1.000000|1.000000|1.000000
AEG007_220_1011|13|9.876461|113.800171|-30.432037|0.000000|-77.667343|0.000000|1.000000|1.000000|1.000000
AEG007_290_1001|13|26.933416|221.079163|25.287773|-85.251747|65.773659|-56.456928|1.000000|1.000000|1.000000
AEG007_290_1002|13|28.559452|226.910492|26.901480|69.644180|56.949585|-69.728951|1.000000|1.000000|1.000000
AEG007_290_1003|13|29.076677|219.365265|24.847754|69.346878|65.238373|-53.805149|1.000000|1.000000|1.000000
AEG007_290_1004|13|33.792130|219.909683|31.264990|39.106148|50.764225|-46.366535|1.000000|1.000000|1.000000
AEG007_290_1005|13|32.316971|222.406754|33.707336|93.538094|33.259830|-45.431053|1.000000|1.000000|1.000000
AEG007_290_1006|13|31.508499|220.422577|39.248177|-82.116936|-10.462327|-57.343224|1.000000|1.000000|1.000000
AEG007_290_1007|13|30.091438|226.722061|39.158585|69.644188|-23.050451|-69.728958|1.000000|1.000000|1.000000
AEG007_290_1008|13|32.777573|217.872055|41.941681|104.941681|-0.916383|-46.011856|1.000000|1.000000|1.000000
AEG007_290_1009|13|26.813095|219.253113|47.040627|39.106178|-29.235819|-46.366547|1.000000|1.000000|1.000000
AEG007_290_1010|13|24.151688|221.973328|46.011986|98.589531|-35.121433|-44.897129|1.000000|1.000000|1.000000
AEG007_290_1011|13|15.720278|221.388153|46.928570|86.877991|81.768105|-118.394135|1.000000|1.000000|1.000000
AEG007_290_1012|13|11.524488|222.055420|45.172760|72.003525|33.697800|-107.508713|1.000000|1.000000|1.000000
AEG007_290_1013|13|13.685976|219.674255|46.448040|61.882710|-103.334641|-51.472347|1.000000|1.000000|1.000000
AEG007_290_1014|13|6.114619|216.324738|45.472748|47.700581|-112.875992|-48.955559|1.000000|1.000000|1.000000
AEG007_290_1015|13|8.323397|220.077621|37.457073|-86.461868|56.259834|-134.568954|1.000000|1.000000|1.000000
AEG007_290_1016|13|11.297773|219.106979|29.249451|18.392151|-36.057293|-141.889282|1.000000|1.000000|1.000000
AEG007_290_1017|13|12.706009|227.603821|27.262533|69.644218|141.949615|-69.728966|1.000000|1.000000|1.000000
AEG007_290_1018|13|10.705181|220.058594|26.568281|61.882694|151.665314|-51.472355|1.000000|1.000000|1.000000
AEG007_290_1019|13|17.508978|220.603027|22.430077|39.106171|135.764160|-46.366554|1.000000|1.000000|1.000000
AEG007_290_1020|13|19.813461|223.323212|24.112495|-86.461914|-57.240227|-134.568954|1.000000|1.000000|1.000000
AEG040_020_1000|13|-56.113045|249.459854|-76.832695|5.893981|-92.388771|-11.298254|1.000000|1.000000|1.000000
AEG040_020_1001|13|-55.447670|249.641663|-78.391327|21.932417|-119.397583|18.226851|1.000000|1.000000|1.000000
AEG040_020_1002|13|-44.625736|245.270996|-48.614838|67.530685|89.750320|-176.337860|1.000000|1.000000|1.000000
AEG040_020_1003|13|-49.593876|236.374756|-9.143158|67.530685|89.750320|177.162140|1.000000|1.000000|1.000000
AEG040_020_1004|13|-53.106682|239.444000|-25.016258|63.917019|-67.635109|164.211197|1.000000|1.000000|1.000000
AEG040_020_1007|13|-70.281837|155.154480|113.948952|-4.241563|71.414619|164.628479|1.000000|1.000000|1.000000
AEG040_020_1009|13|55.914764|179.973938|3.393450|-6.486857|-87.554794|178.585754|1.000000|1.000000|1.000000
AEG040_020_1011|13|8.298836|177.557678|98.200752|-59.594738|-75.917450|-47.201511|1.000000|1.000000|1.000000
AEG040_020_1012|13|-3.893887|186.868744|94.472908|1.918958|-160.540009|-52.197052|1.000000|1.000000|1.000000
AEG040_020_1014|13|4.194961|182.774094|95.082848|166.913589|-55.199486|-16.527195|1.000000|1.000000|1.000000
AEG040_020_1017|13|7.113649|200.016907|98.226357|-165.433807|-64.967026|-28.012789|1.000000|1.000000|1.000000
AEG040_021_1000|13|5.061486|178.788391|86.977264|122.481850|-43.752636|56.247288|1.000000|1.000000|1.000000
AEG040_021_1001|13|0.602264|185.271698|88.382393|51.154957|13.107821|-173.383606|1.000000|1.000000|1.000000
AEG040_021_1003|13|3.530550|178.850067|95.294563|112.894798|6.605873|71.890022|1.000000|1.000000|1.000000
AEG040_021_1006|13|-66.187561|157.388718|114.250847|119.833183|2.598884|-60.434471|1.000000|1.000000|1.000000
AEG040_021_1008|13|-67.646935|153.366241|110.809204|-76.960693|143.684311|56.311672|1.000000|1.000000|1.000000
AEG040_021_1010|13|-17.885937|185.516205|100.471466|15.508684|-44.313992|-158.980179|1.000000|1.000000|1.000000
AEG040_021_1012|13|33.993336|197.619446|8.798409|-18.614727|19.568499|-136.034714|1.000000|1.000000|1.000000
AEG040_021_1016|13|6.295068|205.556030|93.867645|179.463058|-79.714951|33.523720|1.000000|1.000000|1.000000
AEG040_024_1000|13|-18.967186|175.831512|108.528725|80.760101|-0.997807|178.433304|1.000000|1.000000|1.000000
AEG040_061_1002|13|-109.791199|233.020126|14.934790|5.907239|23.665482|12.062824|1.000000|1.000000|1.000000
AEG040_061_1003|13|-97.283325|230.842529|15.022741|20.314156|50.270649|0.409264|1.000000|1.000000|1.000000
AEG040_061_1004|13|-93.375916|234.303619|13.507034|9.711601|123.923592|12.714916|1.000000|1.000000|1.000000
AEG040_061_1005|13|-105.732712|217.033524|22.454844|12.829364|92.692856|2.500779|1.000000|1.000000|1.000000
AEG040_062_1001|13|-56.129761|239.788345|-21.451904|10.991849|-0.395280|7.086238|1.000000|1.000000|1.000000
AEG040_062_1002|13|-51.808117|240.543411|-23.670528|-10.864299|112.912819|7.429497|1.000000|1.000000|1.000000
AEG040_062_1003|13|-49.391708|239.781998|-18.242987|-9.341546|102.465294|9.255724|1.000000|1.000000|1.000000
AEG040_062_1004|13|-62.803356|254.815826|-101.625977|-6.717887|113.094994|8.437059|1.000000|1.000000|1.000000
AEG040_062_1005|13|-57.250034|256.895721|-114.801262|-6.796721|101.523331|5.243865|1.000000|1.000000|1.000000
AEG040_062_1008|13|-68.495583|254.634903|-103.586327|18.476236|-33.141605|2.655741|1.000000|1.000000|1.000000
AEG040_062_1009|13|-87.366928|242.143433|-54.194183|10.230724|9.577481|8.202128|1.000000|1.000000|1.000000
AEG040_062_1010|13|-98.307365|240.087875|-50.860832|-8.473070|-162.728546|-11.484496|1.000000|1.000000|1.000000
AEG040_062_1011|13|-93.007721|240.877594|-51.788162|-8.638691|-162.678650|-11.159283|1.000000|1.000000|1.000000
AEG040_062_1012|13|-83.478157|231.755188|3.118470|-4.808368|101.862328|8.554948|1.000000|1.000000|1.000000
AEG040_063_1001|13|-51.383484|238.877014|-20.667089|-10.627660|111.229225|7.740736|1.000000|1.000000|1.000000
AEG040_063_1002|13|-65.031738|253.852890|-103.125832|-10.801291|113.215881|7.519519|1.000000|1.000000|1.000000
AEG040_063_1003|13|-83.478157|231.022736|2.205369|-4.296722|110.245728|10.111276|1.000000|1.000000|1.000000
AEG040_063_1004|13|-107.897873|209.779846|26.377848|7.179102|0.612149|0.532482|1.000000|1.000000|1.000000
AEG040_063_1005|13|-75.672127|206.429214|47.449417|9.634966|0.729246|-0.157258|1.000000|1.000000|1.000000
AEG040_063_1006|13|-77.231766|234.234573|-13.266122|10.455245|-48.841373|-3.720431|1.000000|1.000000|1.000000
AEG040_063_1007|13|-69.351898|241.134125|-41.980911|14.156414|-12.683429|5.982317|1.000000|1.000000|1.000000
AEG040_063_1008|13|-82.136482|239.082855|-40.816021|-8.148771|-172.109055|-9.318828|1.000000|1.000000|1.000000
AEG040_063_1009|13|-60.617985|255.887161|-116.784874|3.480909|-106.840614|-12.673604|1.000000|1.000000|1.000000
AEG040_063_1010|13|-115.679558|241.078659|-76.415382|15.254106|-46.792904|-1.141254|1.000000|1.000000|1.000000
AEG040_063_1011|13|-126.865311|241.029846|-85.317345|1.954772|-125.186279|-15.173262|1.000000|1.000000|1.000000
AEG040_064_1000|13|-108.833549|210.855057|26.377848|7.179102|0.612149|0.532482|1.000000|1.000000|1.000000
AEG040_064_1001|13|-75.687332|207.788300|45.960258|9.634966|0.729246|-0.157258|1.000000|1.000000|1.000000
AEG040_064_1002|13|-75.634506|235.520355|-14.008820|10.455246|-48.841373|-3.720443|1.000000|1.000000|1.000000
AEG040_064_1003|13|-68.546875|241.993225|-41.081730|14.897388|-48.841373|-3.720442|1.000000|1.000000|1.000000
AEG040_064_1004|13|-82.274750|240.052353|-40.654835|-8.148777|-172.109055|-9.318830|1.000000|1.000000|1.000000
AEG040_064_1005|13|-62.936256|256.590881|-115.248154|10.504992|-48.841373|-3.720443|1.000000|1.000000|1.000000
AEG040_064_1006|13|-114.827682|242.325851|-76.285690|13.176092|-70.991295|-7.054327|1.000000|1.000000|1.000001
AEG040_064_1007|13|-126.869110|241.925171|-85.560196|13.299253|-70.182426|-10.453173|1.000000|1.000000|1.000001
AEG040_065_1001|13|-91.792465|240.291504|-47.250832|11.567717|-68.286690|-7.817684|1.000000|1.000000|1.000000
AEG040_065_1007|13|-70.469498|255.184113|-109.709976|-6.874677|175.896286|-6.417171|1.000000|1.000000|1.000000
AEG040_065_1009|13|-86.125526|241.180893|-47.656475|8.137023|20.192251|10.727276|1.000000|1.000000|1.000000
AEG040_065_1011|13|-66.498711|253.956085|-99.708015|7.120308|-90.027306|-12.808408|1.000000|1.000000|1.000000
AEG040_065_1012|13|-57.633186|256.069550|-104.736992|9.620568|-43.601498|-1.955350|1.000000|1.000000|1.000000
AEG040_065_1014|13|-94.053490|247.098755|-82.747841|3.669779|38.179226|13.460634|1.000000|1.000000|1.000000
AEG040_065_1015|13|-97.179260|245.220078|-75.456764|8.422608|-86.881416|-10.307055|1.000000|1.000000|1.000000
AEG040_065_1016|13|-57.971680|238.927994|-18.210201|12.977142|-32.851215|-0.047620|1.000000|1.000000|1.000000
AEG040_065_1017|13|-49.597038|239.267136|-14.530914|9.796048|-74.633728|-8.740446|1.000000|1.000000|1.000000
AEG040_065_1020|13|-60.215599|241.161118|-31.126530|2.094464|-113.295265|-12.862463|1.000000|1.000000|1.000000
AEG040_065_1021|13|-111.471962|237.127258|-47.353706|-13.705458|126.126122|3.748790|1.000000|1.000000|1.000000
AEG040_065_1022|13|-105.001221|238.820282|-50.238258|-11.184801|103.860474|9.062460|1.000000|1.000000|1.000000
AEG040_065_1023|13|-99.407616|240.600815|-54.442371|-10.959730|103.924568|9.389871|1.000000|1.000000|1.000000
AEG040_065_1024|13|-92.812485|241.980469|-56.571400|-10.594278|104.406754|9.507213|1.000000|1.000000|1.000000
AEG040_065_1025|13|-79.926277|239.040039|-32.985229|12.264918|-12.084475|4.908530|1.000000|1.000000|1.000000
AEG040_065_1026|13|-80.097221|237.293747|-24.060459|1.836201|47.892609|12.861000|1.000000|1.000000|1.000000
AEG040_065_1027|13|-74.607422|237.086685|-19.334726|1.895213|48.241821|12.684400|1.000000|1.000000|1.000000
AEG040_065_1030|13|-42.539799|239.042953|-8.706296|-11.401304|174.976883|-6.309182|1.000000|1.000000|1.000000
AEG040_065_1031|13|-82.990860|233.154968|-4.051622|6.771724|22.369339|10.046253|1.000000|1.000000|1.000000
AEG040_065_1032|13|-38.310787|242.150162|-21.742584|-8.062138|-161.138168|-10.744809|1.000000|1.000000|1.000000
AEG040_065_1033|13|-119.423409|226.171555|12.520666|-3.402509|-159.246002|-8.776593|1.000000|1.000000|1.000000
AEG040_065_1034|13|-122.525238|226.182938|8.591251|6.836720|-84.732826|-4.830157|1.000000|1.000000|1.000000
AEG040_065_1035|13|-81.857216|234.260391|-9.911105|6.771724|22.369339|10.046253|1.000000|1.000000|1.000000
AEG040_065_1036|13|-114.819107|211.100922|26.826332|-2.583942|-105.513405|-8.681141|1.000000|1.000000|1.000000
AEG040_065_1037|13|-103.464577|210.161102|32.612762|-7.195578|174.707611|0.212774|1.000000|1.000000|1.000000
AEG040_065_1038|13|-109.394821|210.142960|32.450634|-0.080339|-94.248688|-7.198254|1.000000|1.000000|1.000000
AEG040_065_1039|13|-70.697197|207.525497|48.057602|9.617302|-19.426353|-1.971958|1.000000|1.000000|1.000000
AEG040_065_1040|13|-81.313927|208.671432|41.852306|-9.804696|174.731415|-0.463251|1.000000|1.000000|1.000000
AEG040_065_1041|13|-79.836586|207.183762|50.284348|-6.275842|-137.831055|-7.562245|1.000000|1.000000|1.000000
AEG040_065_1042|13|-123.500847|210.021393|33.730370|-4.346658|130.907455|6.416089|1.000000|1.000000|1.000000
AEG040_065_1043|13|-99.067169|207.948837|46.007339|-2.630854|113.833649|8.769390|1.000000|1.000000|1.000000
AEG040_065_1044|13|-75.355942|234.714981|-8.166691|9.775886|-69.264084|-7.158422|1.000000|1.000000|1.000000
AEG040_065_1045|13|-67.172012|240.779587|-34.153511|3.084050|-109.938019|-12.837476|1.000000|1.000000|1.000000
AEG040_065_1046|13|-80.295120|241.640686|-46.540745|-3.602952|72.409103|12.703713|1.000000|1.000000|1.000000
AEG040_065_1047|13|-63.637703|242.825638|-42.280315|3.895668|39.117916|12.618339|1.000000|1.000000|1.000000
AEG040_065_1048|13|-52.212425|257.332886|-113.032791|4.196381|22.096317|7.999163|1.000000|1.000000|1.000000
AEG040_065_1049|13|-58.956024|257.513245|-120.196274|-4.410517|79.185013|4.313592|1.000000|1.000000|1.000000
AEG040_065_1050|13|-68.022011|256.360870|-117.939781|-9.086917|143.394409|-0.184015|1.000000|1.000000|1.000000
AEG040_065_1051|13|-121.178604|241.302505|-76.464279|-10.760862|-177.669403|-10.935038|1.000000|1.000000|1.000000
AEG040_065_1052|13|-110.775734|242.378494|-72.520790|14.936941|-27.886427|3.452770|1.000000|1.000000|1.000000
AEG040_065_1053|13|-118.287483|236.427292|-48.714420|-12.118533|109.004890|7.507006|1.000000|1.000000|1.000000
AEG040_065_1054|13|-125.016006|235.892075|-51.656590|-8.823513|88.222931|11.220935|1.000000|1.000000|1.000000
AEG040_065_1055|13|-118.280266|240.760254|-70.971863|6.601438|-106.172081|-13.547490|1.000000|1.000000|1.000000
AEG040_065_1056|13|-115.146194|243.194275|-80.211113|-9.211165|86.836174|9.770995|1.000000|1.000000|1.000000
AEG040_065_1057|13|-113.534332|244.551620|-86.555435|-11.523715|101.639488|6.855732|1.000000|1.000000|1.000000
AEG040_065_1058|13|-120.859932|243.242325|-87.297119|-10.202319|87.791168|9.364543|1.000000|1.000000|1.000000
AEG040_065_1059|13|-108.720947|244.608749|-82.353065|6.939663|13.597094|11.658422|1.000000|1.000000|1.000000
AEG040_066_1001|13|-47.902966|240.843521|-21.809631|10.476719|3.862936|8.049925|1.000000|1.000000|1.000000
AEG040_066_1002|13|-55.287594|240.547119|-24.799305|10.502755|3.453671|7.841304|1.000000|1.000000|1.000000
AEG040_066_1003|13|-45.667339|240.397247|-18.015852|10.440028|4.039784|8.123937|1.000000|1.000000|1.000000
AEG040_066_1004|13|-52.374996|257.010742|-108.731499|7.745626|-32.888218|0.219577|1.000000|1.000000|1.000000
AEG040_066_1005|13|-61.854019|255.547333|-104.125168|11.288445|-32.971298|0.225451|1.000000|1.000000|1.000000
AEG040_066_1006|13|-99.149651|246.168930|-81.436966|-11.383171|173.754074|-7.542199|1.000000|1.000000|1.000000
AEG040_066_1010|13|-54.120071|257.672180|-116.701820|1.903410|34.186081|8.786138|1.000000|1.000000|1.000000
AEG040_066_1012|13|-65.495781|243.355408|-45.991207|-7.854364|93.200523|10.638266|1.000000|1.000000|1.000000
AEG040_067_1001|13|-56.162296|256.005371|-108.966331|0.720148|27.188145|6.575259|1.000000|1.000000|1.000000
AEG040_067_1003|13|-103.083290|247.270523|-41.464794|-75.764404|49.620148|-69.259071|1.000000|1.000000|1.000000
AEG040_067_1005|13|-88.917000|240.291641|-51.245392|2.354218|82.593109|12.479248|1.000000|1.000000|1.000000
AEG040_067_1009|13|-107.673996|241.865082|-41.406696|-14.334042|0.744053|18.092297|1.000000|1.000000|1.000000
AEG040_067_1010|13|-97.097412|244.814026|-80.670906|-4.220673|-102.641426|-16.244915|1.000000|1.000000|1.000000
AEG040_067_1014|13|-60.040131|251.972778|-59.650650|-18.244635|-117.154701|-11.657873|1.000000|1.000000|1.000000
AEG040_067_1015|13|-66.509430|259.310608|-68.336052|8.315756|-142.506149|8.954159|1.000000|1.000000|1.000000
AEG040_067_1016|13|-67.429947|243.505859|-39.018684|-36.798531|-75.625793|0.906747|1.000000|1.000000|1.000000
AEG040_067_1017|13|-120.965675|261.716248|-21.285625|16.846224|14.729630|-11.267561|1.000000|1.000000|1.000000
AEG040_067_1018|13|-114.894547|261.596954|-24.415150|-8.901394|53.979069|-11.550336|1.000000|1.000000|1.000000
AEG040_067_1019|13|-124.796761|261.975555|-23.279766|-5.440324|17.192379|2.803110|1.000000|1.000000|1.000000
AEG040_067_1020|13|-94.175713|249.192200|-32.677273|-43.503601|-31.881536|-23.517580|1.000000|1.000000|1.000000
AEG040_067_1021|13|-94.303986|247.003967|-36.488220|35.851768|93.904045|-37.765720|1.000000|1.000000|1.000000
AEG040_067_1022|13|-93.303841|240.551987|-42.233318|16.975815|83.768539|-55.880692|1.000000|1.000000|1.000000
AEG040_067_1023|13|-103.769913|262.632172|-2.553979|-1.180092|78.177719|9.208161|1.000000|1.000000|1.000000
AEG040_067_1024|13|-102.196693|263.744934|-8.224408|-3.729366|28.857800|4.466726|1.000000|1.000000|1.000000
AEG040_067_1025|13|-84.779869|241.031845|-16.471939|76.345650|73.823952|-138.231766|1.000000|1.000000|1.000000
AEG040_067_1026|13|-77.619141|235.157959|-17.452400|10.443005|-68.178452|-7.319536|1.000000|1.000000|1.000000
AEG040_067_1027|13|-117.163673|225.947617|10.659084|10.443005|-87.311401|-7.319536|1.000000|1.000000|1.000000
AEG040_067_1028|13|-86.954361|231.287460|5.470928|-23.575821|-74.345673|-7.010497|1.000000|1.000000|1.000000
AEG040_067_1029|13|-86.779495|233.301529|-9.588751|-23.575813|-111.844078|-7.010496|1.000000|1.000000|1.000000
AEG040_067_1030|13|-112.490616|211.080826|21.420237|-27.692663|-146.434586|-7.319536|1.000000|1.000000|1.000000
AEG040_067_1031|13|-103.683655|210.689453|24.447880|3.211199|-91.687935|-12.324140|1.000000|1.000000|1.000000
AEG040_067_1032|13|-77.789925|207.747025|42.259384|3.211199|-91.687935|-12.324140|1.000000|1.000000|1.000000
AEG040_067_1033|13|-67.367889|240.912964|-38.865326|10.443005|-68.178452|-7.319536|1.000000|1.000000|1.000000
AEG040_067_1034|13|-131.582764|259.862823|-19.896458|27.696856|-92.703911|32.209885|1.000000|1.000000|1.000000
AEG040_067_1035|13|-94.995354|260.141998|-0.982814|50.798634|83.687920|20.252466|1.000000|1.000000|1.000000
AEG040_067_1036|13|-106.136292|250.380493|8.871292|24.583544|-58.496792|-54.514130|1.000000|1.000000|1.000000
AEG040_067_1037|13|-116.110725|245.956482|11.940153|66.253929|30.705809|-5.789887|1.000000|1.000000|1.000000
AEG040_067_1038|13|-111.091095|238.613861|-42.400784|-23.818867|122.415253|-68.336197|1.000000|1.000000|1.000000
AEG040_067_1039|13|-107.353767|260.282867|-29.217730|-18.864870|-7.814169|-7.068918|1.000000|1.000000|1.000000
AEG040_067_1040|13|-128.221283|239.614410|-81.106461|6.027475|-107.700500|-12.962132|1.000000|1.000000|1.000000
AEG040_067_1041|13|-116.041344|235.254608|-45.128033|-1.181706|140.940872|-10.086413|1.000000|1.000000|1.000000
AEG040_067_1042|13|-112.863365|243.085846|-83.312042|-13.286439|158.318100|-5.262503|1.000000|1.000000|1.000000
AEG040_068_1001|13|-104.315552|239.071243|-42.810921|-64.199715|3.151286|17.760841|1.000000|1.000000|1.000000
AEG040_068_1002|13|-63.098644|254.536133|-108.211029|-1.606762|15.264433|7.542414|1.000000|1.000000|1.000000
AEG040_068_1003|13|-111.455246|247.002518|-34.706135|-77.814796|39.782005|-37.289772|1.000000|1.000000|1.000000
AEG040_068_1004|13|-126.961861|232.678680|-44.494797|7.470234|-21.547701|1.823115|1.000000|1.000000|1.000000
AEG040_068_1005|13|-127.895218|238.496674|-36.084312|-40.539982|-20.420700|14.110352|1.000000|1.000000|1.000000
AEG040_068_1006|13|-134.730682|247.858841|-27.672558|-36.949085|37.702599|-29.382607|1.000000|1.000000|1.000000
AEG040_068_1007|13|-130.205780|258.147461|-15.027538|-25.382570|82.577148|-20.378036|1.000000|1.000000|1.000000
AEG040_068_1008|13|-124.579147|258.573212|-23.238419|-46.629303|19.706951|15.698669|1.000000|1.000000|1.000000
AEG040_068_1009|13|-124.964050|262.474884|-13.161592|-10.075431|87.554367|-9.925817|1.000000|1.000000|1.000000
AEG040_068_1010|13|-85.384659|237.233658|-38.238922|-9.424295|101.254738|9.717801|1.000000|1.000000|1.000000
AEG040_068_1011|13|-90.395393|241.527908|-33.083946|54.582554|115.670433|-15.281187|1.000000|1.000000|1.000000
AEG040_068_1012|13|-98.519508|259.401001|-1.665228|12.575772|90.980537|18.199747|1.000000|1.000000|1.000000
AEG040_068_1013|13|-82.992455|232.981674|-16.089069|31.148968|85.570145|10.368504|1.000000|1.000000|1.000000
AEG040_068_1014|13|-110.599365|228.972626|10.689533|58.041000|-20.211061|26.936979|1.000000|1.000000|1.000000
AEG040_068_1015|13|-96.507156|231.575272|9.125526|-50.985523|-179.432297|-4.541787|1.000000|1.000000|1.000000
AEG040_068_1016|13|-90.662926|231.832428|3.150790|14.303043|49.304722|-14.262041|1.000000|1.000000|1.000000
AEG040_068_1017|13|-106.204140|212.899796|19.053942|-4.121211|91.450020|48.778423|1.000000|1.000000|1.000000
AEG040_068_1018|13|-109.858620|244.920395|8.617417|-61.006046|-163.100983|-64.248116|1.000000|1.000000|1.000000
AEG040_068_1019|13|-122.818153|239.058899|-79.750031|10.478275|-2.482036|5.791564|1.000000|1.000000|1.000000
AEG040_071_1001|13|-98.057159|246.797058|-84.195374|13.202481|-56.451149|-3.641768|1.000000|1.000000|1.000000
AEG040_071_1002|13|-94.154945|245.958969|-77.366379|11.320074|-23.760891|2.430509|1.200000|1.200000|1.200000
AEG040_071_1004|13|-54.495121|239.171631|-17.227539|10.964203|-0.441811|7.062936|1.200000|1.200000|1.200000
AEG040_071_1008|13|-100.279633|245.435913|-78.854118|13.141449|-56.647133|-2.765066|1.000000|1.000000|1.000000
AEG040_072_1000|13|-69.238266|255.957886|-109.554680|-0.000000|67.655518|0.000000|1.000000|1.000000|1.000000
AEG092_104_1000|13|1.699998|161.500000|90.699997|0.000000|170.000015|0.000000|1.000000|1.000000|1.000000
AEG099_015_9000|13|68.573997|216.492004|96.572998|10.395000|-88.052002|1.937000|1.000000|1.000000|1.000000
AEG099_053_9000|13|69.595001|216.979996|98.772003|0.000000|0.000000|0.000000|1.000000|1.000000|1.000000
AEG099_166_9000|13|41.019001|112.546997|-44.231998|0.000000|9.540000|0.000000|1.000000|1.000000|1.000000
AEG099_232_9000|13|2.768000|160.276993|85.718002|0.000000|-10.380000|0.000000|1.000000|1.000000|1.000000
AEG099_502_9000|13|71.511002|217.541000|100.355003|0.616000|-108.946999|-7.458000|1.000000|1.000000|1.000000
AEG099_620_9001|13|9.559000|113.553001|-55.134998|0.000000|-107.223000|2.934000|1.000000|1.000000|1.000000
AEG099_653_9000|13|-103.875999|205.856003|60.317001|0.000000|-17.722000|0.000000|1.000000|1.000000|1.000000
AEG099_653_9001|13|-88.944000|209.785995|35.349998|0.000000|179.154999|0.000000|1.000000|1.000000|1.000000
AEG099_653_9002|13|-71.980003|206.061005|58.397999|0.000000|-45.983002|0.000000|1.000000|1.000000|1.000000
AEG099_660_9000|13|-97.851997|241.800995|-58.755001|7.768000|-39.687000|0.034000|1.000000|1.000000|1.000000
AEG099_660_9001|13|-117.335999|240.593002|-68.324997|16.724001|-57.550999|2.546000|1.000000|1.000000|1.000000
AEG099_660_9002|13|-114.800003|245.382004|-92.478996|-3.709000|74.928001|5.592000|1.000000|1.000000|1.000000
AEG099_660_9003|13|-115.578003|245.882996|-95.975998|9.563000|-26.318001|3.398000|1.000000|1.000000|1.000000
AEG099_660_9004|13|-87.990997|250.279999|-94.533997|-3.953000|91.667999|6.599000|1.000000|1.000000|1.000000
AEG099_660_9005|13|-63.049000|250.167007|-79.274002|0.000000|-0.368000|0.000000|1.000000|1.000000|1.000000
AEG099_660_9006|13|-62.901001|245.001007|-52.542999|7.454000|-109.213997|-7.732000|1.000000|1.000000|1.000000
AEG099_660_9007|13|-42.075001|243.889999|-33.223999|-7.221000|77.105003|10.210000|1.000000|1.000000|1.000000
AEG099_660_9008|13|-18.681999|241.822006|-7.236000|0.000000|91.911003|6.949000|1.000000|1.000000|1.000000
AEG099_660_9009|13|-21.315001|242.117004|-10.453000|0.000000|24.754999|0.000000|1.000000|1.000000|1.000000
AEG099_660_9010|13|-61.925999|233.802002|6.488000|7.394000|-25.903999|-0.000000|1.000000|1.000000|1.000000
AEG099_660_9011|13|-102.636002|252.166000|-122.016998|-6.171000|91.420998|3.192000|1.000000|1.000000|1.000000
AEG099_660_9012|13|-55.630001|255.436996|-99.755997|-7.076000|121.431000|3.801000|1.000000|1.000000|1.000000
AEG099_660_9013|13|-116.167000|155.723007|120.814003|0.000000|116.447998|0.000000|1.000000|1.000000|1.000000
AEG099_660_9014|13|-31.266001|159.804001|120.541000|-2.493000|150.179001|-1.459000|1.000000|1.000000|1.000000
AEG099_660_9015|13|2.982000|162.526993|107.420998|0.000000|62.400002|0.000000|1.000000|1.000000|1.000000
AEG099_660_9016|13|96.838997|222.343994|98.654999|3.993000|-51.338001|6.273000|1.000000|1.000000|1.000000
AEG099_660_9017|13|-117.210999|172.341003|92.971001|-6.880000|95.747002|-0.088000|1.000000|1.000000|1.000000
AEG099_660_9018|13|19.069000|207.966003|83.559998|0.000000|-72.518997|0.000000|1.000000|1.000000|1.000000
AEG099_660_9019|13|66.691002|212.259003|14.042000|0.000000|-178.602005|0.000000|1.000000|1.000000|1.000000
AEG099_660_9020|13|33.652000|212.585007|16.165001|0.000000|-141.084000|0.000000|1.000000|1.000000|1.000000
AEG099_660_9021|13|0.508000|213.684006|-30.207001|1.202000|-119.257004|6.617000|1.000000|1.000000|1.000000
AEG099_660_9022|13|1.678000|213.695999|8.742000|0.000000|179.317993|0.000000|1.000000|1.000000|1.000000
AEG099_660_9023|13|-42.577999|209.623001|35.279999|-3.035000|133.897995|8.290000|1.000000|1.000000|1.000000
AEG099_660_9024|13|75.411003|222.059006|124.463997|2.751000|-96.342003|2.831000|1.000000|1.000000|1.000000
AEG099_660_9025|13|97.113998|213.768005|70.680000|0.000000|0.259000|0.000000|1.000000|1.000000|1.000000
AEG099_660_9026|13|-125.348000|170.914993|86.625000|0.000000|21.563000|7.625000|1.000000|1.000000|1.000000
AEG099_660_9027|13|-93.689003|177.490005|101.208000|-7.184000|73.980003|3.853000|1.000000|1.000000|1.000000
AEG099_660_9028|13|-33.883999|193.347000|95.205002|7.833000|-60.028999|1.722000|1.000000|1.000000|1.000000
AEG099_660_9029|13|-16.148001|201.182007|63.694000|-3.169000|94.341003|0.000000|1.000000|1.000000|1.000000
AEG099_660_9030|13|-10.865000|202.156006|66.623001|-6.343000|129.076004|-3.054000|1.000000|1.000000|1.000000
AEG099_660_9031|13|44.784000|212.817001|99.961998|-8.468000|56.026001|2.775000|1.000000|1.000000|1.000000
AEG099_660_9032|13|59.499001|213.317993|80.358002|-7.464000|61.241001|-2.583000|1.000000|1.000000|1.000000
AEG099_660_9033|13|0.637000|214.587997|-24.096001|6.512000|132.559998|0.067000|1.000000|1.000000|1.000000
AEG099_660_9034|13|60.199001|212.237000|51.123001|0.000000|13.331000|0.000000|1.000000|1.000000|1.000000
AEG099_660_9035|13|-26.424999|209.621994|34.784000|0.000000|120.857002|1.880000|1.000000|1.000000|1.000000
AEG099_660_9036|13|-68.301003|206.473999|55.551998|-5.509000|-74.884003|-5.905000|1.000000|1.000000|1.000000
AEG099_660_9037|13|-112.761002|204.938995|66.044998|0.792000|-136.481003|-2.292000|1.000000|1.000000|1.000000
AEG099_660_9038|13|-119.883003|210.604996|30.459999|0.000000|87.861000|0.000000|1.000000|1.000000|1.000000
AEG099_660_9039|13|-116.299004|210.470993|31.256001|0.000000|145.934006|0.000000|1.000000|1.000000|1.000000
AEG099_660_9040|13|-93.414001|207.253006|51.137001|-4.123000|-157.328995|-4.205000|1.000000|1.000000|1.000000
AEG099_660_9041|13|53.713001|214.514008|100.578003|3.001000|-89.364998|-0.000000|1.000000|1.000000|1.000000
AEG099_660_9042|13|96.428001|223.330994|106.706001|-9.625000|48.335999|0.497000|1.000000|1.000000|1.000000
AEG099_660_9043|13|-35.257000|250.184006|-61.574001|6.313000|-25.632999|2.047000|1.000000|1.000000|1.000000
AEG099_660_9044|13|-36.674000|248.921997|-56.033001|0.000000|46.345001|0.000000|1.000000|1.000000|1.000000
AEG099_684_9000|13|116.578003|227.893997|122.962997|0.000000|56.671001|0.000000|1.000000|1.000000|1.000000
AEG099_684_9001|13|124.708000|227.990997|123.681000|0.000000|45.324001|0.000000|1.000000|1.000000|1.000000
AEG099_684_9002|13|120.761002|227.154999|113.607002|0.000000|-158.511993|0.000000|1.000000|1.000000|1.000000
AEG099_684_9003|13|109.775002|226.421005|115.292999|0.000000|57.395000|0.000000|1.000000|1.000000|1.000000
AEG099_684_9004|13|110.082001|227.850998|126.023003|0.000000|-170.102997|0.000000|1.000000|1.000000|1.000000
AEG099_684_9005|13|104.757004|226.003998|116.535004|0.000000|-10.661000|0.000000|1.000000|1.000000|1.000000
AEG099_691_9000|13|-13.910000|212.222000|-47.974998|0.000000|-76.922997|0.000000|1.000000|1.000000|1.000000
AEG099_770_9000|13|-79.686996|234.533005|-8.515000|12.023000|-10.441000|0.793000|1.000000|1.000000|1.000000
AEG099_770_9001|13|-83.681000|233.856995|-5.702000|3.990000|-78.389000|4.990000|1.000000|1.000000|1.000000
AEG099_770_9002|13|25.910000|212.526001|16.936001|4.340000|117.388000|4.279000|1.000000|1.000000|1.000000
AEG099_770_9004|13|-2.668000|208.242996|43.124001|-0.485000|-146.279999|-5.072000|1.000000|1.000000|1.000000
AEG099_990_9000|13|40.869999|112.546997|-45.365002|0.000000|-171.643997|0.000000|1.000000|1.000000|1.000000
AEG110_191_1004|13|41.117195|211.712250|52.827579|19.774410|13.734254|26.361605|1.000000|1.000000|1.000000
AEG110_191_1007|13|40.999107|210.003708|58.120239|-6.098139|155.063156|7.297483|1.000000|1.000000|1.000000
AEG110_191_1019|13|61.052044|216.658173|96.895988|3.409110|103.297867|-14.967019|1.000000|1.000000|1.000000
AEG110_191_1020|13|65.388885|219.411392|106.908051|-0.445055|-5.983861|-57.237690|1.000000|1.000000|1.000000
AEG110_191_1021|13|25.253534|210.395248|59.899960|3.524733|73.464897|16.206945|1.000000|1.000000|1.000000
AEG110_191_1022|13|29.703333|210.233139|58.872787|53.304955|72.318619|40.728668|1.000000|1.000000|1.000000
AEG110_191_1023|13|39.626923|209.705750|62.830589|3.610657|-3.926294|26.025919|1.000000|1.000000|1.000000
AEG110_191_1024|13|41.902245|211.712250|45.645485|26.980345|59.251324|-23.146338|1.000000|1.000000|1.000000
AEG110_191_1025|13|-31.235556|238.838531|6.701180|-4.365635|178.686172|-14.309749|1.000000|1.000000|1.000000
AEG110_191_1026|13|-21.765194|245.743713|-23.139923|-15.239242|176.653564|-27.277737|1.000000|1.000000|1.000000
AEG110_191_1027|13|76.095230|215.955353|73.218849|-3.386244|-174.693314|6.566982|1.000000|1.000000|1.000000
AEG110_191_1028|13|66.808784|214.197098|57.142517|5.669029|12.519053|4.911672|1.000000|1.000000|1.000000
AEG110_191_1029|13|57.414970|213.828461|44.331402|1.665365|0.829923|-2.389343|1.000000|1.000000|1.000000
AEG110_191_1030|13|34.261734|212.813660|115.315300|26.599026|-10.036062|-45.510750|1.000000|1.000000|1.000000
AEG110_191_1031|13|34.164410|212.490738|110.622925|-13.957999|47.265022|-20.775471|1.000000|1.000000|1.000000
AEG110_191_1032|13|-41.282299|197.577194|78.415352|3.354333|104.825813|1.506029|1.000000|1.000000|1.000000
AEG110_191_1033|13|-44.926933|203.387985|63.677048|-69.299294|172.322021|-1.093760|1.000000|1.000000|1.000000
AEG110_191_1034|13|-3.920806|203.228195|91.486542|3.354333|104.825813|1.506029|1.000000|1.000000|1.000000
AEG110_191_1035|13|-21.662304|200.768127|74.002563|-98.348267|85.173477|-13.961431|1.000000|1.000000|1.000000
AEG110_191_1036|13|-29.728458|198.757309|66.797966|-76.073128|-161.300705|-22.391169|1.000000|1.000000|1.000000
AEG110_191_1037|13|3.207040|207.353287|59.025730|11.533322|-31.088160|-3.220016|1.000000|1.000000|1.000000
AEG110_191_1038|13|8.197819|207.876740|60.429848|-14.247600|-9.375657|1.232631|1.000000|1.000000|1.000000
AEG110_191_1039|13|-20.986109|208.401611|51.791595|4.522787|-60.220501|-11.077538|1.000000|1.000000|1.000000
AEG110_191_1040|13|-26.127399|211.448883|34.140987|4.522787|-60.220501|-11.077538|1.000000|1.000000|1.000000
AEG110_191_1041|13|17.920752|209.355072|61.418331|23.605787|-14.534428|10.672142|1.000000|1.000000|1.000000
AEG110_191_1042|13|36.513855|213.583374|21.237963|15.600126|5.316812|6.133183|1.000000|1.000000|1.000000
AEG110_191_1043|13|31.453848|214.412643|0.020800|1.665365|0.829923|-2.389343|1.000000|1.000000|1.000000
AEG110_191_1044|13|-6.804580|248.226425|-4.388266|-0.000000|176.412552|0.000000|1.000000|1.000000|1.000000
AEG110_191_1045|13|-21.510946|240.790375|7.420586|77.359550|-87.595818|-116.956703|1.000000|1.000000|1.000000
AEG110_191_1046|13|84.276558|216.836792|23.540880|1.665365|0.829923|-2.389343|1.000000|1.000000|1.000000
AEG110_191_1047|13|79.002678|214.222855|25.845596|47.636253|25.901175|-17.018358|1.000000|1.000000|1.000000
AEG110_191_1048|13|80.246689|214.231018|53.787659|1.665365|0.829923|-2.389343|1.000000|1.000000|1.000000
AEG110_191_1049|13|107.451141|214.237076|78.512939|0.692502|91.302391|49.744190|1.000000|1.000000|1.000000
AEG110_191_1050|13|42.893227|213.784470|28.845259|0.796755|-13.397056|-8.674295|1.000000|1.000000|1.000000
AEG110_191_1051|13|56.453339|213.828461|17.282860|-9.120514|8.085712|-30.329950|1.000000|1.000000|1.000000
AEG110_191_1052|13|16.924225|214.436127|13.535180|1.164110|-8.539977|-18.221771|1.000000|1.000000|1.000000
AEG110_191_1053|13|17.972961|214.235199|-31.611921|0.000000|0.829923|-0.000000|1.000000|1.000000|1.000000
AEG110_192_1000|13|30.495773|208.664352|64.788612|2.114026|39.533653|4.188545|1.000000|1.000000|1.000000
AEG110_192_1001|13|72.917412|212.686646|57.448334|0.314517|147.990768|0.388091|1.000000|1.000000|1.000000
AEG110_192_1003|13|40.540459|211.804108|93.152962|1.608400|-26.220594|8.745538|1.000000|1.000000|1.000000
AEG110_192_1004|13|62.049660|217.067581|109.321632|4.666550|-144.940460|-5.395905|1.000000|1.000000|1.000000
AEG110_192_1008|13|43.923698|209.412415|65.626839|9.084124|-166.400940|-0.561196|1.000000|1.000000|1.000000
AEG110_192_1014|13|86.833069|214.077942|69.932053|0.178350|41.996067|-0.467158|1.000000|1.000000|1.000000
AEG110_192_1015|13|60.181599|214.733063|92.460922|-11.574766|65.874023|-2.244466|1.000000|1.000000|1.000000
AEG110_192_1019|13|60.890293|212.775330|74.470932|10.246184|-159.528000|-6.216506|1.000000|1.000000|1.000000
AEG110_192_1028|13|-12.201646|210.059723|31.883327|-0.063521|-76.934761|-12.495727|1.000000|1.000000|1.000000
AEG110_192_1029|13|-2.535766|209.076279|36.685165|-4.567047|120.142670|8.951838|1.000000|1.000000|1.000000
AEG110_192_1032|13|71.269058|213.915741|72.600990|-5.926118|69.545692|-0.684366|1.000000|1.000000|1.000000
AEG110_192_1033|13|41.982914|211.628754|39.106968|5.425384|12.644364|6.439803|1.000000|1.000000|1.000000
AEG110_192_1034|13|58.588779|211.637177|62.397449|1.050729|-58.004578|-1.366141|1.000000|1.000000|1.000000
AEG110_192_1035|13|61.643486|212.482635|39.940773|-0.159435|-136.447540|0.474070|1.000000|1.000000|1.000000
AEG110_192_1036|13|24.315092|208.948395|87.926483|-10.496836|43.381119|4.929102|1.000000|1.000000|1.000000
AEG110_192_1037|13|65.836266|214.429779|79.907562|2.895017|-71.596260|4.896290|1.000000|1.000000|1.000000
AEG110_192_1038|13|81.087234|217.923615|88.294044|-3.193303|-3.833287|14.127047|1.000000|1.000000|1.000000
AEG110_192_1039|13|65.748352|215.986801|96.544815|-6.388938|-31.172089|9.342578|1.000000|1.000000|1.000000
AEG110_192_1040|13|39.618607|211.370300|87.849098|-2.634226|134.552307|-1.222463|1.000000|1.000000|1.000000
AEG110_192_1041|13|44.953049|210.582184|55.153202|3.413920|-36.549065|-3.339962|1.000000|1.000000|1.000000
AEG110_192_1043|13|-3.185801|204.817245|61.233994|-5.067972|-173.940796|-12.379500|1.000000|1.000000|1.000000
AEG110_192_1044|13|-35.773785|236.994217|6.331797|-17.235664|143.255203|2.754233|1.000000|1.000000|1.000000
AEG110_192_1045|13|-30.554157|238.775909|1.993619|-0.562562|44.988480|14.293646|1.000000|1.000000|1.000000
AEG110_192_1046|13|-24.144682|243.499298|-19.423031|-0.478085|-128.350082|-13.409698|1.000000|1.000000|1.000000
AEG110_192_1047|13|33.101501|210.177490|105.731392|-4.972425|19.958710|14.599311|1.000000|1.000000|1.000000
AEG110_192_1048|13|-36.807625|195.488297|77.273483|-1.960537|-62.445065|-7.330311|1.000000|1.000000|1.000000
AEG110_192_1049|13|-43.346558|196.168167|73.554825|10.133431|57.212688|0.924261|1.000000|1.000000|1.000000
AEG110_192_1050|13|0.232575|202.695175|89.307602|0.636076|22.361727|15.747765|1.000000|1.000000|1.000000
AEG110_192_1051|13|-23.954966|197.843643|76.920448|1.326314|17.293457|15.338803|1.000000|1.000000|1.000000
AEG110_192_1052|13|4.498671|205.994797|63.290283|11.383359|-105.055283|-4.757591|1.000000|1.000000|1.000000
AEG110_192_1053|13|-30.229162|209.552826|35.571739|-6.282606|-132.919708|-6.534200|1.000000|1.000000|1.000000
AEG110_192_1054|13|-32.274734|207.241821|50.325462|9.020001|-3.895348|-0.800271|1.000000|1.000000|1.000000
AEG110_192_1055|13|28.071255|212.872528|3.619877|-0.826317|156.261047|4.482162|1.000000|1.000000|1.000000
AEG110_192_1056|13|-13.980332|243.156158|-10.258560|-13.177265|132.937943|2.553179|1.000000|1.000000|1.000000
AEG110_192_1057|13|-14.054475|242.097412|-4.807152|-0.047904|-126.495880|-13.417965|1.000000|1.000000|1.000000
AEG110_192_1058|13|81.040573|212.518356|29.807856|0.314517|-116.662827|0.388091|1.000000|1.000000|1.000000
AEG110_192_1059|13|103.557312|213.013428|76.934677|15.218401|121.700943|1.747271|1.000000|1.000000|1.000000
AEG110_192_1060|13|42.777008|212.490250|22.925989|0.629907|61.201687|-1.638945|1.000000|1.000000|1.000000
AEG110_192_1061|13|61.779766|212.356079|15.347954|2.401577|165.786163|0.404129|1.000000|1.000000|1.000000
AEG110_192_1062|13|46.966148|113.518387|-7.379620|-3.792933|-123.772835|1.293310|1.000000|1.000000|1.000001
AEG110_192_1063|13|32.336395|113.652855|-18.233044|2.086077|51.350677|-4.902207|1.000000|1.000000|1.000000
AEG110_192_1064|13|15.903971|113.800003|-39.547829|0.000000|-42.889683|0.000000|1.000000|1.000000|1.000000
AEG110_192_1065|13|22.189081|212.974594|14.805761|3.296822|12.168808|-3.148491|1.000000|1.000000|1.000000
AEG700_101_1009|13|31.326340|210.155930|48.006561|0.573845|139.091980|22.555960|1.000000|1.000000|1.000000
AEG700_101_1010|13|32.196167|209.190353|23.688858|0.573845|-130.347610|22.555962|1.000000|1.000000|1.000000
AEG700_101_1011|13|5.225276|210.540253|43.434814|0.573844|33.152412|22.555964|1.000000|1.000000|1.000000
AEG700_101_1012|13|11.774273|209.850357|21.200653|0.573840|-51.347569|22.555960|1.000000|1.000000|1.000001
AEG801_095_7001|13|32.896908|212.500626|18.038055|-0.000110|-132.288528|0.000492|0.850000|0.850000|0.850000
AEG801_095_7002|13|-13.393581|202.047318|61.629337|-0.000000|34.947021|0.006530|0.850000|0.850000|0.850000
AEG801_095_7005|13|44.380070|211.878067|41.988876|0.000492|35.877693|-0.000123|0.850000|0.850000|0.850000
AEG801_095_7006|13|2.094791|214.782791|1.105347|-0.000330|-163.136902|-0.000605|0.850000|0.850000|0.850000
AEG801_095_7007|13|45.419987|212.022903|93.258400|-0.000462|51.679470|-0.000381|1.150000|1.150000|1.150000
AEG801_095_7011|13|65.580750|213.886520|76.932564|0.000082|-110.820091|-0.000209|1.000000|1.000000|1.000000
AEG801_095_7013|13|20.104822|213.815628|-9.640816|-0.000282|-110.553101|0.000410|0.850000|0.850000|0.850000
AEG801_095_7017|13|41.045605|208.601181|85.482689|0.431422|-152.236252|1.140915|0.850000|0.850000|0.850000
AEG801_095_7018|13|-29.567787|210.021545|32.639503|0.000082|-54.554462|-0.000492|0.850000|0.850000|0.850000
AEG801_095_7019|13|27.380407|208.520432|61.637634|-0.000090|-40.058857|0.002049|0.850000|0.850000|0.850000
AEG801_095_7025|13|-8.655347|210.194443|30.474274|0.002595|-46.685814|-0.000297|1.000000|1.000000|1.000000
AEG801_095_7035|13|55.761780|212.477859|14.515293|-0.000000|-41.058109|-0.000000|1.150000|1.150000|1.150000
AEG801_095_7036|13|72.787407|213.202713|61.485023|0.000246|-174.558746|0.000437|0.750000|0.750000|0.750000
AEG801_095_7037|13|28.606308|209.419846|102.899933|-0.002521|150.123367|-0.002170|1.000000|1.000000|1.000000
AEG801_095_7038|13|63.081169|216.751770|104.343201|-0.000692|7.509984|0.000027|0.750000|0.750000|0.750000
AEG801_095_7039|13|10.767630|206.917435|62.330658|0.003060|9.814900|0.006366|1.150000|1.150000|1.150000
AEG801_095_7043|13|55.382332|211.176773|61.217163|-0.000311|-3.105899|-0.000393|0.750000|0.750000|0.750000
AEG801_095_7045|13|20.994202|207.492081|87.332314|-0.003311|-113.808899|-0.003127|0.900000|0.900000|0.900000
AEG801_095_7046|13|-25.837143|207.446640|48.161411|-0.003311|88.454262|-0.003127|0.900000|0.900000|0.900000
AEG801_095_7047|13|-24.566708|245.103882|-27.401661|0.000082|45.724403|-0.002581|1.150000|1.150000|1.150000
AEG801_096_7002|13|17.115538|213.547989|8.287468|-0.000464|-33.188168|-0.000187|1.000000|1.000000|1.000000
AEG801_096_7003|13|85.071785|219.077728|91.370872|-0.000124|-130.696793|0.000492|0.750000|0.750000|0.750000
AEG801_096_7005|13|63.694572|212.389725|53.626801|0.000492|110.455452|-0.000126|1.200000|1.200000|1.200000
AEG801_096_7006|13|-13.481030|201.886887|62.951878|0.006502|-48.413532|0.000792|1.000000|1.000000|1.000000
AEG801_096_7008|13|52.267883|212.327026|16.169548|0.000301|70.613480|-0.000407|0.800000|0.800000|0.800000
AEG801_096_7010|13|-17.092607|212.183548|18.778664|0.001585|18.849604|0.000492|0.850000|0.850000|0.850000
AEG801_096_7011|13|45.619007|211.049805|50.956444|0.000492|116.507248|-0.000073|1.000000|1.000000|1.000000
AEG801_096_7012|13|56.471783|214.029251|91.369545|0.000109|30.515348|0.000956|0.700000|0.700000|0.700000
AEG801_096_7015|13|-5.343304|207.564026|46.780190|-0.002250|70.090530|0.004508|1.250000|1.250000|1.250000
AEG801_096_7021|13|55.219505|211.202042|63.235054|0.000492|128.578125|0.000027|0.700000|0.700000|0.700000
AEG801_096_7023|13|12.533051|206.971848|63.469887|-0.007133|130.751251|-0.000878|1.000000|1.000000|1.000000
AEG801_096_7024|13|48.540340|216.196518|122.008957|-0.001436|47.606693|-0.003608|0.700000|0.700000|0.700000
AEG801_096_7025|13|44.907398|211.890945|41.285309|-0.000499|-124.769760|-0.000045|0.800000|0.800000|0.800000
AEG801_096_7027|13|85.664345|214.627335|73.761208|0.000521|-119.948997|0.000186|0.638764|0.800000|0.638763
AEG801_096_7028|13|1.830162|214.661209|2.182678|-0.000828|-54.019855|-0.000140|0.800000|0.800000|0.800000
AEG801_096_7031|13|67.959053|214.074295|77.582352|-0.000268|164.516266|-0.000133|0.700000|0.700000|0.700000
AEG801_096_7032|13|21.319117|213.761902|-10.614616|-0.000496|-48.192352|-0.000058|1.000000|1.000000|1.000000
AEG801_096_7033|13|30.241489|209.586609|102.671783|0.004699|-8.254539|-0.000536|0.900000|0.900000|0.900000
AEG801_096_7034|13|34.198086|210.362625|80.922546|0.002404|149.694153|0.002049|1.000000|1.000000|1.000000
AEG801_096_7036|13|73.102379|213.131439|60.387230|0.000437|11.653724|-0.000237|1.000000|1.000000|1.000000
AEG801_096_7040|13|21.676222|208.543228|85.239265|0.001912|-6.105411|0.004863|0.800000|0.800000|0.800000
AEG801_096_7041|13|64.581520|216.574081|103.083038|0.000027|-142.730606|-0.000692|0.700000|0.700000|0.700000
AEG801_096_7046|13|44.592148|212.220840|92.327477|-0.000339|79.306335|-0.000442|1.000000|1.000000|1.000000
AEG801_096_7047|13|7.301739|214.796387|-5.523987|-0.000464|58.192535|-0.000187|1.000000|1.000000|1.000000
AEG801_096_7050|13|-15.168752|198.749161|88.741219|0.004699|-41.152470|-0.000536|0.900000|0.900000|0.900000
AEG801_096_7051|13|-16.674393|206.677399|52.324581|0.004699|115.210892|-0.000536|0.900000|0.900000|0.900000
AEG801_096_7052|13|-27.916588|238.514053|5.347279|0.000355|87.893570|0.000355|1.250000|1.250000|1.250000
AEG801_096_7053|13|-44.145432|235.393036|14.133549|0.000355|-92.087524|0.000355|1.250000|1.250000|1.250000
AEG801_096_7054|13|90.598839|211.904816|45.028809|0.000301|70.613480|-0.000407|0.800000|0.800000|0.800000
AEG801_240_7001|13|-66.938782|248.292236|-74.223145|0.000000|-91.595360|0.000000|1.000000|1.000000|1.000000
AEG801_240_7002|13|-70.454140|250.044250|-81.562592|-0.000000|89.007271|0.000000|1.000000|1.000000|1.000000
AEG801_240_7003|13|-60.686020|255.787338|-104.882080|-0.000000|-2.781231|-0.000000|1.000000|1.000000|1.000000
AEG801_240_7004|13|-55.370361|257.066895|-111.440674|-0.000000|90.038467|-0.000006|1.000000|1.000000|1.000000
AEG801_240_7007|13|-115.925247|237.300919|-52.892509|0.007923|-89.606964|-0.011910|1.000000|1.000000|1.000000
AEG801_240_7009|13|-68.935310|245.481689|-58.651375|0.006502|-179.337067|-0.010982|1.000000|1.000000|1.000000
AEG801_240_7010|13|-111.236053|249.823608|-114.941704|0.007103|-93.903694|0.009043|1.000000|1.000000|1.000000
AEG801_240_7015|13|-67.015633|234.444855|-0.601562|-0.000144|56.924118|-0.012064|1.000000|1.000000|1.000000
AEG801_240_7016|13|-79.952637|234.648926|-9.838379|0.000055|56.712086|-0.012444|1.000000|1.000000|1.000000
AEG801_240_7021|13|-63.146332|238.500992|-19.319332|-0.006893|-155.033463|-0.010983|1.000000|1.000000|1.000000
AEG801_240_7023|13|-70.791931|241.622299|-40.206535|-0.006082|-4.343191|0.011693|1.000000|1.000000|1.000000
AEG801_240_7025|13|-39.037109|247.471924|-49.727039|0.007459|179.704926|-0.010681|1.000000|1.000000|1.000000
AEG801_240_7026|13|-43.571526|245.646484|-43.272709|0.010983|-92.288383|0.007213|1.000000|1.000000|1.000000
AEG801_240_7027|13|-47.363407|209.781708|35.225586|0.010191|-65.590805|-0.006167|1.000000|1.000000|1.000000
AEG801_240_7029|13|82.968880|223.580460|125.729431|0.006502|162.529999|-0.010982|1.000000|1.000000|1.000000
AEG801_240_7035|13|99.578636|214.656174|83.804962|-0.005106|30.472933|-0.011188|1.000000|1.000000|1.000000
AEG801_240_7037|13|-93.413483|178.868134|86.823898|-0.014129|122.842087|-0.003677|1.000000|1.000000|1.000000
AEG801_240_7038|13|-87.851654|180.496567|83.901276|0.011038|-117.599518|0.008278|1.000000|1.000000|1.000000
AEG801_240_7039|13|-93.215164|177.139374|99.040092|-0.000000|-149.088593|-0.000013|1.000000|1.000000|1.000000
AEG801_240_7040|13|-104.630692|174.513458|85.957291|-0.000432|20.246696|0.013278|1.000000|1.000000|1.000000
AEG801_240_7041|13|-37.789257|192.094437|97.219078|-0.000000|-42.316463|-0.000000|1.000000|1.000000|1.000000
AEG801_240_7042|13|-94.010910|155.269928|120.479042|-0.000432|-29.604708|0.013278|1.000000|1.000000|1.000000
AEG801_240_7043|13|-30.073441|160.210464|117.584686|-0.000000|-149.088593|-0.000013|1.000000|1.000000|1.000000
AEG801_240_7044|13|-93.344345|207.244278|44.725155|0.010191|-65.590805|-0.006167|1.000000|1.000000|1.000000
AEG801_240_7045|13|26.150593|165.710693|128.340439|-0.000000|-149.088593|-0.000013|1.000000|1.000000|1.000000
AEG801_240_7046|13|-25.544043|258.013031|-109.320358|-0.000000|90.038467|-0.000006|1.000000|1.000000|1.000000
AEG801_240_7047|13|-31.342672|250.421646|-62.585224|-0.000000|90.038467|-0.000006|1.000000|1.000000|1.000000
AEG801_241_7001|13|-81.666260|245.623383|-68.907875|-0.000002|-109.786240|0.000000|1.000000|1.000000|1.000000
AEG801_241_7002|13|-60.899895|250.489960|-81.591965|-0.000000|-64.059578|0.000000|1.000000|1.000000|1.000000
AEG801_241_7003|13|-80.029274|249.047592|-84.604012|0.007431|-66.064774|0.010382|1.000000|1.000000|1.000000
AEG801_241_7006|13|-54.887436|256.749268|-108.206360|0.000000|-155.013275|0.000000|1.000000|1.000000|1.000000
AEG801_241_7008|13|-120.912903|236.919388|-53.549385|0.013934|-139.506256|-0.003868|1.000000|1.000000|1.000000
AEG801_241_7010|13|-92.258087|242.271729|-57.147091|0.007349|-65.480522|0.012103|1.000000|1.000000|1.000000
AEG801_241_7014|13|-123.673462|247.440262|-110.594803|0.003415|-65.687500|0.010437|1.000000|1.000000|1.000000
AEG801_241_7020|13|-76.720947|232.987061|1.584223|0.005792|87.060127|-0.009818|1.000000|1.000000|1.000000
AEG801_241_7024|13|-65.707184|237.889450|-17.788324|-0.012793|140.729279|0.001530|1.000000|1.000000|1.000000
AEG801_241_7025|13|-64.351135|238.796402|-21.615965|0.002104|-113.120422|-0.012778|1.000000|1.000000|1.000000
AEG801_241_7026|13|-72.729118|239.219223|-29.188324|0.010273|-85.290123|0.008060|1.000000|1.000000|1.000000
AEG801_241_7027|13|-77.303101|241.063705|-41.504150|-0.002278|67.506058|0.013169|1.000000|1.000000|1.000000
AEG801_241_7029|13|-38.292923|246.979492|-46.570217|0.006284|-154.684174|0.011338|1.000000|1.000000|1.000000
AEG801_241_7031|13|111.039803|226.018097|113.010437|0.006284|-172.817108|0.011338|1.000000|1.000000|1.000000
AEG801_241_7034|13|-94.026443|178.752625|87.353577|-0.010261|148.170975|-0.009112|1.000000|1.000000|1.000000
AEG801_241_7036|13|-56.886581|208.940887|38.708553|-0.010261|148.170975|-0.009112|1.000000|1.000000|1.000000
AEG801_241_7037|13|-102.208160|205.072556|61.721977|-0.010261|148.170975|-0.009112|1.000000|1.000000|1.000000
AEG801_241_7038|13|-98.578690|249.284088|-101.684639|0.003415|84.312477|0.010437|1.000000|1.000000|1.000000
AEG801_241_7039|13|-25.631308|257.998779|-108.339020|0.003415|-65.687500|0.010437|1.000000|1.000000|1.000000
AEG801_241_7040|13|-97.628235|252.594193|-124.803528|0.003415|-60.687515|0.010437|1.000000|1.000000|1.000000
AEG801_242_7001|13|-69.029305|250.110825|-82.412254|0.000000|-90.582573|0.000000|1.000000|1.000000|1.000000
AEG801_242_7002|13|-64.974541|248.397430|-74.766502|0.000000|179.417358|0.000000|1.200000|1.200000|1.200000
AEG801_242_7003|13|-58.654312|256.213623|-106.448364|-0.000007|88.314774|-0.000005|1.200000|1.200000|1.200000
AEG801_242_7004|13|-62.267326|256.610107|-113.376839|-0.000000|-91.748100|0.000000|1.000000|1.000000|1.000000
AEG801_242_7006|13|-79.321419|249.440155|-84.960068|0.000710|56.593731|0.012704|1.000000|1.000000|1.000000
AEG801_242_7008|13|-116.813484|236.647324|-51.835258|-0.011975|177.851898|-0.007828|1.200000|1.200000|1.200000
AEG801_242_7011|13|-75.840332|245.059082|-60.527298|0.011283|-92.358925|0.006120|1.000000|1.000000|1.000000
AEG801_242_7015|13|-64.122673|235.044647|-2.025396|0.006011|-93.523674|-0.011170|0.700000|0.700000|0.700000
AEG801_242_7016|13|-80.627190|234.050262|-7.005371|0.010792|-95.263321|0.005874|0.700000|0.700000|0.700000
AEG801_242_7022|13|-66.026764|239.241455|-24.984383|-0.010907|114.611191|0.007103|1.000000|1.000000|1.000000
AEG801_242_7023|13|-69.397400|237.832260|-19.854486|0.007049|23.715094|0.010764|1.200000|1.200000|1.200000
AEG801_242_7024|13|-59.001472|237.232651|-10.106319|-0.007006|-155.805511|-0.010857|1.000000|1.000000|1.000000
AEG801_242_7025|13|-47.507805|248.556885|-61.771908|-0.010516|116.378464|0.006393|1.200000|1.200000|1.200000
AEG801_242_7026|13|-78.976196|241.526108|-44.853745|0.011447|-63.887711|-0.007145|1.000000|1.000000|1.000000
AEG801_242_7027|13|-45.644295|246.912842|-51.469349|0.010573|-91.257782|0.007267|1.000000|1.000000|1.000000
AEG801_242_7028|13|-41.428642|246.053467|-43.891903|-0.010822|178.711899|-0.007437|1.200000|1.200000|1.200000
AEG801_242_7029|13|-77.389076|243.418457|-53.230003|0.011994|174.120453|0.005847|0.700000|0.700000|0.700000
AEG801_242_7030|13|-60.885834|244.395004|-48.251801|0.006147|-92.921089|-0.011211|0.700000|0.700000|0.700000
AEG801_242_7031|13|-65.940483|253.389175|-96.591217|0.014043|-96.231857|0.005847|0.700000|0.700000|0.700000
AEG801_242_7032|13|-52.851864|254.760956|-100.981392|0.006038|-92.017441|-0.012220|0.700000|0.700000|0.700000
AEG801_242_7035|13|-97.489052|249.472672|-101.715744|0.011283|-157.650162|0.005491|1.000000|1.000000|1.000000
AEG801_242_7038|13|-123.075806|209.378632|30.301640|0.010573|77.341255|0.007267|1.000000|1.000000|1.000000
AEG801_242_7039|13|-121.533127|207.983459|44.016678|0.000000|-11.983603|0.000000|1.200000|1.200000|1.200000
AEG801_242_7040|13|-97.449554|206.959930|51.358540|0.000000|78.016457|0.000000|1.000000|1.000000|1.000000
AEG801_242_7041|13|-57.054100|205.883514|54.620529|0.000710|-134.807205|0.012704|1.000000|1.000000|1.000000
AEG801_242_7042|13|-70.948799|204.632690|62.612446|0.012349|165.924637|0.008060|1.000000|1.000000|1.000000
AEG801_242_7043|13|-86.446838|208.072983|44.571545|0.011283|76.240120|0.006120|1.000000|1.000000|1.000000
AEG801_242_7044|13|-122.902985|210.378464|27.362103|-0.010516|-75.022507|0.006393|1.200000|1.200000|1.200000
AEG801_242_7045|13|-115.344398|205.254456|62.567558|0.006038|76.581604|-0.012220|0.700000|0.700000|0.700000
AEG801_242_7046|13|-66.353928|208.140625|43.699753|-0.011975|-13.549057|-0.007828|1.200000|1.200000|1.200000
AEG801_242_7048|13|-46.008308|209.087402|34.811653|0.009043|-96.829872|0.007541|0.700000|0.700000|0.700000
AEG801_242_7052|13|72.068237|221.133911|124.082405|0.006147|-111.054031|-0.011211|0.700000|0.700000|0.700000
AEG801_242_7065|13|106.808548|225.287842|107.646568|0.014043|-141.942703|0.005847|0.700000|0.700000|0.700000
AEG801_242_7067|13|98.972725|214.012344|84.187119|-0.007006|28.856073|-0.010857|1.000000|1.000000|1.000000
AEG801_242_7070|13|-91.699188|177.155197|102.514656|-0.000002|-148.082321|0.000000|1.000000|1.000000|1.000000
AEG801_242_7071|13|-103.768799|174.484558|88.714157|-0.007968|58.111073|0.010628|0.700000|0.700000|0.700000
AEG801_242_7072|13|-105.753540|173.355927|107.166916|0.012322|150.061920|0.008852|0.700000|0.700000|0.700000
AEG801_242_7073|13|-55.062119|187.594498|94.964622|0.000710|17.058496|0.012704|1.000000|1.000000|1.000000
AEG801_242_7075|13|-71.586769|184.785172|77.489433|-0.000002|-162.563248|0.000000|1.200000|1.200000|1.200000
AEG801_242_7077|13|-93.149017|155.744797|119.173279|-0.007968|-51.184387|0.010628|0.700000|0.700000|0.700000
AEG801_242_7078|13|-117.175003|154.583496|117.730865|0.012322|-125.629921|0.008852|0.700000|0.700000|0.700000
AEG801_242_7079|13|27.162174|165.773865|127.793747|0.000710|-34.263054|0.012704|1.000000|1.000000|1.000000
AEG801_242_7080|13|-111.595718|249.657928|-116.008430|0.011283|-107.650162|0.005491|0.700000|0.700000|0.700000
AEG801_242_7081|13|-105.670189|252.044250|-126.735733|0.006038|-92.017441|-0.012220|0.700000|0.700000|0.700000
AEG801_242_7082|13|-98.502968|252.782776|-124.153061|0.011283|57.349842|0.005491|1.000000|1.000000|1.000000
AEG801_243_7001|13|-61.809319|250.963364|-82.582542|-0.000000|-0.613142|0.000000|1.000000|1.000000|1.000000
AEG801_243_7002|13|-81.631828|245.982956|-70.055687|-0.000000|69.386871|0.000000|1.300000|1.300000|1.300000
AEG801_243_7003|13|-54.582024|257.352295|-113.392326|0.000000|-1.617221|0.000000|1.000000|1.000000|1.000000
AEG801_243_7004|13|-75.950668|253.358368|-102.242966|-0.000000|177.837112|0.000000|1.300000|1.300000|1.300000
AEG801_243_7005|13|-88.777107|246.611938|-76.305183|-0.000000|146.773926|-0.000013|1.000000|1.000000|1.000000
AEG801_243_7010|13|-68.187744|245.904785|-60.378723|0.011229|-92.211334|0.006038|1.000000|1.000000|1.000000
AEG801_243_7014|13|-76.520256|233.416504|-0.814697|0.007131|19.007324|0.009234|0.700000|0.700000|0.700000
AEG801_243_7019|13|-62.840179|239.050293|-21.956059|-0.012623|160.783920|-0.003064|1.000000|1.000000|1.000000
AEG801_243_7022|13|-70.101379|239.572479|-29.309780|0.011202|-153.278625|-0.006697|1.300000|1.300000|1.300000
AEG801_243_7024|13|-75.793701|241.324463|-41.848156|0.003115|-108.570457|-0.012958|1.000000|1.000000|1.000000
AEG801_243_7026|13|-38.451172|247.908691|-51.628239|0.010792|-91.320854|0.007486|1.000000|1.000000|1.000000
AEG801_243_7027|13|-73.289764|242.679703|-47.049740|0.008524|18.250158|0.010136|0.700000|0.700000|0.700000
AEG801_243_7028|13|-53.288181|254.760956|-102.024002|0.009262|17.698936|0.010273|0.700000|0.700000|0.700000
AEG801_243_7030|13|-90.178368|250.134628|-97.497559|0.010846|-83.471970|0.008551|0.700000|0.700000|0.700000
AEG801_243_7032|13|-65.958313|256.605225|-116.556641|0.009070|-52.980087|-0.002241|0.700000|0.700000|0.700000
AEG801_243_7033|13|-63.070713|208.881104|33.526207|0.002541|124.166382|0.014234|1.000000|1.000000|1.000000
AEG801_243_7035|13|-71.957932|205.141083|60.981556|-0.000000|167.985886|-0.000000|1.300000|1.300000|1.300000
AEG801_243_7036|13|-82.800163|209.613541|37.161335|0.003115|60.028587|-0.012958|1.000000|1.000000|1.000000
AEG801_243_7037|13|-59.544952|188.347122|77.306259|0.010792|77.278175|0.007486|1.000000|1.000000|1.000000
AEG801_243_7038|13|-123.780945|208.558014|40.700851|0.011229|76.387711|0.006038|1.000000|1.000000|1.000000
AEG801_243_7039|13|-104.560738|204.570633|63.418030|-0.000000|167.985886|0.000000|1.000000|1.000000|1.000000
AEG801_243_7040|13|-104.506699|205.428452|61.693077|0.009262|-173.702042|0.010273|0.700000|0.700000|0.700000
AEG801_243_7042|13|-54.481979|208.624176|38.534187|0.011557|-153.936035|-0.006739|1.000000|1.000000|1.000000
AEG801_243_7044|13|-54.876030|209.834778|32.146122|-0.005918|82.323845|0.012103|1.300000|1.300000|1.300000
AEG801_243_7052|13|82.183823|223.008865|127.130569|0.008524|0.117215|0.010136|0.700000|0.700000|0.700000
AEG801_243_7055|13|110.817154|226.167801|110.685532|0.010846|-129.182816|0.008551|0.700000|0.700000|0.700000
AEG801_243_7058|13|-122.865417|169.493240|103.301193|0.006748|-4.797772|0.013278|0.700000|0.700000|0.700000
AEG801_243_7059|13|-37.036339|191.575348|98.200363|0.010846|-123.007217|0.008551|0.700000|0.700000|0.700000
AEG801_243_7060|13|-74.198517|183.368286|79.558029|-0.000000|-41.698112|-0.000000|1.300000|1.300000|1.300000
AEG801_243_7062|13|-106.951408|154.536438|123.396561|0.006748|54.289093|0.013278|0.700000|0.700000|0.700000
AEG801_243_7063|13|-106.106499|252.044250|-127.778343|0.009262|17.698936|0.010273|0.700000|0.700000|0.700000
AEG801_313_7003|13|-29.755196|210.146179|31.860954|0.000382|-16.643955|-0.000332|0.550000|0.550000|0.550000
AEG801_313_7008|13|44.332565|210.768204|51.841270|-0.000500|-50.452351|-0.000040|1.100000|1.100000|1.100000
AEG801_313_7009|13|27.737576|208.717133|61.041954|-0.001366|15.456040|0.000820|1.100000|1.100000|1.100000
AEG801_313_7011|13|53.691071|212.329987|15.647869|-0.000128|21.782351|0.000492|0.800000|0.800000|0.800000
AEG801_313_7014|13|41.552940|208.566360|84.304398|0.001202|157.821701|0.000410|0.800000|0.800000|0.800000
AEG801_313_7015|13|-8.378503|210.343582|29.532936|-0.000625|-146.066940|-0.002340|1.500000|1.500000|1.500000
AEG801_313_7017|13|32.600632|212.408157|18.877655|0.000464|144.634048|0.000164|0.700000|0.700000|0.700000
AEG801_313_7019|13|16.458113|213.624832|7.948456|0.000410|90.327156|-0.000284|1.400000|1.400000|1.400000
AEG801_313_7021|13|15.986317|213.886429|3.325378|-0.000487|-42.126522|-0.000111|1.000000|1.000000|1.000000
AEG801_313_7022|13|19.231827|213.670349|-9.731068|-0.000103|-133.117554|0.000492|0.950000|0.950000|0.950000
AEG801_313_7029|13|-3.385512|208.716980|40.382568|0.003825|-52.192459|-0.000727|1.000000|1.000000|1.000000
AEG801_313_7030|13|-21.898018|209.084152|34.721436|-0.000498|-65.799088|0.000027|0.800000|0.800000|0.800000
AEG801_313_7032|13|6.163516|214.057175|-3.672867|-0.000500|32.194908|-0.000040|1.100000|1.100000|1.100000
AEG801_313_7033|13|-45.247372|235.503693|11.862785|0.003825|-72.616257|-0.000727|1.000000|1.000000|1.000000
AEG801_313_7034|13|-28.022205|238.166931|6.883112|0.003825|-145.829803|-0.000727|1.000000|1.000000|1.000000
AEG801_313_7035|13|-23.373604|244.620346|-26.100397|0.003825|81.764587|-0.000727|1.000000|1.000000|1.000000
AEG801_313_7036|13|-32.845760|237.267578|10.632816|-0.000625|88.454254|-0.002340|1.500000|1.500000|1.500000
