m04485200_0000|0|-128.000000|0.000000|-128.000000|0.000000|0.000000|0.000000|1.000000|1.000000|1.000000
m04485201_0000|0|-128.000000|0.000000|-128.000000|0.000000|0.000000|0.000000|1.000000|1.000000|1.000000
m05485300_0000|0|-128.000000|0.000000|128.000000|0.000000|0.000000|0.000000|1.000000|1.000000|1.000000
m05485301_0000|0|-128.000000|0.000000|128.000000|0.000000|0.000000|0.000000|1.000000|1.000000|1.000000
m14495200_0000|0|128.000000|0.000000|-128.000000|0.000000|0.000000|0.000000|1.000000|1.000000|1.000000
m14495201_0000|0|128.000000|0.000000|-128.000000|0.000000|0.000000|0.000000|1.000000|1.000000|1.000000
m14495202_0000|0|128.000000|0.000000|-128.000000|0.000000|0.000000|0.000000|1.000000|1.000000|1.000000
m15495300_0000|0|128.000000|0.000000|128.000000|0.000000|0.000000|0.000000|1.000000|1.000000|1.000000
m15495301_0000|0|128.000000|0.000000|128.000000|0.000000|0.000000|0.000000|1.000000|1.000000|1.000000
m15495304_0000|0|128.000000|0.000000|128.000000|0.000000|0.000000|0.000000|1.000000|1.000000|1.000000
m60_49_52_00-AEG001_420_7009|13|57.305260|1017.738281|-199.569366|-3.381396|-172.435165|11.193070|1.000000|1.000000|1.000000
m60_49_52_00-AEG001_420_7010|13|57.305275|1018.035156|-199.569366|17.290236|-85.295708|13.642338|1.000000|1.000000|1.000000
m60_49_52_00-AEG001_420_7014|13|95.899162|1023.352722|-207.644211|14.953719|-176.839478|12.799450|1.000000|1.000000|1.000000
m60_49_52_00-AEG001_420_7015|13|96.991669|1023.401123|-207.755615|21.229162|71.415627|-5.418903|1.000000|1.000000|1.000000
m60_49_52_00-AEG001_420_7016|13|98.434578|1023.182129|-209.442230|10.672978|60.156891|-24.375607|1.000000|1.000000|1.000000
m60_49_52_00-AEG001_420_7046|13|52.386856|1009.729309|-239.261841|-13.333394|-164.268387|9.453356|1.000000|1.000000|1.000000
m60_49_52_00-AEG001_420_7047|13|52.724678|1009.606567|-240.705032|6.599659|104.677406|4.969557|1.000000|1.000000|1.000000
m60_49_52_00-AEG001_420_7051|13|73.761574|1032.932617|-156.393387|-0.013775|47.395760|-0.010849|1.000000|1.000000|1.000000
m60_49_52_00-AEG001_420_7059|13|66.608429|1043.815308|-101.493355|-0.797378|-152.093353|-2.791673|1.000000|1.000000|1.000000
m60_49_52_00-AEG001_420_7060|13|70.866364|1043.608276|-103.019051|-0.797378|-152.093353|-2.791673|1.000000|1.000000|1.000000
m60_49_52_00-AEG001_420_7061|13|69.719696|1043.608276|-100.762825|9.231867|-130.693222|-6.547853|1.000000|1.000000|1.000000
m60_49_52_00-AEG001_420_7062|13|19.080666|1008.726074|-216.654297|-17.280300|26.740919|-10.027960|1.000000|1.000000|1.000000
m60_49_52_00-AEG001_420_7063|13|14.841560|1008.921753|-215.075592|-17.280300|26.740919|-10.027960|1.000000|1.000000|1.000000
m60_49_52_00-AEG001_420_7064|13|15.968315|1008.249878|-217.239929|-3.827668|47.063000|-19.155386|1.000000|1.000000|1.000000
m60_49_52_00-AEG001_420_7065|13|160.046570|1051.214111|-87.254715|6.600887|-79.048927|4.963284|1.000000|1.000000|1.000000
m60_49_52_00-AEG001_420_7066|13|160.195038|1051.214722|-88.312103|-13.327062|12.004349|9.454693|1.000000|1.000000|1.000000
m60_49_52_00-AEG001_420_7067|13|9.994972|1007.539490|-219.063339|-13.320688|17.900406|9.457608|1.000000|1.000000|1.000000
m60_49_52_00-AEG001_420_7068|13|9.866692|1007.430908|-217.742065|6.603695|-73.152061|4.956944|1.000000|1.000000|1.000000
m60_49_52_00-AEG001_420_7069|13|9.154037|998.385986|-229.756897|17.146109|-164.289413|1.788720|1.000000|1.000000|1.000000
m60_49_52_00-AEG001_420_7070|13|10.555077|998.735962|-229.386841|-10.242895|-73.401718|20.037657|1.000000|1.000000|1.000000
m60_49_52_00-AEG001_420_7071|13|69.714111|1032.575928|-151.476624|15.637459|-86.918030|0.317852|1.000000|1.000000|1.000000
m60_49_52_00-AEG001_420_7072|13|69.602699|1032.859741|-152.532776|9.387361|160.713791|-1.348123|1.000000|1.000000|1.000000
m60_49_52_00-AEG001_420_7073|13|67.082214|1032.948486|-153.945251|-0.695567|146.052795|-17.747850|1.000000|1.000000|1.000000
m60_49_52_00-AEG001_420_7074|13|25.655251|1046.171143|-85.237518|14.953719|-176.839478|12.799450|1.000000|1.000000|1.000000
m60_49_52_00-AEG001_420_7075|13|26.747765|1046.219482|-85.348923|21.229162|71.415627|-5.418903|1.000000|1.000000|1.000000
m60_49_52_00-AEG001_420_7076|13|28.145988|1046.000488|-87.869400|10.672978|60.156891|-24.375607|1.000000|1.000000|1.000000
m60_49_52_00-AEG001_420_7077|13|127.290321|1046.745117|-104.124626|-0.797376|27.906645|-2.791672|1.000000|1.000000|1.000000
m60_49_52_00-AEG001_420_7078|13|124.179054|1046.538086|-104.855156|9.231867|49.306774|-6.547855|1.000000|1.000000|1.000000
m60_49_52_00-AEG001_420_7079|13|123.032379|1046.538086|-102.598930|-0.797376|27.906645|-2.791672|1.000000|1.000000|1.000000
m60_49_52_00-AEG001_420_7080|13|165.910736|1051.647217|-82.071243|-10.036352|27.486855|-5.005106|1.000000|1.000000|1.000000
m60_49_52_00-AEG001_420_7081|13|162.810211|1051.201416|-82.737930|1.324963|48.243587|-11.932614|1.000000|1.000000|1.000000
m60_49_52_00-AEG001_420_7082|13|161.665375|1051.515625|-80.502762|-10.036352|27.486855|-5.005106|1.000000|1.000000|1.000000
m60_49_52_00-AEG001_420_7086|13|84.075867|1026.541992|-183.907776|15.637459|93.081978|0.317851|1.000000|1.000000|1.000000
m60_49_52_00-AEG001_420_7087|13|84.187279|1026.825806|-182.851639|9.387362|-19.286200|-1.348123|1.000000|1.000000|1.000000
m60_49_52_00-AEG001_420_7088|13|86.707764|1026.914551|-181.439163|-0.695569|-33.947212|-17.747850|1.000000|1.000000|1.000000
m60_49_52_00-AEG001_420_7089|13|55.090988|1025.877319|-176.682022|-13.340992|35.571938|9.437394|1.000000|1.000000|1.000000
m60_49_52_00-AEG001_420_7090|13|57.738693|1026.799561|-175.144897|0.006585|-55.482155|0.004987|1.000000|1.000000|1.000000
m60_49_52_00-AEG001_420_7091|13|173.221695|1051.723145|-102.277145|-13.319116|-52.134838|9.453280|1.000000|1.000000|1.000000
m60_49_52_00-AEG001_420_7092|13|171.726440|1051.722412|-101.202621|6.599323|-143.186661|4.955472|1.000000|1.000000|1.000000
m60_49_52_00-AEG001_420_7093|13|65.526657|1015.504456|-218.350647|6.587989|-136.321594|4.971252|1.000000|1.000000|1.000000
m60_49_52_00-AEG001_420_7094|13|66.882790|1015.504700|-219.596176|-13.334899|-45.268143|9.441700|1.000000|1.000000|1.000000
m60_49_52_00-AEG001_420_7095|13|49.984016|1019.455750|-195.328735|-13.323610|12.618716|9.446968|1.000000|1.000000|1.000000
m60_49_52_00-AEG001_420_7096|13|44.773209|1020.338684|-192.458191|0.006581|-78.433327|0.004965|1.000000|1.000000|1.000000
m60_49_52_00-AEG001_420_7097|13|30.095985|1004.103271|-242.056488|6.610896|-132.806473|4.956982|1.000000|1.000000|1.000000
m60_49_52_00-AEG001_420_7098|13|31.360298|1004.203796|-242.680908|-13.320861|-41.753345|9.464781|1.000000|1.000000|1.000000
m60_49_52_00-AEG001_420_7099|13|42.547951|1030.598267|-170.829147|-13.331197|14.832837|9.447393|1.000000|1.000000|1.000000
m60_49_52_00-AEG001_420_7100|13|42.951729|1030.597900|-169.032654|6.593636|-76.220497|4.967495|1.000000|1.000000|1.000000
m60_49_52_00-AEG001_420_7101|13|77.081635|1045.137329|-112.180580|6.593078|125.921394|4.960006|1.000000|1.000000|1.000000
m60_49_52_00-AEG001_420_7102|13|102.120651|1034.615967|-164.388489|-13.345132|29.156008|9.446877|1.000000|1.000000|1.000000
m60_49_52_00-AEG001_420_7103|13|102.956245|1034.616089|-162.747711|6.593372|-61.899586|4.981247|1.000000|1.000000|1.000000
m60_49_52_00-AEG001_420_7104|13|77.590195|1045.137939|-110.888733|-13.323595|-143.026566|9.446977|1.000000|1.000000|1.000000
m60_49_52_00-AEG001_420_7105|13|39.612717|1015.923462|-202.236694|0.006596|-77.018028|0.004978|1.000000|1.000000|1.000000
m60_49_52_00-AEG001_420_7106|13|109.349075|1043.005493|-138.316193|6.601621|93.458267|4.941272|1.000000|1.000000|1.000000
m60_49_52_00-AEG001_420_7107|13|109.424469|1043.006714|-136.476425|-13.304767|-175.492065|9.455830|1.000000|1.000000|1.000000
m60_49_52_00-AEG001_420_7108|13|46.242142|1015.745178|-204.038635|-13.345397|14.038000|9.451421|1.000000|1.000000|1.000000
m60_49_52_00-AEG001_420_7109|13|29.821236|1004.758362|-227.943024|-10.069345|45.920109|-5.009645|1.000000|1.000000|1.000000
m60_49_52_00-AEG001_420_7110|13|26.289825|1004.626831|-225.112396|-10.069345|45.920109|-5.009645|1.000000|1.000000|1.000000
m60_49_52_00-AEG001_420_7111|13|26.669167|1004.311523|-227.594757|1.295196|66.673546|-11.948504|1.000000|1.000000|1.000000
m60_49_52_00-AEG001_420_7112|13|87.575584|1045.555664|-112.323563|10.007813|-162.223602|11.519382|1.000000|1.000000|1.000000
m60_49_52_00-AEG001_420_7113|13|88.611664|1045.631714|-112.682823|21.876520|85.022247|-0.459485|1.000000|1.000000|1.000000
m60_49_52_00-AEG001_420_7114|13|89.378937|1045.652710|-115.469696|12.373930|74.368149|-19.629181|1.000000|1.000000|1.000000
m60_49_52_00-AEG001_420_7115|13|55.521530|1021.810364|-187.504562|10.008264|123.552223|11.537445|1.000000|1.000000|1.000000
m60_49_52_00-AEG001_420_7116|13|56.148956|1021.886169|-186.605164|21.893013|10.798296|-0.466880|1.000000|1.000000|1.000000
m60_49_52_00-AEG001_420_7117|13|61.889076|1021.906616|-186.624466|12.389682|0.149348|-19.639503|1.000000|1.000000|1.000000
m60_49_52_00-AEG001_420_7118|13|49.142456|1008.736877|-242.120605|-3.366668|-149.810211|11.189964|1.000000|1.000000|1.000000
m60_49_52_00-AEG001_420_7119|13|49.142418|1009.033752|-242.120667|17.294172|-62.668823|13.656610|1.000000|1.000000|1.000000
m60_49_52_00-AEG001_420_7120|13|101.515442|1037.884766|-151.797394|-3.365146|99.275055|11.174648|1.000000|1.000000|1.000000
m60_49_52_00-AEG001_420_7121|13|101.515503|1038.181641|-151.797485|17.309992|-173.587006|13.657338|1.000000|1.000000|1.000000
m60_49_52_00-AEG001_420_7122|13|94.173576|1044.706299|-115.306236|-3.370318|-149.566101|11.198433|1.000000|1.000000|1.000000
m60_49_52_00-AEG001_420_7123|13|94.173584|1045.003174|-115.306297|17.285284|-62.423332|13.653458|1.000000|1.000000|1.000000
m60_49_52_00-AEG001_420_7124|13|39.480537|1009.609924|-217.352890|-3.358062|-155.401291|11.199858|1.000000|1.000000|1.000000
m60_49_52_00-AEG001_420_7125|13|39.480530|1009.906799|-217.353012|17.284435|-68.255943|13.665541|1.000000|1.000000|1.000000
m60_49_52_00-AEG001_420_7126|13|63.735565|1015.409058|-217.987564|-8.414468|149.105179|5.253107|1.000000|1.000000|1.000000
m60_49_52_00-AEG001_420_7127|13|63.695999|1015.703186|-217.981445|22.988350|-125.561935|8.275385|1.000000|1.000000|1.000000
m60_49_52_00-AEG001_420_7128|13|41.843079|1007.647339|-233.849838|-3.375668|104.911232|11.172697|1.000000|1.000000|1.000000
m60_49_52_00-AEG001_420_7129|13|41.843079|1007.944214|-233.849945|17.311466|-167.953201|13.646929|1.000000|1.000000|1.000000
m60_49_52_00-AEG001_420_7130|13|49.029465|1016.366150|-203.117767|-3.360452|102.872414|11.196979|1.000000|1.000000|1.000000
m60_49_52_00-AEG001_420_7131|13|49.029572|1016.663025|-203.117767|17.287279|-169.983353|13.663049|1.000000|1.000000|1.000000
m60_49_52_00-AEG001_420_7132|13|61.948792|1017.504089|-206.456406|-3.367174|95.817719|11.182600|1.000000|1.000000|1.000000
m60_49_52_00-AEG001_420_7133|13|61.948853|1017.800964|-206.456451|17.301720|-177.042801|13.655746|1.000000|1.000000|1.000000
m60_49_52_00-AEG001_420_7134|13|90.727676|1040.806763|-133.912964|-3.370323|113.187515|11.193825|1.000000|1.000000|1.000000
m60_49_52_00-AEG001_420_7135|13|90.727730|1041.103638|-133.912964|17.290018|-159.670837|13.653221|1.000000|1.000000|1.000000
m60_49_52_00-AEG001_420_7136|13|112.374512|1041.627930|-150.702454|-3.367990|-157.746536|11.185775|1.000000|1.000000|1.000000
m60_49_52_00-AEG001_420_7137|13|112.374458|1041.924805|-150.702499|17.298414|-70.606430|13.655107|1.000000|1.000000|1.000000
m60_49_52_00-AEG001_420_7138|13|73.518723|1038.859863|-139.327805|-3.365333|-172.865524|11.192946|1.000000|1.000000|1.000000
m60_49_52_00-AEG001_420_7139|13|73.518730|1039.156738|-139.327881|17.291174|-85.723167|13.658070|1.000000|1.000000|1.000000
m60_49_52_00-AEG001_420_7140|13|71.608589|1033.036865|-155.694870|-3.364471|-172.019165|11.192286|1.000000|1.000000|1.000000
m60_49_52_00-AEG001_420_7141|13|71.608582|1033.333740|-155.694946|17.291897|-84.876816|13.658880|1.000000|1.000000|1.000000
m60_49_52_00-AEG001_420_7142|13|64.068771|1020.714417|-192.664246|-3.370917|-172.555695|11.180413|1.000000|1.000000|1.000000
m60_49_52_00-AEG001_420_7143|13|76.752289|1027.047607|-174.963196|17.299450|95.997879|13.654814|1.000000|1.000000|1.000000
m60_49_52_00-AEG001_420_7144|13|64.068710|1021.011292|-192.664291|17.303776|-85.417397|13.651974|1.000000|1.000000|1.000000
m60_49_52_00-AEG001_420_7145|13|76.752243|1026.750732|-174.963257|-3.368234|8.858047|11.184753|1.000000|1.000000|1.000000
m60_49_52_00-AEG001_420_7146|13|69.781921|1021.026794|-198.373810|17.296623|-177.010010|13.656321|1.000000|1.000000|1.000000
m60_49_52_00-AEG001_420_7147|13|69.781860|1020.729919|-198.373779|-3.366847|95.849236|11.187572|1.000000|1.000000|1.000000
m60_49_52_00-AEG001_420_7148|13|87.580444|1039.855469|-136.546509|-0.016073|43.675655|-0.007960|1.000000|1.000000|1.000000
m60_49_52_00-AEG001_420_7149|13|110.551117|1042.487549|-144.239456|-0.017983|44.327744|0.004098|1.000000|1.000000|1.000000
m60_49_52_00-AEG007_193_1000|13|129.607788|1048.207397|-161.186066|0.000000|-115.500000|0.000000|1.000000|1.000000|1.000000
m60_49_52_00-AEG007_193_1001|13|129.197876|1047.988892|-159.748199|0.000000|13.000009|180.000000|1.000000|1.000000|1.000000
m60_49_52_00-AEG007_194_1000|13|143.701233|1035.036011|-165.056519|0.000000|-64.000000|0.000000|1.000000|1.000000|1.000000
m60_49_52_00-AEG040_034_1001|13|57.986008|1008.619080|-239.329315|0.000000|174.308441|0.000000|1.000000|1.000000|1.000000
m60_49_52_00-AEG040_034_1002|13|38.017395|1022.460083|-177.119827|-8.109199|109.507042|-14.959943|1.000000|1.000000|1.000000
m60_49_52_00-AEG040_034_1003|13|88.134979|1018.562805|-223.120483|-11.207824|47.593216|8.777886|1.000000|1.000000|1.000000
m60_49_52_00-AEG040_034_1005|13|114.681587|1042.184692|-146.123871|0.405631|138.408478|0.477364|1.000000|1.000000|1.000000
m60_49_52_00-AEG040_034_1006|13|48.638954|1026.127563|-175.075165|-5.857704|49.719799|4.076038|1.000000|1.000000|1.000000
m60_49_52_00-AEG040_034_1007|13|75.930992|1017.336121|-222.501221|-11.331175|124.754623|2.504190|1.000000|1.000000|1.000000
m60_49_52_00-AEG040_034_1008|13|23.139725|1011.227417|-206.391205|-5.834222|77.295738|10.269681|1.000000|1.000000|1.000000
m60_49_52_00-AEG040_034_1009|13|107.964706|1034.473022|-161.782104|-1.669304|121.643417|-11.911782|1.000000|1.000000|1.000000
m60_49_52_00-AEG040_034_1010|13|103.015671|1034.830322|-158.151108|1.605668|142.567566|-9.350598|1.000000|1.000000|1.000000
m60_49_52_00-AEG040_034_1018|13|86.095230|1039.078613|-134.358917|-7.176191|61.655830|7.046952|1.000000|1.000000|1.000000
m60_49_52_00-AEG100_043_1001|13|76.181213|998.805908|-226.945679|0.000000|-159.499985|0.000000|1.000000|1.000000|1.000000
m60_49_52_00-AEG100_044_1001|13|34.846802|1014.847900|-203.848083|-19.499998|0.000000|0.000000|1.000000|1.000000|1.000000
m60_49_52_00-AEG100_045_1001|13|46.104919|1034.214355|-101.725891|0.000000|108.499985|0.000000|1.000000|1.000000|1.000000
m60_49_52_00-AEG700_230_2002|13|124.505859|1067.087524|-18.833008|0.000000|89.999855|0.000000|1.000000|1.000000|1.000000
m60_49_52_00-AEG700_230_2003|13|124.505859|1053.230103|-58.833008|0.000000|89.999855|0.000000|1.000000|1.000000|1.000000
m60_49_52_00-AEG700_230_2004|13|124.505859|1051.338989|-87.028320|0.000000|89.999855|0.000000|1.000000|1.000000|1.000000
m60_49_52_00-AEG700_230_2005|13|91.505371|1051.338989|-87.028320|0.000000|-90.000328|0.000000|1.000000|1.000000|1.000000
m60_49_52_00-AEG700_230_2006|13|91.505371|1053.220093|-58.833008|0.000000|-90.000328|0.000000|1.000000|1.000000|1.000000
m60_49_52_00-AEG700_230_2007|13|91.505371|1067.077515|-18.833008|0.000000|-90.000328|0.000000|1.000000|1.000000|1.000000
m60_49_53_00-AEG001_420_7228|13|235.947952|1565.201050|236.881195|-16.469782|-88.373672|29.234570|1.000000|1.000000|1.000000
m60_49_53_00-AEG001_420_7229|13|234.108826|1565.265015|236.818848|26.601601|177.401352|7.050980|1.000000|1.000000|1.000000
m60_49_53_00-AEG001_420_7232|13|162.913177|1593.163452|69.771889|-23.457563|-99.180511|2.364445|1.000000|1.000000|1.000000
m60_49_53_00-AEG001_420_7233|13|161.140121|1593.494751|69.401840|-0.399339|169.948837|15.176447|1.000000|1.000000|1.000000
m60_49_53_00-AEG001_420_7234|13|239.684967|1563.351440|219.553101|3.033400|-46.938396|27.952452|1.000000|1.000000|1.000000
m60_49_53_00-AEG001_420_7235|13|239.603333|1563.634033|219.513382|-0.257245|47.427994|19.535208|1.000000|1.000000|1.000000
m60_49_53_00-AEG001_420_7236|13|168.034668|1553.161865|224.004440|-16.478764|78.076622|21.836359|1.000000|1.000000|1.000000
m60_49_53_00-AEG001_420_7237|13|169.809875|1553.240234|224.487061|19.159452|-15.205618|7.544097|1.000000|1.000000|1.000000
m60_49_53_00-AEG001_420_7238|13|67.341721|1563.981323|109.724747|0.033945|139.683090|16.809340|1.000000|1.000000|1.000000
m60_49_53_00-AEG001_420_7239|13|67.374985|1564.276245|109.730232|11.571531|-130.831009|17.124386|1.000000|1.000000|1.000000
m60_49_53_00-AEG001_420_7240|13|183.353302|1553.622681|194.215591|-29.866287|137.234619|26.163631|1.000000|1.000000|1.000000
m60_49_53_00-AEG001_420_7241|13|184.767059|1554.071899|193.124756|25.011154|37.121193|19.197224|1.000000|1.000000|1.000000
m60_49_53_00-AEG001_420_7242|13|141.270752|1575.690430|168.657104|13.974887|-51.288872|8.679945|1.000000|1.000000|1.000000
m60_49_53_00-AEG001_420_7243|13|141.212341|1575.973877|168.723145|20.607590|37.604046|30.646206|1.000000|1.000000|1.000000
m60_49_53_00-AEG001_420_7244|13|61.606796|1565.198242|109.694138|-14.698431|117.459435|24.946733|1.000000|1.000000|1.000000
m60_49_53_00-AEG001_420_7245|13|63.278198|1565.219116|108.921875|22.196766|24.532787|5.743435|1.000000|1.000000|1.000000
m60_49_53_00-AEG001_420_7246|13|72.195480|1566.506958|72.722321|-14.293588|11.233080|5.835609|1.000000|1.000000|1.000000
m60_49_53_00-AEG001_420_7247|13|72.482613|1566.541626|74.540771|2.981729|-79.603592|5.981269|1.000000|1.000000|1.000000
m60_49_53_00-AEG001_420_7248|13|225.126740|1559.161133|194.733551|16.796099|-104.897896|12.684086|1.000000|1.000000|1.000000
m60_49_53_00-AEG001_420_7249|13|225.030640|1559.440430|194.704041|15.862575|-12.964076|33.391922|1.000000|1.000000|1.000000
m60_49_53_00-AEG001_420_7250|13|134.362396|1562.236572|165.786346|15.703478|-109.893326|-8.430889|1.000000|1.000000|1.000000
m60_49_53_00-AEG001_420_7251|13|134.239746|1562.500366|165.845490|40.608818|-31.249018|30.512299|1.000000|1.000000|1.000000
m60_49_53_00-AEG001_420_7252|13|74.918579|1565.808838|77.561340|6.937407|5.800271|-4.495411|1.000000|1.000000|1.000000
m60_49_53_00-AEG001_420_7253|13|75.003342|1566.089966|77.605164|34.671005|88.095070|22.563084|1.000000|1.000000|1.000000
m60_49_53_00-AEG001_420_7254|13|218.776413|1559.777344|175.737656|-9.214523|115.456779|25.487221|1.000000|1.000000|1.000000
m60_49_53_00-AEG001_420_7255|13|220.438446|1559.638428|174.957413|22.583920|24.846016|0.768147|1.000000|1.000000|1.000000
m60_49_53_00-AEG001_420_7262|13|241.250183|1561.229248|160.141205|14.998509|43.229122|15.866543|1.000000|1.000000|1.000000
m60_49_53_00-AEG001_420_7263|13|241.298401|1561.510864|160.221909|12.193030|136.688995|31.501072|1.000000|1.000000|1.000000
m60_49_53_00-AEG003_154_2004|13|104.528870|1570.072266|93.569275|0.000000|-91.000023|0.000000|1.000000|1.000000|1.000000
m60_49_53_00-AEG003_154_4005|13|104.528870|1071.867432|93.569275|0.000000|-91.000023|0.000000|1.000000|1.000000|1.000000
m60_49_53_00-AEG003_154_4006|13|104.528870|1310.771240|93.569275|0.000000|-91.000023|0.000000|1.000000|1.000000|1.000000
m60_49_53_00-AEG003_155_2002|13|111.480881|1570.062988|93.569260|0.000000|89.000000|0.000000|1.000000|1.000000|1.000000
m60_49_53_00-AEG003_155_4003|13|111.480881|1071.858154|93.569260|0.000000|89.000000|0.000000|1.000000|1.000000|1.000000
m60_49_53_00-AEG003_155_4004|13|111.480881|1310.761963|93.569260|0.000000|89.000000|0.000000|1.000000|1.000000|1.000000
m60_49_53_00-AEG003_180_2000|13|111.480904|1570.062744|107.255020|0.000000|89.000000|0.000000|1.000000|1.000000|1.000000
m60_49_53_00-AEG003_180_4001|13|111.480904|1071.857910|107.255020|0.000000|89.000000|0.000000|1.000000|1.000000|1.000000
m60_49_53_00-AEG003_180_4002|13|111.480904|1310.761719|107.255020|0.000000|89.000000|0.000000|1.000000|1.000000|1.000000
m60_49_53_00-AEG003_181_2000|13|104.528839|1570.062744|107.254990|0.000000|-91.000008|0.000000|1.000000|1.000000|1.000000
m60_49_53_00-AEG003_181_4001|13|104.528839|1071.857910|107.254990|0.000000|-91.000008|0.000000|1.000000|1.000000|1.000000
m60_49_53_00-AEG003_181_4002|13|104.528839|1310.761719|107.254990|0.000000|-91.000008|0.000000|1.000000|1.000000|1.000000
m60_49_53_00-AEG004_499_4000|13|99.748573|1073.077148|53.526802|0.000000|-90.000008|0.000000|1.000000|1.000000|1.000000
m60_49_53_00-AEG004_499_4001|13|116.243782|1073.077148|53.526802|0.000000|-90.000008|0.000000|1.000000|1.000000|1.000000
m60_49_53_00-AEG007_037_1011|13|160.023010|1582.062012|68.533142|-97.604370|11.856408|3.887363|1.000000|1.000000|1.000000
m60_49_53_00-AEG007_037_1012|13|154.640991|1570.307007|74.290474|-83.952126|95.625755|-11.306947|1.000000|1.000000|1.000000
m60_49_53_00-AEG007_037_1016|13|128.538330|1564.364624|143.466782|-106.048531|-54.350735|10.416996|1.000000|1.000000|1.000000
m60_49_53_00-AEG007_037_1017|13|151.384430|1575.482056|111.817329|-101.867271|48.382874|2.763492|1.000000|1.000000|1.000000
m60_49_53_00-AEG007_037_1018|13|141.322433|1568.410645|169.416016|-81.278374|61.159496|-162.698044|1.000000|1.000000|1.000000
m60_49_53_00-AEG007_037_1019|13|132.230530|1575.465698|147.016953|25.566605|50.119518|-84.922638|1.000000|1.000000|1.000000
m60_49_53_00-AEG007_037_1020|13|130.087234|1576.154297|139.435516|73.427399|-75.644020|-177.701050|1.000000|1.000000|1.000000
m60_49_53_00-AEG007_037_1021|13|139.474869|1572.010742|158.931122|-148.783188|5.571742|84.535606|1.000000|1.000000|1.000000
m60_49_53_00-AEG007_037_1022|13|134.698746|1571.372314|153.037384|-107.046028|-61.252140|-1.203786|1.000000|1.000000|1.000000
m60_49_53_00-AEG007_037_1023|13|142.049896|1567.423340|175.110016|69.081352|-48.149185|-168.258133|1.000000|1.000000|1.000000
m60_49_53_00-AEG007_037_1025|13|168.966614|1572.874878|65.094070|-6.387833|-72.819702|79.016273|1.000000|1.000000|1.000000
m60_49_53_00-AEG007_037_1026|13|176.367477|1578.590332|64.579330|-81.582680|8.001976|-1.955061|1.000000|1.000000|1.000000
m60_49_53_00-AEG007_037_1027|13|158.862228|1571.430664|67.891876|79.956406|-160.548965|0.323681|1.000000|1.000000|1.000000
m60_49_53_00-AEG007_037_1028|13|165.968445|1562.233398|64.018661|-81.673988|11.608644|-3.393543|1.000000|1.000000|1.000000
m60_49_53_00-AEG007_037_1029|13|183.371307|1570.122803|43.009918|-99.609528|88.973061|-8.936506|1.000000|1.000000|1.000000
m60_49_53_00-AEG007_037_1030|13|155.625061|1581.227051|101.333687|-85.685425|56.775146|78.122025|1.000000|1.000000|1.000000
m60_49_53_00-AEG007_037_1031|13|157.102722|1582.114624|73.192986|81.384781|-80.137268|-172.515945|1.000000|1.000000|1.000000
m60_49_53_00-AEG007_037_1032|13|156.863037|1572.017822|97.204025|-92.440048|52.377975|-10.817452|1.000000|1.000000|1.000000
m60_49_53_00-AEG007_037_1044|13|180.749237|1580.120972|63.133186|-100.488998|21.344500|-7.080697|1.000000|1.000000|1.000000
m60_49_53_00-AEG007_037_1045|13|149.610428|1562.811646|183.157837|-86.536964|130.054474|-9.076540|1.000000|1.000000|1.000000
m60_49_53_00-AEG007_037_1046|13|188.247406|1562.804077|179.891998|88.391113|67.621185|-174.972092|1.000000|1.000000|1.000000
m60_49_53_00-AEG007_037_1047|13|193.670578|1559.941650|177.082870|82.268219|6.202295|-175.211365|1.000000|1.000000|1.000000
m60_49_53_00-AEG007_037_1048|13|180.821808|1563.280151|187.651764|84.786690|4.386626|-179.172409|1.000000|1.000000|1.000000
m60_49_53_00-AEG007_037_1049|13|147.423462|1583.367188|113.802017|154.411789|-13.347960|85.304138|1.000000|1.000000|1.000000
m60_49_53_00-AEG007_037_1050|13|201.576538|1577.527344|119.033409|-78.934700|175.603409|86.821037|1.000000|1.000000|1.000000
m60_49_53_00-AEG007_037_1056|13|212.700623|1571.926758|29.289215|-77.857170|1.554294|78.638885|1.000000|1.000000|1.000000
m60_49_53_00-AEG007_037_1057|13|237.526199|1564.579590|29.140839|-83.298653|132.652222|6.113965|1.000000|1.000000|1.000000
m60_49_53_00-AEG007_037_1058|13|257.212219|1567.050049|60.832123|-102.087181|-71.764694|4.899168|1.000000|1.000000|1.000000
m60_49_53_00-AEG007_037_1064|13|228.413452|1562.980713|254.972107|125.250374|71.445961|76.873772|1.000000|1.000000|1.000000
m60_49_53_00-AEG007_037_1065|13|168.616318|1558.372559|190.617432|88.872871|10.278090|-173.551178|1.000000|1.000000|1.000000
m60_49_53_00-AEG007_042_1000|13|125.333115|1569.785400|126.981781|83.526611|-150.825348|17.159586|1.000000|1.000000|1.000000
m60_49_53_00-AEG007_042_1001|13|124.510384|1570.435669|130.687119|68.460632|-56.346035|-3.932423|1.000000|1.000000|1.000000
m60_49_53_00-AEG007_042_1002|13|129.527878|1573.770630|125.240860|89.567307|23.349384|-13.957065|1.000000|1.000000|1.000000
m60_49_53_00-AEG007_042_1005|13|137.042862|1578.035645|120.231514|92.057274|42.731781|-21.557074|1.000000|1.000000|1.000000
m60_49_53_00-AEG007_042_1006|13|140.899963|1577.632080|117.670479|83.148079|-117.851295|14.638385|1.000000|1.000000|1.000000
m60_49_53_00-AEG007_042_1007|13|135.736481|1569.788696|116.601395|43.340553|10.855372|-107.447121|1.000000|1.000000|1.000000
m60_49_53_00-AEG007_042_1009|13|151.509857|1575.255371|107.161499|-90.568649|51.899654|-13.215284|1.000000|1.000000|1.000000
m60_49_53_00-AEG007_042_1010|13|149.301178|1572.577271|110.579483|78.796280|-120.180717|15.231863|1.000000|1.000000|1.000000
m60_49_53_00-AEG007_042_1011|13|139.578201|1559.377808|171.734543|-95.653679|75.421707|11.634612|1.000000|1.000000|1.000000
m60_49_53_00-AEG007_042_1012|13|140.524765|1571.559692|165.342682|-79.997314|-107.452141|-20.408436|1.000000|1.000000|1.000000
m60_49_53_00-AEG007_042_1013|13|130.088882|1568.183472|146.977844|-83.404236|95.973030|12.783376|1.000000|1.000000|1.000000
m60_49_53_00-AEG007_042_1014|13|126.822136|1578.959473|134.684418|-83.730515|-61.167877|10.346010|1.000000|1.000000|1.000000
m60_49_53_00-AEG007_042_1017|13|125.078331|1576.486084|130.713013|79.383766|-50.802055|0.978443|1.000000|1.000000|1.000000
m60_49_53_00-AEG007_042_1018|13|141.191147|1558.216431|176.443130|-86.357262|-39.517067|-167.219757|1.000000|1.000000|1.000000
m60_49_53_00-AEG007_042_1019|13|131.998459|1565.285156|153.201279|-55.912807|155.075333|-77.158043|1.000000|1.000000|1.000000
m60_49_53_00-AEG007_042_1020|13|136.634186|1563.729126|159.282166|-81.971329|107.849594|8.255238|1.000000|1.000000|1.000000
m60_49_53_00-AEG007_042_1021|13|139.425156|1565.132935|172.756500|-111.722237|87.227989|7.002956|1.000000|1.000000|1.000000
m60_49_53_00-AEG007_042_1022|13|127.733192|1558.593506|171.683243|-17.416887|40.616856|105.884079|1.000000|1.000000|1.000000
m60_49_53_00-AEG007_042_1024|13|154.115982|1567.965332|67.678040|79.227379|34.784645|166.487122|1.000000|1.000000|1.000000
m60_49_53_00-AEG007_042_1025|13|154.595734|1571.549683|103.786453|-88.462280|-80.278214|14.260015|1.000000|1.000000|1.000000
m60_49_53_00-AEG007_042_1026|13|127.207901|1572.127319|135.688675|-89.547150|-58.259369|14.606705|1.000000|1.000000|1.000000
m60_49_53_00-AEG007_042_1027|13|59.864914|1562.824341|96.286232|-88.499664|-10.821330|12.826350|1.000000|1.000000|1.000000
m60_49_53_00-AEG007_042_1030|13|60.661507|1563.600830|95.588646|-149.243149|39.437656|75.082848|1.000000|1.000000|1.000000
m60_49_53_00-AEG007_042_1031|13|133.154007|1576.325073|123.442665|85.750389|23.786510|-13.810596|1.000000|1.000000|1.000000
m60_49_53_00-AEG007_042_1032|13|131.326523|1556.748413|181.159424|-127.371307|41.408051|10.772559|1.000000|1.000000|1.000000
m60_49_53_00-AEG007_042_1034|13|118.159142|1554.683472|178.090622|-83.034775|134.861313|2.977238|1.000000|1.000000|1.000000
m60_49_53_00-AEG007_042_1035|13|186.047409|1584.675171|62.122147|-99.035629|-60.155609|0.475218|1.000000|1.000000|1.000000
m60_49_53_00-AEG007_042_1036|13|188.439392|1583.894897|70.532715|-93.262398|-72.524223|-13.444633|1.000000|1.000000|1.000000
m60_49_53_00-AEG007_042_1037|13|188.368622|1580.770264|66.528107|-163.296997|-46.813644|80.193275|1.000000|1.000000|1.000000
m60_49_53_00-AEG007_042_1038|13|188.247330|1580.442993|69.412666|-88.426598|-69.998840|-13.087357|1.000000|1.000000|1.000000
m60_49_53_00-AEG007_042_1039|13|189.660797|1578.522827|61.292778|-95.042847|-70.048347|-3.268067|1.000000|1.000000|1.000000
m60_49_53_00-AEG007_042_1040|13|187.328598|1579.728271|60.418556|86.730743|19.860151|-177.980698|1.000000|1.000000|1.000000
m60_49_53_00-AEG007_042_1041|13|189.699188|1583.757935|74.009277|89.150658|-52.216103|153.121094|1.000000|1.000000|1.000000
m60_49_53_00-AEG007_042_1042|13|195.859436|1582.769043|85.092285|-74.676865|130.833862|-64.810867|1.000000|1.000000|1.000000
m60_49_53_00-AEG007_042_1045|13|143.576782|1559.331421|177.930771|84.017227|-42.832882|-161.894943|1.000000|1.000000|1.000000
m60_49_53_00-AEG007_042_1046|13|145.573547|1557.654663|182.158020|-101.967476|-33.387806|9.019009|1.000000|1.000000|1.000000
m60_49_53_00-AEG007_042_1047|13|151.490631|1556.342041|188.127121|-84.225662|153.115265|-12.895106|1.000000|1.000000|1.000000
m60_49_53_00-AEG007_042_1048|13|159.721695|1556.935913|192.988037|-78.780472|155.065491|2.615271|1.000000|1.000000|1.000000
m60_49_53_00-AEG007_042_1049|13|155.920456|1558.919800|189.834885|-82.777344|-46.009647|-163.310059|1.000000|1.000000|1.000000
m60_49_53_00-AEG007_042_1050|13|197.985413|1562.153564|175.221863|112.893379|25.588785|-2.662429|1.000000|1.000000|1.000000
m60_49_53_00-AEG007_042_1051|13|203.125320|1561.716919|173.538803|85.131348|-138.339462|1.307917|1.000000|1.000000|1.000000
m60_49_53_00-AEG007_042_1052|13|206.304291|1560.120728|172.237823|84.577995|27.303415|167.332184|1.000000|1.000000|1.000000
m60_49_53_00-AEG007_042_1053|13|210.444702|1559.108643|171.674057|-76.098595|157.652802|8.242199|1.000000|1.000000|1.000000
m60_49_53_00-AEG007_042_1054|13|184.225601|1555.742065|189.049835|89.834152|13.635474|-172.997086|1.000000|1.000000|1.000000
m60_49_53_00-AEG007_042_1055|13|178.443008|1554.275757|189.987335|42.938316|-44.447742|-79.909149|1.000000|1.000000|1.000000
m60_49_53_00-AEG007_042_1057|13|161.232574|1564.515015|192.424103|83.318939|-50.144478|179.747696|1.000000|1.000000|1.000000
m60_49_53_00-AEG007_042_1058|13|217.647003|1559.667603|169.835037|2.900434|101.452965|78.523071|1.000000|1.000000|1.000000
m60_49_53_00-AEG007_042_1059|13|226.804077|1564.737183|138.409943|18.033632|69.565002|88.367455|1.000000|1.000000|1.000000
m60_49_53_00-AEG007_042_1060|13|202.034180|1575.116089|121.639442|-105.977348|77.002472|16.783508|1.000000|1.000000|1.000000
m60_49_53_00-AEG007_042_1061|13|172.139069|1572.976074|161.314301|-10.338455|144.278534|79.993607|1.000000|1.000000|1.000000
m60_49_53_00-AEG007_042_1066|13|145.324478|1585.862671|123.478844|-86.580635|120.816689|0.625175|1.000000|1.000000|1.000000
m60_49_53_00-AEG007_042_1067|13|143.225891|1587.127197|121.271362|-87.021240|-38.526489|178.207901|1.000000|1.000000|1.000000
m60_49_53_00-AEG007_042_1068|13|150.813766|1587.979736|114.280037|39.843639|130.992554|-70.711197|1.000000|1.000000|1.000000
m60_49_53_00-AEG007_042_1070|13|196.634338|1581.086792|89.492508|85.147110|-121.521553|-13.557542|1.000000|1.000000|1.000000
m60_49_53_00-AEG007_042_1071|13|192.130295|1577.902344|57.833527|-108.407654|83.739639|83.725616|1.000000|1.000000|1.000000
m60_49_53_00-AEG007_042_1072|13|191.390808|1577.089600|71.270782|82.287315|-3.189567|-179.080322|1.000000|1.000000|1.000000
m60_49_53_00-AEG007_042_1073|13|189.345322|1577.317749|65.286652|-72.810249|87.006065|-81.369469|1.000000|1.000000|1.000000
m60_49_53_00-AEG007_042_1075|13|211.303833|1573.247681|35.825813|-86.190804|162.467804|1.296233|1.000000|1.000000|1.000000
m60_49_53_00-AEG007_042_1084|13|123.620354|1556.186279|180.643951|-162.918335|52.137768|69.535362|1.000000|1.000000|1.000000
m60_49_53_00-AEG007_042_1085|13|103.434975|1560.301636|145.345032|15.706507|71.817383|-105.340279|1.000000|1.000000|1.000000
m60_49_53_00-AEG007_042_1086|13|100.282150|1559.720947|145.940414|95.651543|15.914756|-87.805901|1.000000|1.000000|1.000000
m60_49_53_00-AEG007_042_1090|13|207.988281|1576.213013|94.256752|162.863983|-16.153229|-78.350487|1.000000|1.000000|1.000000
m60_49_53_00-AEG007_042_1091|13|208.220520|1576.865845|102.369194|-78.691605|79.920570|-179.696320|1.000000|1.000000|1.000000
m60_49_53_00-AEG007_042_1094|13|215.083206|1575.365356|25.825882|-4.489825|29.600142|99.043091|1.000000|1.000000|1.000000
m60_49_53_00-AEG007_042_1095|13|210.103546|1575.141724|21.996689|72.001167|-1.339343|-100.918327|1.000000|1.000000|1.000000
m60_49_53_00-AEG007_042_1096|13|106.801781|1559.292358|148.308777|167.490845|70.015091|84.218597|1.000000|1.000000|1.000000
m60_49_53_00-AEG007_042_1097|13|208.769272|1574.697021|98.614487|-80.017853|-87.081566|-4.597031|1.000000|1.000000|1.000000
m60_49_53_00-AEG007_042_1098|13|210.956573|1577.481567|116.638855|-81.177025|62.676666|8.971158|1.000000|1.000000|1.000000
m60_49_53_00-AEG007_042_1099|13|212.185913|1573.337280|113.697464|42.372974|66.649658|-70.522728|1.000000|1.000000|1.000000
m60_49_53_00-AEG007_042_1100|13|188.740372|1568.482910|174.230988|-73.807350|80.597687|83.810081|1.000000|1.000000|1.000000
m60_49_53_00-AEG007_042_1101|13|181.721146|1569.977905|173.708191|-27.894638|-9.240419|65.544586|1.000000|1.000000|1.000000
m60_49_53_00-AEG007_042_1102|13|199.181671|1571.531738|130.842667|-81.323730|-116.565277|2.709819|1.000000|1.000000|1.000000
m60_49_53_00-AEG007_042_1103|13|205.597137|1573.959229|122.197823|-105.497490|50.364769|1.875440|1.000000|1.000000|1.000000
m60_49_53_00-AEG007_042_1104|13|205.190186|1576.015625|82.639198|2.864501|23.236185|-78.884987|1.000000|1.000000|1.000000
m60_49_53_00-AEG007_042_1105|13|202.661743|1574.038574|78.410194|-71.402679|-25.223499|8.158124|1.000000|1.000000|1.000000
m60_49_53_00-AEG007_042_1106|13|199.251160|1574.830811|76.782509|72.675446|-19.206415|174.149109|1.000000|1.000000|1.000000
m60_49_53_00-AEG007_042_1107|13|218.881165|1566.301514|156.798706|161.538818|-37.715168|77.355072|1.000000|1.000000|1.000000
m60_49_53_00-AEG007_042_1108|13|212.489258|1566.843384|160.078796|4.997848|106.715477|70.815956|1.000000|1.000000|1.000000
m60_49_53_00-AEG007_042_1109|13|218.772339|1567.249878|148.821716|-30.512396|66.383820|113.321320|1.000000|1.000000|1.000000
m60_49_53_00-AEG007_042_1110|13|215.875061|1568.620117|144.265717|-52.554585|-126.256058|79.782997|1.000000|1.000000|1.000000
m60_49_53_00-AEG007_042_1111|13|221.205322|1565.549194|152.782257|-82.342674|113.219688|19.512753|1.000000|1.000000|1.000000
m60_49_53_00-AEG007_042_1112|13|213.160370|1572.560059|126.566582|-65.554626|-126.256058|79.782997|1.000000|1.000000|1.000000
m60_49_53_00-AEG007_042_1113|13|214.143036|1570.312256|135.563477|-47.012390|66.383804|113.321320|1.000000|1.000000|1.000000
m60_49_53_00-AEG007_042_1114|13|213.679901|1569.577881|130.792694|74.824585|-72.221939|162.078354|1.000000|1.000000|1.000000
m60_49_53_00-AEG007_042_1115|13|139.951263|1563.613770|167.266312|85.996902|50.850368|7.390120|1.000000|1.000000|1.000000
m60_49_53_00-AEG007_042_1116|13|145.094696|1567.209961|179.378021|78.486137|-46.936581|7.202208|1.000000|1.000000|1.000000
m60_49_53_00-AEG007_042_1117|13|143.723312|1574.152222|115.014687|-83.392731|34.948532|161.562866|1.000000|1.000000|1.000000
m60_49_53_00-AEG007_042_1118|13|131.867996|1569.371826|122.089874|89.330231|57.610241|172.970764|1.000000|1.000000|1.000000
m60_49_53_00-AEG007_042_1119|13|128.344086|1569.921021|124.967529|84.303322|41.490063|173.059830|1.000000|1.000000|1.000000
m60_49_53_00-AEG007_042_1120|13|125.685555|1566.464722|136.830139|-116.744270|-51.372971|8.623818|1.000000|1.000000|1.000000
m60_49_53_00-AEG007_042_1121|13|139.620346|1567.985352|163.572815|87.439758|108.260399|4.532970|1.000000|1.000000|1.000000
m60_49_53_00-AEG007_042_1122|13|155.948837|1575.739136|68.119057|89.312569|38.055481|-178.475281|1.000000|1.000000|1.000000
m60_49_53_00-AEG007_042_1123|13|164.619843|1577.740234|66.100342|81.791664|8.669169|179.598572|1.000000|1.000000|1.000000
m60_49_53_00-AEG007_042_1124|13|160.095459|1577.740234|67.195496|-81.829170|17.577303|0.883263|1.000000|1.000000|1.000000
m60_49_53_00-AEG007_042_1125|13|130.518875|1570.424927|123.246284|-90.000008|44.286491|-0.000003|1.000000|1.000000|1.000000
m60_49_53_00-AEG007_193_1001|13|191.224548|1563.631104|179.507034|2.845179|-166.121796|-13.519153|1.000000|1.000000|1.000000
m60_49_53_00-AEG007_194_1000|13|58.798843|1551.992065|100.854004|0.000000|92.999969|0.000000|1.000000|1.000000|1.000000
m60_49_53_00-AEG007_194_1087|13|58.296730|1556.329224|93.167488|0.000000|114.999977|0.000000|1.000000|1.000000|1.000000
m60_49_53_00-AEG040_034_1000|13|175.308884|1574.392334|157.904358|0.000000|-38.825050|0.000000|1.000000|1.000000|1.000000
m60_49_53_00-AEG700_229_4000|13|94.454704|1089.929199|133.178085|0.000000|0.000082|0.000000|6.000000|6.000000|6.000000
m60_49_53_00-AEG700_230_4104|13|122.747841|1089.929199|133.178040|0.000000|0.000082|0.000000|6.000000|6.000000|6.000000
m60_49_53_00-AEG700_261_2003|13|133.005875|1581.005615|103.912567|0.000000|-135.000000|0.000000|1.500000|1.500000|1.500000
m60_49_53_00-AEG700_261_2004|13|82.984772|1581.005615|96.912582|0.000000|45.000015|0.000000|1.500000|1.500000|1.500000
m60_49_53_00-AEG700_261_4005|13|133.005875|1082.800781|103.912567|0.000000|-135.000000|0.000000|1.500000|1.500000|1.500000
m60_49_53_00-AEG700_261_4006|13|82.984772|1082.800781|96.912582|0.000000|45.000004|0.000000|1.499999|1.500000|1.499999
m60_49_53_00-AEG700_261_4007|13|133.005875|1321.704590|103.912567|0.000000|-135.000000|0.000000|1.500000|1.500000|1.500000
m60_49_53_00-AEG700_261_4008|13|82.984772|1321.704590|96.912582|0.000000|45.000004|0.000000|1.499999|1.500000|1.499999
m60_49_53_00-AEG700_262_2105|13|82.984772|1581.005615|103.912575|0.000000|135.000031|0.000000|1.500000|1.500000|1.500000
m60_49_53_00-AEG700_262_2106|13|133.005875|1581.005615|96.912575|0.000000|-44.999996|0.000000|1.500000|1.500000|1.500000
m60_49_53_00-AEG700_262_2107|13|108.005867|1588.938965|97.913063|0.000000|-0.000224|0.000000|2.000000|2.000000|2.000000
m60_49_53_00-AEG700_262_2108|13|108.005867|1588.938965|102.913109|0.000000|179.999878|0.000000|2.000000|2.000000|2.000000
m60_49_53_00-AEG700_262_4109|13|82.984772|1082.800781|103.912575|0.000000|134.999969|0.000000|1.499999|1.500000|1.499999
m60_49_53_00-AEG700_262_4110|13|133.005875|1082.800781|96.912575|0.000000|-44.999996|0.000000|1.500000|1.500000|1.500000
m60_49_53_00-AEG700_262_4111|13|108.005867|1090.734131|97.913063|0.000000|-0.000224|0.000000|1.999999|2.000000|1.999999
m60_49_53_00-AEG700_262_4112|13|108.005867|1090.734131|102.913109|0.000000|179.999878|0.000000|1.999999|2.000000|1.999999
m60_49_53_00-AEG700_262_4113|13|82.984772|1321.704590|103.912575|0.000000|134.999969|0.000000|1.499999|1.500000|1.499999
m60_49_53_00-AEG700_262_4114|13|133.005875|1321.704590|96.912575|0.000000|-44.999996|0.000000|1.500000|1.500000|1.500000
m60_49_53_00-AEG700_262_4115|13|108.005867|1329.637939|97.913063|0.000000|-0.000224|0.000000|1.999999|2.000000|1.999999
m60_49_53_00-AEG700_262_4116|13|108.005867|1329.637939|102.913109|0.000000|179.999878|0.000000|1.999999|2.000000|1.999999
