m00485600_0000|0|-128.000000|0.000000|-128.000000|0.000000|0.000000|0.000000|1.000000|1.000000|1.000000
m00485602_0000|0|-128.000000|0.000000|-128.000000|0.000000|0.000000|0.000000|1.000000|1.000000|1.000000
m01485700_0000|0|-128.000000|0.000000|128.000000|0.000000|0.000000|0.000000|1.000000|1.000000|1.000000
m01485701_0000|0|-128.000000|0.000000|128.000000|0.000000|0.000000|0.000000|1.000000|1.000000|1.000000
m01485702_0000|0|-128.000000|0.000000|128.000000|0.000000|0.000000|0.000000|1.000000|1.000000|1.000000
m10495600_0000|0|128.000000|0.000000|-128.000000|0.000000|0.000000|0.000000|1.000000|1.000000|1.000000
m10495601_0000|0|128.000000|0.000000|-128.000000|0.000000|0.000000|0.000000|1.000000|1.000000|1.000000
m10495602_0000|0|128.000000|0.000000|-128.000000|0.000000|0.000000|0.000000|1.000000|1.000000|1.000000
m11495700_0000|0|128.000000|0.000000|128.000000|0.000000|0.000000|0.000000|1.000000|1.000000|1.000000
m11495701_0000|0|128.000000|0.000000|128.000000|0.000000|0.000000|0.000000|1.000000|1.000000|1.000000
m60_48_56_00-c0100_9000|2|-115.748001|1261.479004|-116.854004|0.000000|173.848999|0.000000|1.000000|1.000000|1.000000
m60_48_56_00-c4070_9005|2|-110.892998|1261.569946|-118.907997|-0.000000|120.692001|-0.000000|1.000000|1.000000|1.000000
m60_48_56_00-c4070_9006|2|-110.985001|1261.303955|-121.121002|2.527000|140.531998|-4.999000|1.000000|1.000000|1.000000
m60_48_56_00-c4070_9007|2|-107.216003|1261.516968|-121.684998|0.000000|128.839996|-0.000000|1.000000|1.000000|1.000000
m60_48_56_00-c4070_9008|2|-107.110001|1261.259033|-123.886002|0.000000|120.320999|-0.000000|1.000000|1.000000|1.000000
m60_48_56_00-c4070_9009|2|-104.093002|1261.353027|-124.899002|2.783000|139.304993|-4.999000|1.000000|1.000000|1.000000
m60_48_56_00-c4191_9000|2|-114.305000|1261.422974|-117.845001|-1.697000|111.737999|-7.741000|1.000000|1.000000|1.000000
m60_48_56_00-AEG001_383_7023|13|-33.921890|1270.099487|-70.262009|0.000000|150.576508|0.000000|1.000001|1.000001|1.000000
m60_48_56_00-AEG001_383_7024|13|-33.879738|1273.216064|-45.359894|0.000000|20.399242|0.000000|1.000001|1.000001|1.000000
m60_48_56_00-AEG001_383_7027|13|1.835526|1275.132202|-54.582047|0.000000|-160.415497|0.000000|1.000001|1.000001|1.000000
m60_48_56_00-AEG001_383_7039|13|-5.715630|1268.846313|-93.725243|0.000000|122.688599|0.000000|1.000001|1.000001|1.000000
m60_48_56_00-AEG001_383_7042|13|16.379898|1272.891846|-86.900467|0.000000|-128.371582|0.000000|1.000001|1.000000|1.000000
m60_48_56_00-AEG001_387_7013|13|-11.721664|1267.426880|-102.259445|0.000000|11.939217|0.000000|1.000000|1.000000|1.000000
m60_48_56_00-AEG001_387_7014|13|12.129486|1272.996704|-66.552544|0.000000|-111.715050|0.000000|1.000000|1.000000|1.000000
m60_48_56_00-AEG001_389_7002|13|-0.898628|1274.945801|-54.420372|0.000000|-88.542534|0.000000|1.000000|1.000000|1.000000
m60_48_56_00-AEG001_389_7045|13|-36.403702|1270.496826|-63.463768|0.000000|-60.977451|0.000000|1.000000|1.000000|1.000000
m60_48_56_00-AEG001_389_7046|13|-22.300354|1272.834717|-57.645905|0.000000|6.891513|0.000000|1.000000|1.000000|1.000000
m60_48_56_00-AEG001_389_7047|13|-10.783691|1274.071289|-57.362816|0.000000|100.228561|0.000000|1.000000|1.000000|1.000000
m60_48_56_00-AEG001_389_7050|13|-30.589455|1273.322266|-46.614288|0.000000|11.710295|0.000000|1.000000|1.000000|1.000000
m60_48_56_00-AEG001_389_7053|13|20.682785|1273.082764|-90.013214|0.000000|-44.139111|0.000000|1.000000|1.000000|1.000000
m60_48_56_00-AEG003_161_7000|13|-110.791580|1273.938965|-48.056763|-115.894066|74.691757|-43.698093|1.000000|1.000000|1.000000
m60_48_56_00-AEG003_163_7001|13|-9.686646|1263.806641|-75.032494|-0.000460|100.306572|-0.008256|1.000000|1.000000|1.000000
m60_48_56_00-AEG003_165_7002|13|-112.488426|1270.210083|-50.221115|71.593178|-86.524246|179.267120|1.000000|1.000000|1.000000
m60_48_56_00-AEG003_165_7003|13|-117.795929|1278.601440|-47.587784|71.593178|-86.524246|179.267120|1.000000|1.000000|1.000000
m60_48_56_00-AEG003_165_7004|13|-149.468353|1264.939575|-49.632568|-68.077278|-98.890762|32.256252|1.000000|1.000000|1.000000
m60_48_56_00-AEG003_165_7005|13|-128.125626|1272.309937|-42.634750|61.730507|115.074356|48.191299|1.000000|1.000000|1.000000
m60_48_56_00-AEG003_165_7006|13|-115.541756|1271.749512|-40.197639|-0.818620|4.094640|108.407211|1.000000|1.000000|1.000000
m60_48_56_00-AEG003_165_7007|13|-157.042145|1263.536133|-41.141983|67.825050|-74.179092|146.775146|1.000000|1.000000|1.000000
m60_48_56_00-AEG003_165_7008|13|-138.719543|1267.968140|-40.360153|45.409698|134.595047|63.272675|1.000000|1.000000|1.000000
m60_48_56_00-AEG003_165_7009|13|-117.178986|1275.473145|-43.615448|113.720375|-71.537376|-38.290543|1.000000|1.000000|1.000000
m60_48_56_00-AEG003_165_7010|13|-156.917343|1264.457275|-45.356812|-68.737068|82.395187|150.533142|1.000000|1.000000|1.000000
m60_48_56_00-AEG003_165_7011|13|-112.678246|1273.262695|-45.498215|130.737732|-49.760277|-61.065300|1.000000|1.000000|1.000000
m60_48_56_00-AEG003_165_7012|13|-138.150787|1271.052246|-47.651199|-59.738148|68.778152|128.793839|1.000000|1.000000|1.000000
m60_48_56_00-AEG003_165_7013|13|-117.810226|1273.921143|-49.850266|71.593178|-86.524246|179.267120|1.000000|1.000000|1.000000
m60_48_56_00-AEG003_165_7014|13|-132.743729|1269.003174|-53.795929|-71.128212|88.987442|167.460419|1.000000|1.000000|1.000000
m60_48_56_00-AEG003_165_7015|13|-119.137451|1274.003784|-54.131653|-59.738148|68.778152|128.793839|1.000000|1.000000|1.000000
m60_48_56_00-AEG003_165_7016|13|-116.088043|1270.456055|-54.269257|71.128235|88.987442|-12.539592|1.000000|1.000000|1.000000
m60_48_56_00-AEG003_165_7017|13|-47.988174|1275.305298|-26.469315|83.434273|-66.474472|-169.558167|1.000000|1.000000|1.000000
m60_48_56_00-AEG003_165_7019|13|-109.749931|1271.151978|-43.384888|-67.042847|79.265427|144.046097|1.000000|1.000000|1.000000
m60_48_56_00-AEG003_165_7020|13|-92.366302|1266.054688|-73.095215|-33.137028|-101.498077|-66.785309|1.000000|1.000000|1.000000
m60_48_56_00-AEG003_165_7021|13|-173.856720|1265.690430|21.778473|77.397400|79.700279|-47.888916|1.000000|1.000000|1.000000
m60_48_56_00-AEG003_165_7022|13|-225.879272|1253.874268|14.195374|-66.706032|-112.422844|13.774146|1.000000|1.000000|1.000000
m60_48_56_00-AEG003_165_7023|13|-135.030197|1278.064209|-7.721085|104.832306|69.593102|5.855932|1.000000|1.000000|1.000000
m60_48_56_00-AEG003_165_7024|13|-129.858398|1276.401489|-7.914864|-21.833324|138.522644|-74.077599|1.000000|1.000000|1.000000
m60_48_56_00-AEG003_165_7025|13|-127.056343|1278.119507|-4.252586|74.071602|-114.931595|-21.885405|1.000000|1.000000|1.000000
m60_48_56_00-AEG003_165_7026|13|-168.866669|1263.506836|-16.306458|-42.334190|-116.119614|34.028442|1.000000|1.000000|1.000000
m60_48_56_00-AEG003_165_7027|13|-40.513084|1264.185669|-102.100128|86.787567|49.763569|-0.479849|1.000000|1.000000|1.000000
m60_48_56_00-AEG003_165_7028|13|-36.799767|1264.834229|-102.300644|-83.697563|44.365265|120.694267|1.000000|1.000000|1.000000
m60_48_56_00-AEG003_165_7029|13|-158.110138|1262.896118|-61.338600|-65.753059|-97.335571|34.183899|1.000000|1.000000|1.000000
m60_48_56_00-AEG003_166_7030|13|-108.514023|1274.654541|-52.054474|113.113197|-72.537514|-36.455292|1.000000|1.000000|1.000000
m60_48_56_00-AEG003_166_7031|13|-140.865021|1265.834473|-55.543793|-16.817757|20.985565|109.259315|1.000000|1.000000|1.000000
m60_48_56_00-AEG003_166_7032|13|-141.650742|1270.075562|-42.954544|113.113197|-72.537514|-36.455292|1.000000|1.000000|1.000000
m60_48_56_00-AEG003_166_7033|13|-123.584557|1270.365356|-40.175522|142.620529|-36.546497|-66.588226|1.000000|1.000000|1.000000
m60_48_56_00-AEG003_166_7034|13|-113.522461|1279.778076|-50.298462|142.620529|-36.546497|-66.588226|1.000000|1.000000|1.000000
m60_48_56_00-AEG003_166_7035|13|1.199127|1265.684448|-121.630920|64.148415|64.874718|63.721786|1.000000|1.000000|1.000000
m60_48_56_00-AEG003_166_7036|13|-109.944595|1271.193115|-56.454605|-67.182732|79.504997|144.506790|1.000000|1.000000|1.000000
m60_48_56_00-AEG003_166_7037|13|-103.715424|1272.755493|-47.365021|-29.322802|34.304909|111.231384|1.000000|1.000000|1.000000
m60_48_56_00-AEG003_166_7038|13|-220.149261|1255.376709|10.548264|-68.207336|-89.599586|-6.561161|1.000000|1.000000|1.000000
m60_48_56_00-AEG003_166_7039|13|8.158417|1264.431030|-139.123596|-117.324814|11.973101|55.612209|1.000000|1.000000|1.000000
m60_48_56_00-AEG003_166_7040|13|-77.452423|1274.343872|-15.450226|-1.295476|25.928047|-77.233719|1.000000|1.000000|1.000000
m60_48_56_00-AEG003_166_7041|13|-163.161301|1269.448730|-17.080666|-42.334194|63.880363|145.971573|1.000000|1.000000|1.000000
m60_48_56_00-AEG003_166_7042|13|-159.361954|1265.270752|-25.513664|-65.847923|34.687023|142.720703|1.000000|1.000000|1.000000
m60_48_56_00-AEG003_166_7043|13|-164.325470|1264.578613|-15.028984|39.523346|131.812119|37.417141|1.000000|1.000000|1.000000
m60_48_56_00-AEG003_166_7044|13|-44.726021|1266.510864|-106.910782|-86.271606|-128.315903|-30.488937|1.000000|1.000000|1.000000
m60_48_56_00-AEG003_166_7046|13|-104.732384|1266.916626|-74.503326|70.569504|-79.068695|57.430164|1.000000|1.000000|1.000000
m60_48_56_00-AEG003_166_7048|13|-164.771851|1260.801758|-62.984703|-65.753021|-97.335617|34.183781|1.000000|1.000000|1.000000
m60_48_56_00-AEG003_168_7049|13|-5.127594|1281.573242|-84.417618|9.864128|-25.198618|0.457054|1.000000|1.000000|1.000000
m60_48_56_00-AEG003_168_7050|13|-3.575134|1281.991821|-70.939865|6.763094|-140.288849|-4.047755|1.000000|1.000000|1.000000
m60_48_56_00-AEG003_168_7051|13|-18.393494|1281.764404|-72.512772|9.177254|109.699600|0.104177|1.000000|1.000000|1.000000
m60_48_56_00-AEG003_169_7052|13|-13.256348|1278.947876|-86.012070|12.421687|17.549448|-0.600920|1.000000|1.000000|1.000000
m60_48_56_00-AEG003_169_7053|13|-20.749702|1275.666138|-78.398224|11.276842|77.486969|-1.182250|1.000000|1.000000|1.000000
m60_48_56_00-AEG003_169_7054|13|-17.646019|1274.885620|-83.702011|16.383804|18.165413|-9.284127|1.000000|1.000000|1.000000
m60_48_56_00-AEG003_169_7055|13|-1.884956|1278.968384|-78.537552|10.034600|-93.758598|-7.493558|1.000000|1.000000|1.000000
m60_48_56_00-AEG003_169_7056|13|-8.853645|1282.659790|-67.929932|4.964989|167.756210|-4.679596|1.000000|1.000000|1.000000
m60_48_56_00-AEG003_169_7057|13|-14.461235|1279.728638|-69.408844|7.747494|-155.182526|7.593325|1.000000|1.000000|1.000000
m60_48_56_00-AEG003_169_7058|13|0.150757|1280.349365|-74.190536|9.637191|-97.447342|2.210021|1.000000|1.000000|1.000000
m60_48_56_00-AEG003_169_7059|13|-14.395912|1273.801758|-89.436455|21.921686|17.549448|-0.600919|1.000000|1.000000|1.000000
m60_48_56_00-AEG003_169_7060|13|3.304810|1276.429443|-76.423340|21.796616|-64.630028|15.604062|1.000000|1.000000|1.000000
m60_48_56_00-AEG007_037_1000|13|-193.247360|1263.418457|-182.243881|-30.890873|8.539225|95.514946|1.000000|1.000000|1.000000
m60_48_56_00-AEG007_037_1001|13|-182.061691|1264.074951|-207.855240|-53.810085|-82.853668|94.008339|1.000000|1.000000|1.000000
m60_48_56_00-AEG007_037_1002|13|-182.568665|1264.776367|-197.208008|-26.246607|-25.755039|93.342812|1.000000|1.000000|1.000000
m60_48_56_00-AEG007_037_1004|13|-209.713776|1258.819214|-155.540787|-43.082966|29.208736|97.626938|1.000000|1.000000|1.000000
m60_48_56_00-AEG007_037_1005|13|-189.841599|1263.668945|-190.551254|31.779234|111.996460|87.509506|1.000000|1.000000|1.000000
m60_48_56_00-AEG007_037_1006|13|-203.749680|1264.752319|-168.748764|-58.591705|14.878915|91.754791|1.000000|1.000000|1.000000
m60_48_56_00-AEG007_037_1007|13|7.158798|1283.494995|-36.860016|136.857071|-12.417890|86.174179|1.000000|1.000000|1.000000
m60_48_56_00-AEG007_037_1008|13|-3.785721|1281.782104|-29.243439|-41.423077|-13.562521|94.446953|1.000000|1.000000|1.000000
m60_48_56_00-AEG007_042_1160|13|-193.018372|1265.944702|-179.027603|13.963648|154.373413|88.694641|1.000000|1.000000|1.000000
m60_48_56_00-AEG007_042_1161|13|-192.814606|1257.966187|-180.076080|2.961044|-26.471371|87.245155|1.000000|1.000000|1.000000
m60_48_56_00-AEG007_042_1162|13|-209.368103|1263.108887|-159.304016|-173.843430|-26.720781|87.245934|1.000000|1.000000|1.000000
m60_48_56_00-AEG007_042_1362|13|-191.953583|1262.430664|-190.811371|-86.619919|30.399277|-168.530411|1.000000|1.000000|1.000000
m60_48_56_00-AEG007_042_1363|13|-214.433929|1259.098145|-144.955353|87.223480|-147.650665|84.460838|1.000000|1.000000|1.000000
m60_48_56_00-AEG007_042_1364|13|-181.960632|1264.958862|-213.812347|-16.098480|31.266024|96.494431|1.000000|1.000000|1.000000
m60_48_56_00-AEG007_042_1365|13|-169.122375|1258.978760|-205.381714|-40.916237|160.008804|84.431694|1.000000|1.000000|1.000000
m60_48_56_00-AEG007_042_1366|13|7.725235|1283.377075|-37.163483|107.445602|17.187857|85.345200|1.000000|1.000000|1.000000
m60_48_56_00-AEG007_042_1367|13|8.663635|1286.918945|-37.788116|159.261276|-35.853584|88.184898|1.000000|1.000000|1.000000
m60_48_56_00-AEG007_042_1368|13|-10.462814|1278.100098|-28.171143|84.916283|171.688873|85.383987|1.000000|1.000000|1.000000
m60_48_56_00-AEG007_042_1369|13|-12.078430|1273.700317|-29.531372|-43.535175|130.747574|84.534988|1.000000|1.000000|1.000000
m60_48_56_00-AEG007_042_1370|13|-12.914230|1281.407959|-22.333252|-114.029205|83.957481|87.788307|1.000000|1.000000|1.000000
m60_48_56_00-AEG007_042_1372|13|-181.489426|1259.508911|-197.384628|11.188210|-65.823013|83.494431|1.000000|1.000000|1.000000
m60_48_56_00-AEG007_042_1373|13|-198.344788|1261.820068|-173.496399|-0.595590|-39.323814|80.405930|1.000000|1.000000|1.000000
m60_48_56_00-AEG007_042_1374|13|-183.760193|1264.759277|-220.624542|66.430786|130.959457|86.794662|1.000000|1.000000|1.000000
m60_48_56_00-AEG007_042_1375|13|-175.840210|1261.280273|-201.246063|71.950516|-123.899780|87.636940|1.000000|1.000000|1.000000
m60_48_56_00-AEG007_042_1376|13|-6.003281|1278.100098|-29.878174|-71.478195|-3.598677|95.820435|1.000000|1.000000|1.000000
m60_48_56_00-AEG007_042_1377|13|1.772354|1278.344482|-34.996338|-48.047638|171.676529|87.028366|1.000000|1.000000|1.000000
m60_48_56_00-AEG007_042_1378|13|-20.744431|1276.810669|-28.775635|-64.906036|4.200156|94.040070|1.000000|1.000000|1.000000
m60_48_56_00-AEG007_042_1379|13|-233.894379|1267.657715|-188.290527|-22.149290|42.624790|85.138687|1.000000|1.000000|1.000000
m60_48_56_00-AEG007_042_1380|13|-227.430878|1266.072021|-182.264404|30.284851|42.624805|85.138687|1.000000|1.000000|1.000000
m60_48_56_00-AEG040_054_1001|13|-120.364243|1256.879639|-231.852905|1.167825|-140.857178|-1.035730|1.000000|1.000000|1.000000
m60_48_56_00-AEG040_054_1002|13|-207.150696|1258.558228|-159.564560|10.841340|9.211829|-11.066607|1.000000|1.000000|1.000000
m60_48_56_00-AEG040_054_1003|13|-179.564209|1265.317261|-211.244537|-12.986286|-53.825302|-4.297195|1.000000|1.000000|1.000000
m60_48_56_00-AEG040_054_1004|13|-159.778625|1258.812012|-209.899429|-5.443922|-121.126152|-3.750889|1.000000|1.000000|1.000000
m60_48_56_00-AEG040_054_1005|13|-17.534973|1277.490112|-30.791397|-9.937864|-25.955618|9.825254|1.000000|1.000000|1.000000
m60_48_57_00-AEG007_037_1074|13|-157.093216|1273.972778|38.899330|59.872932|81.895386|85.458435|1.000000|1.000000|1.000000
m60_48_57_00-AEG007_037_1076|13|-165.060013|1276.324341|59.566566|15.137265|-29.205711|85.175941|1.000000|1.000000|1.000000
m60_48_57_00-AEG007_037_1079|13|-222.024506|1258.491455|111.372131|80.574783|102.973526|85.344910|1.000000|1.000001|1.000000
m60_48_57_00-AEG007_037_1096|13|-221.608597|1258.491455|99.674332|146.442566|33.410976|78.300179|1.000000|1.000001|1.000000
m60_48_57_00-AEG007_037_1099|13|-224.551559|1260.519043|86.980621|88.888565|102.973610|85.344818|1.000000|1.000001|1.000000
m60_48_57_00-AEG007_037_1100|13|-223.019897|1264.291016|113.692970|80.574875|102.973412|85.344818|1.000000|1.000001|1.000000
m60_48_57_00-AEG007_037_1109|13|-223.299500|1258.017578|67.590820|140.901962|3.465216|80.378250|1.000000|1.000000|1.000000
m60_48_57_00-AEG007_037_1175|13|-164.067749|1278.429932|107.253845|14.547579|164.844391|86.810944|1.000000|1.000000|1.000000
m60_48_57_00-AEG007_037_1176|13|-154.271606|1275.293091|85.334900|37.466084|-7.676694|91.740913|1.000000|1.000001|1.000000
m60_48_57_00-AEG007_037_1177|13|-163.789429|1278.429932|120.682220|134.190308|53.329464|84.703354|1.000000|1.000000|1.000000
m60_48_57_00-AEG007_037_1178|13|-155.352417|1277.065308|95.730820|-81.106216|19.637747|91.778503|1.000000|1.000001|1.000000
m60_48_57_00-AEG007_037_1179|13|-163.215942|1274.835571|78.448608|-86.420006|-40.324585|94.225639|1.000000|1.000001|1.000000
m60_48_57_00-AEG007_037_1180|13|-163.905228|1273.350830|51.773598|-165.758255|-29.205729|85.175858|1.000000|1.000001|1.000000
m60_48_57_00-AEG007_037_1181|13|-213.133881|1277.730469|165.374725|19.583134|135.081375|79.093498|1.000000|1.000001|1.000000
m60_48_57_00-AEG007_037_1182|13|-167.371048|1274.385376|67.409050|125.459145|48.511124|83.774109|1.000000|1.000000|1.000000
m60_48_57_00-AEG007_037_1183|13|-210.550568|1281.638062|215.538300|45.275959|42.541676|84.781433|1.000000|1.000001|1.000000
m60_48_57_00-AEG007_037_1184|13|-194.512848|1280.462524|214.992157|-8.064728|-74.716782|96.118729|1.000000|1.000001|1.000000
m60_48_57_00-AEG007_037_1185|13|-173.720306|1283.441284|220.165009|-52.432182|-74.716782|96.118752|1.000000|1.000001|1.000000
m60_48_57_00-AEG007_037_1186|13|-170.929596|1254.168213|233.393829|-62.397091|121.191528|80.693459|1.000000|1.000001|1.000000
m60_48_57_00-AEG007_037_1187|13|-128.754288|1281.019775|204.278534|16.334833|92.028114|86.400757|1.000000|1.000001|1.000000
m60_48_57_00-AEG007_037_1188|13|-112.657677|1282.951294|202.251434|-79.420403|-27.013050|94.367722|1.000000|1.000001|1.000000
m60_48_57_00-AEG007_037_1189|13|-84.010277|1286.159058|206.961395|35.978355|90.710045|88.011993|1.000000|1.000001|1.000000
m60_48_57_00-AEG007_037_1190|13|-77.039085|1285.967407|197.679657|58.948521|-89.289955|91.987900|1.000000|1.000001|1.000000
m60_48_57_00-AEG007_037_1191|13|-66.849998|1288.427979|190.975800|-54.224850|-22.896790|93.325905|1.000000|1.000001|1.000000
m60_48_57_00-AEG007_037_1192|13|-50.291382|1286.894287|188.907440|12.115212|-89.289764|91.987808|1.000000|1.000001|1.000000
m60_48_57_00-AEG007_037_1193|13|-32.351585|1284.652222|176.110718|-69.180748|58.825256|88.328949|1.000000|1.000001|1.000000
m60_48_57_00-AEG007_037_1194|13|-24.780052|1282.980957|155.903625|-163.108398|-50.815247|84.626808|1.000000|1.000001|1.000000
m60_48_57_00-AEG007_037_1195|13|-18.402855|1284.329834|143.855652|-165.593353|-51.202427|84.151321|1.000000|1.000001|1.000000
m60_48_57_00-AEG007_037_1197|13|-57.552879|1283.523682|195.258759|54.272453|-4.086516|91.766800|1.000000|1.000001|1.000000
m60_48_57_00-AEG007_037_1198|13|-159.866196|1281.582642|220.504242|12.012407|-74.716789|96.118729|1.000000|1.000001|1.000000
m60_48_57_00-AEG007_037_1199|13|-215.194214|1265.610352|129.961624|-56.242905|-77.643669|100.039444|1.000000|1.000001|1.000000
m60_48_57_00-AEG007_037_1200|13|-224.329514|1254.205688|127.703331|-20.906292|7.232011|94.746231|1.000000|1.000001|1.000000
m60_48_57_00-AEG007_037_1201|13|-139.832703|1270.514038|-3.249054|106.982285|81.895470|85.458382|1.000000|1.000000|1.000000
m60_48_57_00-AEG007_042_1177|13|-227.238724|1258.984741|78.062599|49.332722|137.707138|83.892372|1.000000|1.000000|1.000000
m60_48_57_00-AEG007_042_1181|13|-142.288940|1276.734375|36.959045|120.298759|-27.430540|82.789963|1.000000|1.000000|1.000000
m60_48_57_00-AEG007_042_1230|13|-149.582153|1278.113281|37.854187|177.933640|80.631111|87.573357|1.000000|1.000000|1.000000
m60_48_57_00-AEG007_042_1237|13|-219.238129|1268.851685|126.312881|-65.328392|-66.322479|96.455276|1.000000|1.000000|1.000000
m60_48_57_00-AEG007_042_1239|13|-218.428864|1259.967407|127.767624|-8.438470|48.518566|79.001442|1.000000|1.000000|1.000000
m60_48_57_00-AEG007_042_1453|13|-75.310783|1288.788452|195.288177|-38.156765|1.564542|91.533020|1.000000|1.000000|1.000000
m60_48_57_00-AEG007_042_1454|13|-152.892944|1278.808716|91.525620|18.567886|118.567001|84.862900|1.000000|1.000000|1.000000
m60_48_57_00-AEG007_042_1455|13|-158.312378|1276.326294|83.821625|75.962608|-32.145649|94.112236|1.000000|1.000000|1.000000
m60_48_57_00-AEG007_042_1456|13|-157.212158|1280.555420|96.451279|149.758636|-34.698997|83.876312|1.000000|1.000000|1.000000
m60_48_57_00-AEG007_042_1457|13|-164.957520|1277.781860|128.714218|72.056931|101.179398|87.033173|1.000000|1.000000|1.000000
m60_48_57_00-AEG007_042_1458|13|-166.274536|1275.552490|109.453644|-67.068726|57.741375|91.612526|1.000000|1.000000|1.000000
m60_48_57_00-AEG007_042_1460|13|-157.074585|1278.403320|40.681824|71.559174|80.631454|87.573357|1.000000|1.000000|1.000000
m60_48_57_00-AEG007_042_1461|13|-164.053711|1281.906860|128.117477|85.134140|95.912094|86.009926|1.000000|1.000000|1.000000
m60_48_57_00-AEG007_042_1462|13|-164.828979|1274.276978|100.001495|82.323441|88.458870|83.957069|1.000000|1.000000|1.000000
m60_48_57_00-AEG007_042_1463|13|-212.163773|1276.835205|158.894394|-12.980844|-12.338164|99.101959|1.000000|1.000000|1.000000
m60_48_57_00-AEG007_042_1464|13|-168.351868|1279.158936|64.221603|50.636314|121.826370|87.220818|1.000000|1.000000|1.000000
m60_48_57_00-AEG007_042_1465|13|-162.776917|1280.023071|47.090012|-38.124451|10.964100|84.239418|1.000000|1.000000|1.000000
m60_48_57_00-AEG007_042_1466|13|-224.589752|1260.014648|91.469666|101.287979|-88.130455|87.728500|1.000000|1.000000|1.000000
m60_48_57_00-AEG007_042_1467|13|-223.382324|1262.728760|103.297668|98.838600|77.482376|87.728409|1.000000|1.000000|1.000000
m60_48_57_00-AEG007_042_1468|13|-214.117188|1278.117188|215.710358|32.928291|-125.521927|84.697990|1.000000|1.000000|1.000000
m60_48_57_00-AEG007_042_1469|13|-59.829582|1288.159546|192.623138|-25.116076|-66.784058|95.290611|1.000000|1.000000|1.000000
m60_48_57_00-AEG007_042_1470|13|-51.490410|1291.658081|187.042816|-81.990593|77.066063|84.949646|1.000000|1.000000|1.000000
m60_48_57_00-AEG007_042_1472|13|-22.921288|1286.222046|155.876892|-81.313042|60.949760|95.259491|1.000000|1.000000|1.000000
m60_48_57_00-AEG007_042_1473|13|-179.903168|1253.495605|229.588226|71.756943|163.716980|81.915245|1.000000|1.000000|1.000000
m60_48_57_00-AEG007_042_1474|13|-107.602806|1287.176514|203.787384|43.026054|-162.370880|85.423073|1.000000|1.000000|1.000000
m60_48_57_00-AEG007_042_1475|13|-119.571243|1283.371704|201.745117|170.645004|-77.996651|82.538437|1.000000|1.000000|1.000000
m60_48_57_00-AEG007_042_1476|13|-183.249359|1283.371704|214.946259|-1.935548|62.080750|83.625229|1.000000|1.000000|1.000000
m60_48_57_00-AEG007_042_1477|13|-216.231873|1285.368652|216.560822|-25.327475|-70.383369|95.267082|1.000000|1.000000|1.000000
m60_48_57_00-AEG007_042_1478|13|-190.791855|1282.394775|171.526520|4.318767|74.708069|85.831810|1.000000|1.000000|1.000000
m60_48_57_00-AEG007_042_1479|13|-137.903763|1273.416382|5.722702|-38.231972|70.693764|86.449951|1.000000|1.000000|1.000000
m60_48_57_00-AEG007_070_2001|13|-29.263580|1310.110596|206.531204|0.000000|24.999941|-0.000004|1.000000|1.000000|1.000000
m60_48_57_00-AEG007_142_2001|13|-29.263580|1310.110596|206.531204|0.000000|24.999941|-0.000004|1.000000|1.000000|1.000000
m60_48_57_00-AEG007_193_1002|13|-224.571182|1256.375488|125.909317|10.468085|170.203430|11.434528|1.000000|1.000000|1.000000
m60_48_57_00-AEG007_193_1006|13|-163.437073|1276.849121|128.895386|0.000000|64.375305|0.000000|1.000000|1.000000|1.000000
m60_48_57_00-AEG007_193_1007|13|-166.728088|1274.316772|115.541374|4.194338|117.559875|-0.739206|1.000000|1.000000|1.000000
m60_48_57_00-AEG007_193_1008|13|-163.646667|1274.238892|99.742371|0.000000|27.676249|0.000000|1.000000|1.000000|1.000000
m60_48_57_00-AEG007_193_1009|13|-211.138046|1260.034546|160.614685|-0.987613|86.566612|2.420947|1.000000|1.000000|1.000000
m60_48_57_00-AEG007_193_1010|13|-221.508041|1257.727051|197.371857|4.398391|82.784134|-174.368561|1.000000|1.000000|1.000000
m60_48_57_00-AEG007_193_1011|13|-222.887054|1282.807861|202.222717|-2.344677|-104.475166|-6.797461|1.000000|1.000000|1.000000
m60_48_57_00-AEG007_193_1012|13|-220.167694|1269.386108|176.574844|3.233302|40.405518|-3.171285|1.000000|1.000000|1.000000
m60_48_57_00-AEG007_193_1013|13|-210.952286|1265.662598|146.521881|9.521231|86.444962|-6.887455|1.000000|1.000000|1.000000
m60_48_57_00-AEG007_193_1014|13|-213.982285|1270.424561|167.880676|-6.049990|57.291218|3.954680|1.000000|1.000000|1.000000
m60_48_57_00-AEG007_193_1015|13|-217.281891|1260.220581|173.706680|1.055054|43.672562|-173.003906|1.000000|1.000000|1.000000
m60_48_57_00-AEG007_193_1016|13|-218.268158|1259.910889|216.458008|-179.152618|19.010302|1.873630|1.000000|1.000000|1.000000
m60_48_57_00-AEG007_193_1017|13|-205.045227|1258.841553|216.668152|0.000000|171.365936|0.000000|1.000000|1.000000|1.000000
m60_48_57_00-AEG007_193_1018|13|-226.194168|1257.542725|225.048737|8.976516|22.746643|176.163025|1.000000|1.000000|1.000000
m60_48_57_00-AEG007_193_1019|13|-227.105896|1253.350098|225.917236|10.299159|131.307312|-4.991423|1.000000|1.000000|1.000000
m60_48_57_00-AEG007_193_1020|13|-53.343239|1290.602783|192.909485|0.000000|40.750149|0.000000|1.000000|1.000000|1.000000
m60_48_57_00-AEG007_193_1021|13|-181.952301|1267.020996|216.534668|8.520857|158.917374|0.000000|1.000000|1.000000|1.000000
m60_48_57_00-AEG007_193_1022|13|-167.207397|1260.940308|225.939575|-3.354345|-74.249321|6.888848|1.000000|1.000000|1.000000
m60_48_57_00-AEG007_193_1023|13|-56.161858|1291.401489|192.004578|-8.018130|168.143082|-0.295297|1.000000|1.000000|1.000000
m60_48_57_00-AEG007_193_1025|13|-25.710213|1296.654663|205.411865|3.089405|-77.207169|163.109421|1.000000|1.000000|1.000000
m60_48_57_00-AEG007_193_1026|13|-36.286575|1289.110840|181.848633|-20.331642|178.471893|2.904770|1.000000|1.000000|1.000000
m60_48_57_00-AEG007_193_1027|13|-222.639191|1256.853760|216.469635|178.369446|-41.296001|2.069302|1.000000|1.000000|1.000000
m60_48_57_00-AEG007_193_1028|13|-217.054581|1270.254639|215.247940|-173.102631|13.923941|6.290877|1.000000|1.000000|1.000000
m60_48_57_00-AEG007_193_1029|13|-219.498718|1274.382324|214.958664|-5.843947|172.863174|-4.467654|1.000000|1.000000|1.000000
m60_48_57_00-AEG007_193_1030|13|-225.069946|1252.122070|225.823792|-4.974278|74.765366|-5.231188|1.000000|1.000000|1.000000
m60_48_57_00-AEG007_193_1031|13|-187.092804|1261.842285|215.565552|2.373226|-28.486597|171.556335|1.000000|1.000000|1.000000
m60_48_57_00-AEG007_193_1032|13|-34.592819|1290.236694|208.888733|0.000000|-156.094299|0.000000|1.000000|1.000000|1.000000
m60_48_57_00-AEG007_193_1034|13|-29.809700|1300.164429|199.039368|-19.034678|-168.323288|3.351583|1.000000|1.000000|1.000000
m60_48_57_00-AEG007_193_1035|13|-26.061165|1303.052368|206.507080|1.774342|-72.979424|-17.644062|1.000000|1.000000|1.000000
m60_48_57_00-AEG007_193_1036|13|-31.755371|1285.774902|191.629120|-2.453840|-42.689571|168.345947|1.000000|1.000000|1.000000
m60_48_57_00-AEG007_193_1037|13|-35.380966|1290.885742|205.408051|-14.426676|77.483788|-172.031372|1.000000|1.000000|1.000000
m60_48_57_00-AEG007_193_1038|13|-40.033577|1291.849609|193.403381|-176.884018|-44.948666|-15.610901|1.000000|1.000000|1.000000
m60_48_57_00-AEG007_193_1039|13|-39.264221|1289.317505|194.319641|-3.115998|135.051270|15.610916|1.000000|1.000000|1.000000
m60_48_57_00-AEG007_193_1040|13|-35.931366|1296.274170|199.303970|7.755532|94.127075|13.936019|1.000000|1.000000|1.000000
m60_48_57_00-AEG007_193_1041|13|-37.144531|1293.903564|197.135361|177.746857|-64.629997|-15.755029|1.000000|1.000000|1.000000
m60_48_57_00-AEG007_193_1042|13|-36.512032|1287.105225|202.518341|5.765862|102.117203|14.855006|1.000000|1.000000|1.000000
m60_48_57_00-AEG007_193_1043|13|-33.522217|1303.458862|206.385315|178.956940|-75.924828|-15.796725|1.000000|1.000000|1.000000
m60_48_57_00-AEG007_193_1044|13|-32.485535|1305.152588|207.807373|-14.033112|-173.529434|7.307812|1.000000|1.000000|1.000000
m60_48_57_00-AEG007_193_1045|13|-36.098740|1294.522705|210.327316|-12.807892|76.739853|-169.799225|1.000000|1.000000|1.000000
m60_48_57_00-AEG007_193_1047|13|-34.417923|1292.990845|184.598999|-16.682055|-12.188335|170.263428|1.000000|1.000000|1.000000
m60_48_57_00-AEG007_193_1048|13|-31.306595|1288.786255|182.147949|-16.718468|64.130241|-160.872665|1.000000|1.000000|1.000000
m60_48_57_00-AEG007_193_1049|13|-32.118423|1284.107666|180.638428|4.359043|-68.717461|-18.185167|1.000000|1.000000|1.000000
m60_48_57_00-AEG007_193_1050|13|-32.758194|1285.365234|180.132874|0.000000|-39.329281|0.000000|1.000000|1.000000|1.000000
m60_48_57_00-AEG007_193_1051|13|-33.118118|1292.412842|185.219238|3.097409|87.396156|20.304380|1.000000|1.000000|1.000000
m60_48_57_00-AEG007_193_1052|13|-27.547493|1303.954102|202.785217|22.843700|30.079092|7.066031|1.000000|1.000000|1.000000
m60_48_57_00-AEG007_193_1054|13|-38.807289|1284.302979|206.131927|-0.453671|-54.586239|-2.381711|1.000000|1.000000|1.000000
m60_48_57_00-AEG007_193_1055|13|-29.802536|1215.738281|207.829880|0.000000|-140.024475|0.000000|1.000000|1.000000|1.000000
m60_48_57_00-AEG007_193_1056|13|-51.970650|1289.831299|191.138733|0.000000|-65.860207|0.000000|1.000000|1.000000|1.000000
m60_48_57_00-AEG007_193_1057|13|-211.161728|1262.655884|154.415070|-0.987613|86.566612|2.420947|1.000000|1.000000|1.000000
m60_48_57_00-AEG007_193_1058|13|-32.736328|1285.176025|188.522751|-175.246719|-30.985062|-10.928690|1.000000|1.000000|1.000000
m60_48_57_00-AEG007_194_1002|13|-222.053772|1260.365967|124.236221|-8.278232|-12.679740|-11.917193|1.000000|1.000000|1.000000
m60_48_57_00-AEG007_194_1003|13|-221.961609|1280.166626|205.342606|1.347887|57.406082|-0.630855|1.000000|1.000000|1.000000
m60_48_57_00-AEG007_194_1004|13|-164.787964|1275.905518|112.508789|4.522203|71.500900|-1.486207|1.000000|1.000000|1.000000
m60_48_57_00-AEG007_194_1005|13|-221.284119|1258.917603|216.007126|-1.109369|-30.417360|-3.508253|1.000000|1.000000|1.000000
m60_48_57_00-AEG007_194_1006|13|-222.825058|1254.335815|204.375061|0.000000|106.378471|0.000000|1.000000|1.000000|1.000000
m60_48_57_00-AEG007_194_1064|13|-217.121002|1274.412720|175.566101|-5.055097|48.205292|-2.768708|1.000000|1.000000|1.000000
m60_48_57_00-AEG007_194_1065|13|-210.594025|1267.289429|157.751282|0.000000|74.676857|0.000000|1.000000|1.000000|1.000000
m60_48_57_00-AEG007_194_1066|13|-214.140656|1268.924194|171.680054|7.452709|60.698116|179.273499|1.000000|1.000000|1.000000
m60_48_57_00-AEG007_194_1067|13|-218.751678|1258.953247|175.958206|174.142838|-1.310851|3.551198|1.000000|1.000000|1.000000
m60_48_57_00-AEG007_194_1068|13|-221.831238|1276.165283|190.128555|-1.441798|0.706132|5.727660|1.000000|1.000000|1.000000
m60_48_57_00-AEG007_194_1069|13|-220.011948|1260.968018|187.110046|3.731656|89.223030|-172.683609|1.000000|1.000000|1.000000
m60_48_57_00-AEG007_194_1070|13|-220.962357|1276.841064|192.360046|-5.010620|94.953064|6.425569|1.000000|1.000000|1.000000
m60_48_57_00-AEG007_194_1071|13|-211.394958|1265.951050|137.649460|7.942143|108.144371|-2.519747|1.000000|1.000000|1.000000
m60_48_57_00-AEG007_194_1072|13|-169.772339|1262.535889|222.311691|8.779735|136.493423|-3.112227|1.000000|1.000000|1.000000
m60_48_57_00-AEG007_194_1073|13|-163.200104|1268.025513|222.116135|176.825729|22.324476|-2.719018|1.000000|1.000000|1.000000
m60_48_57_00-AEG007_194_1074|13|-209.082794|1263.128662|215.098358|-0.756021|-65.626915|177.940628|1.000000|1.000000|1.000000
m60_48_57_00-AEG007_194_1076|13|-180.914581|1277.428833|214.275513|0.000000|150.008270|0.000000|1.000000|1.000000|1.000000
m60_48_57_00-AEG007_194_1077|13|-178.148895|1261.725586|217.284546|178.364197|-25.279915|5.477675|1.000000|1.000000|1.000000
m60_48_57_00-AEG007_194_1078|13|-158.377533|1257.760254|222.575485|0.000000|33.782753|0.000000|1.000000|1.000000|1.000000
m60_48_57_00-AEG007_194_1079|13|-40.315926|1278.220703|202.814514|-0.783200|152.134979|-2.907728|1.000000|1.000000|1.000000
m60_48_57_00-AEG007_194_1080|13|-72.913643|1280.946411|193.423157|0.000000|-153.037949|0.000000|1.000000|1.000000|1.000000
m60_48_57_00-AEG007_194_1081|13|-67.421600|1278.405518|191.531067|0.000000|-166.684662|0.000000|1.000000|1.000000|1.000000
m60_48_57_00-AEG007_194_1082|13|-60.211914|1285.535034|190.254456|0.000000|163.831268|0.000000|1.000000|1.000000|1.000000
m60_48_57_00-AEG007_194_1086|13|-33.435860|1274.752441|188.023895|4.566993|-71.776985|-0.053904|1.000000|1.000000|1.000000
m60_48_57_00-AEG007_194_1087|13|-33.199532|1288.061646|185.457611|-169.915421|77.694405|9.756025|1.000000|1.000000|1.000000
m60_48_57_00-AEG007_194_1088|13|-27.584175|1277.153442|164.808472|0.000000|-95.968536|0.000000|1.000000|1.000000|1.000000
m60_48_57_00-AEG007_194_1089|13|0.973694|1281.135376|129.379883|-3.302481|71.059319|-5.261524|1.000000|1.000000|1.000000
m60_48_57_00-AEG007_194_1090|13|-31.560921|1297.295532|206.822388|179.216797|-51.957916|-2.907728|1.000000|1.000000|1.000000
m60_48_57_00-AEG007_194_1091|13|-36.917969|1286.579712|207.559799|-3.210712|-76.529602|163.870621|1.000000|1.000000|1.000000
m60_48_57_00-AEG007_194_1092|13|-35.072823|1294.421387|201.575958|-3.294289|-75.411682|159.800262|1.000000|1.000000|1.000000
m60_48_57_00-AEG007_194_1093|13|-27.873116|1296.353394|202.668121|-3.813244|-53.065216|161.779022|1.000000|1.000000|1.000000
m60_48_57_00-AEG007_194_1094|13|-30.712898|1290.780640|198.703400|6.574494|-60.812199|-13.865354|1.000000|1.000000|1.000000
m60_48_57_00-AEG007_194_1095|13|-33.656151|1292.223633|195.908936|-3.294319|104.588219|20.199762|1.000000|1.000000|1.000000
m60_48_57_00-AEG007_194_1096|13|-34.991852|1211.202393|203.111801|0.000000|159.130814|0.000000|1.000000|1.000000|1.000000
m60_48_57_00-AEG040_042_1004|13|-169.114014|1256.233887|247.429749|0.000000|-152.500015|0.000000|1.000000|1.000000|1.000000
m60_48_57_00-AEG040_042_1005|13|-179.247421|1247.267212|258.324402|0.000000|43.999985|0.000000|1.000000|1.000000|1.000000
m60_48_57_00-AEG040_042_1006|13|-178.073013|1248.050537|255.962585|0.000000|43.999985|0.000000|1.000000|1.000000|1.000000
m60_48_57_00-AEG040_042_1007|13|-169.299164|1256.678223|245.933746|0.000000|27.499973|0.000000|1.000000|1.000000|1.000000
m60_48_57_00-AEG040_042_1008|13|-168.895752|1255.302734|248.460266|0.000000|-41.500011|0.000000|1.000000|1.000000|1.000000
m60_48_57_00-AEG040_054_1018|13|-147.236588|1278.505493|37.093002|1.534715|34.029968|-15.758153|1.000000|1.000000|1.000000
m60_48_57_00-AEG040_054_1020|13|-168.631042|1272.170288|56.036125|26.137060|-59.889469|14.231521|1.000000|1.000000|1.000000
m60_48_57_00-AEG040_054_1021|13|-220.875778|1257.556885|187.323486|-3.016936|-178.977097|-24.292509|1.000000|1.000000|1.000000
m60_48_57_00-AEG040_054_1022|13|-225.243271|1257.843750|125.015068|-5.251151|143.393005|-13.199368|1.000000|1.000000|1.000000
m60_48_57_00-AEG040_054_1023|13|-43.163094|1290.224854|189.829987|0.000000|126.391464|0.000000|1.000000|1.000000|1.000000
m60_48_57_00-AEG040_054_1024|13|-223.416885|1255.710693|214.762665|-3.980689|119.741806|-2.278646|1.000000|1.000000|1.000000
m60_48_57_00-AEG040_054_1025|13|-196.235962|1282.404053|170.646332|-1.329237|16.495216|-5.059812|1.000000|1.000000|1.000000
m60_48_57_00-AEG040_054_1026|13|-56.086174|1290.158447|192.725006|-1.356885|-133.314407|-7.572770|1.000000|1.000000|1.000000
m60_48_57_00-AEG099_171_2000|13|-80.656815|1295.499878|158.111053|0.000000|114.999695|0.000000|1.000000|1.000000|1.000000
m60_48_57_00-AEG110_025_2000|13|-141.224060|1304.499878|146.701935|0.000000|114.999840|0.000000|1.000000|1.000000|1.000000
m60_48_57_00-AEG110_025_2002|13|-56.964279|1315.749756|144.564240|0.000000|114.999565|0.000000|1.000000|1.000000|1.000000
m60_48_57_00-AEG110_025_2003|13|-59.501373|1293.107788|116.349930|-0.000000|24.999554|-0.000007|1.000000|1.000000|1.000000
m60_48_57_00-AEG110_025_2004|13|-100.961906|1312.599854|114.992027|-0.000000|-154.689240|-0.000007|1.000000|1.000000|1.000000
m60_48_57_00-AEG110_029_2000|13|-140.317749|1304.999878|146.279327|0.000000|114.999840|0.000000|1.000000|1.000000|1.000000
m60_48_57_00-AEG110_029_2001|13|-101.325302|1313.099854|114.223633|-0.000000|-154.689240|-0.000007|1.000000|1.000000|1.000000
m60_48_57_00-AEG110_029_2002|13|-56.057968|1316.249756|144.141632|0.000000|114.999565|0.000000|1.000000|1.000000|1.000000
m60_48_57_00-AEG110_029_2003|13|-59.078758|1293.607788|117.256241|-0.000000|24.999538|-0.000007|1.000000|1.000000|1.000000
m60_48_57_00-AEG110_039_2000|13|-38.590866|1311.113159|190.372070|0.000000|14.999934|0.000000|1.000000|1.000000|1.000000
m60_48_57_00-AEG110_039_2001|13|-35.646553|1311.113159|188.999130|0.000000|34.999943|0.000000|1.000000|1.000000|1.000000
m60_48_57_00-AEG110_039_2002|13|-39.257195|1311.113159|190.106476|0.000000|-15.000071|0.000000|1.000000|1.000000|1.000000
m60_48_57_00-AEG110_039_2003|13|-35.421707|1311.113159|188.317963|0.000010|64.999939|-0.000010|1.000000|1.000000|1.000000
m60_48_57_00-AEG110_160_2000|13|-133.382874|1279.776855|62.440788|-4.981074|-85.038002|0.435249|1.000000|1.000000|1.000000
m60_48_57_00-AEG110_160_2001|13|-130.396057|1280.593628|75.052574|-0.870387|4.961968|-4.923856|1.000000|1.000000|1.000000
m60_48_57_00-AEG110_160_2002|13|-110.843552|1290.749878|118.661568|-0.000000|-155.000397|-0.000013|1.000000|1.000000|1.000000
m60_48_57_00-AEG110_160_2003|13|-114.092072|1284.749878|148.975082|-0.000004|-65.000328|-0.000013|1.000000|1.000000|1.000000
m60_48_57_00-AEG110_160_2004|13|-113.868385|1284.749878|155.241058|-0.000000|24.999857|-0.000013|1.000000|1.000000|1.000000
m60_48_57_00-AEG110_160_2005|13|-136.912170|1287.749878|155.724548|-0.000004|-64.999855|-0.000013|1.000000|1.000000|1.000000
m60_48_57_00-AEG110_160_2006|13|-131.923569|1284.499878|164.423782|-0.000000|24.999857|-0.000013|1.000000|1.000000|1.000000
m60_48_57_00-AEG110_160_2007|13|-92.174553|1290.749878|110.772720|0.000000|24.999699|-0.000004|1.000000|1.000000|1.000000
m60_48_57_00-AEG110_160_2008|13|-80.813560|1290.749878|125.659225|-0.000000|24.999859|-0.000004|1.000000|1.000000|1.000000
m60_48_57_00-AEG110_160_2009|13|-74.385338|1293.669678|134.513306|-0.000004|-65.000313|-0.000004|1.000000|1.000000|1.000000
m60_48_57_00-AEG110_160_2010|13|-56.583839|1290.749878|125.232086|-0.000004|-65.000130|-0.000014|1.000000|1.000000|1.000000
m60_48_57_00-AEG110_160_2011|13|-49.976906|1290.749878|124.722687|-0.000014|-155.000092|-0.000014|1.000000|1.000000|1.000000
m60_48_57_00-AEG110_160_2012|13|-38.596451|1290.749878|119.415810|-0.000014|-155.000092|-0.000017|1.000000|1.000000|1.000000
m60_48_57_00-AEG110_160_2013|13|-41.029259|1290.749878|108.575104|-0.000011|114.999870|-0.000017|1.000000|1.000000|1.000000
m60_48_57_00-AEG110_160_2014|13|-46.965813|1290.749878|89.961227|-0.000000|24.999857|-0.000027|1.000000|1.000000|1.000000
m60_48_57_00-AEG110_160_2015|13|-96.354187|1295.249878|158.646729|-0.000011|-65.000435|-0.000017|1.000000|1.000000|1.000000
m60_48_57_00-AEG110_160_2016|13|-66.072678|1295.499878|148.811493|-0.000011|-155.000366|-0.000017|1.000000|1.000000|1.000000
m60_48_57_00-AEG110_160_2017|13|-47.855843|1295.499878|140.316986|-0.000022|-155.000366|-0.000022|1.000000|1.000000|1.000000
m60_48_57_00-AEG110_161_2001|13|-86.736702|1290.749878|108.237015|-0.000004|-65.000023|-0.000000|1.000000|1.000000|1.000000
m60_48_57_00-AEG110_161_2002|13|-95.677643|1290.749878|107.992722|0.000000|24.999945|-0.000004|1.000000|1.000000|1.000000
m60_48_57_00-AEG110_161_2003|13|-110.751549|1290.749878|114.205154|-0.000000|24.999950|-0.000004|1.000000|1.000000|1.000000
m60_48_57_00-AEG110_161_2004|13|-86.251411|1290.749878|128.194916|-0.000000|114.999939|-0.000000|1.000000|1.000000|1.000000
m60_48_57_00-AEG110_161_2005|13|-52.403656|1290.749878|92.496933|-0.000014|114.999939|0.000027|1.000000|1.000000|1.000000
m60_48_57_00-AEG110_161_2006|13|-46.843651|1290.749878|85.490753|-0.000000|24.999897|0.000027|1.000000|1.000000|1.000000
m60_48_57_00-AEG110_161_2007|13|-41.527962|1290.749878|87.425529|-0.000027|-65.000107|0.000027|1.000000|1.000000|1.000000
m60_48_57_00-AEG110_161_2008|13|-49.854759|1290.749878|120.252228|-0.000018|24.999941|0.000027|1.000000|1.000000|1.000000
m60_48_57_00-AEG110_161_2010|13|-71.510544|1295.499878|151.347183|0.000010|114.999680|0.000000|1.000000|1.000000|1.000000
m60_48_57_00-AEG110_161_2012|13|-42.417969|1295.499878|137.781326|-0.000004|-65.000290|0.000006|1.000000|1.000000|1.000000
m60_48_57_00-AEG110_161_2013|13|-116.281418|1290.749878|121.197235|-0.000013|114.999611|-0.000000|1.000000|1.000000|1.000000
m60_48_57_00-AEG110_161_2014|13|-93.818527|1295.499878|164.084579|-0.000000|-155.000366|-0.000000|1.000000|1.000000|1.000000
m60_48_57_00-AEG110_162_2001|13|-78.355247|1286.000366|104.766151|-0.000000|24.999941|-0.000004|1.000000|1.000000|1.000000
m60_48_57_00-AEG110_162_2002|13|-37.430092|1286.000366|95.311295|0.000027|-65.000122|-0.000027|1.000000|1.000000|1.000000
m60_48_57_00-AEG110_162_2003|13|-63.157227|1290.749878|131.003601|-0.000000|24.999941|-0.000004|1.000000|1.000000|1.000000
m60_48_57_00-AEG110_162_2004|13|-100.469421|1286.000366|125.028107|0.000000|114.999939|0.000000|1.000000|1.000000|1.000000
m60_48_57_00-AEG110_163_2000|13|-88.811104|1290.750366|100.844147|-0.000003|-20.000051|-0.000003|1.000000|1.000000|1.000000
m60_48_57_00-AEG110_163_2001|13|-97.701645|1290.750366|101.230186|-0.000000|25.000019|-0.000004|1.000000|1.000000|1.000000
m60_48_57_00-AEG110_163_2002|13|-82.251488|1290.750366|106.858887|-0.000004|-65.000000|-0.000000|1.000000|1.000000|1.000000
m60_48_57_00-AEG110_163_2003|13|-106.764397|1290.750366|105.455940|-0.000000|24.999941|-0.000004|1.000000|1.000000|1.000000
m60_48_57_00-AEG110_163_2004|13|-115.897186|1290.750366|109.714569|0.000055|24.999941|0.000027|1.000000|1.000000|1.000000
m60_48_57_00-AEG110_163_2005|13|-125.006569|1290.750366|113.962105|0.000137|24.999941|0.000055|1.000000|1.000000|1.000000
m60_48_57_00-AEG110_163_2006|13|-134.022171|1290.750366|118.270668|0.000000|25.000019|-0.000004|1.000000|1.000000|1.000000
m60_48_57_00-AEG110_163_2007|13|-135.566971|1290.749878|123.783195|-0.000000|115.000099|-0.000000|1.000000|1.000000|1.000000
m60_48_57_00-AEG110_163_2008|13|-129.007416|1290.749878|129.796783|-0.000000|160.000092|0.000000|1.000000|1.000000|1.000000
m60_48_57_00-AEG110_163_2009|13|-120.116882|1290.749878|129.410721|-0.000000|-154.999954|-0.000000|1.000000|1.000000|1.000000
m60_48_57_00-AEG110_163_2010|13|-111.345192|1290.749878|125.320549|-0.000057|-154.999924|-0.000026|1.000000|1.000000|1.000000
m60_48_57_00-AEG110_163_2011|13|-102.450027|1290.749878|121.173042|-0.000147|-154.999924|-0.000067|1.000000|1.000000|1.000000
m60_48_57_00-AEG110_163_2012|13|-98.671722|1290.249878|129.021683|-0.000147|25.000059|-0.000067|1.000000|1.000000|1.000000
m60_48_57_00-AEG110_163_2013|13|-105.806870|1290.249878|135.170639|-0.000147|55.000057|-0.000067|1.000000|1.000000|1.000000
m60_48_57_00-AEG110_163_2014|13|-111.542595|1290.249878|143.362091|0.000000|55.000057|-0.000003|1.000000|1.000000|1.000000
m60_48_57_00-AEG110_163_2015|13|-122.603729|1284.249878|149.717819|0.000000|114.999992|-0.000003|1.000000|1.000000|1.000000
m60_48_57_00-AEG110_163_2016|13|-135.682770|1284.249878|143.222519|-0.000013|114.999992|0.000027|1.000000|1.000000|1.000000
m60_48_57_00-AEG110_163_2017|13|-68.251007|1290.750122|105.036606|0.000000|25.000095|0.000027|1.000000|1.000000|1.000000
m60_48_57_00-AEG110_163_2018|13|-59.188026|1290.750366|100.810387|0.000027|25.000095|0.000055|1.000000|1.000000|1.000000
m60_48_57_00-AEG110_163_2019|13|-56.668343|1290.750000|94.370300|0.000027|115.000046|0.000055|1.000000|1.000000|1.000000
m60_48_57_00-AEG110_163_2020|13|-57.053596|1290.749756|85.478928|0.000027|70.000122|0.000055|1.000000|1.000000|1.000000
m60_48_57_00-AEG110_163_2021|13|-51.039993|1290.750000|78.919380|0.000027|24.999987|0.000055|1.000000|1.000000|1.000000
m60_48_57_00-AEG110_163_2022|13|-41.977097|1290.749756|74.693130|0.000082|24.999987|0.000082|1.000000|1.000000|1.000000
m60_48_57_00-AEG110_163_2023|13|-33.740944|1290.749878|75.800079|0.000082|-65.000053|0.000082|1.000000|1.000000|1.000000
m60_48_57_00-AEG110_163_2024|13|-33.355721|1290.750000|84.691498|0.000082|-110.000046|0.000082|1.000000|1.000000|1.000000
m60_48_57_00-AEG110_163_2025|13|-39.370453|1290.749878|91.251137|0.000082|-154.999985|0.000082|1.000000|1.000000|1.000000
m60_48_57_00-AEG110_163_2026|13|-37.797737|1290.750122|105.230698|0.000082|-65.000084|0.000082|1.000000|1.000000|1.000000
m60_48_57_00-AEG110_163_2027|13|-33.571526|1290.750122|114.293594|-0.000004|-65.000084|-0.000000|1.000000|1.000000|1.000000
m60_48_57_00-AEG110_163_2028|13|-31.689873|1290.750366|110.587685|0.000000|24.999897|-0.000004|1.000000|1.000000|1.000000
m60_48_57_00-AEG110_163_2029|13|-25.192299|1290.750366|112.933701|-0.000004|-65.000084|-0.000000|1.000000|1.000000|1.000000
m60_48_57_00-AEG110_163_2030|13|-27.654320|1290.749878|119.663795|-0.000000|-155.000046|-0.000000|1.000000|1.000000|1.000000
m60_48_57_00-AEG110_163_2031|13|-36.717430|1290.749878|123.889969|-0.000004|-155.000031|-0.000002|1.000000|1.000000|1.000000
m60_48_57_00-AEG110_163_2034|13|-53.117897|1295.500000|131.253738|-0.000000|25.000004|-0.000004|1.000000|1.000000|1.000000
m60_48_57_00-AEG110_163_2042|13|-80.815514|1295.500000|166.499023|-0.000023|-154.456848|-0.000010|1.000000|1.000000|1.000000
m60_48_57_00-AEG110_163_2043|13|-71.792877|1295.500000|162.187119|-0.000023|-154.456848|-0.000010|1.000000|1.000000|1.000000
m60_48_57_00-AEG110_163_2048|13|-89.439301|1295.500000|148.453796|0.000050|25.543100|0.000092|1.000000|1.000000|1.000000
m60_48_57_00-AEG110_163_2049|13|-80.416687|1295.500000|144.141907|0.000050|25.543100|0.000092|1.000000|1.000000|1.000000
m60_48_57_00-AEG110_163_2054|13|-102.037537|1290.185913|158.430069|-0.000000|154.999985|-0.000003|1.000000|1.000000|1.000000
m60_48_57_00-AEG110_163_2056|13|-78.809914|1290.685913|120.531456|0.000027|24.999979|0.000051|1.000000|1.000000|1.000000
m60_48_57_00-AEG110_163_2057|13|-72.182846|1290.685913|122.575035|-0.000058|-64.999924|0.000027|1.000000|1.000000|1.000000
m60_48_57_00-AEG110_163_2058|13|-44.665543|1295.500000|149.379883|-0.000055|-155.000031|-0.000020|1.000000|1.000000|1.000000
m60_48_57_00-AEG110_163_2059|13|-62.770287|1295.500000|157.875229|-0.000023|-154.456879|-0.000010|1.000000|1.000000|1.000000
m60_48_57_00-AEG110_163_2061|13|-67.956650|1290.685913|131.638107|-0.000058|-64.999924|0.000027|1.000000|1.000000|1.000000
m60_48_57_00-AEG110_163_2062|13|-78.061325|1295.500000|137.474655|0.000017|115.543098|0.000105|1.000000|1.000000|1.000000
m60_48_57_00-AEG110_163_2063|13|-82.373230|1295.500000|128.452026|0.000017|115.543098|0.000105|1.000000|1.000000|1.000000
m60_48_57_00-AEG110_164_2001|13|-72.855225|1288.984741|98.676643|20.177828|-92.305099|4.149872|1.000000|1.000000|1.000000
m60_48_57_00-AEG110_164_2002|13|-109.074638|1284.036499|86.861542|16.762241|-70.088112|3.544566|1.000000|1.000000|1.000000
m60_48_57_00-AEG110_164_2003|13|-120.168694|1282.409302|73.797440|-0.000003|-132.073471|0.000001|1.000000|1.000000|1.000000
m60_48_57_00-AEG110_164_2004|13|-19.667679|1290.105835|80.417267|-0.019589|-71.752411|-0.007677|1.000000|1.000000|1.000000
m60_48_57_00-AEG110_165_2001|13|-72.112061|1287.648560|99.199646|-12.118815|93.051018|-8.024049|1.000000|1.000000|1.000000
m60_48_57_00-AEG110_165_2002|13|-67.628143|1288.087036|99.157150|-12.477223|57.928062|-7.474226|1.000000|1.000000|0.999999
m60_48_57_00-AEG110_165_2003|13|-60.650162|1283.619507|93.676460|-0.000004|-61.000229|-0.000001|1.000000|1.000000|1.000000
m60_48_57_00-AEG110_165_2004|13|-84.639404|1282.500122|62.206024|-0.000002|-131.000153|-0.000001|1.000000|1.000000|1.000000
m60_48_57_00-AEG110_165_2005|13|-109.475624|1279.885132|68.206604|-0.000003|-85.052116|-0.000001|1.000000|1.000000|1.000000
m60_48_57_00-AEG110_165_2006|13|-101.615837|1281.667358|79.469795|-0.000003|-86.000160|-0.000001|1.000000|1.000000|1.000000
m60_48_57_00-AEG110_165_2007|13|-78.505745|1285.836304|86.854797|-0.370794|4.801387|4.986256|1.000000|1.000000|1.000000
m60_48_57_00-AEG110_165_2008|13|-112.736214|1283.478882|99.351440|-1.537085|-54.968456|2.263279|1.000000|1.000000|1.000000
m60_48_57_00-AEG110_165_2009|13|-99.475327|1290.474976|138.785370|-0.000003|-130.005112|-0.000000|1.000000|1.000000|1.000000
m60_48_57_00-AEG110_165_2010|13|-84.500206|1290.183960|145.159714|-0.000003|-150.005142|-0.000000|1.000000|1.000000|1.000000
m60_48_57_00-AEG110_165_2011|13|-94.692459|1289.480347|114.411301|-8.723645|33.992085|3.275458|1.000000|1.000000|1.000000
m60_48_57_00-AEG110_165_2012|13|-64.595901|1289.620239|118.613411|-3.844012|-29.725246|6.185065|1.000000|1.000000|1.000000
m60_48_57_00-AEG110_165_2013|13|-58.752640|1289.994263|113.314194|1.999442|-159.885208|-4.432804|1.000000|1.000000|1.000000
m60_48_57_00-AEG110_165_2014|13|-37.347229|1285.704468|106.094627|-3.254667|-12.049348|3.302916|1.000000|1.000000|1.000000
m60_48_57_00-AEG110_166_2001|13|-44.452080|1289.758667|98.064407|-0.000004|-65.000023|-0.000000|1.000000|1.000000|1.000000
m60_48_57_00-AEG110_166_2003|13|-123.429970|1284.499878|158.425140|0.000000|25.000019|-0.000004|1.000000|1.000000|1.000000
m60_48_57_00-AEG110_166_2004|13|-86.498634|1289.758667|118.205154|-0.000004|-65.000023|-0.000000|1.000000|1.000000|1.000000
m60_48_57_00-AEG110_166_2005|13|-70.494247|1294.500366|142.994888|-0.000004|-65.000023|-0.000000|1.000000|1.000000|1.000000
m60_48_57_00-AEG110_167_2002|13|-104.492661|1290.749878|142.995743|-0.000002|-125.005096|-0.000000|1.000000|1.000000|1.000000
m60_48_57_00-AEG110_167_2003|13|-93.429375|1290.749878|140.655121|0.000000|114.994896|0.000000|1.000000|1.000000|1.000000
m60_48_57_00-AEG110_167_2004|13|-100.139259|1287.566772|166.763031|-0.000000|-155.005005|-0.000000|1.000000|1.000000|1.000000
m60_48_57_00-AEG110_167_2005|13|-105.238327|1287.566772|170.563477|0.000000|114.994949|-0.000000|1.000000|1.000000|1.000000
m60_48_57_00-AEG110_167_2006|13|-63.480270|1286.132690|95.910400|5.805606|-154.581863|-4.035773|1.000000|1.000000|1.000000
m60_48_57_00-AEG110_167_2007|13|-64.959793|1287.228882|83.243256|0.005792|115.417984|-0.004035|1.000000|1.000000|1.000000
m60_48_57_00-AEG110_167_2009|13|-1.942451|1290.750366|69.954727|0.000000|114.994949|-0.000004|1.000000|1.000000|1.000000
m60_48_57_00-AEG110_167_2010|13|-25.662743|1288.976440|126.638718|-0.000004|-65.315308|-0.000004|1.000000|1.000000|1.000000
m60_48_57_00-AEG110_168_2000|13|-43.669174|1290.749878|110.154892|0.000000|114.999893|-0.000000|1.000000|1.000000|1.000000
m60_48_57_00-AEG110_168_2001|13|-72.247688|1290.749878|132.693802|-0.000004|-65.000313|-0.000000|1.000000|1.000000|1.000000
m60_48_57_00-AEG110_168_2003|13|-134.430954|1284.249878|154.538788|-0.000004|-65.000084|-0.000002|1.000000|1.000000|1.000000
m60_48_57_00-AEG110_168_2004|13|-139.463608|1284.389526|157.069458|-0.000004|114.999664|-0.000002|1.000000|1.000000|1.000000
m60_48_57_00-AEG110_169_2000|13|-59.196548|1280.749878|114.553253|-0.000004|-65.004951|-0.000000|1.000000|1.000000|1.000000
m60_48_57_00-AEG110_169_2001|13|-101.395248|1290.749878|137.128540|-0.000003|-35.005199|-0.000002|1.000000|1.000000|1.000000
m60_48_57_00-AEG110_169_2002|13|-100.151901|1284.078003|84.731216|-5.943452|-77.159920|3.469409|1.000000|1.000000|1.000000
m60_48_57_00-AEG110_169_2003|13|-22.441010|1287.609253|100.658295|0.016611|-78.281403|0.050434|1.000000|1.000000|0.999999
m60_48_57_00-AEG110_169_2004|13|-120.642227|1282.684204|93.477814|0.434620|-79.529640|2.356716|1.000000|1.000000|1.000000
m60_48_57_00-AEG110_169_2005|13|-59.662102|1287.664673|77.925072|0.005793|24.994995|-0.004044|1.000000|1.000000|1.000000
m60_48_57_00-AEG110_170_2000|13|-83.561256|1282.911987|65.535660|2.473812|-33.266758|1.489200|1.000000|1.000000|1.000000
m60_48_57_00-AEG110_170_2001|13|-111.880836|1283.009644|92.917923|-7.482577|-34.687271|-8.377826|1.000000|1.000000|0.999999
m60_48_57_00-AEG110_171_2000|13|-70.552956|1284.752563|68.046021|2.512608|179.549667|5.299243|1.000000|1.000000|1.000000
m60_48_57_00-AEG110_171_2001|13|-75.958305|1285.697144|87.842773|0.706788|-156.767014|-4.960166|1.000000|1.000000|1.000000
m60_48_57_00-AEG110_171_2002|13|-110.587891|1282.526245|71.732796|-0.000027|8.906303|-0.000004|1.000000|1.000000|1.000000
m60_48_57_00-AEG110_171_2003|13|-15.946198|1289.330933|71.069061|0.000710|-156.767029|-0.004972|1.000000|1.000000|1.000000
m60_48_57_00-AEG110_172_2000|13|-100.961899|1290.749878|114.992027|-0.000000|115.310966|-0.000000|1.000000|1.000000|1.000000
m60_48_57_00-AEG110_172_2001|13|-128.954315|1282.544312|96.626297|-0.763532|99.989899|-1.503052|1.000000|1.000000|1.000000
m60_48_57_00-AEG110_172_2002|13|-141.224060|1284.249878|146.701950|0.000000|114.999771|-0.000000|1.000000|1.000000|1.000000
m60_48_57_00-AEG110_172_2004|13|-29.697289|1290.749878|115.083694|-0.000006|-155.000305|0.000027|1.000000|1.000000|1.000000
m60_48_57_00-AEG110_172_2005|13|-56.964264|1295.499756|144.564240|0.000000|114.999771|0.000000|1.000000|1.000000|1.000000
m60_48_57_00-AEG110_173_2000|13|-136.950760|1284.999878|120.276566|-0.000005|-109.739998|0.000000|1.000000|1.000000|1.000000
m60_48_57_00-AEG110_173_2001|13|-141.224060|1295.749878|146.701935|0.000000|114.999825|-0.000007|1.000000|1.000000|1.000000
m60_48_57_00-AEG110_173_2002|13|-36.983330|1287.148804|73.094208|-0.000018|150.259964|0.000000|1.000000|1.000000|1.000000
m60_48_57_00-AEG110_173_2003|13|-56.964279|1306.999756|144.564240|0.000000|114.999565|-0.000007|1.000000|1.000000|1.000000
m60_48_57_00-AEG110_173_2004|13|-59.501366|1284.357788|116.349922|0.000000|24.999557|-0.000007|1.000000|1.000000|1.000000
m60_48_57_00-AEG110_176_2000|13|-98.461914|1295.499756|152.765701|-0.000000|25.543116|0.000000|1.000000|1.000000|1.000000
m60_48_57_00-AEG110_176_2001|13|-96.505386|1295.499756|168.455566|-0.000053|115.543098|-0.000024|1.000000|1.000000|1.000000
m60_48_57_00-AEG110_176_2002|13|-35.602463|1295.499878|145.153717|-0.000053|-155.000046|-0.000024|1.000000|1.000000|1.000000
m60_48_57_00-AEG110_176_2003|13|-37.410172|1295.499878|129.445999|-0.000053|-65.000038|-0.000024|1.000000|1.000000|1.000000
m60_48_57_00-AEG110_177_2001|13|-49.571762|1295.499878|162.700989|-0.000100|-155.000046|-0.000047|1.000000|1.000000|1.000000
m60_48_57_00-AEG110_244_2000|13|-100.961899|1303.849854|114.992027|-0.000000|-154.689209|-0.000007|1.000000|1.000000|1.000000
m60_48_57_00-AEG110_246_2000|13|-69.329422|1295.500000|138.971863|0.000055|25.543106|0.000082|1.000000|1.000000|1.000000
m60_48_57_00-AEG110_264_2001|13|-44.452080|1290.758667|98.064407|0.000000|-65.000023|0.000000|1.000000|1.000000|1.000000
m60_48_57_00-AEG110_264_2004|13|-86.498634|1290.758667|118.205162|0.000000|-65.000023|0.000000|1.000000|1.000000|1.000000
m60_48_57_00-AEG110_264_2005|13|-70.494247|1295.500366|142.994888|0.000000|-65.000023|-0.000014|1.000000|1.000000|1.000000
m60_48_57_00-AEG110_330_2000|13|-49.505165|1294.793213|163.122681|0.000000|24.999941|0.000000|1.000000|1.000000|1.000000
m60_48_57_00-AEG110_330_2001|13|-45.278992|1299.793213|172.185760|0.000000|24.999941|0.000000|1.000000|1.000000|1.000000
m60_48_57_00-AEG110_330_2002|13|-41.052818|1304.793213|181.248856|0.000000|24.999941|0.000000|1.000000|1.000000|1.000000
m60_48_57_00-AEG110_331_2000|13|-36.826645|1309.793213|190.311935|0.000000|24.999941|0.000000|1.000000|1.000000|1.000000
m60_48_57_00-AEG110_332_2000|13|-45.278992|1299.793213|172.185760|0.000000|24.999941|0.000000|1.000000|1.000000|1.000000
m60_48_57_00-AEG110_333_2000|13|-36.826645|1309.793213|190.311935|0.000000|24.999941|0.000000|1.000000|1.000000|1.000000
m60_49_56_00-AEG007_037_1121|13|149.993408|1260.106445|-138.651367|-82.634705|-25.229736|-7.376869|1.000000|1.000000|1.000000
m60_49_56_00-AEG007_037_1131|13|195.485840|1318.560791|-62.283554|147.804153|66.517357|-82.589371|1.000000|1.000000|1.000000
m60_49_56_00-AEG007_037_1145|13|103.056519|1281.917480|-106.417976|-24.729561|90.474525|-71.716698|1.000000|1.000000|1.000000
m60_49_56_00-AEG007_037_1148|13|76.090652|1265.313477|-146.869888|6.112765|71.009499|100.336830|1.000000|1.000000|1.000000
m60_49_56_00-AEG007_037_1149|13|260.081787|1259.446045|-121.207275|-76.949249|-55.686932|-4.049378|1.000000|1.000000|1.000000
m60_49_56_00-AEG007_037_1150|13|254.504883|1281.541504|-120.897583|99.809456|-59.212749|-5.545630|1.000000|1.000000|1.000001
m60_49_56_00-AEG007_037_1155|13|221.121643|1263.867188|-216.565674|-14.892024|64.817841|82.153122|1.000000|1.000000|1.000000
m60_49_56_00-AEG007_037_1170|13|99.842659|1270.166382|-143.292252|-171.274094|-72.263664|76.465225|1.000000|1.000000|1.000000
m60_49_56_00-AEG007_037_1176|13|188.641174|1258.681519|-219.306396|-106.900520|11.878007|-1.284599|1.000000|1.000000|1.000000
m60_49_56_00-AEG007_037_1179|13|108.496414|1257.268555|-149.752747|-83.861839|38.080326|12.813931|1.000000|1.000001|1.000000
m60_49_56_00-AEG007_037_1233|13|154.367920|1255.930542|-207.204651|-73.808723|141.864212|-5.113676|1.000000|1.000000|1.000000
m60_49_56_00-AEG007_037_1238|13|138.681778|1260.801636|-140.342514|-74.438362|-0.020657|-12.512488|1.000000|1.000000|1.000000
m60_49_56_00-AEG007_037_1239|13|124.365143|1258.430542|-143.965408|-77.788857|-11.819942|-23.936405|1.000000|1.000000|1.000000
m60_49_56_00-AEG007_037_1240|13|134.649170|1284.166992|-128.162003|8.094393|148.026443|-81.308624|1.000000|1.000000|1.000000
m60_49_56_00-AEG007_037_1247|13|201.728683|1290.938232|-97.150528|-72.443054|24.384682|-23.654902|1.000000|1.000001|1.000000
m60_49_56_00-AEG007_037_1248|13|146.175613|1259.677734|-213.414185|-4.551481|-121.441422|-62.799664|1.000000|1.000000|1.000000
m60_49_56_00-AEG007_037_1249|13|229.326538|1268.080933|-210.846954|-35.598652|67.135750|87.298103|1.000000|1.000000|1.000000
m60_49_56_00-AEG007_037_1250|13|157.710953|1295.082031|-101.671082|13.656983|-74.817924|-102.256073|1.000000|1.000000|1.000000
m60_49_56_00-AEG007_037_1270|13|169.337128|1292.413818|-104.949646|75.387856|33.444645|-176.781754|1.000000|1.000000|1.000000
m60_49_56_00-AEG007_037_1287|13|157.449982|1304.945190|-67.675095|-73.024597|-32.025185|-15.998883|1.000000|1.000000|1.000000
m60_49_56_00-AEG007_037_1288|13|243.212784|1287.844238|-204.819580|59.054276|-3.946946|87.206703|1.000000|1.000000|1.000000
m60_49_56_00-AEG007_037_1289|13|63.475220|1253.301636|-152.677505|8.514977|-116.945885|78.980667|1.000000|1.000001|1.000000
m60_49_56_00-AEG007_037_1290|13|114.160713|1254.177856|-150.980286|74.899559|-34.317387|175.688202|1.000000|1.000000|1.000000
m60_49_56_00-AEG007_037_1291|13|196.345032|1258.988770|-133.569336|-85.149376|-38.383503|-7.933593|1.000000|1.000000|1.000000
m60_49_56_00-AEG007_037_1292|13|254.769287|1360.019653|-55.392097|-84.048744|49.067959|-20.089764|1.000000|1.000000|1.000000
m60_49_56_00-AEG007_037_1294|13|257.370605|1352.218994|-69.443863|72.363853|70.339447|159.316650|1.000000|1.000001|1.000000
m60_49_56_00-AEG007_037_1297|13|222.119049|1334.484741|-34.917580|47.614635|67.154327|104.785767|1.000000|1.000000|1.000000
m60_49_56_00-AEG007_037_1300|13|238.119934|1331.994385|-47.731331|-73.063263|76.894745|-9.966664|1.000000|1.000000|1.000000
m60_49_56_00-AEG007_037_1301|13|247.099731|1258.137939|-137.292480|81.222008|-27.982897|175.724579|1.000000|1.000000|1.000000
m60_49_56_00-AEG007_037_1302|13|103.255562|1255.684570|-148.001770|22.046793|-96.727646|83.254936|1.000000|1.000001|1.000000
m60_49_56_00-AEG007_037_1303|13|90.278763|1268.095337|-143.250992|-39.004139|-62.178749|88.997513|1.000000|1.000000|1.000001
m60_49_56_00-AEG007_037_1304|13|34.455818|1279.389526|-66.278824|9.830850|118.802551|81.485649|1.000000|1.000000|1.000001
m60_49_56_00-AEG007_037_1305|13|28.570564|1278.691406|-60.117691|-54.778404|3.244826|95.792107|1.000000|1.000000|1.000000
m60_49_56_00-AEG007_037_1306|13|48.171173|1259.601807|-151.617691|20.152311|61.947289|94.026573|1.000000|1.000001|1.000000
m60_49_56_00-AEG007_037_1307|13|168.212158|1273.309204|-213.815430|83.275246|-132.477951|79.756676|1.000000|1.000000|1.000001
m60_49_56_00-AEG007_037_1308|13|179.414963|1276.493530|-220.777100|74.758888|26.482742|97.737663|1.000000|1.000001|1.000000
m60_49_56_00-AEG007_037_1309|13|153.026855|1270.500977|-210.218811|39.988461|5.805056|93.937164|1.000000|1.000000|1.000000
m60_49_56_00-AEG007_037_1310|13|141.618896|1267.537231|-218.020081|70.494339|153.057907|80.084129|1.000000|1.000000|1.000000
m60_49_56_00-AEG007_037_1311|13|132.687866|1264.004028|-226.544617|-58.842468|105.133354|86.695892|1.000000|1.000000|1.000000
m60_49_56_00-AEG007_037_1312|13|206.564499|1309.137451|-227.989258|28.181437|173.974655|69.173920|1.000000|1.000000|1.000000
m60_49_56_00-AEG007_037_1313|13|202.412643|1307.439819|-236.255920|15.738453|8.163896|107.666824|1.000000|1.000000|1.000001
m60_49_56_00-AEG007_042_1284|13|54.454453|1257.117798|-152.927734|7.421348|71.455345|98.325699|1.000000|1.000000|1.000000
m60_49_56_00-AEG007_042_1299|13|201.368896|1338.001221|-20.610352|-78.440063|-21.861616|-31.331959|1.000000|1.000000|1.000000
m60_49_56_00-AEG007_042_1301|13|200.456177|1337.847412|-24.629883|67.704376|35.388721|161.950577|1.000000|1.000000|1.000000
m60_49_56_00-AEG007_042_1308|13|57.701012|1253.856934|-157.408630|7.982576|-140.489807|79.262894|1.000000|1.000000|1.000000
m60_49_56_00-AEG007_042_1309|13|260.813690|1370.921021|-61.966675|-87.540733|75.206886|-9.579065|1.000000|1.000000|1.000000
m60_49_56_00-AEG007_042_1313|13|32.900452|1278.718628|-67.253662|-76.473251|-148.906677|88.385780|1.000000|1.000000|1.000000
m60_49_56_00-AEG007_042_1318|13|237.381302|1255.687744|-143.211792|168.780334|60.225834|-81.367554|1.000000|1.000000|1.000000
m60_49_56_00-AEG007_042_1319|13|258.262695|1270.269043|-120.780518|70.385841|-59.903473|178.802124|1.000000|1.000000|1.000000
m60_49_56_00-AEG007_042_1354|13|164.529953|1296.079102|-103.842018|75.057793|18.966581|179.378952|1.000000|1.000000|1.000000
m60_49_56_00-AEG007_042_1399|13|239.320312|1363.170410|-36.401855|80.353554|97.304825|-13.931177|1.000000|1.000000|1.000000
m60_49_56_00-AEG007_042_1400|13|190.945435|1293.147461|-96.575348|75.116951|14.433698|153.543274|1.000000|1.000000|1.000000
m60_49_56_00-AEG007_042_1484|13|126.051392|1262.669312|-227.863495|-65.887642|-50.212631|100.578003|1.000000|1.000000|1.000000
m60_49_56_00-AEG007_042_1485|13|195.084473|1260.383057|-218.586060|28.858583|-66.169785|-71.408737|1.000000|1.000000|1.000000
m60_49_56_00-AEG007_042_1489|13|184.540588|1312.495483|-64.897949|21.039087|-170.557800|-74.883324|1.000000|1.000000|1.000000
m60_49_56_00-AEG007_042_1491|13|234.490479|1275.538208|-206.186096|89.306252|135.751343|83.998741|1.000000|1.000000|1.000000
m60_49_56_00-AEG007_042_1492|13|229.695923|1272.642212|-209.682251|151.921799|59.272182|84.535240|1.000000|1.000000|1.000000
m60_49_56_00-AEG007_042_1494|13|244.535217|1279.368042|-200.583740|-126.595894|-77.177841|-84.847023|1.000000|1.000000|1.000000
m60_49_56_00-AEG007_042_1496|13|253.982590|1345.032471|-71.594185|72.734764|76.467926|163.589935|1.000000|1.000000|1.000000
m60_49_56_00-AEG007_042_1497|13|255.799118|1346.409912|-74.899139|-68.987106|92.121307|-11.098482|1.000000|1.000000|1.000000
m60_49_56_00-AEG007_042_1499|13|193.844543|1257.759766|-137.290894|65.089233|-19.351988|179.451843|1.000000|1.000000|1.000000
m60_49_56_00-AEG007_042_1500|13|192.871643|1257.318848|-142.330933|-9.944783|0.221251|-81.081497|1.000000|1.000000|1.000000
m60_49_56_00-AEG007_042_1501|13|213.590561|1255.722656|-134.778198|9.284931|-81.484612|75.591866|1.000000|1.000000|1.000000
m60_49_56_00-AEG007_042_1502|13|231.525925|1259.835205|-137.784241|31.425848|-107.954926|88.308350|1.000000|1.000000|1.000000
m60_49_56_00-AEG007_042_1503|13|212.785324|1254.537598|-137.315308|164.573212|-31.446362|75.717484|1.000000|1.000000|1.000000
m60_49_56_00-AEG007_042_1504|13|189.597244|1255.156738|-149.391479|159.628967|-74.859138|82.249840|1.000000|1.000000|1.000000
m60_49_56_00-AEG007_042_1505|13|199.893372|1255.166748|-134.975952|-22.036644|87.401871|96.685715|1.000000|1.000000|1.000000
m60_49_56_00-AEG007_042_1506|13|186.140411|1253.031860|-150.854858|-23.749998|-74.859123|82.249825|1.000000|1.000000|1.000000
m60_49_56_00-AEG007_042_1508|13|33.467972|1257.095703|-159.584595|-1.519541|49.072079|95.308365|1.000000|1.000000|1.000000
m60_49_56_00-AEG007_042_1509|13|44.534225|1263.979492|-150.976501|73.549438|1.092181|95.018524|1.000000|1.000000|1.000000
m60_49_56_00-AEG007_042_1510|13|39.942947|1257.748535|-154.551331|-18.565926|-88.462051|98.259186|1.000000|1.000000|1.000000
m60_49_56_00-AEG007_042_1511|13|23.879532|1259.765991|-158.591003|24.854385|109.506897|89.307045|1.000000|1.000000|1.000000
m60_49_56_00-AEG007_042_1512|13|37.764183|1278.771362|-72.085083|69.794800|60.448132|87.448708|1.000000|1.000000|1.000000
m60_49_56_00-AEG007_042_1513|13|23.313049|1275.992188|-58.969116|170.044022|-49.881126|84.635971|1.000000|1.000000|1.000000
m60_49_56_00-AEG007_042_1514|13|15.428406|1274.819702|-55.700806|174.001724|-46.126850|88.484573|1.000000|1.000000|1.000000
m60_49_56_00-AEG007_042_1515|13|4.782654|1273.011353|-42.029541|-21.459425|13.059802|86.100021|1.000000|1.000000|1.000000
m60_49_56_00-AEG007_042_1516|13|92.852043|1254.433228|-147.212341|159.297150|-66.623291|82.369301|1.000000|1.000000|1.000000
m60_49_56_00-AEG007_042_1517|13|71.538628|1253.393555|-152.116882|1.033332|-109.547493|83.295074|1.000000|1.000000|1.000000
m60_49_56_00-AEG007_042_1518|13|63.956451|1294.215088|-30.474762|112.895699|-38.843575|85.494370|1.000000|1.000000|1.000000
m60_49_56_00-AEG007_042_1519|13|60.087402|1294.658813|-23.862305|56.063789|-39.776871|93.897820|1.000000|1.000000|1.000000
m60_49_56_00-AEG007_042_1520|13|58.449219|1291.574219|-37.743713|136.741714|-0.110991|81.888084|1.000000|1.000000|1.000000
m60_49_56_00-AEG007_042_1521|13|52.000488|1290.472534|-27.979340|155.655457|22.581554|87.508484|1.000000|1.000000|1.000000
m60_49_56_00-AEG007_042_1522|13|62.005249|1295.881104|-15.707153|68.840744|140.222946|86.102127|1.000000|1.000000|1.000000
m60_49_56_00-AEG007_042_1523|13|134.383667|1267.655640|-223.799408|72.509033|-32.976986|93.212784|1.000000|1.000000|1.000000
m60_49_56_00-AEG007_042_1524|13|155.036255|1274.310181|-206.837006|83.783432|-38.469574|96.020866|1.000000|1.000000|1.000000
m60_49_56_00-AEG007_193_1000|13|195.722351|1351.705444|-24.922333|-1.376748|-164.580551|12.337618|1.000000|1.000000|1.000000
m60_49_56_00-AEG007_193_1034|13|246.421585|1259.928955|-191.069550|171.223221|-42.732075|8.008916|1.000000|1.000000|1.000000
m60_49_56_00-AEG007_193_1046|13|240.827606|1288.349854|-127.281250|18.660158|131.067673|1.011687|1.000000|1.000000|1.000000
m60_49_56_00-AEG007_193_1047|13|201.965988|1347.563477|-16.643768|-8.854175|41.932297|-24.887682|1.000000|1.000000|1.000000
m60_49_56_00-AEG007_193_1051|13|189.345978|1328.532471|-34.019333|2.417281|-4.230237|168.339066|1.000000|1.000000|1.000000
m60_49_56_00-AEG007_193_1052|13|184.670593|1328.130981|-30.513535|-20.021143|-111.480309|26.921354|1.000000|1.000000|1.000000
m60_49_56_00-AEG007_193_1054|13|130.779297|1317.669189|-62.025330|18.252743|145.655273|20.088652|1.000000|1.000000|1.000000
m60_49_56_00-AEG007_193_1059|13|141.127853|1318.773682|-52.826080|-19.427469|-49.399784|-7.745203|1.000000|1.000000|1.000000
m60_49_56_00-AEG007_193_1060|13|183.339386|1329.094238|-31.995888|161.422989|-56.406555|-2.201492|1.000000|1.000000|1.000000
m60_49_56_00-AEG007_193_1063|13|241.907623|1299.904175|-135.400040|-13.847908|-142.651062|22.488808|1.000000|1.000000|1.000000
m60_49_56_00-AEG007_193_1064|13|255.701172|1358.410034|-62.919434|24.436071|87.324478|-11.448442|1.000000|1.000000|1.000000
m60_49_56_00-AEG007_193_1065|13|250.889587|1352.212769|-60.980652|24.436058|87.324501|-11.448434|1.000000|1.000000|1.000000
m60_49_56_00-AEG007_193_1077|13|260.283966|1362.766724|-69.448265|-16.006903|65.088043|160.300415|1.000000|1.000000|1.000000
m60_49_56_00-AEG007_193_1078|13|243.719879|1258.340454|-140.570450|-7.054935|-12.577471|165.190323|1.000000|1.000000|1.000000
m60_49_56_00-AEG007_193_1079|13|239.522552|1261.758057|-141.432571|-9.578717|1.825855|160.694748|1.000000|1.000000|1.000000
m60_49_56_00-AEG007_193_1080|13|241.135040|1255.655518|-142.163528|8.516636|-29.878437|-21.404902|1.000000|1.000000|1.000000
m60_49_56_00-AEG007_193_1081|13|193.671173|1253.780029|-147.210403|1.290267|-97.688286|-9.606232|1.000000|1.000000|1.000000
m60_49_56_00-AEG007_193_1082|13|44.604149|1259.754395|-152.092484|29.948053|-20.272684|-8.682494|1.000000|1.000000|1.000000
m60_49_56_00-AEG007_193_1083|13|28.367332|1256.932251|-162.323929|4.230947|38.547840|5.059422|1.000000|1.000000|1.000000
m60_49_56_00-AEG007_193_1084|13|29.493996|1254.144531|-163.404984|174.486908|58.027130|7.053618|1.000000|1.000000|1.000000
m60_49_56_00-AEG007_193_1086|13|12.610237|1281.040161|-42.103165|-15.121656|49.051777|-178.918091|1.000000|1.000000|1.000000
m60_49_56_00-AEG007_193_1087|13|20.710091|1279.384277|-56.326553|13.123124|15.307740|-7.656328|1.000000|1.000000|1.000000
m60_49_56_00-AEG007_193_1088|13|14.293343|1280.988403|-52.587051|7.790056|103.835030|13.045090|1.000000|1.000000|1.000000
m60_49_56_00-AEG007_193_1089|13|109.392029|1300.657471|-57.637878|3.956591|-8.927472|157.013580|1.000000|1.000000|1.000000
m60_49_56_00-AEG007_193_1090|13|118.074890|1311.330444|-57.294861|3.947229|11.136258|-22.987967|1.000000|1.000000|1.000000
m60_49_56_00-AEG007_193_1091|13|84.275345|1292.976318|-60.770691|176.043320|-8.927484|-22.986515|1.000000|1.000000|1.000000
m60_49_56_00-AEG007_193_1092|13|81.500626|1290.633057|-60.666504|33.115047|95.262001|8.588988|1.000000|1.000000|1.000000
m60_49_56_00-AEG007_193_1093|13|83.902008|1288.542114|-61.022522|27.099964|86.441353|-1.695120|1.000000|1.000000|1.000000
m60_49_56_00-AEG007_193_1094|13|99.591293|1296.060425|-55.932800|6.479043|-6.962569|-29.368889|1.000000|1.000000|1.000000
m60_49_56_00-AEG007_193_1095|13|120.384262|1298.502686|-67.156189|29.898449|74.762848|2.746284|1.000000|1.000000|1.000000
m60_49_56_00-AEG007_193_1096|13|56.630112|1295.356445|-34.149780|-12.704591|-27.223417|-24.702305|1.000000|1.000000|1.000000
m60_49_56_00-AEG007_193_1097|13|56.538986|1292.856812|-30.795349|21.307198|52.792953|-17.959829|1.000000|1.000000|1.000000
m60_49_56_00-AEG007_193_1098|13|52.495926|1291.792358|-33.068115|27.215477|100.254906|4.742253|1.000000|1.000000|1.000000
m60_49_56_00-AEG007_193_1099|13|12.346199|1276.842407|-53.436417|172.292068|-52.507500|-7.571026|1.000000|1.000000|1.000000
m60_49_56_00-AEG007_193_1100|13|206.006943|1259.963135|-215.581055|2.128314|-159.776672|4.677287|1.000000|1.000000|1.000000
m60_49_56_00-AEG007_193_1101|13|163.432724|1271.469116|-207.640869|0.000000|81.114922|0.000000|1.000000|1.000000|1.000000
m60_49_56_00-AEG007_193_1102|13|173.610703|1262.410034|-215.255127|177.391891|38.223629|0.118791|1.000000|1.000000|1.000000
m60_49_56_00-AEG007_194_1000|13|248.759811|1260.048706|-190.925507|7.941407|-156.819275|7.474905|1.000000|1.000000|1.000000
m60_49_56_00-AEG007_194_1001|13|160.306839|1267.192993|-205.710602|2.140015|-121.941757|1.884913|1.000000|1.000000|1.000000
m60_49_56_00-AEG007_194_1002|13|259.732330|1266.356934|-195.401917|180.000000|8.887006|-0.000000|1.000000|1.000000|1.000000
m60_49_56_00-AEG007_194_1003|13|248.075165|1252.513184|-184.858643|8.379311|-135.964020|17.423296|1.000000|1.000000|1.000000
m60_49_56_00-AEG007_194_1004|13|151.913101|1307.856323|-69.619431|-16.332497|17.387693|168.212570|1.000000|1.000000|1.000000
m60_49_56_00-AEG007_194_1005|13|116.189827|1286.382690|-115.046646|11.646437|37.884514|-10.885182|1.000000|1.000000|1.000000
m60_49_56_00-AEG007_194_1006|13|254.111252|1285.947266|-195.275330|1.439039|-171.154755|1.662168|1.000000|1.000000|1.000000
m60_49_56_00-AEG007_194_1007|13|146.657318|1307.521484|-70.206314|-15.446979|49.876610|178.180603|1.000000|1.000000|1.000000
m60_49_56_00-AEG007_194_1010|13|137.434174|1309.971680|-64.501602|18.312431|13.724436|-16.491919|1.000000|1.000000|1.000000
m60_49_56_00-AEG007_194_1012|13|186.880814|1331.468628|-34.116425|-13.629893|49.691380|166.268738|1.000000|1.000000|1.000000
m60_49_56_00-AEG007_194_1013|13|205.814941|1350.725464|-24.170860|9.891917|173.967239|7.980748|1.000000|1.000000|1.000000
m60_49_56_00-AEG007_194_1014|13|119.221832|1304.598755|-59.072350|-16.128866|46.460636|169.065689|1.000000|1.000000|1.000000
m60_49_56_00-AEG007_194_1015|13|250.544601|1304.532959|-130.532135|21.384939|-47.230865|-177.451385|1.000000|1.000000|1.000000
m60_49_56_00-AEG007_194_1017|13|199.553986|1347.928345|-19.363892|159.549591|-29.407944|-2.795663|1.000000|1.000000|1.000000
m60_49_56_00-AEG007_194_1019|13|195.149506|1337.973511|-25.147217|-1.704817|17.432556|164.645325|1.000000|1.000000|1.000000
m60_49_56_00-AEG007_194_1020|13|218.784622|1372.328125|-32.366653|17.505903|92.677414|2.592038|1.000000|1.000000|1.000000
m60_49_56_00-AEG007_194_1021|13|218.665726|1362.305420|-10.586273|-16.328545|-65.776115|8.191010|1.000000|1.000000|1.000000
m60_49_56_00-AEG007_194_1022|13|144.499008|1318.962646|-55.836647|-5.996799|82.091576|170.089828|1.000000|1.000000|1.000000
m60_49_56_00-AEG007_194_1024|13|217.951462|1371.461792|-22.675911|-1.404691|33.925949|-16.330318|1.000000|1.000000|1.000000
m60_49_56_00-AEG007_194_1025|13|203.541840|1286.641846|-105.216026|34.015217|75.809959|1.192852|1.000000|1.000000|1.000000
m60_49_56_00-AEG007_194_1027|13|195.231110|1293.631592|-95.842896|-19.366415|-159.230530|21.303854|1.000000|1.000000|1.000000
m60_49_56_00-AEG007_194_1028|13|252.429840|1286.928467|-119.480988|-12.368185|171.593567|-6.981710|1.000000|1.000000|1.000000
m60_49_56_00-AEG007_194_1031|13|217.951462|1371.461792|-22.675911|-1.404691|33.925949|-16.330318|1.000000|1.000000|1.000000
m60_49_56_00-AEG007_194_1032|13|217.951462|1371.461792|-22.675911|-1.404691|33.925949|-16.330318|1.000000|1.000000|1.000000
m60_49_56_00-AEG007_194_1033|13|221.146515|1385.788818|-28.539253|11.306476|-24.399803|170.101395|1.000000|1.000000|1.000000
m60_49_56_00-AEG007_194_1034|13|211.279083|1287.168457|-103.065819|-26.760864|88.563828|-176.087357|1.000000|1.000000|1.000000
m60_49_56_00-AEG007_194_1035|13|145.781464|1318.126587|-66.261505|-20.432470|-121.886772|0.636420|1.000000|1.000000|1.000000
m60_49_56_00-AEG007_194_1037|13|214.460648|1351.318604|-9.380066|162.999023|-28.199907|-2.363662|1.000000|1.000000|1.000000
m60_49_56_00-AEG007_194_1038|13|206.323975|1301.984985|-94.601555|21.674316|33.833164|-22.571121|1.000000|1.000000|1.000000
m60_49_56_00-AEG007_194_1039|13|126.302666|1304.796265|-64.595566|-12.683284|16.361326|160.628204|1.000000|1.000000|1.000000
m60_49_56_00-AEG007_194_1041|13|194.606598|1345.241821|-20.297852|32.458584|138.436752|7.987369|1.000000|1.000000|1.000000
m60_49_56_00-AEG007_194_1042|13|163.485733|1264.981812|-136.312744|3.728225|15.732946|163.785934|1.000000|1.000000|1.000000
m60_49_56_00-AEG007_194_1043|13|157.928482|1275.197388|-134.966766|3.710848|6.904737|163.360001|1.000000|1.000000|1.000000
m60_49_56_00-AEG007_194_1044|13|194.594772|1270.815063|-131.165298|2.320859|-9.821923|-22.332460|1.000000|1.000000|1.000000
m60_49_56_00-AEG007_194_1045|13|200.926697|1263.206665|-130.208023|-9.817879|11.188140|162.708618|1.000000|1.000000|1.000000
m60_49_56_00-AEG007_194_1046|13|109.795860|1263.411133|-149.558472|10.770916|34.387970|-0.458006|1.000000|1.000000|1.000000
m60_49_56_00-AEG007_194_1047|13|94.460770|1260.734375|-143.828735|-9.575161|9.578891|175.023224|1.000000|1.000000|1.000000
m60_49_56_00-AEG007_194_1048|13|260.848328|1367.446045|-65.273193|-14.841404|79.339973|171.406891|1.000000|1.000000|1.000000
m60_49_56_00-AEG007_194_1049|13|190.795914|1260.749146|-134.597137|-8.328863|-173.715805|18.038015|1.000000|1.000000|1.000000
m60_49_56_00-AEG007_194_1050|13|257.205017|1365.554932|-55.406586|-5.778233|74.877022|166.381226|1.000000|1.000000|1.000000
m60_49_56_00-AEG007_194_1051|13|252.694946|1354.182617|-57.770851|21.074686|73.724304|-17.006279|1.000000|1.000000|1.000000
m60_49_56_00-AEG007_194_1052|13|255.949646|1353.795776|-66.575012|24.436049|87.324501|-11.448434|1.000000|1.000000|1.000000
m60_49_56_00-AEG007_194_1054|13|247.846344|1340.455078|-58.365578|-20.305918|70.790619|167.507751|1.000000|1.000000|1.000000
m60_49_56_00-AEG007_194_1056|13|250.287567|1339.615967|-68.032578|-11.208871|66.582809|162.184982|1.000000|1.000000|1.000000
m60_49_56_00-AEG007_194_1057|13|238.247116|1263.694824|-138.600861|-13.083419|44.714386|171.574478|1.000000|1.000000|1.000000
m60_49_56_00-AEG007_194_1058|13|12.060310|1281.040161|-39.893570|-16.690323|-145.867249|4.431973|1.000000|1.000000|1.000000
m60_49_56_00-AEG007_194_1059|13|17.543587|1276.106812|-54.722916|17.159765|42.733456|-1.813520|1.000000|1.000000|1.000000
m60_49_56_00-AEG007_194_1060|13|15.287239|1278.037109|-49.464401|11.670477|95.581337|12.795487|1.000000|1.000000|1.000000
m60_49_56_00-AEG007_194_1061|13|111.214203|1308.044189|-56.297691|24.406816|79.758011|5.119581|1.000000|1.000000|1.000000
m60_49_56_00-AEG007_194_1062|13|108.486420|1306.742065|-53.629478|10.702085|40.332966|-19.555359|1.000000|1.000000|1.000000
m60_49_56_00-AEG007_194_1063|13|104.854401|1301.676392|-54.152916|-16.421818|35.196888|167.367905|1.000000|1.000000|1.000000
m60_49_56_00-AEG007_194_1064|13|90.659363|1300.025391|-39.558922|165.287003|-58.884953|-13.207812|1.000000|1.000000|1.000000
m60_49_56_00-AEG007_194_1065|13|94.707901|1298.607910|-41.864586|17.346308|28.161524|-11.334892|1.000000|1.000000|1.000000
m60_49_56_00-AEG007_194_1066|13|79.892090|1297.394043|-19.895348|14.658165|87.289391|2.030562|1.000000|1.000000|1.000000
m60_49_56_00-AEG007_194_1067|13|159.925858|1258.606201|-204.636383|177.683273|56.635094|0.418226|1.000000|1.000000|1.000000
m60_49_56_00-AEG040_054_1014|13|194.984131|1254.871094|-148.865173|-4.089299|0.376552|-2.127684|1.000000|1.000000|1.000000
m60_49_56_00-AEG040_054_1015|13|223.701370|1254.975830|-148.205566|4.342061|158.584686|-1.324647|1.000000|1.000000|1.000000
m60_49_56_00-AEG040_054_1016|13|171.700027|1255.964233|-149.441956|-3.862660|56.647202|-10.580902|1.000000|1.000000|1.000000
m60_49_56_00-AEG040_054_1017|13|111.834564|1255.002197|-154.032532|-8.074439|-15.816292|4.032734|1.000000|1.000000|1.000000
m60_49_56_00-AEG040_054_1018|13|62.344971|1254.722412|-156.192993|-1.712199|6.129138|-1.869327|1.000000|1.000000|1.000000
m60_49_56_00-AEG040_054_1019|13|38.190346|1256.750732|-157.728149|10.671271|158.457001|2.093453|1.000000|1.000000|1.000000
m60_49_56_00-AEG040_054_1021|13|53.001656|1271.461914|-141.235474|12.103175|-110.903732|5.000026|1.000000|1.000000|1.000000
m60_49_56_00-AEG040_054_1022|13|81.210732|1290.870972|-60.675064|11.346175|171.574356|-18.970884|1.000000|1.000000|1.000000
m60_49_56_00-AEG040_054_1023|13|90.275101|1297.753418|-41.585709|-9.990091|-11.830546|18.364056|1.000000|1.000000|1.000000
m60_49_56_00-AEG040_054_1024|13|68.312515|1296.349365|-29.251549|-0.792075|97.250092|-12.410923|1.000000|1.000000|1.000000
m60_49_56_00-AEG040_054_1025|13|32.606323|1278.158569|-70.974899|-5.936303|122.062965|-18.274088|1.000000|1.000000|1.000000
m60_49_56_00-AEG040_054_1026|13|19.345322|1277.191650|-58.090836|7.510859|-155.172607|-1.890337|1.000000|1.000000|1.000000
m60_49_56_00-AEG040_054_1027|13|98.059982|1282.851074|-106.883484|-19.856094|10.367499|1.727573|1.000000|1.000000|1.000000
m60_49_56_00-AEG040_054_1028|13|101.631058|1296.570190|-57.659920|-10.506384|-10.835742|15.352242|1.000000|1.000000|1.000000
m60_49_56_00-AEG040_054_1029|13|46.558258|1282.584106|-72.130966|6.215335|-164.743729|2.809448|1.000000|1.000000|1.000000
m60_49_56_00-AEG040_054_1030|13|72.522552|1291.068604|-51.023651|6.915129|137.979507|-9.825799|1.000000|1.000000|1.000000
m60_49_56_00-AEG040_054_1031|13|0.342125|1273.515991|-82.505966|-15.476019|-26.504126|2.638530|1.000000|1.000000|1.000000
m60_49_56_00-AEG040_054_1033|13|245.923141|1256.152588|-184.490784|13.064240|-36.146324|0.753916|1.000000|1.000000|1.000000
m60_49_57_00-AEG003_544_1000|13|197.795914|1343.848145|14.000320|0.001858|-117.904587|0.004180|1.000000|1.000000|1.000000
m60_49_57_00-AEG007_037_1019|13|170.689011|1349.318726|111.567505|-83.501190|-2.923176|-16.192389|1.000000|1.000000|1.000000
m60_49_57_00-AEG007_037_1104|13|22.442917|1300.521484|128.835785|27.161093|14.841437|97.095337|1.000000|1.000000|1.000000
m60_49_57_00-AEG007_037_1270|13|159.415359|1346.656250|129.771194|-79.393333|22.852062|-12.799396|1.000000|1.000000|1.000000
m60_49_57_00-AEG007_037_1271|13|48.654266|1302.546143|35.879639|-13.459007|-68.034363|88.975876|1.000000|1.000000|1.000000
m60_49_57_00-AEG007_037_1272|13|43.167114|1302.199707|46.065498|174.296616|35.058647|72.763115|1.000000|1.000000|1.000000
m60_49_57_00-AEG007_037_1273|13|47.579536|1301.380005|54.430763|19.454018|4.175770|86.271324|1.000000|1.000000|1.000000
m60_49_57_00-AEG007_037_1274|13|82.697739|1325.631348|174.278961|72.491928|99.136482|85.743835|1.000000|1.000000|1.000000
m60_49_57_00-AEG007_037_1275|13|82.418472|1322.701172|164.534546|56.868042|125.852180|87.105110|1.000000|1.000000|1.000000
m60_49_57_00-AEG007_037_1276|13|10.642181|1294.988647|115.710762|-85.766457|-69.306816|92.196953|1.000000|1.000000|1.000000
m60_49_57_00-AEG007_037_1277|13|178.473557|1348.621338|61.648315|177.265533|-16.152693|79.677086|1.000000|1.000000|1.000000
m60_49_57_00-AEG007_037_1278|13|103.382935|1324.494629|111.301537|82.320564|120.444733|78.749466|1.000000|1.000000|1.000000
m60_49_57_00-AEG007_037_1279|13|105.344116|1322.434204|97.511131|9.933501|-57.273346|105.709480|1.000000|1.000000|1.000000
m60_49_57_00-AEG007_037_1280|13|178.316513|1343.451904|60.497124|-11.812266|-9.402364|92.393433|1.000000|1.000000|1.000000
m60_49_57_00-AEG007_037_1281|13|189.122620|1356.452881|48.377556|176.488327|-32.743057|77.890388|1.000000|1.000000|1.000000
m60_49_57_00-AEG007_037_1282|13|206.140305|1363.533447|25.570580|17.019985|-34.335861|81.388008|1.000000|1.000000|1.000000
m60_49_57_00-AEG007_037_1283|13|201.129471|1357.040649|31.953400|-153.209564|-57.011837|83.221008|1.000000|1.000000|1.000000
m60_49_57_00-AEG007_042_1017|13|3.695435|1284.758789|110.519043|84.415184|-121.979218|-9.078519|1.000000|1.000000|1.000000
m60_49_57_00-AEG007_042_1023|13|82.334351|1328.948242|171.346527|36.015842|123.695137|78.977325|1.000000|1.000000|1.000000
m60_49_57_00-AEG007_042_1028|13|106.092293|1326.079590|108.619484|-5.328777|152.345566|87.806519|1.000000|1.000000|1.000000
m60_49_57_00-AEG007_042_1030|13|41.716003|1299.871460|35.599365|12.178054|-93.286789|86.821831|1.000000|1.000000|1.000000
m60_49_57_00-AEG007_042_1066|13|26.971542|1304.930420|136.830383|50.728191|151.728622|77.688698|1.000000|1.000000|1.000000
m60_49_57_00-AEG007_042_1068|13|165.494461|1346.975708|110.055786|80.190742|-170.146179|13.998538|1.000000|1.000000|1.000000
m60_49_57_00-AEG007_042_1489|13|189.936096|1352.244629|104.320801|74.035873|46.065357|177.424286|1.000000|1.000000|1.000000
m60_49_57_00-AEG007_042_1490|13|160.081589|1333.079712|21.148712|76.862679|-111.227989|-81.482788|1.000000|1.000000|1.000000
m60_49_57_00-AEG007_042_1502|13|153.622543|1346.015259|132.815414|-27.746315|-46.952713|-106.826027|1.000000|1.000000|1.000000
m60_49_57_00-AEG007_042_1503|13|55.628235|1303.952637|31.273315|27.520906|102.970802|84.638268|1.000000|1.000000|1.000000
m60_49_57_00-AEG007_042_1507|13|64.006409|1305.168823|28.731018|-21.612776|-77.029282|95.361801|1.000000|1.000000|1.000000
m60_49_57_00-AEG007_042_1510|13|14.535759|1299.373779|123.185249|52.026478|161.955841|86.806648|1.000000|1.000000|1.000000
m60_49_57_00-AEG007_042_1512|13|99.636841|1325.569336|106.618988|80.948318|120.697487|77.773643|1.000000|1.000000|1.000000
m60_49_57_00-AEG007_042_1513|13|203.354340|1360.874023|29.569527|1.805137|-15.410769|85.072517|1.000000|1.000000|1.000000
m60_49_57_00-AEG007_042_1514|13|194.398865|1358.443726|40.753258|-5.774086|-44.692135|71.854980|1.000000|1.000000|1.000000
m60_49_57_00-AEG007_042_1515|13|180.144470|1341.663086|49.207481|165.980026|-48.394180|72.464348|1.000000|1.000000|1.000000
m60_49_57_00-AEG007_042_1516|13|201.900940|1356.079224|28.227814|-175.146255|-27.705929|72.709190|1.000000|1.000000|1.000000
m60_49_57_00-AEG007_042_1517|13|209.922867|1364.516357|36.769234|55.869045|-147.947647|83.349106|1.000000|1.000000|1.000000
m60_49_57_00-AEG007_193_1063|13|198.050644|1357.200928|65.077225|-34.747971|-70.522293|6.798470|1.000000|1.000000|1.000000
m60_49_57_00-AEG007_193_1064|13|197.129333|1358.421387|58.513184|26.354034|173.046829|13.944404|1.000000|1.000000|1.000000
m60_49_57_00-AEG007_193_1085|13|171.970245|1344.687378|73.304642|-14.682424|59.795937|159.392090|1.000000|1.000000|1.000000
m60_49_57_00-AEG007_193_1086|13|175.956665|1342.666138|53.436913|23.468258|134.785034|18.417002|1.000000|1.000000|1.000000
m60_49_57_00-AEG007_193_1087|13|131.933502|1340.427490|144.262482|-32.372925|-127.709229|-6.680820|1.000000|1.000000|1.000000
m60_49_57_00-AEG007_193_1088|13|128.657990|1339.409546|150.091431|-16.164251|-40.194115|-22.042179|1.000000|1.000000|1.000000
m60_49_57_00-AEG007_193_1089|13|40.469658|1306.460571|37.623924|11.685942|-42.659550|173.589020|1.000000|1.000000|1.000000
m60_49_57_00-AEG007_193_1090|13|38.496696|1302.800293|37.390160|-14.289833|-107.310425|7.995065|1.000000|1.000000|1.000000
m60_49_57_00-AEG007_193_1091|13|36.523621|1299.482178|36.600121|172.339432|-17.998194|-14.576632|1.000000|1.000000|1.000000
m60_49_57_00-AEG007_193_1092|13|41.624985|1303.926636|36.710838|7.343728|23.364386|-14.689712|1.000000|1.000000|1.000000
m60_49_57_00-AEG007_193_1093|13|46.918388|1302.818481|34.685570|-9.819226|-147.706177|9.210182|1.000000|1.000000|1.000000
m60_49_57_00-AEG007_193_1094|13|29.040123|1295.915771|29.263252|-160.456192|74.622200|-8.762410|1.000000|1.000000|1.000000
m60_49_57_00-AEG007_193_1095|13|28.311005|1293.927368|28.652641|23.400208|43.130859|-17.879019|1.000000|1.000000|1.000000
m60_49_57_00-AEG007_193_1096|13|91.224426|1333.992554|191.329407|10.947992|80.928261|4.684580|1.000000|1.000000|1.000000
m60_49_57_00-AEG007_193_1097|13|27.053925|1303.284546|136.971237|-3.073595|109.220772|2.909715|1.000000|1.000000|1.000000
m60_49_57_00-AEG007_193_1098|13|100.672485|1332.178345|215.858566|-177.902649|46.754047|11.332567|1.000000|1.000000|1.000000
m60_49_57_00-AEG007_193_1101|13|190.994217|1346.639648|41.915527|-10.991487|65.576485|166.533630|1.000000|1.000000|1.000000
m60_49_57_00-AEG007_194_1007|13|193.279724|1359.488525|49.894394|-20.683306|-107.115173|3.248328|1.000000|1.000000|1.000000
m60_49_57_00-AEG007_194_1009|13|173.652740|1375.830933|113.666260|2.113441|9.431953|165.304382|1.000000|1.000000|1.000000
m60_49_57_00-AEG007_194_1010|13|162.138611|1346.046021|112.001068|3.791610|-7.352146|-21.929163|1.000000|1.000000|1.000000
m60_49_57_00-AEG007_194_1011|13|190.102844|1365.426514|52.514938|161.634842|-49.482384|-9.268077|1.000000|1.000000|1.000000
m60_49_57_00-AEG007_194_1012|13|181.196472|1356.200562|145.165131|23.692596|167.273224|11.463054|1.000000|1.000000|1.000000
m60_49_57_00-AEG007_194_1014|13|219.777252|1353.731689|15.766891|7.131601|124.241623|2.009989|1.000000|1.000000|1.000000
m60_49_57_00-AEG007_194_1015|13|146.541718|1342.515015|158.895782|2.993078|-21.866507|-11.452266|1.000000|1.000000|1.000000
m60_49_57_00-AEG007_194_1016|13|198.424438|1360.714233|49.345085|-12.424462|55.393406|171.525482|1.000000|1.000000|1.000000
m60_49_57_00-AEG007_194_1018|13|154.333130|1344.569092|138.045258|-15.824203|-62.302055|-5.040288|1.000000|1.000000|1.000000
m60_49_57_00-AEG007_194_1019|13|197.125153|1411.508789|112.336288|-3.862575|-33.811260|-3.755764|1.000000|1.000000|1.000000
m60_49_57_00-AEG007_194_1020|13|156.199585|1341.992432|140.771179|7.823716|135.269791|8.712863|1.000000|1.000000|1.000000
m60_49_57_00-AEG007_194_1022|13|175.016754|1343.662354|69.905167|-12.404864|84.667755|171.773911|1.000000|1.000000|1.000000
m60_49_57_00-AEG007_194_1025|13|183.115173|1348.295776|143.410492|12.113287|112.893433|-1.604230|1.000000|1.000000|1.000000
m60_49_57_00-AEG007_194_1028|13|190.491852|1401.983643|125.540955|14.585566|-68.751434|-176.867050|1.000000|1.000000|1.000000
m60_49_57_00-AEG007_194_1033|13|200.698395|1356.751831|66.143044|-176.666138|88.854393|-19.403366|1.000000|1.000000|1.000000
m60_49_57_00-AEG007_194_1034|13|137.468475|1340.983765|168.233780|-1.284314|5.454662|-30.309654|1.000000|1.000000|1.000000
m60_49_57_00-AEG007_194_1039|13|203.928497|1388.922485|115.581726|0.026371|-15.022047|165.881119|1.000000|1.000000|1.000000
m60_49_57_00-AEG007_194_1042|13|132.374374|1341.867920|147.198471|-172.567444|6.734256|-15.551556|1.000000|1.000000|1.000000
m60_49_57_00-AEG007_194_1043|13|37.882751|1298.192139|39.106720|165.556030|-62.225105|-0.474205|1.000000|1.000000|1.000000
m60_49_57_00-AEG007_194_1044|13|107.995506|1339.698486|215.295731|-5.826798|-11.831150|-174.788589|1.000000|1.000000|1.000000
m60_49_57_00-AEG007_194_1045|13|92.356483|1333.583252|194.679474|2.422149|125.387482|4.951287|1.000000|1.000000|1.000000
m60_49_57_00-AEG007_194_1046|13|95.277267|1328.218994|197.239624|-172.488693|-47.161018|-6.560891|1.000000|1.000000|1.000000
m60_49_57_00-AEG007_194_1047|13|99.254860|1332.793091|206.725235|178.127899|-81.125748|-9.802011|1.000000|1.000000|1.000000
m60_49_57_00-AEG007_194_1048|13|97.666794|1328.214111|201.778442|-0.056564|118.256668|1.551737|1.000000|1.000000|1.000000
m60_49_57_00-AEG007_194_1049|13|83.241882|1322.666260|180.730179|-5.425935|64.472031|3.662348|1.000000|1.000000|1.000000
m60_49_57_00-AEG007_194_1050|13|27.705368|1301.548218|146.389084|-7.219426|53.977474|-1.304462|1.000000|1.000000|1.000000
m60_49_57_00-AEG007_194_1051|13|25.896927|1293.581055|131.470169|-4.580486|144.897247|-0.716679|1.000000|1.000000|1.000000
m60_49_57_00-AEG007_194_1052|13|16.378128|1294.933105|125.946915|-5.774953|-37.362648|-0.709948|1.000000|1.000000|1.000000
m60_49_57_00-AEG007_194_1053|13|101.535896|1314.381958|213.110138|1.519844|111.339760|6.126598|1.000000|1.000000|1.000000
m60_49_57_00-AEG007_194_1055|13|177.671295|1342.740723|55.388687|23.630594|86.995659|-3.105284|1.000000|1.000000|1.000000
m60_49_57_00-AEG007_194_1056|13|203.444763|1358.286743|34.494370|-10.635662|-157.464813|18.126776|1.000000|1.000000|1.000000
m60_49_57_00-AEG040_054_1015|13|152.914276|1347.215820|137.615967|-22.594276|104.896988|-12.778981|1.000000|1.000000|1.000000
m60_49_57_00-AEG040_054_1016|13|128.887283|1341.548950|157.006454|-18.974113|106.368271|-10.739377|1.000000|1.000000|1.000000
m60_49_57_00-AEG040_054_1018|13|161.314606|1346.185913|110.994087|-17.580439|66.567375|-9.000589|1.000000|1.000000|1.000000
m60_49_57_00-AEG040_054_1020|13|171.891266|1348.308228|81.909546|-27.131693|131.477036|-12.780744|1.000000|1.000000|1.000000
m60_49_57_00-AEG040_054_1032|13|169.727768|1345.449829|76.035133|-22.162294|52.489918|-6.726006|1.000000|1.000000|1.000000
m60_49_57_00-AEG040_054_1033|13|149.200089|1348.070190|159.513336|-2.052522|-7.163458|-2.576735|1.000000|1.000000|1.000000
m60_49_57_00-AEG040_054_1034|13|147.208878|1345.340332|174.264893|1.746344|60.747299|12.028070|1.000000|1.000000|1.000000
m60_49_57_00-AEG040_054_1035|13|230.474976|1364.351196|76.534286|-19.415882|102.042290|0.654741|1.000000|1.000000|1.000000
m60_49_57_00-AEG040_054_1043|13|200.835815|1357.645142|67.841080|-14.175429|120.747910|5.160699|1.000000|1.000000|1.000000
m60_49_57_00-AEG040_054_1044|13|47.398453|1302.014160|32.630943|-11.700244|97.541237|-10.320562|1.000000|1.000000|1.000000
m60_49_57_00-AEG700_037_1000|13|195.337677|1344.345459|12.286461|2.827233|-27.342039|-2.899619|1.000000|1.000000|1.000000
