m443100_0000|0|0.000000|0.000000|0.000000|0.000000|0.000000|0.000000|1.000000|1.000000|1.000000
m443101_0000|0|0.000000|0.000000|0.000000|0.000000|0.000000|0.000000|1.000000|1.000000|1.000000
m443102_0000|0|0.000000|0.000000|0.000000|0.000000|0.000000|0.000000|1.000000|1.000000|1.000000
c0100_9002|2|105.639999|13.394000|64.648003|0.000000|117.308998|0.000000|1.000000|1.000000|1.000000
c0100_9003|2|-122.130997|8.752000|-70.873001|0.000000|-76.013000|0.000000|1.000000|1.000000|1.000000
c2272_9000|2|50.187000|11.927000|99.552002|0.000000|175.149002|0.000000|1.000000|1.000000|1.000000
c3661_9000|2|33.335999|11.936000|89.197998|0.000000|-50.152000|0.000000|1.000000|1.000000|1.000000
c3661_9001|2|36.325001|11.945000|95.137001|0.000000|-26.965000|0.000000|1.000000|1.000000|1.000000
c3661_9002|2|39.028999|11.933000|94.615997|0.000000|23.867001|0.000000|1.000000|1.000000|1.000000
c3661_9003|2|48.747002|11.914000|104.088997|0.000000|22.177000|0.000000|1.000000|1.000000|1.000000
c3661_9004|2|46.986000|11.912000|107.282997|0.000000|-84.114998|0.000000|1.000000|1.000000|1.000000
c3661_9005|2|52.403000|11.914000|102.405998|0.000000|39.966000|0.000000|1.000000|1.000000|1.000000
c3661_9006|2|56.264999|11.961000|111.288002|0.000000|174.259003|0.000000|1.000000|1.000000|1.000000
c3661_9007|2|57.650002|11.935000|124.515999|0.000000|-28.389999|0.000000|1.000000|1.000000|1.000000
c3661_9008|2|81.207001|11.939000|103.449997|0.000000|112.041000|0.000000|1.000000|1.000000|1.000000
c3661_9009|2|86.584999|11.971000|112.247002|0.000000|-165.552994|0.000000|1.000000|1.000000|1.000000
c3661_9010|2|72.129997|11.983000|70.737999|0.000000|70.682999|0.000000|1.000000|1.000000|1.000000
c3661_9011|2|72.279999|11.978000|72.917000|0.000000|167.070999|0.000000|1.000000|1.000000|1.000000
c3661_9012|2|64.431000|11.956000|71.804001|0.000000|153.667999|0.000000|1.000000|1.000000|1.000000
c3661_9013|2|42.300999|11.989000|67.400002|0.000000|-138.139999|0.000000|1.000000|1.000000|1.000000
c3661_9014|2|38.688999|11.978000|75.748001|0.000000|-149.438004|0.000000|1.000000|1.000000|1.000000
c3661_9015|2|54.643002|11.984000|117.599998|0.000000|-74.174004|0.000000|1.000000|1.000000|1.000000
c3661_9016|2|40.955002|11.922000|88.464996|0.000000|-50.152000|0.000000|1.000000|1.000000|1.000000
c3661_9017|2|29.499001|11.965000|87.115997|0.000000|-50.152000|0.000000|1.000000|1.000000|1.000000
c3661_9018|2|28.865000|11.958000|92.288002|0.000000|-85.152000|0.000000|1.000000|1.000000|1.000000
c4170_9000|2|50.068001|11.916000|88.902000|0.000000|-22.973000|0.000000|1.000000|1.000000|1.000000
c4170_9001|2|52.091999|11.916000|90.007004|0.000000|-128.591995|0.000000|1.000000|1.000000|1.000000
c4170_9002|2|56.875999|11.916000|86.356003|0.000000|-35.825001|0.000000|1.000000|1.000000|1.000000
c4170_9003|2|60.421001|11.917000|87.800003|0.000000|-107.052002|0.000000|1.000000|1.000000|1.000000
c4170_9004|2|62.379002|11.922000|83.882004|0.000000|-48.688999|0.000000|1.000000|1.000000|1.000000
c4170_9005|2|68.225998|11.926000|109.852997|0.000000|53.993000|0.000000|1.000000|1.000000|1.000000
c4170_9006|2|74.663002|11.927000|110.822998|0.000000|-93.268997|0.000000|1.000000|1.000000|1.000000
c4180_9000|2|36.002998|0.215000|-20.399000|0.000000|19.672001|0.000000|1.000000|1.000000|1.000000
c4180_9001|2|30.268999|0.215000|-26.433001|0.000000|-146.929001|0.000000|1.000000|1.000000|1.000000
c4180_9002|2|32.587002|0.215000|-23.857000|0.000000|-91.671997|0.000000|1.000000|1.000000|1.000000
c4180_9003|2|31.577000|0.215000|-19.882000|0.000000|-152.662994|0.000000|1.000000|1.000000|1.000000
c4200_9000|2|111.092003|14.615000|64.565002|0.000000|103.180000|0.000000|1.000000|1.000000|1.000000
c4200_9001|2|108.116997|14.326000|62.707001|0.000000|82.889000|0.000000|1.000000|1.000000|1.000000
c4200_9002|2|-124.915001|9.719000|-71.968002|0.000000|-96.713997|0.000000|1.000000|1.000000|1.000000
c4200_9003|2|-124.778000|9.349000|-68.546997|0.000000|-86.653999|0.000000|1.000000|1.000000|1.000000
c4200_9004|2|-127.376999|9.681000|-71.398003|0.000000|-86.554001|0.000000|1.000000|1.000000|1.000000
c6090_9001|2|-95.857002|9.471000|-69.857002|-0.549000|-64.246002|1.587000|1.000000|1.000000|1.000000
c0000_9000|4|-16.787376|16.307861|0.676988|0.000000|-179.557602|0.000000|1.000000|1.000000|1.000000
c0000_9001|4|-99.360001|4.010000|47.410000|0.000000|41.000000|0.000000|1.000000|1.000000|1.000000
h443100|5|0.000000|0.000000|0.000000|0.000000|0.000000|0.000000|1.000000|1.000000|1.000000
h443150|5|0.000000|0.000000|0.000000|0.000000|0.000000|0.000000|1.000000|1.000000|1.000000
h443151|5|0.000000|0.000000|0.000000|0.000000|0.000000|0.000000|1.000000|1.000000|1.000000
h443152|5|0.000000|0.000000|0.000000|0.000000|0.000000|0.000000|1.000000|1.000000|1.000000
h443153|5|0.000000|0.000000|0.000000|0.000000|0.000000|0.000000|1.000000|1.000000|1.000000
AEG099_610_9001|9|37.737000|-0.603000|-25.783001|0.000000|-66.262001|0.000000|1.000000|1.000000|1.000000
c6060_9020|10|-104.407997|5.123365|24.048000|-3.992000|150.496002|0.000000|1.000000|1.000000|1.000000
c6060_9021|10|-101.608002|4.961198|22.580999|-0.000000|134.979996|-0.000000|1.000000|1.000000|1.000000
c6060_9022|10|-105.767998|5.286894|22.518999|-0.000000|151.447006|-0.000000|1.000000|1.000000|1.000000
c6060_9023|10|-108.091003|5.447233|24.332001|0.000000|-111.478996|0.000000|1.000000|1.000000|1.000000
AEG001_290_7000|13|-87.097054|10.526611|-52.550777|-7.310618|-31.045416|-2.622182|1.100000|1.100000|1.100000
AEG001_290_7001|13|-85.296982|4.503173|35.353275|5.262524|-73.099709|0.040708|1.100000|1.100000|1.100000
AEG001_290_7002|13|-59.909924|9.234270|-33.157654|-3.120622|-56.040482|-0.992303|1.100000|1.100000|1.100000
AEG001_290_7003|13|-59.777462|7.674456|119.130646|-3.036836|27.022043|5.958876|0.900000|0.900000|0.900000
AEG001_290_7004|13|-26.273039|10.913582|96.901031|-2.509865|13.793635|2.923185|1.100000|1.100000|1.100000
AEG001_290_7006|13|54.480343|11.900829|83.367119|-0.003197|115.213692|0.003606|1.100000|1.100000|1.100000
AEG001_290_7007|13|-9.288713|11.034705|74.396194|-4.791972|31.171846|1.509117|1.100000|1.100000|1.100000
AEG001_290_7009|13|19.409378|12.559043|118.023537|-4.492200|-3.860331|-3.606498|1.100000|1.100000|1.100000
AEG001_290_7010|13|19.226049|12.375787|115.072769|-3.675921|-72.940826|1.805902|1.100000|1.100000|1.100000
AEG001_290_7011|13|10.486290|12.431513|107.796562|0.004918|149.271484|0.000355|1.100000|1.100000|1.100000
AEG001_290_7041|13|117.633026|13.627759|77.083488|4.080846|-113.122513|3.653961|1.100000|1.100000|1.100000
AEG001_290_7052|13|14.571101|11.324562|48.028244|-3.473819|108.896790|-3.272468|1.100000|1.100000|1.100000
AEG001_290_7084|13|-4.711717|14.293352|126.745155|0.476202|117.711792|-7.186483|1.100000|1.100000|1.100000
AEG001_290_7118|13|103.786758|12.528376|99.609070|-1.638377|35.920212|7.474877|0.900000|0.900000|0.900000
AEG001_290_7142|13|34.059784|12.001969|43.076183|0.941692|-58.977440|0.374431|1.100000|1.100000|1.100000
AEG001_290_7147|13|28.648050|11.851181|39.762524|-1.524478|112.134033|-0.908194|1.100000|1.100000|1.100000
AEG001_290_7150|13|107.934547|13.202719|81.329704|6.653998|-105.041710|0.743178|1.100000|1.100000|1.100000
AEG001_290_7159|13|68.257164|11.974263|65.475838|0.369759|-63.512161|-0.335989|1.100000|1.100000|1.100000
AEG001_290_7163|13|40.099068|12.251558|36.714386|-1.909626|134.216995|0.689221|1.100000|1.100000|1.100000
AEG001_290_7173|13|-40.152363|8.404037|66.838051|-3.083709|-8.767679|3.880203|0.900000|0.900000|0.900000
AEG001_290_7190|13|11.161747|11.081272|49.440178|5.203293|-83.583160|2.676014|1.100000|1.100000|1.100000
AEG001_290_7194|13|127.605133|17.489410|97.135208|-8.082982|0.723672|0.662528|1.100000|1.100000|1.100000
AEG001_290_7209|13|34.890442|12.210678|127.995415|-2.422674|-101.453514|1.494636|1.200000|1.200000|1.200000
AEG001_290_7215|13|-67.656654|6.292074|51.123817|-0.002982|94.156105|-0.002744|1.100000|1.100000|1.100000
AEG001_290_7218|13|-13.189054|12.049294|107.515678|5.375441|-160.043900|-1.109125|1.100000|1.100000|1.100000
AEG001_290_7219|13|5.240225|12.416083|105.364815|-1.890716|42.006733|-1.887473|1.100000|1.100000|1.100000
AEG001_290_7220|13|2.850243|12.551483|107.867805|-2.421436|43.856644|-2.283769|1.100000|1.100000|1.100000
AEG001_290_7221|13|107.917580|12.743378|65.542061|2.210331|-123.853157|-1.450623|1.100000|1.100000|1.100000
AEG001_290_7223|13|106.137062|12.559316|103.238197|-8.259521|118.467148|0.079283|1.200000|1.200000|1.200000
AEG001_290_7224|13|119.209908|14.075312|79.825500|5.460379|-88.124023|15.059119|1.100000|1.100000|1.100000
AEG001_290_7226|13|90.523041|12.082062|69.855095|-0.389897|169.184891|-1.066643|1.100000|1.100000|1.100000
AEG001_290_7232|13|133.300842|17.192375|133.478806|-1.100192|-1.085165|11.502230|1.100000|1.100000|1.100000
AEG001_290_7233|13|135.917007|17.666145|90.093346|14.033909|-111.933144|1.661730|1.100000|1.100000|1.100000
AEG001_290_7234|13|17.582808|12.117649|72.769257|0.066362|-64.347961|-0.693359|1.100000|1.100000|1.100000
AEG001_290_7235|13|0.204113|12.208153|101.286499|0.000765|-86.809814|0.002076|1.100000|1.100000|1.100000
AEG001_290_7236|13|-11.074414|11.685501|96.627197|-0.865321|-4.406277|2.592330|1.100000|1.100000|1.100000
AEG001_290_7237|13|0.318937|10.849967|62.181725|4.600159|-87.323593|4.323209|1.100000|1.100000|1.100000
AEG001_290_7240|13|45.080784|12.068090|46.252953|-0.559882|-154.524719|-0.342768|1.100000|1.100000|1.100000
AEG001_290_7242|13|132.333939|16.600777|85.583374|-8.107490|98.108376|-7.969173|1.100000|1.100000|1.100000
AEG001_290_7243|13|69.912613|11.903310|119.867508|0.008715|21.302078|-0.033140|1.100000|1.100000|1.100000
AEG001_290_7244|13|61.719410|11.914177|124.564941|0.064286|105.591095|-0.041389|1.100000|1.100000|1.100000
AEG001_290_7245|13|84.398254|12.021851|83.735107|-0.014462|175.315826|-0.121849|1.100000|1.100000|1.100000
AEG001_290_7246|13|77.794823|11.912683|122.428314|-0.087810|-0.414227|0.289928|1.100000|1.100000|1.100000
AEG001_290_7247|13|72.038727|11.906226|108.882851|0.019015|-31.852228|0.056800|1.100000|1.100000|1.100000
AEG001_290_7248|13|59.822834|11.908992|78.736038|0.008387|-124.925812|-0.130811|1.100000|1.100000|1.100000
AEG001_290_7249|13|129.949463|16.440907|130.597397|-9.152437|111.002220|-4.499202|1.100000|1.100000|1.100000
AEG001_290_7251|13|-20.156807|9.666810|66.079910|-4.723735|0.449973|3.906786|1.100000|1.100000|1.100000
AEG001_290_7252|13|-16.136021|9.360689|59.513832|4.438994|167.340637|-5.037346|1.100000|1.100000|1.100000
AEG001_290_7253|13|4.298764|11.712173|70.613556|-0.004520|84.858070|-0.003269|1.100000|1.100000|1.100000
AEG001_290_7254|13|-75.908348|10.008424|-24.102695|-2.806304|-85.886604|-9.969898|1.100000|1.100000|1.100000
AEG001_290_7255|13|50.381596|12.114931|32.626770|0.246160|30.793262|-3.543846|1.100000|1.100000|1.100000
AEG001_290_7256|13|123.350655|15.378332|108.133034|3.394549|-22.607645|3.838375|1.100000|1.100000|1.100000
AEG001_290_7257|13|30.593149|12.416462|127.136673|-0.073652|-153.786728|3.791739|1.100000|1.100000|1.100000
AEG001_290_7258|13|127.184914|15.010796|78.748535|10.145018|-112.592957|0.423254|1.100000|1.100000|1.100000
AEG001_290_7259|13|38.364384|11.917102|106.029549|0.065761|-60.734501|-0.352028|1.100000|1.100000|1.100000
AEG001_290_7260|13|53.067802|11.907955|95.288910|-0.002105|31.265474|-0.056687|1.100000|1.100000|1.100000
AEG001_290_7261|13|-121.090263|8.874135|-72.452263|6.479583|0.478250|-0.614991|1.100000|1.100000|1.100000
AEG001_290_7262|13|-115.238655|10.174631|-85.332130|3.176639|-20.206348|-5.107627|1.100000|1.100000|1.100000
AEG001_290_7263|13|-118.680977|10.628879|-87.384529|6.644819|62.362633|3.931156|0.900000|0.900000|0.900000
AEG001_290_7264|13|-75.176750|9.269567|-20.404083|10.383254|32.400700|3.106807|0.900000|0.900000|0.900000
AEG001_290_7265|13|-40.747078|9.104568|80.187103|2.182328|170.904083|-4.816985|1.100000|1.100000|1.100000
AEG001_290_7266|13|-44.624168|8.815559|80.519783|4.695646|-94.912529|2.442066|0.900000|0.900000|0.900000
AEG001_290_7267|13|-0.071083|14.592544|127.716774|-7.439687|-0.960387|1.463081|0.900000|0.900000|0.900000
AEG001_290_7268|13|43.051453|12.008460|127.037369|0.742469|135.209671|0.387873|0.900000|0.900000|0.900000
AEG001_290_7269|13|102.691101|12.000000|128.553421|0.000000|37.839218|0.000000|1.100000|1.100000|1.100000
AEG001_290_7270|13|136.076248|17.656452|128.166595|-6.660250|32.161640|11.055781|0.900000|0.900000|0.900000
AEG001_290_7271|13|138.374344|17.985958|121.133751|12.779448|-125.416580|-7.030282|1.100000|1.100000|1.100000
AEG001_290_7272|13|134.848892|16.458525|82.013962|1.823591|158.898300|-9.585025|0.900000|0.900000|0.900000
AEG001_290_7273|13|-107.462593|9.368659|-75.367317|-2.320845|159.556015|0.324516|0.900000|0.900000|0.900000
AEG004_904_1000|13|33.949547|-0.540707|-13.408157|-3.405391|-29.184702|-1.490505|1.000000|1.000000|1.000000
AEG004_904_1001|13|-8.594443|2.734147|-0.391398|5.235640|140.906754|0.119364|1.000000|1.000000|1.000000
AEG004_904_1002|13|2.919600|-0.085609|-30.909382|1.374917|-159.190170|4.899131|1.000000|1.000000|1.000000
AEG004_904_1003|13|53.858704|-0.680195|17.512814|-2.508961|-67.173782|-1.551649|1.000000|1.000000|1.000000
AEG004_904_1004|13|-21.800037|2.607571|-16.494974|-7.439586|-111.567856|9.030824|1.000000|1.000000|1.000000
AEG004_904_1009|13|53.198784|11.693451|97.785576|-2.499685|16.631598|-0.749414|1.000000|1.000000|1.000000
AEG004_904_1011|13|54.076782|11.900116|88.128250|-7.363669|88.038651|23.388945|1.000000|1.000000|1.000000
AEG004_904_1012|13|39.361538|11.985833|105.639053|-46.809929|-141.229477|-81.727890|1.000000|1.000000|1.000000
AEG004_904_1013|13|75.596214|11.737517|122.974014|-2.469404|-120.439812|-35.321754|1.000000|1.000000|1.000000
AEG004_904_1014|13|66.097748|11.975088|108.792976|-12.616321|-167.788559|-2.775543|1.000000|1.000000|1.000000
AEG004_904_1016|13|44.085430|11.726096|75.521118|-12.133097|-179.526428|-35.965015|1.000000|1.000000|1.000000
AEG004_904_1017|13|101.388451|11.832652|104.173767|-2.954827|126.723427|-0.407418|1.000000|1.000000|1.000000
AEG004_904_1018|13|58.388485|11.860601|74.513977|-8.733150|1.312520|-79.965439|1.000000|1.000000|1.000000
AEG004_904_1019|13|62.979977|11.783524|125.903275|-4.437821|103.690735|-1.094469|1.000000|1.000000|1.000000
AEG004_904_1020|13|74.093849|11.723401|97.331245|-4.300822|-46.277988|30.788233|1.000000|1.000000|1.000000
AEG004_904_1021|13|68.006256|11.975088|65.817978|-12.616320|114.384117|-2.775544|1.000000|1.000000|1.000000
AEG004_904_1022|13|70.094261|11.693451|84.768715|-4.207959|23.048868|-1.624411|1.000000|1.000000|1.000000
AEG004_904_1023|13|75.710892|11.962790|105.478531|-24.030128|152.901321|-85.134254|1.000000|1.000000|1.000000
AEG004_907_1011|13|44.890358|11.915442|108.458130|0.666080|143.002258|-0.338451|1.000000|1.000000|1.000000
AEG004_907_1012|13|87.091179|11.949532|116.979439|-0.022840|0.001667|0.403418|1.000000|1.000000|1.000000
AEG007_078_1003|13|-46.919010|8.951001|101.699005|104.920029|65.000023|9.999991|1.000000|1.000000|1.000000
AEG007_094_1003|13|-46.919010|8.951001|101.699005|104.920029|65.000023|9.999991|1.000000|1.000000|1.000000
AEG007_396_1000|13|-46.918999|8.951000|101.699005|104.920006|65.000008|10.000008|1.000000|1.000000|1.000000
AEG097_023_1000|13|64.000000|12.000000|128.000000|0.000000|0.000000|0.000000|1.000000|1.000000|1.000000
AEG099_090_9000|13|70.490997|25.530001|105.408997|0.000000|-158.317993|0.000000|1.000000|1.000000|1.000000
AEG099_350_1000|13|79.032341|14.662314|123.170761|2.564805|-136.506393|5.020464|1.000000|1.000000|1.000000
AEG099_350_1002|13|54.552433|20.677124|81.110031|2.243773|121.812927|-0.569176|1.000000|1.000000|1.000000
AEG099_350_1003|13|84.007317|12.353010|85.229500|8.265850|178.076233|-1.763582|1.000000|1.000000|1.000000
AEG099_350_1004|13|84.873428|14.302119|82.828247|0.092126|-135.393295|-2.786115|1.000000|1.000000|1.000000
AEG099_350_1007|13|68.309021|12.870945|60.507515|3.568828|-86.985291|1.324073|1.000000|1.000000|1.000000
AEG099_350_1008|13|71.094849|5.766901|106.547211|-2.362520|132.892685|-2.418787|1.000000|1.000000|1.000000
AEG099_350_1010|13|67.596367|25.020130|102.545639|2.203939|167.455643|4.285426|1.000000|1.000000|1.000000
AEG099_350_1011|13|69.767563|2.459976|106.014282|-3.210660|41.030323|-8.341705|1.000000|1.000000|1.000000
AEG099_350_1012|13|66.035965|15.089031|124.355988|0.919479|132.304596|-2.797263|1.000000|1.000000|1.000000
AEG099_350_1013|13|57.162880|12.826989|103.515343|-3.499218|101.827545|-0.659234|1.000000|1.000000|1.000000
AEG099_360_1001|13|52.766434|18.366968|79.569305|6.749871|99.303680|-1.493196|1.000000|1.000000|1.000000
AEG099_360_1002|13|65.958755|21.966177|104.674805|7.710098|164.827438|6.472559|1.000000|1.000000|1.000000
AEG099_360_1005|13|68.235847|23.064957|102.881493|3.941785|-134.973709|10.338308|1.000000|1.000000|0.999999
AEG099_360_1006|13|34.597286|12.142310|105.382690|0.058876|111.088745|-0.060038|1.000000|1.000000|1.000000
AEG099_360_1007|13|70.556633|26.579996|106.006454|-3.838573|95.507629|-0.452329|1.000000|1.000000|1.000000
AEG099_360_1011|13|58.120510|13.905526|56.529564|5.596389|82.227203|3.800753|1.000000|1.000000|1.000000
AEG099_360_1013|13|55.133888|19.496561|78.551895|6.951292|9.721025|-5.819381|1.000000|1.000000|1.000000
AEG099_360_1014|13|63.588169|22.114077|98.545326|1.202908|101.917145|-2.759830|1.000000|1.000000|1.000000
AEG099_372_1000|13|-53.799358|8.923349|-33.626163|-0.002069|-26.546343|-0.002112|1.000000|1.000000|1.000000
AEG099_372_1001|13|-62.827633|9.072988|-44.717884|0.001093|-166.098160|0.003634|1.000000|1.000000|1.000000
AEG099_372_1002|13|-56.578621|8.785142|-43.726151|-0.003148|-44.172558|-0.000791|1.000000|1.000000|1.000000
AEG099_372_1003|13|-55.149872|8.770339|-42.041355|0.000765|-162.456100|0.003060|1.000000|1.000000|1.000000
AEG099_372_1004|13|-55.240467|8.152098|-34.046146|-0.000356|-153.682602|0.003005|1.000000|1.000000|1.000000
AEG099_372_1005|13|-68.129158|9.687744|-38.305187|-0.004053|-27.486284|-0.003165|1.000000|1.000000|1.000000
AEG099_372_1007|13|-63.318237|8.283519|-45.116817|-0.003868|-72.763298|-0.000308|1.000000|1.000000|1.000000
AEG099_372_1008|13|-69.342735|8.551017|-39.617058|0.005191|109.950447|-0.000867|1.000000|1.000000|1.000000
AEG099_372_1013|13|-56.359699|8.602853|-49.282722|-0.000300|-137.043182|0.003388|1.000000|1.000000|1.000000
AEG099_376_1000|13|-60.910252|9.110917|-40.532799|-0.003133|150.263870|-0.001966|1.000000|1.000000|1.000000
AEG099_590_9000|13|40.223999|-0.576000|-25.056000|0.000000|-66.262001|0.000000|1.000000|1.000000|1.000000
AEG099_590_9001|13|38.648998|-0.285000|-23.577000|0.000000|-94.472000|-90.000000|1.000000|1.000000|1.000000
AEG099_590_9002|13|37.737000|-0.603000|-25.783001|0.000000|-66.262001|0.000000|1.000000|1.000000|1.000000
AEG099_610_9000|13|40.223999|-0.576000|-25.056000|0.000000|-66.262001|0.000000|1.000000|1.000000|1.000000
AEG099_610_9002|13|38.648998|-0.285000|-23.577000|0.000000|-94.472000|0.000000|1.000000|1.000000|1.000000
AEG099_650_9000|13|70.389999|11.932000|109.468002|0.000000|8.242000|0.000000|1.000000|1.000000|1.000000
AEG099_650_9001|13|51.493999|11.924000|93.128998|0.000000|123.472000|0.000000|1.000000|1.000000|1.000000
AEG099_650_9002|13|59.610001|11.925000|91.415001|0.000000|-123.420998|0.000000|1.000000|1.000000|1.000000
AEG099_650_9003|13|74.335999|12.015000|101.644997|0.000000|5.346000|0.000000|1.000000|1.000000|1.000000
AEG099_650_9004|13|74.774002|12.015000|108.389999|0.000000|28.542000|0.000000|1.000000|1.000000|1.000000
AEG099_650_9005|13|66.211998|11.992000|64.863998|0.000000|136.158005|0.000000|1.000000|1.000000|1.000000
AEG099_650_9006|13|81.556854|11.999999|125.224167|0.000000|-97.439003|0.000000|1.000000|1.000000|1.000000
AEG099_650_9007|13|37.171001|11.956000|85.463997|0.000000|146.009995|0.000000|1.000000|1.000000|1.000000
AEG099_680_9000|13|-16.320000|9.216000|57.937000|4.626000|141.705002|-7.301000|1.000000|1.000000|1.000000
AEG099_680_9001|13|22.472000|12.323000|116.016998|-0.802000|57.817001|-2.006000|1.000000|1.000000|1.000000
AEG099_680_9002|13|30.846001|12.263000|124.331001|3.795000|-137.136993|0.872000|1.000000|1.000000|1.000000
AEG099_680_9003|13|86.234001|11.923000|84.431000|1.697000|61.776001|-0.544000|1.000000|1.000000|1.000000
AEG099_680_9008|13|27.455999|11.761000|41.536999|-1.809000|111.344002|1.389000|1.000000|1.000000|1.000000
AEG099_680_9010|13|49.831001|12.079000|33.242001|-1.190000|149.419006|5.579000|1.000000|1.000000|1.000000
AEG099_680_9011|13|-101.924004|11.075000|-35.944000|-0.110000|-106.401001|-11.022000|1.000000|1.000000|1.000000
AEG099_680_9012|13|-75.903000|8.881000|-74.168999|0.299000|-32.866001|-0.933000|1.000000|1.000000|1.000000
AEG099_680_9013|13|-99.275002|11.592000|-38.146999|1.687000|63.165001|8.407000|1.000000|1.000000|1.000000
AEG099_680_9014|13|-34.658001|4.745000|6.016000|1.696000|-99.068001|-0.000000|1.000000|1.000000|1.000000
AEG099_680_9015|13|-71.384003|7.666000|-14.483000|-3.320000|-127.079002|-6.284000|1.000000|1.000000|1.000000
AEG099_680_9016|13|-66.796997|6.088000|49.603001|-0.517000|116.500000|-2.777000|1.000000|1.000000|1.000000
AEG099_720_9000|13|-108.691002|7.750000|121.846001|-4.130000|10.505000|-0.778000|1.000000|1.000000|1.000000
AEG099_720_9001|13|-115.447998|8.295000|121.441002|-7.087000|-86.400002|-0.154000|1.000000|1.000000|1.000000
AEG099_720_9002|13|1.638000|9.084000|58.235001|0.000000|98.970001|0.000000|1.000000|1.000000|1.000000
AEG099_720_9003|13|0.646000|9.196000|61.696999|0.000000|-146.029999|0.000000|1.000000|1.000000|1.000000
AEG099_720_9004|13|113.002998|13.038000|127.153000|3.909000|-131.031006|-6.950000|1.000000|1.000000|1.000000
AEG099_720_9005|13|-86.960999|10.355000|-54.442001|7.654000|141.139008|-0.969000|1.000000|1.000000|1.000000
AEG099_720_9006|13|102.716003|12.480000|97.363998|-2.343000|173.242996|-6.197000|1.000000|1.000000|1.000000
AEG099_720_9007|13|109.639000|13.268000|80.155998|-0.000000|-115.054001|-4.286000|1.000000|1.000000|1.000000
AEG099_720_9008|13|119.499001|13.816000|76.620003|-8.494000|44.112000|-1.116000|1.000000|1.000000|1.000000
AEG099_720_9009|13|135.024994|17.409000|139.735001|0.000000|-125.656998|0.000000|1.000000|1.000000|1.000000
AEG099_720_9010|13|116.351997|13.621000|78.124001|0.000000|-84.264999|0.000000|1.000000|1.000000|1.000000
AEG099_720_9014|13|4.973000|11.858000|71.292000|0.000000|29.304001|0.000000|1.000000|1.000000|1.000000
AEG099_720_9015|13|3.414000|11.430000|67.704002|-6.010000|129.947998|-4.920000|1.000000|1.000000|1.000000
AEG099_720_9017|13|18.500000|12.173000|71.341003|-0.481000|103.925003|-2.267000|1.000000|1.000000|1.000000
AEG099_720_9019|13|13.567000|11.386000|50.028000|-7.462000|149.492004|-1.104000|1.000000|1.000000|1.000000
AEG099_720_9020|13|44.183998|12.095000|45.205002|0.000000|127.487000|0.000000|1.000000|1.000000|1.000000
AEG099_720_9021|13|46.769001|12.072000|48.117001|0.000000|-34.601002|0.000000|1.000000|1.000000|1.000000
AEG099_720_9022|13|-39.327000|8.759000|69.869003|-2.048000|-75.956001|0.615000|1.000000|1.000000|1.000000
AEG099_720_9023|13|-38.268002|8.291000|66.007004|0.000000|64.084999|0.000000|1.000000|1.000000|1.000000
AEG099_720_9024|13|-29.627001|5.950000|24.787001|0.000000|77.311996|-3.739000|1.000000|1.000000|1.000000
AEG099_720_9026|13|-127.333000|7.380000|-0.213000|0.000000|-12.476000|0.000000|1.000000|1.000000|1.000000
AEG099_720_9027|13|-128.380997|7.589000|-1.614000|0.000000|74.950996|-0.152000|1.000000|1.000000|1.000000
AEG099_720_9031|13|-12.166000|11.678000|97.188004|0.000000|-120.557999|0.000000|1.000000|1.000000|1.000000
AEG099_720_9032|13|4.634000|12.453000|107.236000|0.000000|-11.566000|0.000000|1.000000|1.000000|1.000000
AEG099_720_9033|13|9.381000|12.307000|106.635002|0.000000|154.636993|0.000000|1.000000|1.000000|1.000000
AEG099_720_9034|13|-59.721001|9.338000|-30.827000|0.000000|89.630997|0.000000|1.000000|1.000000|1.000000
AEG099_720_9035|13|-72.744003|6.087000|54.264000|1.559000|41.047001|2.365000|1.000000|1.000000|1.000000
AEG099_720_9036|13|-84.289001|4.644000|33.876999|0.000000|87.901001|-1.369000|1.000000|1.000000|1.000000
AEG099_720_9037|13|-82.880997|4.432000|39.729000|-1.605000|-29.999001|3.100000|1.000000|1.000000|1.000000
AEG099_760_9000|13|-64.874001|7.281000|103.759003|7.379000|-123.343002|-7.599000|1.000000|1.000000|1.000000
AEG099_760_9002|13|-124.748001|7.122000|-23.024000|2.375000|55.519001|1.887000|1.000000|1.000000|1.000000
AEG099_760_9003|13|130.427994|16.164000|84.416000|2.774000|-121.806999|1.885000|1.000000|1.000000|1.000000
AEG099_760_9004|13|126.925003|17.051001|94.792000|1.073000|172.335999|-6.715000|1.000000|1.000000|1.000000
AEG099_795_9000|13|-52.762001|13.780000|106.424004|0.000000|-84.016998|0.000000|1.000000|1.000000|1.000000
AEG099_795_9001|13|-32.037998|11.374000|108.778000|0.000000|-44.167999|0.000000|1.000000|1.000000|1.000000
AEG099_795_9002|13|-50.291000|17.169001|89.416000|0.000000|147.891006|0.000000|1.000000|1.000000|1.000000
AEG700_101_1000|13|3.321548|-0.330698|-36.619316|3.203768|91.479752|-1.804147|1.000000|1.000000|1.000000
AEG700_101_1001|13|-16.449188|2.645333|-11.994913|4.937325|162.865265|1.953052|1.000000|1.000000|1.000000
AEG700_101_1002|13|47.456387|-0.343749|16.061111|-2.786927|-134.774872|0.955407|1.000000|1.000000|1.000000
AEG700_101_1003|13|-15.798378|1.860736|-20.341345|-0.117506|67.291435|-5.309586|1.000000|1.000000|1.000000
AEG801_006_7076|13|16.117874|11.340214|41.302357|1.206539|176.380814|-3.992521|1.100000|1.100000|1.100000
AEG801_006_7185|13|122.416946|13.528309|69.311363|-0.006123|45.198833|0.008989|1.100000|1.100000|1.100000
AEG801_006_7241|13|128.170639|14.684465|75.279167|-4.575485|44.669601|2.205249|1.100000|1.100000|1.100000
AEG801_006_7396|13|130.713150|17.603369|94.861122|-10.449679|27.331165|2.866112|1.100000|1.100000|1.100000
AEG801_006_7397|13|25.788399|11.754555|37.475929|0.461502|-165.305954|-1.713192|1.100000|1.100000|1.100000
AEG801_006_7402|13|19.451014|11.656564|48.872559|0.002978|-144.557861|-0.001302|1.100000|1.100000|1.100000
AEG801_006_7403|13|25.870577|11.885941|49.054981|-1.932399|40.937721|0.438471|1.100000|1.100000|1.100000
AEG801_006_7404|13|3.250840|12.227158|86.406647|-0.000257|23.762968|0.002322|1.100000|1.100000|1.100000
AEG801_006_7405|13|49.801144|12.054322|48.384605|-0.437239|174.356079|-0.048401|1.100000|1.100000|1.100000
AEG801_006_7406|13|131.369507|15.871517|80.999016|7.769284|-88.428238|8.250239|1.200000|1.200000|1.200000
AEG801_006_7422|13|-72.860947|5.845070|49.745415|0.003798|-169.629791|-0.004810|1.100000|1.100000|1.100000
AEG801_006_7451|13|8.740656|10.987228|52.484581|6.588129|-120.810738|-0.107392|1.100000|1.100000|1.100000
AEG801_006_7635|13|-110.283470|8.023832|122.216805|-0.000966|-0.783487|-0.004504|0.704000|0.704000|0.704000
AEG801_006_7636|13|-114.586838|8.375401|119.255219|5.854702|94.663063|0.697637|1.100000|1.100000|1.100000
AEG801_006_7637|13|-107.689629|7.765949|119.678650|-0.000916|11.301177|-0.004464|0.664200|0.664200|0.664200
AEG801_006_7638|13|-104.141785|7.486085|118.345207|3.146312|82.649124|-2.807398|1.100000|1.100000|1.100000
AEG801_006_7639|13|-87.693985|7.077882|122.374275|1.050456|82.709152|-4.441518|1.100000|1.100000|1.100000
AEG801_006_7640|13|-103.918846|6.924450|108.683197|3.547273|82.691826|-4.519425|1.100000|1.100000|1.100000
AEG801_006_7645|13|48.347477|12.077613|45.850254|-0.126801|-101.332619|-0.795787|1.100000|1.100000|1.100000
AEG801_006_7647|13|54.854465|12.050874|47.947437|0.272333|82.598389|0.311265|1.100000|1.100000|1.100000
AEG801_006_7651|13|-30.891758|10.847873|103.780800|-4.017064|82.337746|-1.103672|1.100000|1.100000|1.100000
AEG801_006_7654|13|-15.896942|9.713531|63.175571|5.322930|-176.650757|-3.800415|1.100000|1.100000|1.100000
AEG801_006_7655|13|-12.236690|10.886185|75.162727|5.293862|-122.350136|0.827109|1.100000|1.100000|1.100000
AEG801_006_7659|13|14.194737|12.243736|106.185692|-0.001677|-91.850128|0.001585|1.100000|1.100000|1.100000
AEG801_006_7660|13|24.445730|11.970344|53.872913|-1.808376|24.186768|0.126031|1.100000|1.100000|1.100000
AEG801_006_7661|13|-1.652756|13.694320|121.451057|-0.005645|23.013069|-0.001868|1.100000|1.100000|1.100000
AEG801_006_7662|13|-28.351425|10.943632|101.451118|-3.756081|82.633614|-1.229357|1.100000|1.100000|1.100000
AEG801_006_7663|13|-0.408929|12.076206|96.746330|0.001311|-159.238678|-0.001069|1.100000|1.100000|1.100000
AEG801_006_7665|13|134.153793|17.080580|119.410080|-8.837143|81.982101|-0.113108|1.100000|1.100000|1.100000
AEG801_006_7667|13|112.364563|12.928525|123.971992|-9.213358|82.344696|0.813011|1.200000|1.200000|1.200000
AEG801_006_7668|13|115.990723|13.603025|127.721848|-9.493648|81.194099|0.601739|1.100000|1.100000|1.100000
AEG801_006_7669|13|113.772995|13.692765|105.343483|1.030020|-156.731674|-12.439865|1.200000|1.200000|1.200000
AEG801_006_7670|13|2.002318|9.081919|39.597038|9.072759|-88.783905|7.544053|1.100000|1.100000|1.100000
AEG801_006_7671|13|19.726334|12.062346|76.829132|-0.331487|-93.111580|-0.440860|1.100000|1.100000|1.100000
AEG801_006_7672|13|23.408049|12.071822|72.364601|0.661244|81.421120|0.438826|1.100000|1.100000|1.100000
AEG801_006_7674|13|-30.908916|6.248745|26.211607|-2.918908|42.278481|-3.520179|1.100000|1.100000|1.100000
AEG801_006_7675|13|7.963496|11.796472|67.147057|-4.836591|60.569157|-0.624818|1.100000|1.100000|1.100000
AEG801_006_7676|13|136.008423|17.563623|124.315254|-3.992314|154.137024|-13.560766|1.200000|1.200000|1.200000
AEG801_006_7677|13|-75.100014|5.828050|53.425568|0.006666|-122.280647|-0.000281|1.100000|1.100000|1.100000
AEG801_006_7678|13|-70.315346|6.255096|54.017532|0.002541|-176.654037|-0.003922|1.100000|1.100000|1.100000
AEG801_006_7679|13|-26.946747|10.602917|89.033943|2.408844|-176.676880|-3.474792|1.100000|1.100000|1.100000
AEG801_006_7680|13|-85.419487|4.307374|39.544674|-1.480481|-176.758667|-4.623378|1.100000|1.100000|1.100000
AEG801_006_7681|13|-82.548882|4.693359|36.633053|-4.124300|82.869308|2.216588|1.100000|1.100000|1.100000
AEG801_006_7682|13|-110.817886|8.777043|-28.563093|-5.767128|83.418976|8.977520|1.100000|1.100000|1.100000
AEG801_006_7683|13|-116.942375|7.632284|-24.733412|-3.870516|-177.089584|-6.082546|1.100000|1.100000|1.100000
AEG801_006_7684|13|-112.764999|7.854255|-22.797070|-5.985103|-176.976959|-5.042704|1.100000|1.100000|1.100000
AEG801_006_7685|13|-66.856934|6.912354|106.228142|-0.539351|-176.857742|-6.835843|1.100000|1.100000|1.100000
AEG801_006_7686|13|138.009247|18.033733|127.097313|-10.674131|132.450409|-8.519532|0.900000|0.900000|0.900000
AEG801_006_7687|13|44.442722|12.040536|49.009708|-0.409586|174.356079|-0.052644|0.900000|0.900000|0.900000
AEG801_006_7688|13|17.665464|11.320482|38.739525|1.876034|-165.283279|-3.933592|0.900000|0.900000|0.900000
AEG801_006_7689|13|-32.643375|10.005759|85.263451|3.106589|-176.645782|-4.118200|1.100000|1.100000|1.100000
AEG801_006_7690|13|-110.298187|9.753090|-82.464447|0.825005|108.067940|3.462031|1.100000|1.100000|1.100000
AEG801_006_7691|13|-114.450912|9.360686|-76.568542|-4.802627|-176.768555|-0.658429|1.100000|1.100000|1.100000
AEG801_006_7692|13|-110.529465|9.402282|-76.727104|-3.495364|-176.781509|-0.550202|1.100000|1.100000|1.100000
AEG801_006_7693|13|-118.861420|8.698417|-70.650497|-4.659383|-176.822388|-1.123617|1.100000|1.100000|1.100000
AEG801_006_7694|13|3.046680|11.353851|66.538063|2.528235|166.695190|-5.093516|1.100000|1.100000|1.100000
AEG801_006_7695|13|-122.548660|7.214213|-9.965242|0.055570|-176.399124|4.698023|1.100000|1.100000|1.100000
AEG801_006_7696|13|-126.150848|7.540915|-8.033272|4.990055|102.292885|1.204545|1.100000|1.100000|1.100000
AEG801_006_7697|13|-45.374367|9.597536|115.465744|-7.282858|82.642502|1.951823|0.900000|0.900000|0.900000
AEG801_006_7698|13|-49.142246|8.986765|117.854637|-7.072967|121.291046|-3.400657|1.100000|1.100000|1.100000
AEG801_006_7699|13|-56.758801|8.034349|120.000542|-2.058670|160.325897|-6.513242|0.900000|0.900000|0.900000
AEG801_006_7700|13|-38.530281|8.585387|68.050819|3.575932|-176.684967|-3.448227|1.100000|1.100000|1.100000
AEG801_006_7701|13|-9.384834|12.368858|109.174278|-5.314327|23.030796|0.279573|1.100000|1.100000|1.100000
AEG801_006_7703|13|-33.947781|4.749718|3.636702|-3.337115|-32.686619|0.053385|1.100000|1.100000|1.100000
AEG801_011_7017|13|129.813660|16.653946|88.556900|-0.000011|42.459980|-0.000001|1.000000|1.000000|1.000000
AEG801_011_7063|13|-109.463127|7.923484|120.436913|-0.000001|-1.951395|-0.000004|1.000000|1.000000|1.000000
AEG801_011_7064|13|-87.017662|7.030028|121.989754|-0.004471|-1.806912|-0.001650|1.000000|1.000000|1.000000
AEG801_011_7066|13|-30.295828|6.316711|27.265377|-0.004505|-0.289355|-0.000386|1.000000|1.000000|1.000000
AEG801_011_7075|13|-10.545163|10.983581|74.904083|-0.003342|-1.398724|0.003825|1.000000|1.000000|1.000000
AEG801_011_7077|13|9.350805|12.538583|109.142578|-0.000001|38.945492|-0.000003|1.000000|1.000000|1.000000
AEG801_011_7079|13|34.059780|12.001968|43.076176|-1.009507|94.471771|0.086115|1.000000|1.000000|1.000000
AEG801_011_7080|13|-68.700859|6.353389|54.025883|-0.003030|97.615349|-0.002478|1.000000|1.000000|1.000000
AEG801_011_7081|13|-11.074418|11.685500|96.627205|-0.002486|42.590000|0.001147|1.000000|1.000000|1.000000
AEG801_011_7083|13|35.672153|12.201262|126.909470|-0.001472|-132.563629|0.001830|1.000000|1.000000|1.000000
AEG801_011_7084|13|108.628464|12.772155|65.859688|-0.001559|42.755566|0.001639|1.000000|1.000000|1.000000
AEG801_011_7085|13|90.523048|12.082063|69.855103|0.000000|-2.764923|0.000000|1.000000|1.000000|1.000000
AEG801_011_7086|13|-16.136015|9.360687|59.513828|-0.001702|-39.411781|0.006502|1.000000|1.000000|1.000000
AEG801_011_7087|13|103.786758|12.528376|99.609070|-4.477126|42.972820|7.835238|1.000000|1.000000|1.000000
AEG801_011_7088|13|49.639107|12.118042|31.412941|-0.002519|-0.363389|-0.004050|1.000000|1.000000|1.000000
AEG801_011_7089|13|-86.477524|4.217286|39.959473|0.002486|-1.525560|0.003224|1.000000|1.000000|1.000000
AEG801_011_7090|13|-117.192863|7.628645|-25.051140|-0.006605|98.091103|0.003278|1.000000|1.000000|1.000000
AEG801_011_7091|13|-47.740368|9.214306|116.792839|-0.000690|-1.829746|0.007185|1.000000|1.000000|1.000000
AEG801_011_7092|13|-38.530281|8.585388|68.050827|-0.002491|97.517075|-0.004513|1.000000|1.000000|1.000000
AEG801_011_7093|13|-109.928192|9.774652|-83.315765|0.001912|97.823639|0.002732|1.000000|1.000000|1.000000
AEG801_011_7094|13|-127.152496|7.630014|-7.917610|0.005109|97.865273|0.000820|1.000000|1.000000|1.000000
AEG801_015_7009|13|130.311432|15.561714|79.719597|-0.008181|107.982529|-0.008569|1.000002|1.000002|1.000002
AEG801_015_7065|13|12.655216|11.168075|48.075882|-1.969651|-1.158389|4.921725|1.000002|1.000002|1.000002
AEG801_015_7066|13|23.611282|11.923448|52.729389|0.001990|-133.963425|0.000293|1.000002|1.000002|1.000002
AEG801_015_7074|13|-108.029785|7.795410|119.813248|-0.000006|-127.372032|-0.000007|1.000002|1.000002|1.000002
AEG801_015_7075|13|-115.864334|8.524790|119.527512|-0.000002|11.554163|-0.000012|1.000002|1.000002|1.000002
AEG801_015_7082|13|119.244347|13.764082|77.506310|0.001450|127.265198|-0.009473|1.000002|1.000002|1.000002
AEG801_015_7084|13|35.176380|12.044967|40.225056|-1.143876|52.081196|1.192649|1.000002|1.000002|1.000002
AEG801_015_7086|13|-9.888790|11.742187|96.885223|-0.000012|109.135925|-0.000018|1.000002|1.000002|1.000002
AEG801_015_7088|13|127.444687|17.683250|97.767555|-0.005682|-60.847866|0.015195|1.000002|1.000002|1.000001
AEG801_015_7090|13|-14.850023|9.773491|63.006168|0.003366|-82.238083|0.005610|1.000002|1.000002|1.000002
AEG801_015_7091|13|18.038517|12.116416|72.698486|0.000401|92.062675|0.000640|1.000002|1.000002|1.000002
AEG801_015_7092|13|116.034088|13.607349|127.335945|0.008120|-61.920349|0.005714|1.000002|1.000002|1.000001
AEG801_015_7093|13|-70.894547|6.226025|54.317947|0.003714|-176.384644|0.002812|1.000002|1.000002|1.000002
AEG801_015_7094|13|-113.497597|7.953292|-24.366970|0.008035|-52.697685|-0.001614|1.000002|1.000002|1.000002
AEG801_016_7070|13|40.243710|12.275580|36.051342|0.002131|-6.137762|0.000847|1.000000|1.000000|1.000000
AEG801_016_7092|13|-112.619637|8.147533|116.791679|-0.000005|-46.773643|-0.000003|1.000000|1.000000|1.000000
AEG801_016_7108|13|4.122649|12.258331|86.301773|-0.000001|110.503868|0.000000|1.000000|1.000000|1.000000
AEG801_016_7112|13|121.613518|13.398041|69.273109|-0.000008|85.536507|0.000000|1.000000|1.000000|1.000000
AEG801_016_7116|13|131.646896|16.866991|133.561722|0.001530|-90.714806|0.008469|1.000000|1.000000|1.000000
AEG801_016_7130|13|8.147793|10.877997|51.582500|4.382632|-167.753723|-5.351901|1.000000|1.000000|1.000000
AEG801_016_7132|13|2.558620|12.604309|108.702545|-0.000000|-88.428482|-0.000000|1.000000|1.000000|1.000000
AEG801_016_7133|13|107.838951|12.738842|64.047112|0.000246|-178.233643|-0.002765|1.000000|1.000000|1.000000
AEG801_016_7134|13|135.636887|17.793768|91.346375|-0.009365|12.418981|0.009672|1.000000|1.000000|1.000000
AEG801_016_7135|13|19.881699|11.677578|48.875908|-0.000002|9.759576|0.000000|1.000000|1.000000|1.000000
AEG801_016_7136|13|-1.166814|13.679472|121.267021|0.000000|110.249229|-0.000006|1.000000|1.000000|1.000000
AEG801_016_7137|13|-0.018230|12.095147|97.357315|-0.000000|134.249115|-0.000002|1.000000|1.000000|1.000000
AEG801_016_7140|13|49.813908|12.075661|46.064266|0.602204|-6.053962|-0.031343|1.000000|1.000000|1.000000
AEG801_016_7141|13|23.109167|12.072451|72.626633|-0.000786|-124.396881|-0.000107|1.000000|1.000000|1.000000
AEG801_016_7142|13|-19.703268|9.746734|66.667793|0.006147|-140.091354|-0.000000|1.000000|1.000000|1.000000
AEG801_016_7143|13|-118.150467|8.714836|-70.738426|-0.002456|-140.260559|-0.004097|1.000000|1.000000|1.000000
AEG801_250_7000|13|-109.872490|7.998533|122.464104|0.001038|28.447659|-0.004336|1.000000|1.000000|1.000000
AEG801_250_7003|13|-31.303120|6.218285|25.772299|0.000246|-100.995110|0.004590|0.700000|0.700000|0.700000
AEG801_250_7007|13|48.542316|12.066216|46.896095|0.601712|-0.152159|0.030599|0.600000|0.600000|0.600000
AEG801_250_7009|13|3.353347|12.532276|107.545914|0.000000|-93.480804|0.000000|0.550000|0.550000|0.550000
AEG801_250_7012|13|-8.487099|11.124650|75.034256|0.004317|-100.836334|0.002568|0.600000|0.600000|0.600000
AEG801_250_7013|13|-11.513551|10.926850|75.024117|-0.004810|69.615234|-0.001983|1.000000|1.000000|1.000000
AEG801_250_7025|13|39.879505|12.220135|37.560505|-0.002045|169.634964|-0.001035|0.500000|0.500000|0.500000
AEG801_250_7027|13|28.096670|11.822706|37.319702|0.000765|-35.508759|0.001612|0.600000|0.600000|0.600000
AEG801_250_7029|13|3.693669|12.240297|86.738487|-0.000000|25.016823|0.000000|0.600000|0.600000|0.600000
AEG801_250_7030|13|132.281113|16.645336|85.977325|0.010764|-144.433502|-0.003456|1.000000|1.000000|1.000000
AEG801_250_7031|13|122.877121|13.605255|69.388893|0.000000|-49.439720|0.000000|0.550000|0.550000|0.550000
AEG801_250_7032|13|127.605133|17.489410|97.135208|-0.012100|-31.372995|0.010874|0.900000|0.900000|0.900000
AEG801_250_7051|13|-8.951027|12.323602|108.393196|-0.000002|-37.863888|0.000000|0.600000|0.600000|0.600000
AEG801_250_7052|13|-9.060375|12.483854|110.334915|-0.000000|147.333725|-0.000005|1.000000|1.000000|1.000000
AEG801_250_7074|13|9.434866|11.029663|52.013779|-1.469204|137.211334|-6.423957|0.700000|0.700000|0.700000
AEG801_250_7106|13|45.099415|12.053720|47.544060|-0.000411|-140.597458|-0.000474|0.800000|0.800000|0.800000
AEG801_250_7108|13|12.067194|11.150131|48.966194|2.176699|-47.279415|4.833889|1.000000|1.000000|1.000000
AEG801_250_7109|13|33.671005|11.993424|43.346504|-0.225618|176.999283|-1.160828|1.000000|1.000000|1.000000
AEG801_250_7110|13|108.624969|13.572136|82.056244|0.033359|-152.535950|0.023960|0.600000|0.600000|0.600000
AEG801_250_7111|13|108.563522|12.779387|66.951736|0.000956|-38.681438|0.002131|0.800000|0.800000|0.800000
AEG801_250_7114|13|128.787231|14.868015|76.037025|-0.000000|-45.615738|-0.000000|0.550000|0.550000|0.550000
AEG801_250_7115|13|129.321701|16.731363|89.658615|-0.006058|-48.215572|0.005901|0.550000|0.550000|0.550000
AEG801_250_7117|13|132.081482|16.932629|132.916214|-0.006176|67.921120|-0.002406|0.600000|0.600000|0.600000
AEG801_250_7118|13|135.203690|17.608675|90.375847|0.007978|-174.341522|-0.010913|0.600000|0.600000|0.600000
AEG801_250_7120|13|18.699398|11.644218|49.704132|-0.000003|91.594910|-0.000002|0.600000|0.600000|0.600000
AEG801_250_7121|13|-1.565545|13.711374|121.607964|-0.000006|24.458006|-0.000002|0.600000|0.600000|0.600000
AEG801_250_7122|13|-0.624317|12.068084|96.581215|-0.000001|105.791023|-0.000002|1.000000|1.000000|1.000000
AEG801_250_7124|13|107.276970|12.713629|65.172508|0.001940|-47.805889|0.001803|0.550000|0.550000|0.550000
AEG801_250_7125|13|133.140350|16.953707|120.558395|-0.000000|-73.212646|0.000000|0.900000|0.900000|0.900000
AEG801_250_7126|13|129.844513|16.448532|131.798340|0.003989|-95.824768|0.011420|0.700000|0.700000|0.700000
AEG801_250_7127|13|114.087471|13.707878|106.487907|0.006830|-39.689606|0.010300|0.650000|0.650000|0.650000
AEG801_250_7128|13|2.903779|9.136867|38.877270|0.002158|-47.699554|0.011611|0.550000|0.550000|0.550000
AEG801_250_7129|13|-20.493010|9.587922|65.425217|-0.006257|35.700169|0.000355|0.500000|0.500000|0.500000
AEG801_250_7130|13|-16.068419|9.320435|59.042828|-0.006658|42.973991|-0.000835|1.000000|1.000000|1.000000
AEG801_250_7131|13|23.387362|12.082055|71.432808|0.000109|-42.257401|-0.000887|0.600000|0.600000|0.600000
AEG801_250_7132|13|7.640942|11.787255|67.460464|0.003688|-169.012711|-0.004068|0.600000|0.600000|0.600000
AEG801_250_7133|13|105.515678|12.579992|101.983406|0.008224|-48.920944|0.001612|0.600000|0.600000|0.600000
AEG801_250_7134|13|116.391472|13.649555|126.389465|0.004262|-32.454926|0.008961|0.900000|0.900000|0.900000
AEG801_250_7135|13|48.922096|12.244631|31.158606|-0.057015|-108.087219|-0.013014|0.550000|0.550000|0.550000
AEG801_250_7136|13|-73.121132|5.895119|51.165363|-0.005953|69.778061|-0.001241|1.000000|1.000000|1.000000
AEG801_250_7137|13|-69.789558|6.185028|51.622761|0.003907|-100.812325|0.001912|0.650000|0.650000|0.650000
AEG801_250_7138|13|-85.419487|4.307374|39.544674|0.004043|-100.158356|-0.003158|0.600000|0.600000|0.600000
AEG801_250_7139|13|-114.743179|7.920898|-25.207033|-0.003122|70.299973|0.007349|1.000000|1.000000|1.000000
AEG801_250_7140|13|-111.519936|8.593443|-27.889154|0.005437|-98.780190|-0.008732|0.650000|0.650000|0.650000
AEG801_250_7141|13|-66.261711|6.995360|105.543633|0.006666|-99.695808|-0.002342|0.600000|0.600000|0.600000
AEG801_250_7142|13|-112.590584|9.433991|-77.291122|-0.524383|-100.372032|-4.201612|0.700000|0.700000|0.700000
AEG801_250_7143|13|-119.105240|8.772095|-71.573128|0.003962|35.570969|0.003716|0.500000|0.500000|0.500000
AEG801_250_7144|13|-124.685654|7.411470|-10.020371|-0.004926|-100.028343|0.001120|0.600000|0.600000|0.600000
AEG801_253_7001|13|-104.585861|7.573732|119.909927|0.000000|45.414196|0.000000|0.700000|0.700000|0.700000
AEG801_253_7007|13|54.895725|12.052384|47.660343|-0.340471|179.223755|0.234685|0.750000|0.750000|0.750000
AEG801_253_7008|13|25.959091|11.876926|48.493706|-0.000000|-30.054264|0.000000|1.000000|1.000000|1.000000
AEG801_253_7009|13|45.574245|12.092190|44.683750|-0.000355|108.808777|0.000820|1.000000|1.000000|1.000000
AEG801_253_7010|13|13.700934|12.286951|106.951820|-0.000001|9.541941|-0.000002|1.000000|1.000000|1.000000
AEG801_253_7016|13|26.555504|11.778748|38.049389|-0.001497|48.026146|0.001011|0.900000|0.900000|0.900000
AEG801_253_7025|13|127.735680|14.665524|75.580917|-0.000009|48.673302|0.000000|1.000000|1.000000|1.000000
AEG801_253_7026|13|16.255526|11.282546|41.904381|0.001830|-47.382271|0.003770|0.800000|0.800000|0.800000
AEG801_253_7027|13|10.842048|10.987726|47.855537|3.190792|-47.188950|5.094529|1.000000|1.000000|1.000000
AEG801_253_7028|13|5.612747|12.436196|105.815353|-0.000002|79.387413|-0.000001|0.900000|0.900000|0.900000
AEG801_253_7030|13|-28.029421|10.963494|101.443405|0.001667|179.416336|-0.003586|0.800000|0.800000|0.800000
AEG801_253_7031|13|-0.154771|12.189132|100.938019|-0.000000|-47.498875|0.000000|1.250000|1.250000|1.250000
AEG801_253_7032|13|0.318933|10.849970|62.181721|0.000792|-47.689198|0.006256|1.250000|1.250000|1.250000
AEG801_253_7033|13|107.645432|13.158615|81.037537|-0.004499|116.338928|-0.004964|1.000000|1.000000|1.000000
AEG801_253_7035|13|133.571640|16.933170|118.670921|-0.007452|90.660172|-0.002204|1.000000|1.000000|1.000000
AEG801_253_7036|13|129.411194|16.350883|131.575806|0.009453|172.241989|0.005601|1.000000|1.000000|1.000000
AEG801_253_7037|13|113.047348|13.505867|106.479103|-0.007826|51.496647|0.008387|0.900000|0.900000|0.900000
AEG801_253_7038|13|2.096726|8.998239|38.828320|-0.011760|48.497269|0.000683|1.000000|1.000000|1.000000
AEG801_253_7039|13|19.165308|12.067527|76.576576|-0.000573|-163.953247|0.000191|1.000000|1.000000|1.000000
AEG801_253_7040|13|7.818921|11.754906|66.517281|0.004508|-86.773849|0.003115|0.900000|0.900000|0.900000
AEG801_253_7041|13|-74.113434|5.858463|52.137215|0.003115|-155.254288|-0.005983|0.900000|0.900000|0.900000
AEG801_253_7042|13|-82.228210|4.717773|36.631836|-0.001733|179.329010|-0.004349|0.800000|0.800000|0.800000
AEG801_253_7043|13|-109.648651|8.865335|-28.270632|-0.008754|177.389679|-0.006098|0.800000|0.800000|0.800000
AEG801_253_7044|13|-65.511230|7.069092|106.412033|-0.001277|179.276276|-0.006972|0.800000|0.800000|0.800000
AEG801_253_7045|13|-110.826324|9.413423|-77.002625|-0.003704|-76.389153|-0.000063|1.100000|1.100000|1.100000
AEG801_253_7046|13|-123.969826|7.345347|-10.186319|0.000519|21.649462|0.004890|0.800000|0.800000|0.800000
AEG801_253_7048|13|-33.505783|4.721592|3.288219|-0.003264|-52.498169|0.001147|0.900000|0.900000|0.900000
AEG801_254_7066|13|131.369507|15.871517|80.999016|-0.009926|23.510868|0.006393|0.900000|0.900000|0.900000
AEG801_254_7067|13|16.923088|11.366046|40.156921|-0.010447|-13.048895|-0.007935|1.000000|1.000000|1.000000
AEG801_254_7068|13|123.445068|15.465082|107.891251|0.010600|-108.031235|-0.007558|1.000000|1.000000|1.000000
AEG801_255_7025|13|117.633011|13.627757|77.083504|0.005410|-146.816086|0.000765|1.000000|1.000000|1.000000
AEG801_255_7026|13|28.648054|11.851181|39.762527|1.120943|-149.464081|-1.375623|1.000000|1.000000|1.000000
AEG801_255_7031|13|10.486282|12.431512|107.796547|-0.000003|25.148947|0.000000|1.000000|1.000000|1.000000
AEG801_255_7032|13|113.925362|13.199890|124.706932|0.005737|-147.746124|-0.007863|1.000000|1.000000|1.000000
AEG801_255_7033|13|4.668355|11.529960|67.049507|-0.005596|75.773651|-0.002192|1.000000|1.000000|1.000000
AEG801_255_7034|13|136.008423|17.563625|124.315239|-0.005135|18.116562|0.010382|1.000000|1.000000|1.000000
AEG801_256_7002|13|130.713150|17.603369|94.861122|0.015518|-102.043121|0.011611|1.000000|1.000000|1.000000
AEG801_257_7000|13|-115.323853|8.449462|119.732918|0.000000|32.184128|0.000000|1.000000|1.000000|1.000000
