m354500_0000|0|0.000000|0.000000|0.000000|0.000000|0.000000|0.000000|1.000000|1.000000|1.000000
m354501_0000|0|0.000000|0.000000|0.000000|0.000000|0.000000|0.000000|1.000000|1.000000|1.000000
m354502_0000|0|0.000000|0.000000|0.000000|0.000000|0.000000|0.000000|1.000000|1.000000|1.000000
c0100_9001|2|71.736000|243.449997|38.521000|0.000000|125.845001|0.000000|1.000000|1.000000|1.000000
c1000_9000|2|106.428001|267.480011|-62.858002|0.000000|-7.552000|0.000000|1.000000|1.000000|1.000000
c3200_9000|2|96.277000|284.613007|46.730000|0.000000|-131.820007|0.000000|1.000000|1.000000|1.000000
c3210_9000|2|98.547997|284.681000|49.521000|4.286000|-176.671005|-0.000000|1.000000|1.000000|1.000000
c4070_9000|2|70.121002|294.039001|101.936996|10.439000|150.574005|-4.979000|1.000000|1.000000|1.000000
c4070_9001|2|69.485001|294.436005|105.594002|-2.215000|50.111000|-4.999000|1.000000|1.000000|1.000000
c4070_9002|2|61.646999|294.217987|98.781998|8.101000|-132.186005|4.988000|1.000000|1.000000|1.000000
c4070_9003|2|68.606003|293.087006|94.444000|9.357000|94.960999|-1.362000|1.000000|1.000000|1.000000
c4071_9000|2|64.885002|293.532990|96.058998|6.135000|167.988007|3.758000|1.000000|1.000000|1.000000
c4290_9000|2|116.563004|282.699005|-34.905998|0.000000|34.910999|0.000000|1.000000|1.000000|1.000000
c4470_9000|2|78.545998|241.205002|9.574000|0.000000|-168.800995|0.000000|1.000000|1.000000|1.000000
c4630_9000|2|95.198997|237.835007|-83.553001|0.336000|-150.322006|0.481000|1.000000|1.000000|1.000000
c6080_9000|2|122.634338|238.139664|60.167423|0.000000|138.789001|0.000000|1.000000|1.000000|1.000000
c6080_9001|2|97.094604|237.815491|-84.057991|0.000000|138.789001|0.000000|1.000000|1.000000|1.000000
c6080_9003|2|-96.069725|238.613663|-59.898396|0.000000|138.789001|0.000000|1.000000|1.000000|1.000000
c6090_9000|2|90.167999|238.847122|-40.564999|1.173000|175.582001|1.924000|1.000000|1.000000|1.000000
c0000_9002|4|107.889816|267.756561|-65.473099|0.000000|179.871002|0.000000|1.000000|1.000000|1.000000
h354500|5|0.000000|0.000000|0.000000|0.000000|0.000000|0.000000|1.000000|1.000000|1.000000
h354501|5|0.000000|0.000000|0.000000|0.000000|0.000000|0.000000|1.000000|1.000000|1.000000
h354502|5|0.000000|0.000000|0.000000|0.000000|0.000000|0.000000|1.000000|1.000000|1.000000
h354550|5|0.000000|0.000000|0.000000|0.000000|0.000000|0.000000|1.000000|1.000000|1.000000
h354551|5|0.000000|0.000000|0.000000|0.000000|0.000000|0.000000|1.000000|1.000000|1.000000
h354552|5|0.000000|0.000000|0.000000|0.000000|0.000000|0.000000|1.000000|1.000000|1.000000
h354553|5|0.000000|0.000000|0.000000|0.000000|0.000000|0.000000|1.000000|1.000000|1.000000
h354554|5|0.000000|0.000000|0.000000|0.000000|0.000000|0.000000|1.000000|1.000000|1.000000
AEG099_090_9002|9|104.936996|271.565002|-40.435001|0.000000|90.947998|0.000000|1.000000|1.000000|1.000000
AEG099_090_9003|9|104.936996|271.565002|-40.435001|0.000000|90.947998|0.000000|1.000000|1.000000|1.000000
AEG099_090_9004|9|104.936996|271.565002|-40.435001|0.000000|90.947998|0.000000|1.000000|1.000000|1.000000
AEG099_090_9005|9|104.936996|271.565002|-40.435001|0.000000|90.947998|0.000000|1.000000|1.000000|1.000000
AEG099_090_9006|9|104.936996|271.565002|-40.435001|0.000000|90.947998|0.000000|1.000000|1.000000|1.000000
AEG099_090_9007|9|104.936996|271.565002|-40.435001|0.000000|90.947998|0.000000|1.000000|1.000000|1.000000
AEG099_090_9008|9|104.936996|271.565002|-40.435001|0.000000|90.947998|0.000000|1.000000|1.000000|1.000000
AEG099_090_9009|9|104.936996|271.565002|-40.435001|0.000000|90.947998|0.000000|1.000000|1.000000|1.000000
c4000_9000|10|62.055000|245.449997|37.210999|-12.762000|-105.242996|-0.000000|1.000000|1.000000|1.000000
c4000_9001|10|57.428001|248.496994|57.237999|-17.238001|-48.435001|-0.000000|1.000000|1.000000|1.000000
c4000_9002|10|71.496002|244.350998|52.161999|0.702000|24.393000|0.000000|1.000000|1.000000|1.000000
c4000_9003|10|55.703999|251.610001|74.278999|-7.912000|-96.063004|-0.000000|1.000000|1.000000|1.000000
c4000_9004|10|50.816002|256.903015|81.251999|-6.355000|-33.841999|-0.000000|1.000000|1.000000|1.000000
c4000_9005|10|59.250999|249.929001|74.577003|-12.525000|-24.021000|0.000000|1.000000|1.000000|1.000000
c4000_9014|10|71.632004|243.233002|36.632999|7.021000|157.447998|0.000000|1.000000|1.000000|1.000000
c4000_9015|10|74.158997|242.895004|37.671001|7.888000|148.216003|-0.000000|1.000000|1.000000|1.000000
c4000_9016|10|74.605003|242.636002|35.006001|7.806000|151.595001|0.000000|1.000000|1.000000|1.000000
c4000_9017|10|77.127998|242.348999|35.141998|8.227000|110.105003|0.000000|1.000000|1.000000|1.000000
h354502_0000|11|0.000000|0.000000|0.000000|0.000000|0.000000|0.000000|1.000000|1.000000|1.000000
AEG001_290_7006|13|106.739655|261.329010|-106.369934|-0.357463|52.298653|0.168077|1.000000|1.000000|1.000000
AEG001_290_7007|13|102.360756|238.227417|-69.211601|0.172695|100.118813|-1.169094|1.000000|1.000000|1.000000
AEG001_290_7008|13|99.081528|238.357346|-63.501652|1.290660|-174.755234|-0.122397|1.000000|1.000000|1.000000
AEG001_290_7010|13|106.104759|259.462891|-119.814949|-6.726165|46.346581|-8.499804|1.000000|1.000000|1.000000
AEG001_290_7011|13|64.168182|243.741516|8.845872|5.184550|168.904144|19.014072|1.000000|1.000000|1.000000
AEG001_290_7014|13|-76.081535|241.105301|-58.288925|6.918243|-77.032944|11.948132|1.000000|1.000000|1.000000
AEG001_290_7015|13|35.295097|238.563843|-89.827225|12.919714|137.487976|-5.901437|1.000000|1.000000|1.000000
AEG001_290_7016|13|-44.070683|239.170898|-91.692863|8.629209|154.385849|-4.193529|1.000000|1.000000|1.000000
AEG001_290_7017|13|-109.196075|239.406250|-51.110970|-10.544351|10.548626|0.633623|1.000000|1.000000|1.000000
AEG001_290_7018|13|-82.953598|241.099640|-51.538193|-5.144135|-32.003620|15.164198|0.800000|0.800000|0.800000
AEG001_290_7020|13|-53.933964|242.595474|-67.139900|11.911251|-91.601540|13.926481|1.000000|1.000000|1.000000
AEG001_290_7023|13|-109.328400|241.520782|-41.567371|-4.781787|-65.419655|16.164791|1.000000|1.000000|1.000000
AEG001_290_7024|13|-67.596664|240.735580|-65.811768|1.910405|-69.512115|10.877459|1.000000|1.000000|1.000000
AEG001_290_7026|13|-66.844482|238.351807|-87.145874|-5.468753|32.994213|0.202884|1.000000|1.000000|1.000000
AEG001_290_7029|13|74.518547|244.552597|63.368797|14.471478|114.911690|0.593025|1.000000|1.000000|1.000000
AEG001_290_7030|13|78.772087|243.341965|59.225067|-4.873333|-139.253647|10.946500|1.000000|1.000000|1.000000
AEG001_290_7031|13|58.259102|250.951538|79.681534|-2.307776|-139.172791|16.125776|1.000000|1.000000|1.000000
AEG001_290_7032|13|101.401810|239.438065|67.668861|-1.423192|-174.677979|6.403056|1.000000|1.000000|1.000000
AEG001_290_7033|13|107.711769|239.369217|48.723587|-4.242385|-60.154556|-3.152979|1.000000|1.000000|1.000000
AEG001_290_7036|13|33.837181|259.584625|124.342270|-11.209530|-71.047173|-4.860790|1.000000|1.000000|1.000000
AEG001_290_7040|13|70.304413|242.777817|22.962336|11.224050|114.735909|1.042642|1.000000|1.000000|1.000000
AEG001_290_7042|13|43.299023|255.428528|84.191452|-13.559943|-137.099808|20.583105|1.000000|1.000000|1.000000
AEG001_290_7043|13|35.223785|259.235413|104.990753|-5.529543|-10.964237|-14.540787|1.000000|1.000000|1.000000
AEG001_290_7045|13|84.246338|239.512451|-24.823166|-2.948927|-74.892197|1.962997|1.000000|1.000000|1.000000
AEG001_290_7049|13|-14.509104|238.229218|-101.736809|8.154012|-167.549820|0.000000|0.800000|0.800000|0.800000
AEG001_290_7050|13|-42.771183|237.860428|-102.173912|3.647102|-167.793243|1.426143|1.000000|1.000000|1.000000
AEG001_290_7051|13|105.075089|268.604279|-58.987991|10.624767|175.882172|-0.107276|0.900000|0.900000|0.900000
AEG001_290_7053|13|125.232872|238.450287|1.989671|0.140456|-175.108093|2.195086|1.000000|1.000000|1.000000
AEG001_290_7055|13|72.631538|240.918076|-26.249672|10.797162|148.849335|2.565092|1.000000|1.000000|1.000000
AEG001_290_7059|13|123.229225|238.297028|42.553726|1.970920|26.043661|-2.718752|1.000000|1.000000|1.000000
AEG001_290_7064|13|123.208145|237.692490|-101.365181|0.247827|178.029495|0.461420|1.000000|1.000000|1.000000
AEG001_290_7066|13|66.543915|241.940460|-17.297819|-13.953011|-79.063232|-0.246014|1.000000|1.000000|1.000000
AEG001_290_7068|13|104.237000|239.675507|8.199358|3.700433|88.545731|-0.599447|1.000000|1.000000|1.000000
AEG001_290_7074|13|42.608356|238.029465|-93.310188|3.208932|136.496506|-1.650812|0.900000|0.900000|0.900000
AEG001_290_7084|13|122.076195|238.201431|57.955433|0.702389|-0.872386|-3.236948|0.800000|0.800000|0.800000
AEG001_290_7085|13|106.587181|238.256317|83.264679|0.676107|126.157951|4.693268|1.000000|1.000000|1.000000
AEG001_290_7086|13|102.172264|239.247681|71.777214|-4.618400|-64.976768|-4.056213|1.000000|1.000000|1.000000
AEG001_290_7090|13|122.693512|241.173355|-31.451450|-2.072088|104.266556|7.759232|1.000000|1.000000|1.000000
AEG001_290_7094|13|96.112312|237.781036|98.032120|1.084743|25.955194|0.301949|1.000000|1.000000|1.000000
AEG001_290_7095|13|-112.949928|237.684525|-78.814697|-0.084751|-15.657213|0.286185|1.000000|1.000000|1.000000
AEG001_290_7097|13|107.417618|265.699219|-76.460075|6.842209|139.809998|-5.817689|0.900000|0.900000|0.900000
AEG001_290_7098|13|90.285309|240.850739|30.201153|4.956177|114.820984|0.435848|1.000000|1.000000|1.000000
AEG001_290_7100|13|66.308029|241.865845|-41.168095|-12.146476|-78.496208|-0.677992|1.000000|1.000000|1.000000
AEG001_290_7101|13|94.741013|241.669006|-46.386997|-9.009091|54.050461|-12.347488|1.000000|1.000000|1.000000
AEG001_290_7102|13|93.797585|283.605042|39.682678|6.323200|106.074837|-10.789308|1.000000|1.000000|1.000000
AEG001_290_7103|13|92.622002|284.507935|44.686611|1.563758|-112.557899|9.565404|1.000000|1.000000|1.000000
AEG001_290_7104|13|82.767464|288.658203|68.764114|12.150771|157.429077|1.320058|1.000000|1.000000|1.000000
AEG001_290_7106|13|97.062057|285.480682|54.777168|0.524477|-112.445473|4.016726|1.000000|1.000000|1.000000
AEG001_290_7107|13|88.654198|285.575134|52.042919|10.279024|157.691483|-2.395046|1.000000|1.000000|1.000000
AEG001_290_7108|13|84.478752|287.613220|60.796791|-3.810896|-121.003471|13.511586|1.000000|1.000000|1.000000
AEG001_290_7109|13|76.347099|292.333282|98.042465|-0.000000|13.768106|-0.000000|1.000000|1.000000|1.000000
AEG001_290_7110|13|77.775620|290.647736|77.847389|8.153497|148.726151|1.021687|1.000000|1.000000|1.000000
AEG001_290_7111|13|72.905029|291.307739|85.908813|-0.000000|-76.231926|0.000000|1.000000|1.000000|1.000000
AEG001_290_7112|13|96.730530|281.317291|26.092678|0.107589|15.278858|0.062810|1.000000|1.000000|1.000000
AEG001_290_7115|13|60.579292|297.423401|120.132088|-2.508183|11.156760|-8.633820|1.000000|1.000000|1.000000
AEG001_290_7125|13|110.873199|278.352814|6.770813|-3.611697|-74.475517|7.159187|1.000000|1.000000|1.000000
AEG001_290_7126|13|106.167252|275.128906|-13.531693|9.174967|-165.122009|4.142592|1.000000|1.000000|1.000000
AEG001_290_7127|13|115.967255|271.007843|-45.934418|11.773471|-165.048538|3.227538|1.000000|1.000000|1.000000
AEG001_290_7128|13|114.818558|260.763123|-112.804245|-10.157845|17.395935|-2.168093|1.000000|1.000000|1.000000
AEG001_290_7129|13|103.784248|277.762390|0.299519|-7.622962|14.641713|-6.140749|1.000000|1.000000|1.000000
AEG001_290_7130|13|114.213364|275.968079|-8.079661|5.000515|105.088318|-9.047663|1.000000|1.000000|1.000000
AEG001_290_7131|13|106.479408|281.082703|21.150974|9.871563|-164.587723|3.563064|1.000000|1.000000|1.000000
AEG001_290_7132|13|98.240692|280.999542|18.234150|7.763137|-164.722549|4.306352|1.000000|1.000000|1.000000
AEG001_290_7133|13|116.077438|271.846863|-32.972878|2.695248|105.696266|-9.331619|1.000000|1.000000|1.000000
AEG001_290_7134|13|101.458382|284.161743|45.445919|13.182212|172.064697|2.624788|1.000000|1.000000|1.000000
AEG001_290_7135|13|105.766716|273.788025|-22.743528|-7.826086|-18.720476|3.033561|0.800000|0.800000|0.800000
AEG001_290_7136|13|54.410770|296.690643|110.685478|-5.124983|-47.910599|9.204829|1.000000|1.000000|1.000000
AEG001_290_7139|13|65.108047|295.618744|113.400337|11.358415|172.003067|3.963777|0.824504|0.824504|0.824504
AEG001_290_7140|13|68.876717|292.463806|90.509018|13.423531|141.651245|-1.487588|1.000000|1.000000|1.000000
AEG001_290_7141|13|81.528900|290.124390|76.944466|3.547792|-159.850250|12.586674|1.000000|1.000000|1.000000
AEG001_290_7142|13|92.172371|287.955811|67.889786|1.284540|148.986374|-0.135341|1.000000|1.000000|1.000000
AEG001_290_7143|13|66.080803|294.668304|107.972435|4.567294|83.051743|-8.621794|1.000000|1.000000|1.000000
AEG001_290_7145|13|82.189217|291.343323|87.521233|1.010813|13.706933|1.794837|1.000000|1.000000|1.000000
AEG001_290_7146|13|58.719707|295.842438|107.854263|1.651239|-138.893707|14.866643|1.000000|1.000000|1.000000
AEG001_290_7147|13|59.851871|294.634918|102.884041|0.927977|131.222855|-0.563790|1.000000|1.000000|1.000000
AEG001_290_7280|13|114.353546|261.312775|-105.700462|-0.478920|140.892334|0.010819|1.000000|1.000000|1.000000
AEG001_290_7281|13|115.841187|266.091553|-74.364113|-6.492943|-38.802994|5.250858|1.000000|1.000000|1.000000
AEG001_290_7282|13|116.259529|267.715881|-65.749146|-8.967645|50.460144|-7.154374|1.000000|1.000000|1.000000
AEG001_290_7283|13|115.679764|264.699127|-82.481438|0.808558|-129.367096|0.985624|1.000000|1.000000|1.000000
AEG001_290_7284|13|105.108818|263.166290|-92.184349|-6.661746|-30.221039|3.901104|1.000000|1.000000|1.000000
AEG001_290_7285|13|106.079475|260.003448|-117.009270|5.615263|-133.656830|9.276189|1.000000|1.000000|1.000000
AEG001_290_7286|13|125.492432|237.716232|-78.152321|0.358394|100.113899|-0.103993|1.000000|1.000000|1.000000
AEG001_290_7287|13|47.694313|237.694565|-100.002571|1.189491|-130.546738|1.424641|0.900000|0.900000|0.900000
AEG004_904_7003|13|-32.708359|237.876953|-124.188126|-169.350082|-64.080231|-40.414989|1.000000|1.000000|1.000000
AEG004_904_7052|13|-90.468430|237.571320|-106.221664|-0.240321|-53.301785|0.347314|1.000000|1.000000|1.000000
AEG004_904_7054|13|122.340973|237.206451|-122.558289|-4.469607|150.718887|2.512208|1.000000|1.000000|1.000000
AEG004_904_7055|13|78.115089|237.330093|-123.977135|0.000000|64.700294|0.000010|1.000000|1.000000|1.000000
AEG004_904_7056|13|99.812782|237.270493|-125.740883|-5.809070|48.058228|-8.394377|1.000000|1.000000|1.000000
AEG004_904_7059|13|19.418839|237.648865|-106.101997|-7.238504|-39.890564|6.040631|1.000000|1.000000|1.000000
AEG004_904_7060|13|-10.396227|237.600937|-120.307358|0.066281|18.281555|-0.033868|1.000000|1.000000|1.000000
AEG004_904_7062|13|-70.327499|237.445007|-100.174286|-2.818190|-96.145859|0.559597|1.000000|1.000000|1.000000
AEG004_904_7068|13|103.499176|237.526917|99.720207|-4.223863|-25.051411|-4.671239|1.000000|1.000000|1.000000
AEG004_904_7069|13|99.132500|237.964157|93.284317|4.063142|19.997953|0.684997|1.000000|1.000000|1.000000
AEG004_904_7070|13|83.557770|237.493484|119.057800|-5.878906|163.211334|1.780203|1.000000|1.000000|1.000000
AEG004_904_7072|13|123.208206|238.061966|61.999989|-4.223863|144.671173|-4.671239|1.000000|1.000000|1.000000
AEG004_904_7082|13|-13.256260|237.710403|-108.299530|0.553415|139.338455|48.812096|1.000000|1.000000|1.000000
AEG004_904_7084|13|120.206924|237.617844|114.383492|-8.438872|145.126587|35.772308|1.000000|1.000000|1.000000
AEG004_904_7085|13|-66.571831|237.364029|-112.724625|-0.000002|55.541782|0.000010|1.000000|1.000000|1.000000
AEG004_904_7086|13|-113.818451|237.364029|-111.502365|-0.000000|-2.271559|0.000010|1.000000|1.000000|1.000000
AEG004_907_7000|13|-89.117500|237.512894|-105.805206|-0.360360|-39.023060|0.278508|1.000000|1.000000|1.000000
AEG004_907_7001|13|95.708267|237.512894|-126.149971|-0.360360|-129.023071|0.278508|1.000000|1.000000|1.000000
AEG030_524_7000|13|117.912796|271.596497|-37.326054|0.000000|88.990822|0.000000|1.000000|1.000000|1.000000
AEG030_524_7001|13|103.530838|268.997009|-37.161259|0.349870|-170.059784|-1.083179|1.000000|1.000000|1.000000
AEG099_090_9000|13|110.667999|271.565002|-39.025002|0.000000|-179.951004|0.000000|1.000000|1.000000|1.000000
AEG099_090_9001|13|106.428001|267.980011|-62.858002|0.000000|143.729996|0.000000|1.000000|1.000000|1.000000
AEG099_260_2000|13|110.686539|271.154541|-37.528522|0.000000|0.000000|0.000000|1.000000|1.000000|1.000000
AEG099_620_9000|13|106.728996|271.565002|-42.199001|0.000000|-103.866997|0.000000|1.000000|1.000000|1.000000
AEG099_620_9001|13|109.163002|276.683014|-4.988000|-4.200000|50.740002|-0.100000|1.000000|1.000000|1.000000
AEG099_620_9002|13|113.693001|271.595001|-35.882000|1.000000|-175.699997|0.500000|1.000000|1.000000|1.000000
AEG099_651_9000|13|102.113998|238.315002|-72.093002|0.000000|-15.669000|0.000000|1.000000|1.000000|1.000000
AEG099_651_9001|13|103.873001|238.231995|-69.063004|0.000000|-45.074001|0.000000|1.000000|1.000000|1.000000
AEG099_651_9002|13|100.401001|283.209991|39.504002|0.000000|-29.761999|0.000000|1.000000|1.000000|1.000000
AEG099_680_9000|13|47.171001|237.593002|-98.445000|0.000000|-93.446999|0.000000|1.000000|1.000000|1.000000
AEG099_680_9001|13|-74.333000|240.826996|-59.875999|1.142000|132.143997|-3.305000|1.000000|1.000000|1.000000
AEG099_680_9002|13|60.444000|250.181000|80.343002|3.393000|78.723000|-3.205000|1.000000|1.000000|1.000000
AEG099_680_9003|13|62.220001|245.143005|25.743000|4.076000|138.050995|8.494000|1.000000|1.000000|1.000000
AEG099_680_9004|13|110.403000|238.973999|46.679001|0.000000|143.395996|0.000000|1.000000|1.000000|1.000000
AEG099_685_9000|13|-108.386002|238.253998|-57.965000|0.000000|-57.422001|5.000000|1.000000|1.000000|1.000000
AEG099_685_9001|13|-103.137001|238.692993|-56.275002|10.000000|-140.759003|-5.000000|1.000000|1.000000|1.000000
AEG099_685_9002|13|-103.647003|238.306000|-58.324001|0.000000|-63.698002|0.000000|1.000000|1.000000|1.000000
AEG099_730_9000|13|-101.087997|239.026993|-53.669998|0.000000|-150.891006|3.588000|1.000000|1.000000|1.000000
AEG099_730_9001|13|-90.587997|239.712997|-53.314999|-6.724000|22.198000|-0.517000|1.000000|1.000000|1.000000
AEG099_730_9002|13|-121.547997|239.177994|-48.796001|-3.257000|33.356998|-2.043000|1.000000|1.000000|1.000000
AEG099_730_9003|13|-24.030001|239.481995|-93.255997|-11.080000|52.581001|-10.847000|1.000000|1.000000|1.000000
AEG099_730_9004|13|-27.993000|240.125000|-89.739998|9.242000|-127.117996|9.572000|1.000000|1.000000|1.000000
AEG099_730_9005|13|19.590000|238.897003|-94.806000|-8.018000|14.415000|-6.262000|1.000000|1.000000|1.000000
AEG099_730_9006|13|31.976999|238.238007|-94.047997|0.933000|-129.136002|4.100000|1.000000|1.000000|1.000000
AEG099_730_9007|13|72.398003|237.957993|-86.698997|0.000000|-117.828003|0.000000|1.000000|1.000000|1.000000
AEG099_730_9008|13|125.810997|237.899002|-60.109001|0.000000|159.817993|0.000000|1.000000|1.000000|1.000000
AEG099_730_9009|13|119.804001|238.578995|0.904000|0.000000|118.803001|0.000000|1.000000|1.000000|1.000000
AEG099_730_9010|13|123.338997|238.487000|16.986000|0.000000|143.636002|0.000000|1.000000|1.000000|1.000000
AEG099_730_9011|13|118.722000|238.378998|57.464001|2.126000|42.674000|-5.163000|1.000000|1.000000|1.000000
AEG099_730_9012|13|105.574997|238.988998|67.970001|0.000000|127.269997|0.000000|1.000000|1.000000|1.000000
AEG099_730_9013|13|108.454002|238.597000|70.299004|0.000000|-4.475000|0.000000|1.000000|1.000000|1.000000
AEG099_730_9014|13|81.517998|239.802002|-21.264000|0.000000|111.566002|0.000000|1.000000|1.000000|1.000000
AEG099_730_9015|13|74.759003|244.074997|58.665001|-2.811000|-139.843994|10.458000|1.000000|1.000000|1.000000
AEG099_730_9016|13|69.077003|242.072998|-0.856000|7.585000|145.164001|6.102000|1.000000|1.000000|1.000000
AEG099_730_9017|13|57.466999|248.039001|53.987999|12.697000|113.889999|2.158000|1.000000|1.000000|1.000000
AEG099_730_9018|13|54.333000|249.524994|57.862000|-12.410000|-59.319000|-9.965000|1.000000|1.000000|1.000000
AEG099_730_9019|13|30.642000|260.200012|125.690002|-1.576000|-156.070999|11.953000|1.000000|1.000000|1.000000
AEG099_750_9000|13|116.353996|238.856995|24.086000|-1.890000|31.037001|0.000000|1.000000|1.000000|1.000000
AEG099_750_9002|13|-62.262001|244.246994|-55.869999|0.000000|-133.923004|0.000000|1.000000|1.000000|1.000000
AEG099_760_9001|13|77.538002|238.313004|-59.098000|3.417000|142.862000|-2.609000|1.000000|1.000000|1.000000
AEG099_760_9002|13|-3.208000|242.429993|-87.318001|-9.158000|-47.532001|11.536000|1.000000|1.000000|1.000000
AEG099_760_9003|13|120.525002|240.977997|-28.587000|6.286000|40.792999|2.023000|1.000000|1.000000|1.000000
AEG099_760_9004|13|101.000000|238.531006|87.931000|2.582000|75.265999|-3.910000|1.000000|1.000000|1.000000
AEG099_760_9005|13|36.499001|259.028015|107.242996|7.252000|73.163002|-5.061000|1.000000|1.000000|1.000000
AEG099_760_9006|13|75.226997|291.528015|82.341003|7.928000|33.736000|-2.775000|1.000000|1.000000|1.000000
AEG099_802_9000|13|98.383003|284.407990|45.872002|0.000000|172.688995|0.000000|1.000000|1.000000|1.000000
AEG201_027_1000|13|94.621330|284.613892|47.084961|0.000000|22.143024|0.000000|1.000000|1.000000|1.000000
AEG201_043_1000|13|94.837952|284.703674|46.494953|0.000000|67.468468|0.000000|1.000000|1.000000|1.000000
AEG700_043_1000|13|100.734863|284.688477|49.286831|0.000000|67.468468|0.000000|1.000000|1.000000|1.000000
AEG801_006_7016|13|116.041733|262.133636|-97.287285|2.519984|-87.609116|10.511824|1.000000|1.000000|1.000000
AEG801_006_7017|13|16.015135|238.643799|-98.067879|9.519698|142.910782|-3.118310|0.842800|0.842800|0.842800
AEG801_006_7018|13|98.900742|238.165756|90.740273|4.159941|71.547348|3.340864|0.774300|0.774300|0.774300
AEG801_006_7019|13|105.176056|261.328125|-103.667770|0.000000|123.069862|0.000000|0.832520|0.832520|0.832520
AEG801_006_7021|13|114.611832|259.413361|-120.050323|8.688876|142.722443|-6.317256|1.000000|1.000000|1.000000
AEG801_006_7025|13|56.526215|249.346344|61.782913|-16.018896|-104.158707|10.746154|1.000000|1.000000|1.000000
AEG801_006_7028|13|113.743423|238.814758|49.518291|-4.701290|-90.618446|-0.580941|0.774300|0.774300|0.774300
AEG801_006_7029|13|112.247681|260.471313|-113.491943|10.338885|-170.705917|3.668413|1.000000|1.000000|1.000000
AEG801_006_7030|13|72.074043|242.017334|11.692917|8.704885|99.624855|-0.253673|0.774300|0.774300|0.774300
AEG801_006_7033|13|46.858406|238.009262|-92.400993|1.743993|-140.298157|2.610417|1.000000|1.000000|1.000000
AEG801_006_7034|13|-79.419449|241.601685|-52.409679|17.456926|-126.544418|3.861843|1.000000|1.000000|1.000000
AEG801_006_7036|13|-13.351824|237.920807|-104.935181|-0.218321|98.319710|-5.147601|0.991549|0.991549|0.991549
AEG801_006_7039|13|-95.452667|238.881973|-57.514748|-5.707763|-11.186142|4.043007|0.842800|0.842800|0.842800
AEG801_006_7044|13|-81.267357|239.228012|-67.250000|-7.867558|58.626820|-1.703501|0.991549|0.991550|0.991549
AEG801_006_7045|13|98.356346|238.276993|-66.911118|1.017535|155.294891|-0.863200|1.020000|1.020000|1.020000
AEG801_006_7046|13|-60.030056|244.298325|-57.225822|-20.663889|56.787998|-11.202887|1.000000|1.000000|1.000000
AEG801_006_7047|13|-71.076035|240.706543|-63.964737|5.374431|153.814438|-9.112823|1.000000|1.000000|1.000000
AEG801_006_7048|13|-105.780884|238.792389|-55.543365|-8.245697|9.498823|0.467513|1.020000|1.020000|1.020000
AEG801_006_7050|13|-45.981686|242.925919|-71.807259|16.494799|-121.550934|8.093254|1.000000|1.000000|1.000000
AEG801_006_7056|13|-65.899658|238.713150|-83.227417|-5.803617|39.627800|-0.500271|1.000000|1.000000|1.000000
AEG801_006_7060|13|51.163761|251.034637|60.212830|-17.864864|-104.294243|10.512317|1.000000|1.000000|1.000000
AEG801_006_7063|13|48.781460|256.797119|112.605591|-8.623971|-102.000587|4.607152|1.000000|1.000000|1.000000
AEG801_006_7064|13|34.011292|259.351624|100.579147|-10.013063|-23.371832|-15.234770|1.000000|1.000000|1.000000
AEG801_006_7067|13|63.191429|244.838379|22.979383|-16.352566|-90.162903|2.301636|0.774300|0.774300|0.774300
AEG801_006_7069|13|80.280273|239.706696|-24.760769|4.143576|106.863693|-2.016369|0.774300|0.774300|0.774300
AEG801_006_7072|13|121.478004|238.213043|-12.721143|-0.557476|30.482376|-2.505166|0.774300|0.774300|0.774300
AEG801_006_7073|13|118.616913|240.823975|-30.032644|-0.016447|161.964905|0.023796|1.000000|1.000000|1.000000
AEG801_006_7076|13|126.863823|238.401443|7.501474|1.546519|47.493774|-1.376378|1.000000|1.000000|1.000000
AEG801_006_7079|13|123.360992|238.322418|39.214375|1.947232|133.727036|2.652245|1.000000|1.000000|1.000000
AEG801_006_7081|13|122.858131|238.012711|-62.333004|0.593706|-143.349075|1.693886|1.020000|1.020000|1.020000
AEG801_006_7082|13|121.042732|238.128098|-59.143829|0.578873|-155.348831|1.721973|1.020000|1.020000|1.020000
AEG801_006_7088|13|117.304939|238.946259|-75.061630|14.474623|126.680260|12.099463|1.000000|1.000000|1.000000
AEG801_006_7094|13|94.568665|240.289780|16.579718|1.979061|150.100388|2.175252|0.774300|0.774300|0.774300
AEG801_006_7096|13|98.877281|239.965790|5.175309|2.182490|150.086395|2.460862|0.774300|0.774300|0.774300
AEG801_006_7098|13|73.964607|241.906296|16.868156|2.261366|30.872543|-7.557822|0.774300|0.774300|0.774300
AEG801_006_7099|13|84.672714|237.948395|-89.790306|0.261050|99.589989|-0.465311|0.774300|0.774300|0.774300
AEG801_006_7100|13|38.543037|237.922134|-96.324234|1.920185|-140.308334|2.891574|1.000000|1.000000|1.000000
AEG801_006_7101|13|-5.945804|241.467636|-90.194572|6.083266|-103.851036|15.316508|0.774300|0.774300|0.774300
AEG801_006_7102|13|123.295738|238.439880|29.197634|-2.400609|-63.747814|-1.964821|1.000000|1.000000|1.000000
AEG801_006_7103|13|126.431297|238.383636|19.698687|2.289316|65.935013|-0.643342|0.842800|0.842800|0.842800
AEG801_006_7104|13|99.025627|241.488892|-47.705544|7.283792|-95.812675|14.865606|1.020000|1.020000|1.020000
AEG801_006_7105|13|80.879692|291.306000|89.777336|-0.585866|15.593849|0.257662|1.000000|1.000000|1.000000
AEG801_006_7106|13|93.440437|287.403320|63.945686|-11.639215|15.464650|-4.265234|1.000000|1.000000|1.000000
AEG801_006_7107|13|107.454628|263.013245|-92.857307|-7.578041|-15.935125|2.176918|1.000000|1.000000|1.000000
AEG801_006_7108|13|108.656593|281.311707|25.772062|-0.333270|-106.767776|0.177640|0.842800|0.842800|0.842800
AEG801_006_7109|13|115.449623|274.764008|-14.883041|1.840844|-106.335892|9.662832|0.842800|0.842800|0.842800
AEG801_006_7110|13|103.908875|275.742493|-10.727523|10.857187|162.858612|1.716235|0.842800|0.842800|0.842800
AEG801_006_7111|13|113.520271|276.700958|-4.217134|-2.362213|-73.764832|9.670811|1.000000|1.000000|1.000000
AEG801_006_7112|13|56.771317|297.950653|124.543419|-2.138029|172.780457|-1.386230|1.000000|1.000000|1.000000
AEG801_006_7113|13|74.281525|293.434601|101.038971|11.882207|171.578918|10.295309|1.000000|1.000000|1.000000
AEG801_006_7114|13|79.585091|289.437012|71.747589|-8.562148|-73.357559|9.123358|1.000000|1.000000|1.000000
AEG801_006_7115|13|66.570419|295.130219|111.229408|2.280491|-132.515686|11.634298|1.000000|1.000000|1.000000
AEG801_006_7116|13|68.442520|293.384644|98.778130|4.700399|-164.500320|10.810495|1.000000|1.000000|1.000000
AEG801_006_7117|13|-50.059811|239.414032|-89.235825|-9.087763|39.269413|-2.554069|1.000000|1.000000|1.000000
AEG801_006_7118|13|105.306305|266.144073|-73.399414|-0.884616|-83.688461|9.344845|0.832388|0.832388|0.832388
AEG801_006_7119|13|105.200294|271.029541|-45.874542|-7.938820|-48.705658|7.833818|0.903812|0.903812|0.903812
AEG801_006_7120|13|114.371948|267.117615|-68.396004|2.592194|108.995277|-10.884808|1.000000|1.000000|1.000000
AEG801_006_7121|13|116.669868|261.328857|-104.696548|0.000000|-36.939159|0.000000|1.000000|1.000000|1.000000
AEG801_006_7122|13|65.765602|244.334961|31.828968|10.847815|139.962189|7.675028|0.774300|0.774300|0.774300
AEG801_006_7123|13|101.997810|282.759155|37.794189|-11.434093|-16.102242|1.201239|1.000000|1.000000|1.000000
AEG801_006_7124|13|27.169552|238.497070|-94.402092|-3.271737|-87.572945|6.884284|1.000000|1.000000|1.000000
AEG801_006_7125|13|69.734543|241.782120|-6.461165|6.837757|149.418137|6.976109|0.774300|0.774300|0.774300
AEG801_006_7126|13|-10.584441|242.734009|-85.182869|15.297001|167.890198|-6.331644|0.774300|0.774300|0.774300
AEG801_011_7000|13|96.142342|285.431580|53.077187|0.000000|100.604698|0.000000|1.000000|1.000000|1.000000
AEG801_011_7001|13|83.596138|288.060577|64.954170|0.000000|63.056087|0.000000|1.000000|1.000000|1.000000
AEG801_011_7004|13|105.887474|262.965210|-93.229889|0.000000|58.691097|0.000000|1.000000|1.000000|1.000000
AEG801_011_7014|13|105.040787|259.658936|-118.925049|0.000000|60.945251|0.000000|1.000000|1.000000|1.000000
AEG801_011_7015|13|115.325523|274.806915|-14.771194|0.000000|62.922894|0.000027|1.000000|1.000000|1.000000
AEG801_011_7016|13|58.100853|297.965607|124.517105|0.000000|103.933876|0.000000|1.000000|1.000000|1.000000
AEG801_011_7017|13|95.155373|284.182007|43.474731|0.000000|11.220088|0.000000|1.000000|1.000000|1.000000
AEG801_011_7018|13|56.221146|296.412079|109.173317|0.000000|-167.060226|0.000000|1.000000|1.000000|1.000000
AEG801_011_7021|13|73.185272|293.554138|100.635757|0.000000|13.368992|0.000000|1.000000|1.000000|1.000000
AEG801_011_7022|13|69.475029|293.596863|99.884247|0.000000|-163.257523|0.000000|1.000000|1.000000|1.000000
AEG801_011_7023|13|87.168602|286.934113|58.227268|0.000000|123.339874|0.000000|1.000000|1.000000|1.000000
AEG801_011_7024|13|68.386703|294.625458|108.590607|0.000000|-169.211182|0.000000|1.000000|1.000000|1.000000
AEG801_011_7025|13|81.992966|291.307709|88.439865|0.000000|-35.924107|0.000000|1.000000|1.000000|1.000000
AEG801_011_7026|13|-22.773067|240.246826|-90.726059|0.000000|84.480766|0.000000|1.000000|1.000000|1.000000
AEG801_011_7038|13|114.630486|267.681366|-65.772049|0.000000|-82.634293|0.000000|1.000000|1.000000|1.000000
AEG801_011_7039|13|111.979401|260.589813|-113.874268|0.000000|-173.527344|-0.000000|1.000000|1.000000|1.000000
AEG801_011_7040|13|104.956390|266.242310|-74.222702|0.000000|-26.799486|0.000000|1.000000|1.000000|1.000000
AEG801_011_7041|13|84.252060|289.681000|75.367767|0.000000|56.110153|0.000000|1.000000|1.000000|1.000000
AEG801_011_7042|13|107.685104|281.347595|23.195686|0.000000|63.200527|0.000027|1.000000|1.000000|1.000000
AEG801_015_7000|13|57.832760|297.772858|122.796539|0.000000|70.287209|0.000000|1.000000|1.000000|1.000000
AEG801_015_7001|13|68.536247|293.754883|101.010635|0.000000|15.564598|0.000000|1.000000|1.000000|1.000000
AEG801_015_7003|13|80.575699|289.459808|72.387466|0.000000|91.001549|0.000000|1.000000|1.000000|1.000000
AEG801_015_7004|13|96.051353|285.719757|55.089447|0.000000|153.609970|0.000000|1.000000|1.000000|1.000000
AEG801_015_7005|13|110.166985|278.688904|8.759579|0.000000|94.713959|0.000000|1.000000|1.000000|1.000000
AEG801_015_7006|13|54.953651|296.773163|112.512367|0.000000|-68.729256|0.000000|1.000000|1.000000|1.000000
AEG801_015_7066|13|115.609741|261.345459|-106.105713|0.000002|-44.903866|0.000006|1.000003|1.000002|1.000002
AEG801_016_7003|13|106.529045|260.056152|-116.669189|0.000000|71.460770|0.000000|1.000000|1.000000|1.000000
AEG801_016_7005|13|-110.332748|237.711182|-74.271057|0.000000|38.863667|0.000000|1.000000|1.000000|1.000000
AEG801_016_7006|13|-79.417648|239.453537|-66.852150|-0.000000|98.231422|-0.000000|1.000000|1.000000|1.000000
AEG801_016_7007|13|-97.042969|238.839111|-57.276611|0.000000|-82.799248|0.000000|1.000000|1.000000|1.000000
AEG801_016_7010|13|-106.513184|238.728989|-55.772022|0.000000|-67.707901|0.000000|1.000000|1.000000|1.000000
AEG801_016_7014|13|123.536011|238.514465|1.758965|-0.000000|-7.441712|-0.000000|1.000000|1.000000|1.000000
AEG801_016_7016|13|107.117630|263.221924|-91.888191|0.000000|97.152977|0.000000|1.000000|1.000000|1.000000
AEG801_016_7018|13|126.308708|237.975540|-77.401970|0.000000|137.844284|0.000000|1.000000|1.000000|1.000000
AEG801_016_7020|13|-66.985069|238.094589|-88.139427|0.000000|-82.448746|0.000000|1.000000|1.000000|1.000000
AEG801_016_7022|13|115.624298|238.954163|21.199780|-0.000000|30.413218|-0.000000|1.000000|1.000000|1.000000
AEG801_016_7023|13|125.132523|238.351822|28.899780|-0.000000|-44.211613|-0.000000|1.000000|1.000000|1.000000
AEG801_016_7109|13|94.126221|284.591431|45.820961|0.000000|67.470825|0.000000|1.000000|1.000000|1.000000
AEG801_016_7110|13|101.667870|282.840790|38.273254|-0.000004|-112.427063|-0.000027|1.000000|1.000000|1.000000
AEG801_016_7113|13|74.996353|292.618134|97.086548|0.000000|-143.473511|0.000000|1.000000|1.000000|1.000000
AEG801_016_7114|13|78.092171|289.577301|72.250381|-0.000000|167.647720|-0.000001|1.000000|1.000000|1.000000
AEG801_016_7118|13|108.568199|281.332153|26.069719|0.000000|157.732178|0.000000|1.000000|1.000000|1.000000
AEG801_016_7119|13|114.956589|276.210388|-6.485920|0.000000|139.464905|0.000000|1.000000|1.000000|1.000000
AEG801_016_7120|13|85.793434|287.243805|59.524296|0.000000|-5.416164|0.000000|1.000000|1.000000|1.000000
AEG801_016_7123|13|105.260765|274.097260|-21.246132|0.000000|-41.724884|0.000000|1.000000|1.000000|1.000000
AEG801_016_7124|13|91.403366|287.954437|67.505211|0.000000|-122.644913|0.000000|1.000000|1.000000|1.000000
AEG801_016_7125|13|57.936703|295.686279|108.185379|0.000000|31.030758|0.000000|1.000000|1.000000|1.000000
AEG801_016_7126|13|78.781685|290.890106|79.944542|0.000000|69.266014|0.000000|1.000000|1.000000|1.000000
AEG801_060_7076|13|128.385818|237.422607|-123.203026|-0.326380|58.513119|-0.812344|1.500000|1.500000|1.500000
AEG801_060_7110|13|123.661568|237.419846|-122.111115|0.835797|-179.723984|0.208430|1.500000|1.500000|1.500000
AEG801_060_7117|13|-14.428727|237.658951|-109.645088|1.242849|-118.997086|1.285169|1.500000|1.500000|1.500000
AEG801_060_7122|13|93.671745|237.330292|-126.809296|0.019206|-83.000694|0.024807|1.500000|1.500000|1.500000
AEG801_060_7131|13|-91.430626|237.498795|-107.797745|0.012759|-92.995979|0.491719|1.500000|1.500000|1.500000
AEG801_060_7132|13|106.811958|237.537323|103.623856|0.635399|-15.996429|-1.643890|1.500000|1.500000|1.500000
AEG801_060_7133|13|123.916809|237.363373|117.107063|-0.000027|-16.005560|-0.000151|1.500000|1.500000|1.500000
AEG801_060_7134|13|84.311806|237.483643|120.426086|1.047095|-16.002495|-0.594848|1.500000|1.500000|1.500000
AEG801_060_7135|13|-66.032188|237.419846|-111.134407|0.835797|85.196953|0.208430|1.500000|1.500000|1.500000
AEG801_060_7136|13|-114.876823|237.419846|-110.198593|0.835797|27.383614|0.208430|1.500000|1.500000|1.500000
AEG801_060_7137|13|-38.086273|237.540146|-113.518196|0.195617|151.512787|0.632803|1.000000|1.000000|1.000000
AEG801_061_7002|13|59.797962|237.373474|-113.658012|-0.687491|15.203911|-0.258272|1.000000|1.000000|1.000000
AEG801_061_7005|13|-32.569511|237.525040|-110.711945|0.223484|102.512848|-0.645207|1.000000|1.000000|1.000000
AEG801_061_7025|13|55.971169|237.336517|-119.036766|-0.181765|28.999634|-0.197007|1.000000|1.000000|1.000000
AEG801_061_7052|13|94.723450|237.337570|-124.882263|-0.329901|10.986879|0.980269|1.000000|1.000000|1.000000
AEG801_061_7054|13|122.425827|237.370270|-125.382965|0.013496|92.253288|-0.235985|1.000000|1.000000|1.000000
AEG801_061_7058|13|-11.470538|237.600571|-119.707558|-0.019971|-162.991150|-0.003005|1.000000|1.000000|1.000000
AEG801_061_7086|13|15.687656|237.619415|-107.460136|1.411500|-177.000031|0.196546|1.000000|1.000000|1.000000
AEG801_061_7089|13|-12.056926|237.657669|-111.100571|1.160012|-129.013580|0.640590|1.000000|1.000000|1.000000
AEG801_061_7134|13|61.392673|237.356400|-114.978355|0.308533|-134.001495|0.487020|1.000000|1.000000|1.000000
AEG801_061_7135|13|-114.304344|237.660355|-85.644745|-0.090154|-11.500521|0.113082|1.000000|1.000000|1.000000
AEG801_061_7136|13|-114.697235|237.594498|-95.801102|-0.352942|-13.882364|0.104229|1.000000|1.000000|1.000000
AEG801_061_7137|13|108.924187|237.418228|107.396751|0.686489|-11.505173|-0.933190|1.000000|1.000000|1.000000
AEG801_061_7138|13|121.083702|237.363617|115.668228|0.031200|-13.884142|-0.009650|1.000000|1.000000|1.000000
AEG801_061_7139|13|81.930847|237.539154|118.154701|0.729546|-13.886995|-0.055507|1.000000|1.000000|1.000000
AEG801_061_7140|13|-69.167984|237.370270|-111.816170|0.013496|-2.825759|-0.235985|1.000000|1.000000|1.000000
AEG801_111_7000|13|114.650703|265.860413|-75.247452|0.000000|-7.972162|0.000000|0.945135|0.945135|0.945135
AEG801_111_7007|13|114.704140|259.039551|-121.359375|-0.000000|118.506416|0.000000|0.799009|0.799009|0.799009
AEG801_111_7009|13|56.136703|249.957397|67.666901|0.000000|38.590820|0.000000|0.903812|0.903812|0.903812
AEG801_111_7010|13|36.044434|258.771423|103.846329|0.014398|75.513512|-0.007264|1.000000|1.000000|1.000000
AEG801_111_7011|13|40.928783|258.175781|120.045059|-0.003318|-20.608526|-0.010314|0.903812|0.903812|0.903812
AEG801_111_7014|13|123.781158|238.510651|18.440887|0.001530|25.796509|-0.002414|1.000000|1.000000|1.000000
AEG801_111_7017|13|84.009232|287.797211|61.763779|0.000000|13.010416|0.000000|1.000000|1.000000|1.000000
AEG801_111_7019|13|72.243050|291.405762|88.419540|0.000000|12.562219|0.000000|1.000000|1.000000|1.000000
AEG801_111_7021|13|68.247955|292.450714|89.837112|0.000000|-72.160881|0.000000|1.000000|1.000000|1.000000
AEG801_111_7023|13|59.387352|295.408051|106.448044|0.000000|-167.510239|0.000000|1.000000|1.000000|1.000000
AEG801_111_7025|13|71.089722|294.396667|105.678291|0.000000|106.015701|0.000000|1.000000|1.000000|1.000000
AEG801_111_7026|13|80.454079|290.532288|78.946487|0.000000|26.991508|0.000000|0.752474|0.752474|0.752474
AEG801_111_7027|13|65.863052|294.813568|108.954956|0.000000|103.564468|0.000000|1.000000|1.000000|1.000000
AEG801_220_7334|13|56.276077|237.336884|-118.909012|-0.219272|-38.997925|0.134910|1.000000|1.000000|1.000000
AEG801_220_7409|13|59.769508|237.353867|-114.539024|0.555759|153.000595|-0.152597|1.503100|1.503100|1.503100
AEG801_250_7019|13|27.013901|238.624985|-93.473877|0.000000|163.195068|0.000000|0.851680|0.851680|0.851680
AEG801_250_7022|13|105.057541|263.125244|-92.404282|0.000000|-133.693024|0.000000|0.558050|0.558050|0.558050
AEG801_250_7023|13|110.879120|279.092712|10.721725|0.000000|53.719395|0.000000|0.645783|0.645783|0.645783
AEG801_250_7025|13|115.061462|259.473602|-119.678596|0.000000|114.715897|0.000000|0.719176|0.719176|0.719176
AEG801_250_7026|13|87.789162|240.979507|40.202271|-0.000000|-31.254471|-0.000000|1.000000|1.000000|1.000000
AEG801_250_7027|13|63.522400|244.861679|23.634151|0.000019|-118.703743|0.000017|0.625775|0.625775|0.625775
AEG801_250_7028|13|86.059151|241.275024|41.634796|-0.000000|122.333199|0.000000|0.500000|0.500000|0.500000
AEG801_250_7029|13|-45.542862|243.565033|-70.338882|-0.000000|-148.440811|-0.000000|0.600000|0.600000|0.600000
AEG801_250_7030|13|-53.112236|242.463135|-68.313522|-0.000013|1.411800|0.000000|0.550000|0.550000|0.550000
AEG801_250_7033|13|-10.789436|242.421158|-86.205811|0.000000|-22.817652|0.000000|0.550000|0.550000|0.550000
AEG801_250_7034|13|-12.444883|238.084717|-103.486214|0.000000|-173.274673|0.000000|0.600000|0.600000|0.600000
AEG801_250_7035|13|3.273200|240.435532|-93.650635|0.000000|18.188902|0.000000|0.900000|0.900000|0.900000
AEG801_250_7037|13|52.033508|250.585968|59.622345|0.000000|50.892914|0.000000|0.748021|0.748021|0.748021
AEG801_250_7038|13|58.023983|248.820816|61.741306|0.000000|-30.515558|0.000000|0.550000|0.550000|0.550000
AEG801_250_7039|13|15.587939|238.650833|-98.175179|0.000000|38.963909|0.000000|1.000000|1.000000|1.000000
AEG801_250_7040|13|109.264046|239.012543|46.892456|-0.000000|-67.649216|-0.000000|0.600000|0.600000|0.600000
AEG801_250_7041|13|56.048347|249.403717|60.893845|0.000000|103.007317|0.000000|1.000000|1.000000|1.000000
AEG801_250_7042|13|65.517532|243.727234|13.859797|0.000000|83.240074|0.000000|0.500000|0.500000|0.500000
AEG801_250_7043|13|69.909775|242.034668|0.806135|0.000000|105.598160|0.000000|0.700000|0.700000|0.700000
AEG801_250_7044|13|64.491119|243.914536|7.224570|0.000000|137.778961|0.000000|0.650000|0.650000|0.650000
AEG801_250_7045|13|65.860565|243.603653|9.709989|0.000000|-70.374069|0.000000|1.000000|1.000000|1.000000
AEG801_250_7046|13|71.455696|242.142944|12.728971|0.000003|-171.279541|-0.000003|0.625775|0.625775|0.625775
AEG801_250_7047|13|33.522614|259.804504|112.665359|0.000000|143.962967|0.000000|0.600000|0.600000|0.600000
AEG801_250_7048|13|34.636581|259.180206|100.246109|-0.000000|-75.657135|-0.000000|0.550000|0.550000|0.550000
AEG801_250_7049|13|34.366669|259.344818|101.794952|-0.000000|-19.740364|-0.000000|0.900000|0.900000|0.900000
AEG801_250_7050|13|-71.718552|240.672623|-63.779366|-0.000011|39.718296|-0.000002|0.763592|0.763592|0.763592
AEG801_250_7051|13|-80.693542|239.344162|-66.677322|0.000000|102.737595|0.000000|0.600000|0.600000|0.600000
AEG801_250_7052|13|-96.413345|238.716553|-58.521618|0.000000|-158.581024|0.000000|0.600000|0.600000|0.600000
AEG801_250_7053|13|-93.745537|239.198761|-55.918953|0.000000|-75.762001|0.000000|0.900000|0.900000|0.900000
AEG801_250_7054|13|-121.039597|240.870728|-42.245316|-0.000004|86.928703|-0.000016|1.000000|1.000000|1.000000
AEG801_250_7055|13|-120.859406|240.298431|-44.361557|0.000000|-77.314728|0.000000|0.700000|0.700000|0.700000
AEG801_250_7058|13|-105.265663|238.856094|-55.237236|-0.000000|-124.804962|0.000000|0.700000|0.700000|0.700000
AEG801_250_7061|13|46.170063|237.971130|-93.359406|0.000000|62.279243|0.000000|0.550000|0.550000|0.550000
AEG801_250_7062|13|-65.325676|238.657669|-84.369911|0.000000|11.899118|0.000000|0.600000|0.600000|0.600000
AEG801_250_7063|13|78.772087|243.341965|59.225067|0.000000|122.064743|0.000000|0.500000|0.500000|0.500000
AEG801_250_7064|13|62.116066|252.553375|95.923462|-0.000000|-36.745651|-0.000000|0.550000|0.550000|0.550000
AEG801_250_7065|13|59.419754|252.975204|95.855209|-0.000000|-77.289749|-0.000000|1.000000|1.000000|1.000000
AEG801_250_7066|13|43.664360|257.643951|112.750092|-0.000000|-24.216059|-0.000000|0.900000|0.900000|0.900000
AEG801_250_7067|13|46.635227|257.127747|111.959900|-0.000000|-70.705482|-0.000000|0.550000|0.550000|0.550000
AEG801_250_7068|13|102.068626|239.378357|66.764359|-0.000000|-104.273811|-0.000000|0.722514|0.722514|0.722514
AEG801_250_7070|13|77.482887|238.157471|-57.811768|0.000004|-171.349060|-0.000002|0.625775|0.625775|0.625775
AEG801_250_7071|13|102.994446|238.074890|-70.333908|-0.000000|-69.978271|0.000000|1.000000|1.000000|1.000000
AEG801_250_7072|13|33.837181|259.584625|124.342270|0.000000|-70.689270|-0.000000|0.550000|0.550000|0.550000
AEG801_250_7075|13|115.176094|238.983612|20.984913|-0.000000|-67.897072|-0.000000|0.550000|0.550000|0.550000
AEG801_250_7076|13|126.162674|238.420898|3.398430|-0.000000|-2.906030|-0.000000|0.600000|0.600000|0.600000
AEG801_250_7077|13|122.917236|238.307068|43.198181|-0.000000|112.531151|0.000000|0.600000|0.600000|0.600000
AEG801_250_7078|13|122.193848|238.159363|-13.823067|0.000000|-65.359436|0.000000|0.851680|0.851680|0.851680
AEG801_250_7086|13|113.410950|259.184326|-121.259521|0.000000|71.736092|0.000000|0.500000|0.500000|0.500000
AEG801_250_7087|13|122.222900|238.094849|-61.758156|-0.000000|-65.350723|0.000000|0.800000|0.800000|0.800000
AEG801_250_7088|13|100.036949|239.179352|-21.296677|0.000004|-171.299622|-0.000003|0.625775|0.625775|0.625775
AEG801_250_7089|13|78.588959|242.974197|48.864895|0.000003|-171.755661|-0.000003|0.625775|0.625775|0.625775
AEG801_250_7090|13|71.469696|242.315262|18.132717|0.000000|-65.878342|0.000000|0.851680|0.851680|0.851680
AEG801_250_7091|13|81.058052|237.960190|-88.511772|0.000003|-171.361496|-0.000002|0.625775|0.625775|0.625775
AEG801_250_7092|13|77.400070|238.033203|-83.318253|0.000001|-7.363359|-0.000000|0.867950|0.867950|0.867950
AEG801_250_7093|13|76.868340|238.017258|-86.028748|0.000013|-115.363098|0.000032|0.481487|0.481487|0.481488
AEG801_250_7094|13|38.360138|238.001740|-94.978020|-0.000000|62.270611|-0.000000|0.550000|0.550000|0.550000
AEG801_250_7096|13|-66.747734|238.421814|-86.299690|0.000000|-80.235138|0.000000|0.900000|0.900000|0.900000
AEG801_250_7099|13|125.201691|238.359009|28.076521|-0.000000|-142.074005|0.000000|0.550000|0.550000|0.550000
AEG801_250_7102|13|106.587181|238.256317|83.264679|0.000021|52.129772|-0.000013|0.625775|0.605582|0.605581
AEG801_250_7103|13|124.464012|238.176010|-77.601692|-9.421476|-105.534279|0.216463|0.550000|0.550000|0.550000
AEG801_250_7104|13|125.528374|238.060135|-78.685341|0.000000|-60.162815|0.000000|1.000000|1.000000|1.000000
AEG801_250_7106|13|119.860115|241.155930|-30.295555|0.000000|-119.568977|0.000000|0.692316|0.692316|0.692316
AEG801_250_7107|13|94.366859|237.777512|98.498703|0.000000|112.536034|0.000000|0.600000|0.600000|0.600000
AEG801_250_7108|13|95.968140|241.699341|-47.253448|0.000000|23.626637|0.000000|0.767882|0.767882|0.767882
AEG801_250_7109|13|94.773956|281.404907|27.846756|-0.000027|163.116867|0.000000|0.649712|0.649712|0.649712
AEG801_250_7110|13|94.805183|287.062775|62.505451|0.000000|-151.614288|0.000000|0.550000|0.550000|0.550000
AEG801_250_7111|13|75.420197|292.846863|99.253891|-0.000043|167.861908|0.000027|0.737513|0.737513|0.737513
AEG801_250_7113|13|74.511391|291.319733|84.212303|0.000000|-70.863083|0.000000|0.600000|0.600000|0.600000
AEG801_250_7115|13|96.003990|286.411774|58.641975|-0.000000|53.963463|-0.000002|0.851680|0.851680|0.851680
AEG801_250_7116|13|113.666451|276.442169|-5.546601|0.000000|73.098915|0.000000|0.600000|0.600000|0.600000
AEG801_250_7117|13|60.535458|294.656555|101.747017|0.000000|81.463829|0.000000|0.750000|0.750000|0.750000
AEG801_250_7118|13|79.749542|290.073151|75.541153|0.000000|-145.919968|0.000000|0.856451|0.856451|0.856451
AEG801_250_7119|13|93.784019|284.321228|43.904850|0.000000|14.073131|0.000000|0.600000|0.600000|0.600000
AEG801_250_7120|13|49.965248|297.830231|115.950653|0.000000|77.676064|0.000000|0.550000|0.550000|0.550000
AEG801_250_7121|13|54.033386|296.710999|110.883789|0.000000|-10.951094|0.000000|0.750000|0.750000|0.750000
AEG801_250_7270|13|116.021004|265.791046|-75.969414|0.000000|81.843956|0.000000|0.628404|0.628404|0.628404
AEG801_250_7271|13|116.360519|261.329102|-103.123978|0.000000|-18.459614|0.000000|1.000000|1.000000|1.000000
AEG801_250_7272|13|113.413101|261.328857|-106.236099|0.000000|-108.463203|0.000000|0.792880|0.792880|0.792880
AEG801_253_7005|13|65.000595|244.559143|32.723927|0.000000|-92.072670|0.000000|0.700000|0.700000|0.700000
AEG801_253_7007|13|98.289490|238.266281|89.892693|-0.000000|-89.087357|-0.000000|0.900000|0.900000|0.900000
AEG801_253_7008|13|104.832405|261.329132|-102.524712|0.000000|-91.590981|0.000000|0.687005|0.687005|0.687005
AEG801_253_7009|13|88.491890|240.745758|38.932049|-0.000000|-164.816055|-0.000000|1.000000|1.000000|1.000000
AEG801_253_7011|13|72.896606|241.902786|11.738287|0.000000|-35.602688|0.000000|1.000000|1.000000|1.000000
AEG801_253_7013|13|69.270233|241.852371|-6.685165|0.000000|-65.467255|0.000000|0.900000|0.900000|0.900000
AEG801_253_7014|13|16.770020|238.681519|-97.514648|0.000000|-21.390589|0.000000|1.000000|1.000000|1.000000
AEG801_253_7015|13|-82.509491|239.021011|-68.040756|-0.000000|19.580713|0.000000|0.700000|0.700000|0.700000
AEG801_253_7016|13|-69.959663|240.437973|-66.330093|0.000000|-162.059723|0.000000|1.108980|1.108980|1.108980
AEG801_253_7017|13|-75.931152|241.065079|-58.018314|0.000000|167.394974|0.000000|0.700000|0.700000|0.700000
AEG801_253_7018|13|27.964951|238.233612|-96.277100|0.000000|-120.700005|0.000000|0.700000|0.700000|0.700000
AEG801_253_7019|13|4.777069|239.935791|-95.135010|0.000000|-17.682722|0.000000|1.000000|1.000000|1.000000
AEG801_253_7020|13|-13.266493|238.016983|-103.845406|0.000000|-123.161545|0.000000|0.700000|0.700000|0.700000
AEG801_253_7021|13|53.075100|250.102707|60.311020|0.000000|117.111435|0.000000|0.700000|0.700000|0.700000
AEG801_253_7023|13|-43.416622|244.075897|-69.932892|-0.000014|-11.905257|0.000027|1.000000|1.000000|1.000000
AEG801_253_7024|13|-93.312805|238.923157|-58.281738|0.000000|48.717121|0.000000|0.700000|0.700000|0.700000
AEG801_253_7026|13|-109.692543|237.710205|-75.623184|0.000000|-37.004738|0.000000|0.600000|0.600000|0.600000
AEG801_253_7027|13|20.502556|239.435059|-91.733139|0.000000|64.457237|0.000000|0.700000|0.700000|0.700000
AEG801_253_7028|13|-125.205566|239.366577|-47.458504|0.000000|23.293787|0.000000|1.000000|1.000000|1.000000
AEG801_253_7029|13|-119.136444|240.577881|-43.616714|0.000000|-96.416512|0.000000|0.800000|0.800000|0.800000
AEG801_253_7030|13|-50.857407|242.506592|-69.914062|0.000000|-31.943743|0.000000|0.700000|0.700000|0.700000
AEG801_253_7031|13|-87.994934|240.652466|-50.264404|0.000000|-161.807663|0.000000|1.000000|1.000000|1.000000
AEG801_253_7034|13|73.356407|240.886276|-26.562382|0.000000|-153.629822|0.000000|1.000000|1.000000|1.000000
AEG801_253_7035|13|-45.245346|239.263916|-91.100632|0.000000|128.822418|0.000000|0.616496|0.616496|0.616496
AEG801_253_7036|13|-66.839966|238.717987|-82.585693|0.000000|146.864624|0.000000|1.000000|1.000000|1.000000
AEG801_253_7037|13|103.392097|238.818527|77.784248|-0.000000|101.742203|0.000000|0.900000|0.900000|0.900000
AEG801_253_7038|13|72.272354|245.040192|63.040741|0.000000|146.833755|0.000000|1.000000|1.000000|1.000000
AEG801_253_7039|13|58.259109|250.951523|79.681519|0.000000|129.059875|0.000000|0.700000|0.700000|0.700000
AEG801_253_7040|13|101.988503|239.370499|67.843925|-0.000000|176.170486|0.000000|0.900000|0.900000|0.900000
AEG801_253_7042|13|44.111313|257.672241|111.378418|-0.000000|-145.612122|-0.000000|0.700000|0.700000|0.700000
AEG801_253_7043|13|76.965660|238.107422|-59.728882|0.000000|97.125954|0.000000|1.000000|1.000000|1.000000
AEG801_253_7044|13|61.661682|245.235458|23.332378|0.000000|70.305313|0.000000|1.000000|1.000000|1.000000
AEG801_253_7045|13|104.044014|262.942871|-93.377686|0.000000|-119.341782|0.000000|1.000000|1.000000|1.000000
AEG801_253_7046|13|35.217033|259.043335|124.342285|-0.000000|61.607365|-0.000000|1.000000|1.000000|1.000000
AEG801_253_7047|13|48.151649|237.943359|-93.913269|0.000000|-120.464775|0.000000|0.692761|0.692761|0.692761
AEG801_253_7048|13|-10.088041|242.912354|-84.655487|0.000000|115.050972|0.000000|0.873267|0.873267|0.873267
AEG801_253_7049|13|104.014526|239.668167|8.920880|-0.000000|-0.306584|-0.000000|0.900000|0.900000|0.900000
AEG801_253_7050|13|123.653610|238.150284|-12.602497|0.000000|61.889473|0.000000|0.700000|0.700000|0.700000
AEG801_253_7051|13|125.459267|237.847443|2.761500|-0.000000|-86.094437|-0.000000|0.700000|0.700000|0.700000
AEG801_253_7052|13|120.988693|238.268036|-11.450645|0.000000|115.205650|0.000000|1.000000|1.000000|1.000000
AEG801_253_7053|13|126.208801|238.391418|19.931803|-0.000000|-100.811424|0.000000|0.661594|0.661594|0.661594
AEG801_253_7054|13|125.952637|238.433929|7.484142|-0.000000|45.179333|-0.000000|1.000000|1.000000|1.000000
AEG801_253_7055|13|122.950134|238.330597|40.480499|-0.000000|-119.245827|-0.000000|1.000000|1.000000|1.000000
AEG801_253_7056|13|122.800926|237.979889|-63.541908|-0.000000|-81.610100|0.000000|1.000000|1.000000|1.000000
AEG801_253_7057|13|121.363564|238.113800|-59.462254|-0.000000|158.986557|-0.000000|0.800000|0.800000|0.800000
AEG801_253_7059|13|126.565109|237.966217|-84.921021|0.000000|61.058792|0.000000|0.700000|0.700000|0.700000
AEG801_253_7061|13|127.782288|238.020065|-54.897083|0.000000|-111.485054|0.000000|0.591304|0.591304|0.591304
AEG801_253_7063|13|118.047882|238.864960|-75.467827|0.000000|61.910782|0.000000|0.943810|0.943810|0.943810
AEG801_253_7064|13|122.816803|237.692886|-102.056282|-0.000000|61.736038|-0.000000|0.700000|0.700000|0.700000
AEG801_253_7065|13|127.154663|238.285889|26.890018|-0.000000|-138.481445|0.000000|0.661594|0.661594|0.661594
AEG801_253_7068|13|110.267349|239.111237|50.094830|-0.000000|-138.358276|0.000000|0.661594|0.661594|0.661594
AEG801_253_7069|13|93.905586|240.275574|15.245717|-0.000003|-65.367165|-0.000001|0.900000|0.900000|0.900000
AEG801_253_7070|13|100.836205|239.139099|-23.003090|0.000000|-34.682327|0.000000|1.000000|1.000000|1.000000
AEG801_253_7071|13|80.663834|242.689377|49.304482|0.000000|-36.254356|0.000000|1.000000|1.000000|1.000000
AEG801_253_7072|13|72.663239|242.134827|18.078346|0.000000|114.799782|0.000000|1.000000|1.000000|1.000000
AEG801_253_7073|13|84.090469|237.950653|-89.549355|-0.000000|97.131439|-0.000000|1.000000|1.000000|1.000000
AEG801_253_7074|13|74.737640|238.031906|-84.126755|-0.000000|97.133415|-0.000000|1.000000|1.000000|1.000000
AEG801_253_7075|13|40.384052|237.863708|-96.908760|-0.000000|-120.477501|-0.000000|0.786595|0.786595|0.786595
AEG801_253_7076|13|-3.350046|242.829666|-85.434250|0.000000|-15.752484|0.000000|1.000000|1.000000|1.000000
AEG801_253_7080|13|121.870476|238.518265|29.054724|-0.000000|-175.179443|0.000000|0.661594|0.661594|0.661594
AEG801_253_7083|13|121.645134|238.270569|54.654995|-0.000000|-92.572037|-0.000000|0.700000|0.700000|0.700000
AEG801_253_7084|13|105.591309|238.191483|84.228233|-0.000000|156.592712|0.000000|0.826859|0.826859|0.826859
AEG801_253_7087|13|121.664543|241.246231|-31.691296|0.000000|161.584061|0.000000|0.661594|0.661594|0.661594
AEG801_253_7090|13|96.112297|237.781036|98.032112|0.000000|-119.266472|0.000000|1.000000|1.000000|1.000000
AEG801_253_7091|13|97.383034|241.455429|-47.824699|0.000000|63.205757|0.000000|0.700000|0.700000|0.700000
AEG801_253_7093|13|96.030258|281.317871|25.679699|0.000027|-16.396763|-0.000001|0.851680|0.851680|0.851680
AEG801_253_7094|13|91.482979|284.628601|45.583580|-0.000021|126.643730|0.000027|0.746527|0.746527|0.746527
AEG801_253_7095|13|103.017685|283.055695|39.982224|0.000000|-81.071411|-0.000025|0.600000|0.600000|0.600000
AEG801_253_7096|13|82.081779|288.235901|65.572456|0.000000|152.214981|0.000000|1.000000|1.000000|1.000000
AEG801_253_7097|13|82.842468|289.510315|73.817947|0.000000|-159.807892|0.000000|0.801588|0.801588|0.801588
AEG801_253_7099|13|92.634796|287.145996|61.873238|0.000000|165.149689|0.000000|0.735832|0.735832|0.735832
AEG801_253_7100|13|97.866661|285.708527|55.741692|0.000000|152.406799|0.000000|0.909769|0.909769|0.909769
AEG801_253_7102|13|70.148399|291.578339|87.788193|0.000000|-78.545021|0.000000|0.700000|0.700000|0.700000
AEG801_253_7104|13|79.625732|291.528320|91.103302|0.000000|-50.025379|0.000000|0.700000|0.700000|0.700000
AEG801_253_7110|13|102.488419|277.986694|-0.282245|0.000027|16.564339|-0.000023|0.851680|0.851680|0.851680
AEG801_253_7111|13|76.124771|290.825928|78.377525|0.000000|-57.274929|0.000000|0.900000|0.900000|0.900000
AEG801_253_7112|13|90.899429|285.433777|51.144882|0.000000|82.333618|0.000000|1.000000|1.000000|1.000000
AEG801_253_7113|13|100.747978|284.444733|46.847511|0.000000|115.098495|0.000000|0.900000|0.900000|0.900000
AEG801_253_7114|13|104.507858|282.073303|34.512939|0.000000|60.162525|0.000000|0.851680|0.851680|0.851680
AEG801_253_7115|13|107.507713|273.733307|-22.990658|0.000000|-133.417938|0.000000|0.600000|0.600000|0.600000
AEG801_253_7116|13|109.585594|280.265564|17.232567|0.000000|59.707935|0.000000|0.851680|0.851680|0.851680
AEG801_253_7184|13|117.991837|265.790588|-75.971725|0.000000|69.186043|0.000000|0.817979|0.817979|0.817979
AEG801_253_7185|13|116.090065|267.311127|-67.851936|0.000000|69.202049|0.000000|1.000000|1.000000|1.000000
AEG801_253_7186|13|103.970772|270.967194|-46.127792|0.000000|159.294266|0.000000|0.873267|0.873267|0.873267
AEG801_253_7187|13|114.717773|260.706848|-113.176208|0.000000|160.660339|0.000000|1.000000|1.000000|1.000000
AEG801_254_7001|13|54.416237|250.151917|64.040985|0.000000|122.604546|0.000000|1.000000|1.000000|1.000000
AEG801_254_7002|13|-50.134422|243.504913|-67.318909|0.000000|-51.372684|0.000000|0.850000|0.850000|0.850000
AEG801_254_7003|13|118.335724|238.685379|33.163139|0.000000|-100.406494|0.000000|0.900000|0.900000|0.900000
AEG801_254_7005|13|-6.765516|241.722595|-89.416428|0.000000|-118.179214|0.000000|0.850000|0.850000|0.850000
AEG801_254_7006|13|-81.014763|240.046387|-58.547348|0.000000|-138.127441|0.000000|1.000000|1.000000|1.000000
AEG801_254_7007|13|69.186531|293.351746|97.828819|0.000000|168.206680|0.000000|0.900000|0.900000|0.900000
AEG801_254_7008|13|61.495884|297.055817|118.383141|0.000000|79.150414|0.000000|0.900000|0.900000|0.900000
AEG801_255_7002|13|22.979702|238.747101|-92.344292|0.000000|144.507446|0.000000|1.000000|1.000000|1.000000
AEG801_255_7003|13|-67.767937|240.946838|-64.497070|-0.000010|5.248755|0.000000|1.000000|1.000000|1.000000
AEG801_255_7004|13|-108.738937|238.953781|-52.106201|0.000000|172.536453|0.000000|1.000000|1.000000|1.000000
AEG801_255_7005|13|100.282166|238.117279|-67.236641|-0.000000|-94.592842|-0.000000|1.000000|1.000000|1.000000
AEG801_255_7006|13|74.518547|244.552597|63.368797|0.000000|155.324234|0.000000|1.000000|1.000000|1.000000
AEG801_255_7007|13|67.952263|242.888260|23.690378|0.000000|87.108719|0.000000|1.000000|1.000000|1.000000
AEG801_255_7009|13|35.333885|258.890106|107.576370|0.000000|61.108780|0.000000|1.000000|1.000000|1.000000
AEG801_255_7010|13|102.172249|239.247650|71.777214|0.000000|29.558624|-0.000000|0.800000|0.800000|0.800000
AEG801_255_7011|13|122.352859|238.584229|5.331745|-0.000000|-115.333725|-0.000000|0.900000|0.900000|0.900000
AEG801_255_7012|13|126.275993|238.053741|-55.730774|0.000000|73.461929|0.000000|0.900000|0.900000|0.900000
AEG801_255_7013|13|112.276596|238.662186|50.170334|-0.000000|71.454269|-0.000000|1.000000|1.000000|1.000000
AEG801_255_7014|13|-31.761829|238.591034|-94.006012|0.000000|-165.927261|0.000000|1.000000|1.000000|1.000000
AEG801_255_7015|13|39.971180|238.048050|-93.782623|-0.000000|115.016914|-0.000000|1.000000|1.000000|1.000000
AEG801_255_7018|13|100.822418|238.593735|80.958504|-0.000000|-52.693752|0.000000|1.000000|1.000000|1.000000
AEG801_255_7019|13|73.038010|293.569336|103.123611|0.000000|102.011551|0.000000|1.000000|1.000000|1.000000
AEG801_255_7020|13|74.837845|291.061279|81.384102|0.000000|11.998137|0.000000|0.897927|0.897927|0.897927
AEG801_256_7001|13|-61.294773|243.707825|-55.902596|0.000000|-22.962156|0.000000|1.000000|1.000000|1.000000
AEG801_256_7003|13|33.994659|238.376297|-88.301666|0.000000|-26.271030|0.000000|1.000000|1.000000|1.000000
AEG801_256_7004|13|115.572983|238.111465|23.553650|-0.000000|-52.329617|0.000000|1.000000|1.000000|1.000000
AEG801_256_7005|13|66.383316|294.038940|106.698097|0.000000|-142.277832|0.000000|1.000000|1.000000|1.000000
AEG801_257_7000|13|70.332344|291.923859|89.474876|0.000000|-6.526412|0.000000|1.000000|1.000000|1.000000
AEG801_259_7001|13|-87.685280|239.742188|-55.657715|0.000000|-132.233154|0.000000|1.000000|1.000000|1.000000
AEG801_259_7002|13|80.698471|242.830383|56.878426|-0.000000|-144.765289|0.000000|1.000000|1.000000|1.000000
AEG801_259_7005|13|99.444946|237.630310|87.440796|-0.000000|125.472954|-0.000000|1.000000|1.000000|1.000000
