m525500_0000|0|0.000000|0.000000|0.000000|0.000000|0.000000|0.000000|1.000000|1.000000|1.000000
m525501_0000|0|0.000000|0.000000|0.000000|0.000000|0.000000|0.000000|1.000000|1.000000|1.000000
c0000_9001|2|-55.223999|1694.384033|68.338997|0.000000|38.505001|0.000000|1.000000|1.000000|1.000000
c0000_9004|2|-68.750000|1706.822998|57.403000|0.000000|138.300003|0.000000|1.000000|1.000000|1.000000
c0000_9005|2|-50.181999|1706.698975|89.356003|0.000000|56.025002|0.000000|1.000000|1.000000|1.000000
c0000_9007|2|-61.464001|1712.275024|18.014000|0.000000|153.542999|0.000000|1.000000|1.000000|1.000000
c0100_9000|2|-8.927000|1684.020020|71.212997|0.000000|-127.014999|0.000000|1.000000|1.000000|1.000000
c3900_9008|2|-25.465000|1688.614990|68.966003|0.000000|48.020000|0.000000|1.000000|1.000000|1.000000
c3900_9017|2|3.288000|1693.583008|9.433000|0.000000|-39.050999|0.000000|1.000000|1.000000|1.000000
c3900_9018|2|5.424000|1693.758057|10.856000|0.000000|-35.801998|0.000000|1.000000|1.000000|1.000000
c3900_9019|2|-42.069000|1692.069946|22.659000|0.000000|113.052002|0.000000|1.000000|1.000000|1.000000
c3910_9000|2|2.784000|1687.133057|36.828999|0.000000|-31.215000|0.000000|1.000000|1.000000|1.000000
c4080_9000|2|-37.801998|1694.923950|61.046001|-0.000000|-34.480999|0.000000|1.000000|1.000000|1.000000
c4080_9001|2|-58.695999|1699.057007|51.188000|0.000000|-87.544998|0.000000|1.000000|1.000000|1.000000
c4080_9002|2|-54.457001|1699.057007|46.270000|0.000000|-9.848000|0.000000|1.000000|1.000000|1.000000
c4160_9000|2|-75.748001|1712.275024|66.387001|0.000000|-153.690994|0.000000|1.000000|1.000000|1.000000
c4161_9000|2|-78.213997|1712.275024|66.296997|0.000000|112.047997|0.000000|1.000000|1.000000|1.000000
c4161_9001|2|-45.563999|1693.698975|97.899002|0.000000|-148.281006|0.000000|1.000000|1.000000|1.000000
c4161_9002|2|-52.008999|1694.688965|67.241997|-4.362000|111.529999|2.056000|1.000000|1.000000|1.000000
c4191_9000|2|-34.124001|1704.029053|-6.505000|0.000000|-87.806000|0.000000|1.000000|1.000000|1.000000
c4381_9001|2|-13.731000|1690.162964|20.811001|0.000000|-43.985001|0.000000|1.000000|1.000000|1.000000
c4381_9005|2|42.945000|1669.722046|112.189003|0.000000|-26.416000|0.000000|1.000000|1.000000|1.000000
c4381_9006|2|28.584000|1677.423950|81.477997|0.000000|-29.632999|0.000000|1.000000|1.000000|1.000000
c4381_9013|2|1.149000|1686.374023|40.179001|0.000000|-40.890999|0.000000|1.000000|1.000000|1.000000
c4381_9014|2|-2.294000|1686.431030|39.158001|0.000000|-34.022999|0.000000|1.000000|1.000000|1.000000
c4381_9016|2|28.952000|1689.878052|32.588001|0.000000|-33.376999|0.000000|1.000000|1.000000|1.000000
c4381_9017|2|-36.882000|1691.840942|43.575001|0.000000|-64.762001|0.000000|1.000000|1.000000|1.000000
c4381_9018|2|41.293999|1676.503052|81.443001|0.000000|-53.465000|0.000000|1.000000|1.000000|1.000000
c4381_9019|2|-16.583000|1688.058960|78.669998|0.000000|-32.129002|0.000000|1.000000|1.000000|1.000000
c4381_9020|2|1.136000|1692.987061|10.313000|0.000000|-33.876999|0.000000|1.000000|1.000000|1.000000
c4381_9021|2|-36.144001|1691.948975|47.499001|0.000000|-42.813000|0.000000|1.000000|1.000000|1.000000
c4381_9022|2|19.329000|1687.770996|36.202000|0.000000|-41.435001|0.000000|1.000000|1.000000|1.000000
c4381_9023|2|49.111000|1680.213989|49.191002|0.000000|-30.579000|0.000000|1.000000|1.000000|1.000000
c4381_9027|2|29.301001|1676.463013|85.953003|0.000000|-38.076000|0.000000|1.000000|1.000000|1.000000
c4381_9028|2|31.117001|1690.192993|32.478001|0.000000|-26.167000|0.000000|1.000000|1.000000|1.000000
h525500|5|0.000000|0.000000|0.000000|0.000000|0.000000|0.000000|1.000000|1.000000|1.000000
h525501|5|0.000000|0.000000|0.000000|0.000000|0.000000|0.000000|1.000000|1.000000|1.000000
h525550|5|0.000000|0.000000|0.000000|0.000000|-0.000010|0.000000|1.000000|1.000000|1.000000
h525551|5|0.000000|0.000000|0.000000|0.000000|-0.000010|0.000000|1.000000|1.000000|1.000000
h525552|5|0.000000|0.000000|0.000000|0.000000|-0.000010|0.000000|1.000000|1.000000|1.000000
AEG099_600_9007|9|-77.695999|1731.447021|79.023003|0.000000|-8.328000|0.000000|1.000000|1.000000|1.000000
c0000_9000|10|-49.646999|1694.020020|83.539001|0.000000|61.112999|0.000000|1.000000|1.000000|1.000000
c3900_9000|10|-56.686001|1706.454956|82.181000|0.000000|42.403999|0.000000|1.000000|1.000000|1.000000
c3900_9001|10|-61.358002|1741.834961|16.033001|0.000000|-50.919998|0.000000|1.000000|1.000000|1.000000
c3900_9002|10|-55.369999|1707.620972|33.735001|0.000000|-87.473000|0.000000|1.000000|1.000000|1.000000
c3900_9003|10|-54.257000|1703.140015|50.658001|0.000000|96.281998|0.000000|1.000000|1.000000|1.000000
c3900_9004|10|-47.821999|1699.041992|55.736000|0.000000|178.352005|0.000000|1.000000|1.000000|1.000000
c3900_9006|10|-55.140999|1703.155029|42.492001|0.000000|132.091003|0.000000|1.000000|1.000000|1.000000
c3900_9007|10|-50.901001|1694.193970|79.449997|0.000000|-125.167999|0.000000|1.000000|1.000000|1.000000
c3900_9009|10|-32.369999|1687.854980|33.456001|0.000000|-131.399002|0.000000|1.000000|1.000000|1.000000
c3900_9010|10|-64.735001|1741.584961|18.097000|0.000000|-132.789001|0.000000|1.000000|1.000000|1.000000
c3900_9011|10|-59.534000|1741.785034|17.311001|0.000000|-168.475998|0.000000|1.000000|1.000000|1.000000
c3900_9012|10|31.299000|1665.891968|112.560997|0.000000|-135.699005|0.000000|1.000000|1.000000|1.000000
c3900_9013|10|-63.306000|1741.535034|19.945000|0.000000|160.960999|0.000000|1.000000|1.000000|1.000000
c3900_9016|10|-62.561001|1741.785034|18.104000|0.000000|26.684000|0.000000|1.000000|1.000000|1.000000
c3910_9001|10|-75.759003|1701.149048|41.393002|0.000000|-130.759995|0.000000|1.000000|1.000000|1.000000
c3910_9002|10|-72.921997|1731.432007|73.275002|0.000000|-43.605000|0.000000|1.000000|1.000000|1.000000
c3910_9003|10|-64.061996|1741.535034|15.189000|0.000000|-143.460007|0.000000|1.000000|1.000000|1.000000
c3910_9004|10|-61.750999|1741.535034|17.132000|0.000000|-117.774002|0.000000|1.000000|1.000000|1.000000
c4191_9001|10|8.644000|1692.332031|18.459999|-0.099000|124.158997|-0.022000|1.000000|1.000000|1.000000
c4381_9000|10|-59.645000|1741.535034|19.941999|0.000000|-119.469002|0.000000|1.000000|1.000000|1.000000
c4381_9002|10|-61.876999|1741.535034|19.893000|0.000000|-150.891998|0.000000|1.000000|1.000000|1.000000
c4381_9003|10|35.029999|1665.503052|110.500999|0.000000|-146.669998|0.000000|1.000000|1.000000|1.000000
c4381_9004|10|-60.779999|1741.535034|15.483000|0.000000|-135.679993|0.000000|1.000000|1.000000|1.000000
c4381_9007|10|20.957001|1668.092041|89.839996|0.000000|-134.923996|0.000000|1.000000|1.000000|1.000000
c4381_9008|10|-58.797001|1741.535034|16.483000|0.000000|-179.376007|0.000000|1.000000|1.000000|1.000000
c4381_9009|10|-5.576000|1682.532959|68.623001|0.000000|-114.403000|0.000000|1.000000|1.000000|1.000000
c4381_9010|10|-58.332001|1741.535034|14.182000|0.000000|177.028000|0.000000|1.000000|1.000000|1.000000
c4381_9011|10|-60.585999|1741.535034|18.594999|0.000000|-145.162003|0.000000|1.000000|1.000000|1.000000
c4381_9012|10|9.894000|1679.625000|44.285000|0.000000|-138.128006|0.000000|1.000000|1.000000|1.000000
c4381_9015|10|-54.793999|1706.698975|84.224998|0.000000|-2.452000|0.000000|1.000000|1.000000|1.000000
AEG001_373_7000|13|74.397812|1663.464233|126.108932|6.075672|-0.068439|-10.258658|1.000000|1.000000|1.000000
AEG001_373_7001|13|62.803955|1666.397461|116.877853|-7.832661|-92.099373|-7.507119|1.000000|1.000000|1.000000
AEG001_373_7002|13|44.547379|1669.048706|115.931366|6.851581|0.963849|-10.245773|1.000000|1.000000|1.000000
AEG001_373_7003|13|56.483276|1669.150146|92.786667|5.397926|16.633070|-13.557881|1.000000|1.000000|1.000000
AEG001_373_7004|13|65.464844|1667.710327|106.662415|-0.589377|-75.735588|-14.251798|1.000000|1.000000|1.000000
AEG001_373_7005|13|25.823519|1674.149658|101.230240|-10.767261|-90.366676|-6.539856|1.000000|1.000000|1.000000
AEG001_373_7006|13|37.196442|1673.993530|91.992821|-13.436457|-91.059448|-12.448568|1.000000|1.000000|1.000000
AEG001_373_7007|13|12.977196|1677.249756|94.187027|-8.089958|-179.644943|6.730524|1.000000|1.000000|1.000000
AEG001_373_7008|13|8.395394|1679.518555|78.065704|6.892234|89.266769|9.137484|1.000000|1.000000|1.000000
AEG001_373_7009|13|24.336914|1682.011108|48.065125|-7.756228|0.394584|-11.724936|1.000000|1.000000|1.000000
AEG001_373_7010|13|37.919220|1677.817993|70.844238|-9.849379|-90.735085|-7.780285|1.000000|1.000000|1.000000
AEG001_373_7011|13|-7.850956|1685.139160|58.517094|-6.356230|-89.781776|0.124965|1.000000|1.000000|1.000000
AEG001_373_7012|13|-25.400085|1686.300537|64.161156|2.049849|-179.653519|1.197114|1.000000|1.000000|1.000000
AEG001_373_7013|13|-4.874882|1688.361816|29.123787|-11.401624|179.945587|1.692521|1.000000|1.000000|1.000000
AEG001_373_7014|13|-28.486053|1687.283325|77.361191|7.331116|-179.555832|0.527673|1.000000|1.000000|1.000000
AEG001_373_7015|13|-29.742065|1693.731445|7.203764|5.411695|89.444038|13.232726|1.000000|1.000000|1.000000
AEG001_373_7016|13|-14.719734|1686.666992|42.713047|-9.115357|-90.839539|-7.734757|1.000000|1.000000|1.000000
AEG001_373_7017|13|-33.705826|1689.505615|33.166485|6.081271|89.433662|5.989230|1.000000|1.000000|1.000000
AEG001_373_7018|13|-46.445717|1691.922974|33.736176|-7.963850|-90.493797|-5.245791|0.750000|0.750000|0.750000
AEG001_373_7019|13|-66.697990|1694.638550|14.447262|-14.360051|179.128326|-0.473474|1.000000|1.000000|1.000000
AEG001_373_7020|13|-52.646484|1694.295898|15.707169|1.175722|89.275490|6.766395|1.000000|1.000000|1.000000
AEG001_373_7021|13|-49.365456|1698.878052|-11.348633|5.989066|1.115886|-10.056416|1.000000|1.000000|1.000000
AEG001_373_7022|13|-81.404785|1692.148926|26.048077|-4.932462|89.842796|7.231450|1.000000|1.000000|1.000000
AEG001_373_7023|13|-59.552551|1704.142212|-21.646637|12.331964|-53.768131|-6.198562|1.000000|1.000000|1.000000
AEG001_373_7024|13|-82.828690|1704.886353|-39.244625|0.879182|-91.276466|-0.880046|1.000000|1.000000|1.000000
AEG001_373_7025|13|-84.840332|1705.110962|-27.552979|0.200398|178.905777|1.526520|1.000000|1.000000|1.000000
AEG001_373_7026|13|-60.480194|1704.629395|-46.201157|3.977520|15.517968|-3.482356|1.000000|1.000000|1.000000
AEG001_373_7027|13|-39.686272|1699.223877|-28.974762|10.762137|0.535484|-4.709898|1.000000|1.000000|1.000000
AEG001_373_7028|13|-28.330261|1697.720581|-20.227295|3.909847|89.051941|0.555459|1.000000|1.000000|1.000000
AEG001_373_7029|13|39.814957|1667.938232|125.868423|9.263048|60.148586|8.209696|1.000000|1.000000|1.000000
AEG001_373_7030|13|-67.102142|1698.882080|-1.569603|-12.337291|-90.678467|-9.419813|1.000000|1.000000|1.000000
AEG001_373_7031|13|-13.670303|1690.897461|17.287922|4.443175|89.679657|10.969830|1.000000|1.000000|1.000000
AEG001_373_7032|13|-33.083504|1688.222778|56.096413|-12.848957|-90.771835|-6.823438|1.000000|1.000000|1.000000
AEG001_373_7033|13|5.087261|1688.749756|26.882603|-6.087705|119.701660|10.125539|1.000000|1.000000|1.000000
AEG001_373_7034|13|30.421722|1678.852417|72.232635|-6.852265|-178.152573|7.971131|1.000000|1.000000|1.000000
AEG001_373_7035|13|-38.166138|1686.836182|71.935295|2.708089|90.261971|0.057729|1.000000|1.000000|1.000000
AEG001_373_7036|13|-25.327190|1689.078125|29.325457|-6.989643|-179.854935|6.807731|1.000000|1.000000|1.000000
AEG001_373_7037|13|-47.140610|1694.659058|74.863144|-3.809591|-178.622055|-6.706756|0.750000|0.750000|0.750000
AEG001_373_7038|13|-43.353020|1695.010986|71.401009|8.204506|-147.160675|0.787275|0.750000|0.750000|0.750000
AEG001_373_7039|13|-39.635010|1694.861450|61.990242|-1.376497|-147.112259|-1.246205|0.750000|0.750000|0.750000
AEG001_373_7040|13|-38.290779|1694.980591|66.985367|7.563616|-147.215530|-0.274311|0.750000|0.750000|0.750000
AEG001_373_7041|13|-56.289295|1694.720337|83.745132|4.575926|130.620682|2.714318|0.750000|0.750000|0.750000
AEG001_373_7042|13|-63.571701|1694.918579|76.477470|4.898668|130.904556|-0.526057|0.750000|0.750000|0.750000
AEG001_373_7043|13|-57.474384|1694.800903|82.653259|-1.030894|6.721488|-5.409520|0.750000|0.750000|0.750000
AEG001_373_7044|13|-51.259525|1696.070068|58.402573|8.015009|7.392485|3.292370|0.750000|0.750000|0.750000
AEG001_373_7045|13|-43.360535|1701.815308|-44.158478|4.476097|16.285353|-13.763562|1.000000|1.000000|1.000000
AEG001_373_7046|13|-10.599522|1685.132935|67.519127|-8.849241|-179.321198|6.388330|1.000000|1.000000|1.000000
AEG001_373_7047|13|42.756031|1678.058838|61.156227|-3.239436|-56.599747|-5.534487|0.750000|0.750000|0.750000
AEG001_373_7048|13|38.349609|1676.394897|82.012642|-10.100153|-167.983215|0.103464|0.750000|0.750000|0.750000
AEG001_373_7049|13|46.308685|1676.007080|73.212860|11.570943|151.816360|10.490434|0.750000|0.750000|0.750000
AEG001_373_7050|13|20.466064|1688.034424|30.184387|1.976985|123.974411|6.911469|0.750000|0.750000|0.750000
AEG001_373_7051|13|-34.457108|1698.437256|-29.309204|8.284391|3.301984|-12.665405|0.750000|0.750000|0.750000
AEG003_059_2000|13|-42.815430|1703.152100|59.490711|-0.000123|-44.999996|-0.000532|1.000000|1.000000|1.000000
AEG003_061_2000|13|-38.989605|1703.074097|65.440552|0.550377|-175.034561|-0.847496|1.000000|1.000000|1.000000
AEG003_061_2001|13|-36.749836|1703.152100|63.705746|0.550377|-67.197174|-0.847497|1.000000|1.000000|1.000000
AEG003_500_2000|13|-63.683685|1711.007568|43.105133|-0.000000|-120.928009|-0.000000|1.000000|1.000000|1.000000
AEG003_500_2001|13|-56.625072|1694.399048|65.997070|-0.228215|54.072289|0.149253|1.000000|1.000000|1.000000
AEG003_500_2002|13|-72.156044|1706.877075|58.091084|-0.228215|-99.999977|0.149253|1.000000|1.000000|1.000000
AEG003_500_2003|13|-62.417591|1706.855713|63.733147|-0.228215|-134.999969|0.149253|1.000000|1.000000|1.000000
AEG003_500_2004|13|-43.493881|1703.174438|55.261978|-0.228215|-134.999664|0.149253|1.000000|1.000000|1.000000
AEG003_500_2005|13|-54.833855|1703.235474|44.940002|-0.228215|-134.999664|0.149253|1.000000|1.000000|1.000000
AEG003_500_2006|13|-52.637115|1703.225464|46.243046|-0.228215|45.000324|0.149253|1.000000|1.000000|1.000000
AEG003_500_2007|13|-59.277462|1698.998291|54.093842|-0.228215|45.000324|0.149253|1.000000|1.000000|1.000000
AEG003_501_2000|13|-80.199829|1710.931030|45.451096|-0.000003|-8.000444|-0.000000|1.000001|1.000000|1.000001
AEG003_501_2001|13|-74.213585|1730.971680|70.085960|-0.000004|-153.000427|-0.000000|1.000001|1.000000|1.000001
AEG003_501_2002|13|-45.422363|1703.152100|53.829506|-0.000004|131.999573|-0.000000|1.000000|1.000000|1.000000
AEG003_501_2003|13|-62.254913|1710.906616|39.499683|-0.001038|39.000484|0.000000|1.000001|1.000000|1.000001
AEG003_501_2004|13|-59.086342|1693.643677|85.762375|-0.000004|117.999725|-0.000000|1.000001|1.000000|1.000001
AEG003_501_2005|13|-57.771587|1694.411255|63.984947|-0.672377|6.003536|0.479862|1.000000|1.000000|1.000000
AEG003_501_2006|13|-37.020607|1694.825073|63.772877|0.005546|171.602356|-0.004669|1.000001|1.000000|1.000001
AEG003_501_2007|13|-64.008415|1706.874390|61.556915|-0.000004|134.999802|-0.000003|1.000000|1.000000|1.000000
AEG003_501_2008|13|-71.590485|1697.541870|66.296440|0.000000|-135.000275|0.000000|1.000000|1.000000|1.000000
AEG003_501_2009|13|-72.375549|1706.882080|64.140984|0.000000|-55.001801|0.000000|1.000000|1.000000|1.000000
AEG003_501_2010|13|-64.488800|1730.971680|12.896797|-0.000004|26.999563|-0.000000|1.000001|1.000000|1.000001
AEG003_501_2011|13|-41.796947|1694.553955|64.366989|0.005546|-133.397644|-0.004669|1.000000|1.000000|1.000000
AEG003_501_2012|13|-68.229248|1706.773438|72.320755|0.000000|-45.001812|0.000000|1.000000|1.000000|1.000000
AEG003_501_2013|13|-45.343731|1706.698730|94.072357|0.000000|134.998184|0.000000|1.000000|1.000000|1.000000
AEG003_501_2014|13|-69.486816|1706.773438|70.530106|0.000000|44.998196|0.000000|1.000000|1.000000|1.000000
AEG003_502_2000|13|-59.716061|1694.437378|65.906891|-0.589172|22.977381|-0.605482|1.000000|1.000000|1.000001
AEG003_502_2001|13|-60.847492|1711.007568|37.631763|0.000027|-159.019485|0.000055|1.000001|1.000000|1.000001
AEG003_503_2000|13|-51.070969|1703.151611|47.084435|0.136986|-109.585564|0.004645|1.000001|1.000001|1.000000
AEG003_503_2001|13|-79.422882|1710.968506|44.260555|0.136986|70.414444|0.004645|1.000001|1.000001|1.000001
AEG003_503_2002|13|-63.019485|1706.874512|65.912285|0.000000|-60.000198|-0.000000|1.000001|1.000001|1.000000
AEG003_503_2003|13|-56.434807|1703.139526|46.082348|0.136986|100.414452|0.004645|1.000001|1.000001|1.000000
AEG003_503_2004|13|-70.374840|1697.541870|64.746071|0.000000|-60.000198|-0.000000|1.000001|1.000001|1.000000
AEG003_503_2005|13|-68.934113|1706.884155|68.992706|0.000000|-60.000198|-0.000000|1.000001|1.000001|1.000000
AEG003_503_2006|13|-70.762840|1706.820557|69.480385|0.000000|-115.000198|-0.000000|1.000001|1.000000|1.000000
AEG003_506_2000|13|-61.487793|1710.950684|27.042156|0.000109|80.834000|-0.000071|1.000001|1.000000|1.000001
AEG003_506_2001|13|-78.931038|1710.955322|42.834473|0.000109|113.834007|-0.000076|1.000000|1.000000|1.000000
AEG003_506_2002|13|-60.235455|1694.440063|68.554649|-1.711673|-144.150314|1.053844|1.000001|0.999999|1.000001
AEG003_506_2003|13|-58.943520|1711.007568|36.957199|0.000109|113.833710|-0.000073|1.000000|1.000000|1.000000
AEG003_506_2004|13|-54.435204|1698.989380|45.092831|0.000109|-136.166000|-0.000073|1.000000|1.000000|1.000000
AEG003_506_2005|13|-61.032879|1694.443848|66.955818|0.000109|-64.166168|-0.000073|1.000001|1.000000|1.000001
AEG003_506_2006|13|-52.142971|1699.034546|45.954983|0.000000|139.333984|0.000000|1.000000|1.000000|1.000000
AEG003_507_2000|13|-42.705173|1699.042114|59.672798|0.000027|59.140209|-0.000012|1.000001|1.000000|1.000001
AEG003_509_2001|13|-57.853783|1694.300293|68.108177|0.228975|29.776999|-0.366615|1.000000|1.000000|1.000000
AEG003_509_2002|13|-67.066696|1711.007568|30.369652|-0.007267|-133.223770|-0.002172|1.000001|1.000000|1.000001
AEG003_509_2003|13|-76.136841|1710.955322|39.381172|0.000027|43.736855|-0.000004|1.000001|1.000000|1.000001
AEG003_509_2005|13|-70.698326|1698.986328|55.722221|0.000027|-150.001785|0.000000|1.000000|1.000000|1.000000
AEG003_509_2006|13|-72.630516|1699.070190|61.667686|0.000027|-100.001793|0.000000|1.000000|1.000000|1.000000
AEG003_510_2000|13|-48.871555|1694.463501|69.511971|-0.000732|-161.709137|-0.000164|1.000000|1.000000|1.000000
AEG003_510_2001|13|-49.888481|1694.463501|69.555756|-0.000003|-2.180818|-0.000000|1.000001|1.000000|1.000001
AEG003_510_2002|13|-57.751431|1694.307495|71.823456|1.761889|-173.712250|2.056516|1.000000|1.000000|1.000000
AEG003_510_2003|13|-81.947731|1730.971680|73.762772|-0.000003|-168.000565|-0.000000|1.000000|1.000000|1.000000
AEG003_510_2004|13|-56.820393|1694.276855|71.285217|-0.396469|-21.207943|-0.104028|1.000000|1.000000|0.999999
AEG003_510_2005|13|-56.754620|1730.971680|9.219984|-0.000003|11.999421|-0.000000|1.000001|1.000000|1.000001
AEG003_511_2000|13|-44.122944|1699.027344|60.553921|0.550377|-175.034561|-0.847497|1.000002|0.999999|1.000001
AEG003_511_2001|13|-76.608391|1710.936279|48.983475|0.000191|158.736755|0.000082|1.000001|1.000000|1.000001
AEG003_511_2002|13|-41.601212|1699.042114|58.116756|0.000191|124.140221|0.000082|1.000000|1.000000|1.000000
AEG003_511_2003|13|-45.037045|1698.989380|55.053543|0.995842|-10.028906|-0.675889|1.000000|1.000001|1.000001
AEG003_521_2000|13|-47.298832|1703.152100|51.418304|0.000000|39.999481|0.000000|1.000000|1.000000|1.000000
AEG003_521_2001|13|-53.385818|1699.041870|58.851570|0.000000|129.999466|0.000000|1.000000|1.000000|1.000000
AEG003_521_2002|13|-69.738113|1706.877075|66.404770|0.000000|-150.001129|0.000000|1.000000|1.000000|1.000000
AEG003_521_2003|13|-49.308067|1703.152100|55.347870|0.000000|-90.000519|0.000000|1.000000|1.000000|1.000000
AEG003_522_2001|13|-60.121956|1699.042114|46.552490|0.000000|134.731445|0.000000|1.000000|1.000000|1.000000
AEG003_522_2002|13|-54.783924|1703.225464|47.682281|0.000000|-59.999840|0.000000|1.000000|1.000000|1.000000
AEG003_522_2003|13|-72.397568|1706.877075|60.549042|0.000000|-15.001134|0.000000|1.000000|1.000000|1.000000
AEG003_522_2004|13|-70.766953|1699.070190|57.961517|0.000000|144.998215|0.000000|1.000000|1.000000|1.000000
AEG003_522_2005|13|-62.479496|1706.598877|76.868813|0.000000|-100.001152|0.000000|1.000000|1.000000|1.000000
AEG003_522_2006|13|-48.855228|1706.667725|91.202309|0.000000|-100.001152|0.000000|1.000000|1.000000|1.000000
AEG003_532_2001|13|-51.461361|1694.463501|69.399315|9.157863|171.614822|-1.361675|1.000000|1.000000|1.000000
AEG003_532_2002|13|-56.267673|1694.276245|71.828209|-19.069439|19.976118|-0.339163|1.000001|1.000000|1.000001
AEG003_533_2000|13|-46.478828|1698.989380|53.457119|-0.000123|0.987399|-0.000532|1.000000|1.000000|1.000000
AEG003_533_2001|13|-72.357399|1706.882080|66.882828|-0.000123|-10.000544|-0.000532|1.000000|1.000000|1.000000
AEG003_533_2002|13|-70.725555|1706.841309|62.701733|-0.000123|124.999580|-0.000532|1.000000|1.000000|1.000000
AEG003_533_2004|13|-49.635105|1703.152100|48.561768|-0.000123|134.999466|-0.000532|1.000000|1.000000|1.000000
AEG003_604_2000|13|-72.357010|1731.182617|75.764839|0.000000|-27.884817|0.000000|1.000000|1.000000|1.000000
AEG003_604_2001|13|-62.117195|1710.848633|29.279804|-0.000000|-27.884817|-0.000001|1.000000|1.000000|1.000000
AEG003_604_2002|13|-62.230053|1731.182129|11.587959|-0.000000|-27.884817|-0.000001|1.000000|1.000000|1.000000
AEG003_604_2003|13|-69.802193|1710.948486|32.294174|0.000000|-46.384811|-0.000001|1.000000|1.000000|1.000000
AEG003_604_2004|13|-56.617104|1731.083984|11.179743|-0.356173|-12.888256|-1.106043|1.000000|1.000000|1.000000
AEG003_604_2005|13|-52.547150|1706.655640|41.252640|-0.000000|-27.884817|-0.000001|1.000000|1.000000|1.000000
AEG003_604_2006|13|-44.742161|1706.696899|76.049759|-0.000000|-27.884817|-0.000006|1.000000|1.000000|1.000000
AEG003_604_2007|13|-48.686874|1705.782349|87.147438|-19.246393|-24.656427|0.510761|1.000000|1.000000|1.000000
AEG003_604_2008|13|-70.349030|1706.895386|58.363785|0.000000|-21.125633|0.000000|1.000000|1.000000|1.000000
AEG003_604_2009|13|-45.867043|1693.706421|99.054855|0.000000|-27.872564|0.000000|1.000000|1.000000|1.000000
AEG003_604_2010|13|-60.934265|1699.041138|52.844368|-0.000000|-27.884817|-0.000001|1.000000|1.000000|1.000000
AEG003_604_2011|13|-47.377243|1694.257812|78.805969|6.210125|-27.884815|-0.000001|1.000000|1.000000|1.000000
AEG003_604_2012|13|-67.331383|1699.042114|59.210400|0.000000|-52.884811|0.000000|1.000000|1.000000|1.000000
AEG003_604_2013|13|-50.036377|1703.112793|51.420715|-0.000000|-28.370014|0.000000|1.000000|1.000000|1.000000
AEG003_604_2014|13|35.426193|1676.850464|81.643715|6.267600|-28.175110|-12.823556|1.000000|1.000000|1.000000
AEG003_604_2015|13|-9.340127|1687.103516|35.138443|6.589358|-28.183573|-6.446257|1.000000|1.000000|1.000000
AEG003_604_2016|13|-52.687737|1693.282104|21.588860|5.325226|-27.898861|-6.015251|1.000000|1.000000|1.000000
AEG003_604_2017|13|-75.749306|1699.018433|3.848087|12.419387|-26.729321|-8.269659|1.000000|1.000000|1.000000
AEG003_605_2000|13|-60.695061|1704.052979|84.678436|-0.000002|-27.884815|-0.000002|1.000000|1.000000|1.000000
AEG003_605_2001|13|-59.364609|1731.175659|7.423723|-0.182371|-27.887257|-1.535580|1.000000|1.000000|1.000000
AEG003_605_2002|13|-64.206970|1731.182617|7.870546|-0.000000|-27.884817|-0.000001|1.000000|1.000000|1.000000
AEG003_605_2003|13|-64.431999|1731.182617|5.666882|-0.000000|-27.884817|-0.000001|1.000000|1.000000|1.000000
AEG003_605_2004|13|-41.053574|1706.613892|49.502533|0.000000|-27.764437|-0.000001|1.000000|1.000000|1.000000
AEG003_605_2005|13|-45.799728|1706.685913|48.481415|0.000000|-27.764437|-0.000001|1.000000|1.000000|1.000000
AEG003_605_2006|13|-59.195023|1708.660522|26.950966|0.000000|-27.208263|0.178104|1.000000|1.000000|1.000000
AEG003_605_2007|13|-49.058964|1706.698730|91.394188|-0.000000|-27.884817|-0.000001|1.000000|1.000000|1.000000
AEG003_605_2008|13|-43.544876|1699.042114|63.105881|0.000000|-27.884817|0.000000|1.000000|1.000000|1.000000
AEG003_605_2009|13|-56.937164|1699.042114|60.360710|0.000000|-27.884809|-0.000000|1.000000|1.000000|1.000000
AEG003_605_2010|13|-43.721840|1693.949219|85.622559|0.011557|-27.884813|0.025490|1.000000|1.000000|1.000000
AEG003_605_2011|13|-57.835114|1694.410156|73.565659|-4.929895|-27.995335|-4.723632|1.000000|1.000000|1.000000
AEG003_605_2012|13|-53.311829|1703.200684|53.995850|-0.000002|-27.743435|0.000000|1.000000|1.000000|1.000000
AEG003_605_2013|13|50.907494|1668.914673|108.523972|7.906737|-27.924574|-8.907445|1.000000|1.000000|1.000000
AEG003_605_2014|13|29.227737|1689.862793|33.483246|5.046817|-28.939188|7.269863|1.000000|1.000000|1.000000
AEG003_605_2015|13|-36.572922|1691.925781|44.978359|-0.695729|-27.605011|8.947247|1.000000|1.000000|1.000000
AEG003_605_2016|13|1.448608|1692.709473|11.477020|18.147701|-28.535091|3.467058|1.000000|1.000000|1.000000
AEG003_605_2060|13|-65.531158|1710.973633|46.093025|-0.000000|-27.884817|-0.000001|1.000000|1.000000|1.000000
AEG003_605_2061|13|27.053497|1689.747925|38.090626|7.462526|-13.564224|12.748768|1.000000|1.000000|1.000000
AEG003_605_2062|13|21.217529|1687.994141|31.871593|-0.401641|-33.334465|2.767347|1.000000|1.000000|1.000000
AEG003_605_2063|13|20.817387|1687.953125|34.274887|3.995988|-48.263424|0.477704|1.000000|1.000000|1.000000
AEG003_605_2064|13|19.288300|1687.864502|40.519562|3.620137|-23.142597|-0.950981|1.000000|1.000000|1.000000
AEG003_605_2065|13|53.413792|1668.618042|108.881355|3.225954|-27.838833|-9.601282|1.000000|1.000000|1.000000
AEG003_605_2066|13|41.071732|1670.021851|112.414536|1.924064|-27.734697|-12.306865|1.000000|1.000000|1.000000
AEG003_605_2067|13|-61.164658|1731.175659|4.886858|-0.182371|-27.887257|-1.535580|1.000000|1.000000|1.000000
AEG003_606_2000|13|-74.231079|1710.874878|57.057190|-0.000003|166.418930|0.000000|1.000000|1.000000|1.000000
AEG003_606_2001|13|-39.071167|1706.696899|95.600937|-0.000001|18.172834|-0.000003|1.000000|1.000000|1.000000
AEG003_606_2002|13|-63.899094|1731.173828|3.910439|-0.289786|-52.876743|3.187759|1.000000|1.000000|1.000000
AEG003_606_2003|13|-64.798599|1710.848633|26.462626|-0.000000|-12.384812|-0.000002|1.000000|1.000000|1.000000
AEG003_606_2004|13|-57.387123|1703.202026|40.749756|0.000000|-44.999996|0.000000|1.000000|1.000000|1.000000
AEG003_606_2005|13|-55.001804|1706.644897|40.316456|-0.000000|37.115185|-0.000001|1.000000|1.000000|1.000000
AEG003_606_2006|13|-64.493477|1706.891602|62.909386|-0.000000|-146.780548|-0.000001|1.000000|1.000000|1.000000
AEG003_606_2007|13|-38.776031|1703.286133|67.383080|0.000000|-58.384663|0.000000|1.000000|1.000000|1.000000
AEG003_606_2008|13|-57.473549|1699.042114|40.869766|0.000027|-45.384850|0.000000|1.000000|1.000000|1.000000
AEG003_606_2009|13|-37.325893|1694.758911|59.915001|4.935304|-136.435898|9.423807|1.000000|1.000000|1.000000
AEG003_606_2010|13|-68.525078|1697.542114|62.274818|0.000000|-31.384808|-0.000001|1.000000|1.000000|1.000000
AEG003_606_2011|13|-41.806393|1694.691895|95.596695|-4.636032|107.242142|-10.973800|1.000000|1.000000|1.000000
AEG003_606_2012|13|-45.122040|1695.026733|74.123528|-8.718367|134.209717|-8.139324|1.000000|1.000000|1.000000
AEG003_606_2013|13|-82.790398|1703.745972|71.982002|0.000000|-176.384796|-0.000001|1.000000|1.000000|1.000000
AEG003_606_2014|13|-12.551528|1686.138916|44.313015|-5.620699|-75.904564|-8.440625|1.000000|1.000000|1.000000
AEG003_606_2015|13|-42.036625|1691.283081|51.722336|-1.711421|-27.585630|3.568146|1.000000|1.000000|1.000000
AEG003_606_2016|13|-36.624023|1686.905151|76.154274|-2.055202|56.635933|-0.066208|1.000000|1.000000|1.000000
AEG003_606_2017|13|-65.422897|1693.449585|20.615068|-6.283795|-178.408859|-0.438275|1.000000|1.000000|1.000000
AEG004_682_2016|13|-78.980118|1712.288330|64.464630|-0.000017|-73.000381|-0.000002|1.000000|1.000000|1.000000
AEG004_682_2017|13|-59.162483|1712.288330|17.256174|-0.000011|96.999603|0.000000|1.000001|1.000000|1.000001
AEG004_685_2000|13|-37.983406|1703.152100|64.570442|0.000000|34.140209|0.000000|1.000000|1.000000|1.000000
AEG004_690_2009|13|-39.970661|1703.304321|59.967548|-0.576220|-45.003651|-0.726142|1.000000|1.000001|1.000001
AEG004_693_2001|13|-40.183060|1696.446899|78.973122|0.000055|-45.000065|0.000000|1.000000|1.000000|1.000000
AEG004_693_2002|13|-35.056545|1696.446899|84.099655|0.000055|-45.000065|0.000000|1.000000|1.000000|1.000000
AEG004_693_2005|13|-76.810242|1733.166626|70.230774|0.000000|174.999924|0.000000|1.000000|1.000000|1.000000
AEG004_693_2006|13|-77.807526|1714.216431|61.323341|0.000000|-5.000081|0.000000|1.000000|1.000000|1.000000
AEG004_693_2007|13|-60.894848|1714.216309|21.659407|0.000000|174.999908|0.000000|1.000001|1.000000|1.000001
AEG004_693_2008|13|-61.892128|1733.166504|12.751976|0.000000|-5.000054|0.000000|1.000000|1.000000|1.000000
AEG004_693_2009|13|-76.193321|1713.875000|67.607697|0.000000|-10.000061|0.000000|1.000000|1.000000|1.000000
AEG004_693_2010|13|-62.509075|1713.875000|15.375072|0.000055|169.999954|0.000000|1.000000|1.000000|1.000000
AEG004_693_2011|13|-62.509075|1729.950195|15.375067|0.000055|169.999954|0.000000|1.000000|1.000000|1.000000
AEG004_693_2012|13|-59.577671|1733.166504|14.349974|0.000055|169.999954|0.000000|1.000000|1.000000|1.000000
AEG004_693_2013|13|-62.509075|1721.734985|15.375067|0.000055|169.999954|0.000000|1.000000|1.000000|1.000000
AEG004_769_2000|13|-48.119404|1699.044678|49.928905|-0.000236|-46.566555|-0.000016|1.000000|1.000000|1.000000
AEG004_769_2001|13|-48.417751|1703.152100|49.980846|-0.000236|-46.263176|-0.000016|1.000001|1.000000|1.000001
AEG004_769_2002|13|-71.896927|1706.882080|68.237366|-0.000236|136.933975|-0.000016|1.000000|1.000000|1.000000
AEG004_769_2003|13|-40.843960|1699.042114|57.541241|-0.000236|-45.859787|-0.000016|1.000000|1.000000|1.000000
AEG007_004_1000|13|-17.030895|1683.056885|69.965233|2.591018|-165.845825|-8.975650|1.000001|1.000001|1.000002
AEG007_004_1001|13|2.085266|1677.617676|74.199646|11.510453|54.101303|-2.308782|1.000001|1.000001|1.000002
AEG007_004_1002|13|47.372925|1669.191040|79.544708|13.297393|123.844650|-0.675532|1.000001|1.000001|1.000002
AEG007_004_1003|13|97.902390|1656.864990|112.948677|14.812723|-11.262044|-9.682806|1.000001|1.000001|1.000002
AEG007_004_1005|13|-23.891630|1693.442749|-9.095356|-8.647172|-141.728592|-12.093484|1.000001|1.000001|1.000002
AEG007_004_1006|13|-24.351509|1691.553223|-4.791027|6.439149|72.137146|2.890099|1.000001|1.000001|1.000002
AEG007_004_1007|13|41.899910|1665.320190|120.352554|-1.154386|-146.148926|4.771243|1.000001|1.000001|1.000002
AEG007_004_1008|13|23.135014|1669.561157|113.425774|13.404737|135.520828|0.348914|1.000001|1.000001|1.000002
AEG007_004_1009|13|48.526173|1672.510254|68.803772|3.389739|-85.210945|-4.625384|1.000001|1.000001|1.000002
AEG007_004_1010|13|-56.569923|1701.550903|-51.767975|2.205552|65.602478|-5.663230|1.000001|1.000001|1.000002
AEG007_004_1012|13|-72.172226|1697.274658|-4.765991|5.866225|121.134087|-4.967092|1.000001|1.000001|1.000002
AEG007_004_1013|13|-57.710045|1697.625854|-14.513134|14.920851|34.142059|-2.690864|1.000001|1.000001|1.000002
AEG007_004_1014|13|-32.493271|1695.663696|1.414642|3.268162|55.535400|-170.089890|1.000001|1.000001|1.000002
AEG007_004_1015|13|15.932971|1686.862427|46.347950|-0.166355|-42.491879|-174.937607|1.000001|1.000001|1.000002
AEG007_004_1016|13|43.688942|1676.222168|45.453781|5.664769|6.560626|-2.976986|1.000001|1.000001|1.000002
AEG007_004_1017|13|17.626459|1685.561646|26.000334|1.316040|-21.541889|-12.921906|1.000001|1.000001|1.000002
AEG007_004_1018|13|43.640366|1669.918091|83.769661|9.042460|65.372795|-11.396698|1.000001|1.000001|1.000002
AEG007_004_1019|13|35.699825|1672.174072|84.720627|11.714193|16.640236|-9.778672|1.000001|1.000001|1.000002
AEG007_004_1020|13|-34.199715|1688.569092|60.430542|-9.218047|55.658955|176.770248|1.000001|1.000001|1.000002
AEG007_004_1021|13|-73.701584|1697.199097|6.963360|1.206999|-32.716167|177.987885|1.000001|1.000001|1.000002
AEG007_004_1022|13|-45.024582|1688.274292|30.724981|0.780827|-7.823824|-10.194146|1.000001|1.000001|1.000002
AEG007_004_1023|13|-76.960495|1700.306641|-58.679794|0.937510|-81.587204|6.787679|1.000001|1.000001|1.000002
AEG007_004_1024|13|-79.448654|1701.123779|-54.171249|2.744453|-154.657211|-5.747376|1.000001|1.000001|1.000002
AEG007_004_1025|13|-69.829788|1701.687500|-57.340195|-8.293534|-8.807955|-6.165161|1.000001|1.000001|1.000002
AEG007_004_1026|13|-69.494209|1693.253906|75.258827|-0.166354|-62.534931|-174.937607|1.000001|1.000001|1.000002
AEG007_004_1027|13|-69.570992|1692.581909|78.130409|4.396646|39.211929|-170.833237|1.000001|1.000001|1.000002
AEG007_004_1028|13|-46.019264|1685.725098|87.009804|-12.154783|1.261928|174.645447|1.000001|1.000001|1.000002
AEG007_004_1031|13|104.027504|1656.295166|113.927101|-6.857549|-143.626190|-14.690043|1.000001|1.000001|1.000002
AEG007_004_1032|13|116.631165|1655.468750|115.275589|4.052516|-128.579041|-0.682090|1.000001|1.000001|1.000002
AEG007_004_1033|13|-65.889244|1693.253906|78.863800|-0.166354|-62.534931|-174.937607|1.000001|1.000001|1.000002
AEG007_004_1034|13|-79.064766|1694.206055|64.610573|-0.166354|-62.534931|-174.937607|1.000001|1.000001|1.000002
AEG007_004_1035|13|-80.524208|1690.344971|52.953476|0.179825|117.465065|-0.005073|1.000001|1.000001|1.000002
AEG007_004_1036|13|49.136646|1670.147339|67.310547|3.684581|-72.832787|-2.708350|1.000001|1.000001|1.000002
AEG007_004_1037|13|80.330254|1660.096680|87.462296|10.688480|-23.846529|-3.372876|1.000001|1.000001|1.000002
AEG007_014_1002|13|-18.486465|1679.137817|75.288849|3.114511|-123.632736|-3.171130|1.000000|1.000000|1.000000
AEG007_014_1003|13|85.154579|1656.443726|93.117455|6.171705|-18.251875|-9.649398|1.000000|1.000000|1.000000
AEG007_014_1004|13|-14.195868|1688.383911|-16.616325|-6.488721|156.706787|-1.177172|1.000000|1.000000|1.000000
AEG007_014_1010|13|-38.641190|1683.263550|37.524597|4.166579|144.796051|-10.599463|1.000000|1.000000|1.000000
AEG007_014_1011|13|-61.087967|1699.405273|-54.872574|5.693919|-121.295021|-9.489685|1.000000|1.000000|1.000000
AEG007_014_1012|13|-42.543259|1694.694458|-37.715961|0.829487|75.782272|-7.620627|1.000000|1.000000|1.000000
AEG007_014_1013|13|-79.318565|1697.229858|-47.651409|-6.919075|-148.938278|-10.991426|1.000000|1.000000|1.000000
AEG007_014_1014|13|75.992744|1657.622681|100.173248|-1.446164|-168.049484|-12.898081|1.000000|1.000000|1.000000
AEG007_014_1015|13|-60.392227|1679.740479|85.534210|6.944119|11.694571|-8.476103|1.000000|1.000000|1.000000
AEG030_033_2004|13|-46.462372|1695.479858|55.980873|0.000000|-134.999985|0.000000|1.000000|1.000000|1.000000
AEG030_033_2005|13|-50.705017|1695.479858|51.738232|0.000000|-134.999985|0.000000|1.000000|1.000000|1.000000
AEG030_033_2007|13|-54.947666|1695.479858|47.495602|0.000000|-134.999985|0.000000|1.000000|1.000000|1.000000
AEG030_033_2009|13|-50.442730|1691.297119|62.043003|0.000000|-44.999996|0.000000|1.000000|1.000000|1.000000
AEG030_033_2010|13|-59.190308|1695.479858|43.252960|0.000000|-134.999985|0.000000|1.000000|1.000000|1.000000
AEG030_571_2000|13|-69.196167|1699.162598|67.365242|0.000000|-44.999996|0.000000|1.000000|1.000000|1.000000
AEG030_902_2000|13|-61.138111|1712.275391|16.126532|-0.000009|169.999893|-0.000001|1.000000|1.000000|1.000000
AEG030_934_2000|13|-40.949028|1694.809937|62.340126|0.000000|-135.000000|0.000000|1.000000|1.000000|1.000000
AEG040_036_1002|13|48.994873|1671.327271|85.789658|15.838439|52.385193|-8.471544|1.000000|1.000000|1.000000
AEG040_036_1003|13|33.971413|1670.899048|111.382629|4.057975|-32.440525|-12.449066|1.000000|1.000000|1.000000
AEG040_036_1004|13|12.114758|1676.716919|96.315361|8.457107|70.065170|4.494956|1.000000|1.000000|1.000000
AEG040_036_1005|13|30.036880|1676.781494|84.150665|-6.190042|137.194275|12.401312|1.000000|1.000000|1.000000
AEG040_036_1006|13|26.142365|1681.633301|47.816681|-4.045977|-138.077423|10.687531|1.000000|1.000000|1.000000
AEG040_036_1007|13|-7.725450|1690.165039|19.135612|4.209414|-82.039711|-8.326715|1.000000|1.000000|1.000000
AEG040_036_1008|13|-18.036488|1694.136230|-10.137222|22.204124|38.098618|-3.553739|1.000000|1.000000|1.000000
AEG040_036_1010|13|-53.723167|1694.144165|15.547696|-6.907265|138.310791|7.456526|1.000000|1.000000|1.000000
AEG040_036_1011|13|-53.947205|1704.059204|-47.953812|7.983681|18.866241|-5.230525|1.000000|1.000000|1.000000
AEG040_036_1012|13|10.973482|1684.516724|48.508389|21.579185|-45.355045|-10.022105|1.000000|1.000000|1.000000
AEG040_036_1013|13|-37.149323|1693.965820|5.277798|22.562164|-16.861132|-0.629694|1.000000|1.000000|1.000000
AEG040_036_1014|13|-41.439522|1691.021729|29.337622|13.378532|49.011478|-0.835883|1.000000|1.000000|1.000000
AEG040_036_1015|13|-55.394436|1698.916870|-8.889661|17.657917|-31.590424|-12.445949|1.000000|1.000000|1.000000
AEG040_036_1016|13|-76.119659|1704.093994|-54.656464|17.727205|93.387596|-2.543118|1.000000|1.000000|1.000000
AEG040_036_1017|13|-73.614838|1705.189819|-51.643524|10.805137|2.555257|4.674344|1.000000|1.000000|1.000000
AEG040_036_1018|13|-59.569347|1686.831177|86.485016|12.087150|-23.041414|0.715648|1.000000|1.000000|1.000000
AEG040_038_1000|13|81.534065|1665.835693|108.767746|-3.942555|-80.154716|-11.261170|1.000000|1.000000|1.000000
AEG040_038_1003|13|66.408966|1666.298462|95.468491|-15.384379|-73.232285|-1.367649|1.000000|1.000000|1.000000
AEG040_038_1004|13|-1.944393|1680.934937|76.660416|4.953962|-72.084824|-18.562666|1.000000|1.000000|1.000000
AEG040_038_1005|13|-2.003090|1678.622803|94.914604|-2.142360|-167.947937|1.830818|1.000000|1.000000|1.000000
AEG040_038_1006|13|31.246399|1676.731323|83.901749|-13.251423|-170.566498|2.730519|1.000000|1.000000|1.000000
AEG040_038_1008|13|42.456848|1673.456543|86.130066|-16.318581|-73.934334|-11.794612|1.000000|1.000000|1.000000
AEG040_038_1009|13|39.106567|1679.273926|45.259399|-2.128470|-163.651657|7.203966|1.000000|1.000000|1.000000
AEG040_038_1010|13|21.158325|1682.861694|51.837204|-9.791428|-165.709305|13.483611|1.000000|1.000000|1.000000
AEG040_038_1011|13|16.300394|1685.043213|48.618275|4.768564|87.482224|18.537407|1.000000|1.000000|1.000000
AEG040_038_1012|13|-13.097994|1685.242432|71.416817|-2.965140|-46.193699|-15.867863|1.000000|1.000000|1.000000
AEG040_038_1013|13|-34.946640|1689.649658|39.532734|-3.453569|-30.607412|-14.080764|1.000000|1.000000|1.000000
AEG040_038_1014|13|-34.053993|1687.059448|63.047688|0.000000|-106.981430|0.000000|1.000000|1.000000|1.000000
AEG040_038_1015|13|-14.978889|1693.908081|-10.480963|6.154111|-30.599834|-5.488021|1.000000|1.000000|1.000000
AEG040_038_1016|13|-24.978779|1695.486938|-5.245981|-12.730906|-121.006020|2.351361|1.000000|1.000000|1.000000
AEG040_038_1017|13|-50.607315|1699.645874|-22.627411|6.279402|71.650795|2.893160|1.000000|1.000000|1.000000
AEG040_038_1018|13|-70.886665|1697.819946|4.494990|-5.611627|-57.984283|-18.797235|1.000000|1.000000|1.000000
AEG040_038_1020|13|-62.270851|1701.181641|-14.491388|-18.165209|-172.437042|-6.712171|1.000000|1.000000|1.000000
AEG040_038_1021|13|-69.387680|1699.868042|-5.803524|2.597028|112.626648|13.369082|1.000000|1.000000|1.000000
AEG040_038_1022|13|-66.612495|1705.738647|-47.547535|-3.066426|-114.231224|-2.637489|1.000000|1.000000|1.000000
AEG040_038_1023|13|-45.708664|1702.223999|-38.670929|1.822048|128.302902|5.251678|1.000000|1.000000|1.000000
AEG040_038_1024|13|-38.090015|1700.881836|-36.983074|0.937512|-165.531097|-1.022288|1.000000|1.000000|1.000000
AEG040_038_1025|13|-81.227966|1705.107666|-41.747944|-0.792898|-9.514731|-1.378134|1.000000|1.000000|1.000000
AEG040_038_1026|13|-43.275444|1691.092285|32.458679|0.981443|-117.282822|1.795629|1.000000|1.000000|1.000000
AEG040_038_1027|13|-80.541931|1705.092285|-51.386009|5.333011|-44.878788|1.785029|1.000000|1.000000|1.000000
AEG040_038_1028|13|-74.465790|1703.727417|-60.049793|9.884078|91.541512|-18.250948|1.000000|1.000000|1.000000
AEG040_038_1029|13|-69.022171|1705.405640|-54.441071|11.600915|177.859116|4.157592|1.000000|1.000000|1.000000
AEG040_038_1030|13|-68.143616|1705.386475|-56.959259|-4.798603|26.214264|-12.309123|1.000000|1.000000|1.000000
AEG099_053_9001|13|-10.005000|1684.166992|70.731003|0.000000|170.673996|0.000000|1.000000|1.000000|1.000000
AEG099_090_9001|13|-37.786999|1693.913940|81.736000|0.000000|136.533997|0.000000|1.000000|1.000000|1.000000
AEG099_610_9000|13|-41.235001|1706.665039|47.035000|0.000000|145.186005|0.000000|1.000000|1.000000|1.000000
AEG099_610_9001|13|-45.282001|1705.750000|91.100998|-21.893000|-46.105000|0.000000|1.000000|1.000000|1.000000
AEG099_610_9002|13|-59.606998|1693.675049|83.527000|0.000000|-125.777000|0.000000|1.000000|1.000000|1.000000
AEG099_610_9003|13|-49.770000|1699.120972|57.120998|0.000000|-120.174004|0.000000|1.000000|1.000000|1.000000
AEG099_620_9000|13|-21.672001|1688.635010|30.547001|-7.393000|-100.910004|-8.554000|1.000000|1.000000|1.000000
AEG099_620_9001|13|3.496000|1686.405029|39.780998|9.254000|26.952999|0.000000|1.000000|1.000000|1.000000
AEG099_630_9000|13|-59.320000|1731.192993|4.403000|0.000000|169.330002|0.000000|1.000000|1.000000|1.000000
AEG099_656_9000|13|-38.291000|1686.750977|73.657997|0.000000|-82.349998|0.000000|1.000000|1.000000|1.000000
AEG099_682_9000|13|76.369003|1663.041992|126.817001|8.376000|85.785004|1.908000|1.000000|1.000000|1.000000
AEG099_682_9001|13|64.180000|1666.201050|115.497002|4.790000|50.518002|1.745000|1.000000|1.000000|1.000000
AEG099_682_9002|13|65.644997|1667.095947|108.942001|5.276000|-23.836000|1.289000|1.000000|1.000000|1.000000
AEG099_682_9003|13|28.417999|1679.041016|72.859001|7.400000|-25.487000|-0.610000|1.000000|1.000000|1.000000
AEG099_682_9004|13|30.242001|1679.121948|70.584000|-5.599000|-70.544998|-8.205000|1.000000|1.000000|1.000000
AEG099_682_9005|13|23.615000|1682.197998|49.500999|12.167000|41.792000|-9.321000|1.000000|1.000000|1.000000
AEG099_682_9006|13|6.998000|1679.713989|79.606003|0.000000|145.376999|9.094000|1.000000|1.000000|1.000000
AEG099_682_9007|13|38.179001|1668.198975|125.276001|-4.608000|-160.130005|-0.158000|1.000000|1.000000|1.000000
AEG099_682_9008|13|41.597000|1668.258057|124.177002|5.487000|55.595001|4.027000|1.000000|1.000000|1.000000
AEG099_682_9009|13|35.425999|1674.045044|93.407997|10.761000|-19.080000|-10.005000|1.000000|1.000000|1.000000
AEG099_682_9010|13|-6.018000|1684.949951|58.578999|0.000000|15.408000|0.000000|1.000000|1.000000|1.000000
AEG099_682_9011|13|3.440000|1688.496948|27.698000|7.220000|-53.223999|-9.759000|1.000000|1.000000|1.000000
AEG099_682_9012|13|-34.533001|1689.444946|35.241001|1.374000|9.589000|-8.161000|1.000000|1.000000|1.000000
AEG099_682_9013|13|-23.799999|1686.215942|63.435001|0.000000|-179.160995|0.000000|1.000000|1.000000|1.000000
AEG099_682_9014|13|-26.614000|1687.067017|74.513000|0.000000|100.113998|0.000000|1.000000|1.000000|1.000000
AEG099_682_9015|13|-41.903000|1694.730957|70.726997|0.000000|-69.752998|0.000000|1.000000|1.000000|1.000000
AEG099_682_9016|13|-38.389000|1694.899048|60.950001|0.000000|-3.737000|0.000000|1.000000|1.000000|1.000000
AEG099_682_9017|13|-37.400002|1694.911987|65.916000|2.428000|-124.970001|-6.257000|1.000000|1.000000|1.000000
AEG099_682_9018|13|-62.784000|1694.844971|77.725998|0.000000|81.155998|0.000000|1.000000|1.000000|1.000000
AEG099_682_9019|13|-67.247002|1695.170044|12.618000|-7.290000|-130.231995|-9.558000|1.000000|1.000000|1.000000
AEG099_682_9021|13|-62.528999|1704.958984|-46.103001|0.000000|-18.488001|0.000000|1.000000|1.000000|1.000000
AEG099_682_9022|13|-58.757000|1704.713013|-47.619999|-3.294000|-45.060001|-10.404000|1.000000|1.000000|1.000000
AEG099_682_9023|13|-60.884998|1704.579956|-25.431999|0.000000|-55.430000|0.000000|1.000000|1.000000|1.000000
AEG099_682_9024|13|-66.474998|1698.969971|-3.624000|14.116000|71.994003|0.881000|1.000000|1.000000|1.000000
AEG099_682_9025|13|-37.636002|1698.946045|-29.211000|16.038000|49.924000|4.779000|1.000000|1.000000|1.000000
AEG099_682_9026|13|26.108000|1674.732056|99.146004|-5.425000|-134.615997|5.377000|1.000000|1.000000|1.000000
AEG099_682_9027|13|-40.251999|1694.925049|68.793999|0.000000|-56.657001|0.000000|1.000000|1.000000|1.000000
AEG099_722_9000|13|46.714001|1668.567993|116.015999|14.499000|43.388000|0.368000|1.000000|1.000000|1.000000
AEG099_722_9001|13|44.667999|1669.234009|114.043999|-4.649000|152.149994|8.425000|1.000000|1.000000|1.000000
AEG099_722_9002|13|37.410999|1677.637939|73.335999|-4.594000|-79.667000|-6.337000|1.000000|1.000000|1.000000
AEG099_722_9003|13|-6.715000|1688.116943|29.688999|9.529000|-74.646004|-13.036000|1.000000|1.000000|1.000000
AEG099_722_9004|13|13.148000|1677.093994|96.044998|0.410000|-79.607002|-12.544000|1.000000|1.000000|1.000000
AEG099_722_9005|13|-30.052000|1697.810059|-21.926001|0.000000|-168.809998|0.000000|1.000000|1.000000|1.000000
AEG099_722_9006|13|-80.942001|1704.923950|-38.984001|0.000000|-97.974998|0.000000|1.000000|1.000000|1.000000
AEG099_722_9007|13|-84.939003|1705.139038|-25.402000|0.000000|-15.124000|0.000000|1.000000|1.000000|1.000000
AEG099_722_9008|13|-79.517998|1692.706055|24.070999|7.483000|-22.729000|-2.007000|1.000000|1.000000|1.000000
AEG099_722_9009|13|-34.325001|1688.677002|55.409000|4.551000|141.858994|5.970000|1.000000|1.000000|1.000000
AEG099_722_9010|13|-51.523998|1694.442993|14.198000|6.206000|82.098000|6.622000|1.000000|1.000000|1.000000
AEG099_722_9011|13|-49.438999|1692.390991|35.160000|-3.463000|-49.757999|-2.134000|1.000000|1.000000|1.000000
AEG099_722_9012|13|-59.014999|1694.944946|82.005997|0.000000|136.162003|0.000000|1.000000|1.000000|1.000000
AEG099_722_9013|13|-54.856998|1694.649048|83.762001|0.724000|169.203003|3.801000|1.000000|1.000000|1.000000
AEG099_802_9000|13|-76.262001|1694.668945|14.312000|0.000000|106.095001|0.000000|1.000000|1.000000|1.000000
AEG099_802_9001|13|11.113000|1692.343994|18.528000|0.000000|-25.473000|0.000000|1.000000|1.000000|1.000000
AEG099_802_9002|13|-56.422001|1694.667969|68.347000|0.000000|8.350000|0.000000|1.000000|1.000000|1.000000
AEG099_990_9000|13|-39.014999|1706.913940|95.349998|0.000000|-52.398998|0.000000|1.000000|1.000000|1.000000
AEG110_036_2000|13|-75.356476|1712.232666|67.675087|0.000003|36.999454|0.000000|1.000000|1.000000|1.000000
AEG110_036_2001|13|-59.252735|1712.232666|19.327290|0.000008|-133.000626|-0.000003|1.000001|1.000000|1.000001
AEG110_036_2002|13|-59.002945|1712.232666|18.538940|0.000051|36.999401|0.000054|1.000001|1.000000|1.000001
AEG110_036_2003|13|-74.614777|1712.232666|64.893623|0.000054|126.999435|0.000003|1.000001|1.000000|1.000001
