m364400_0000|0|0.000000|0.000000|0.000000|0.000000|0.000000|0.000000|1.000000|1.000000|1.000000
m364402_0000|0|0.000000|0.000000|0.000000|0.000000|0.000000|0.000000|1.000000|1.000000|1.000000
m364403_0000|0|0.000000|0.000000|0.000000|0.000000|0.000000|0.000000|1.000000|1.000000|1.000000
c0100_9000|2|78.304001|237.453003|-24.680000|0.000000|8.337000|0.000000|1.000000|1.000000|1.000000
c0100_9001|2|85.768997|237.533997|72.278000|0.000000|93.162003|0.000000|1.000000|1.000000|1.000000
c0100_9003|2|92.915001|237.574005|20.268000|0.000000|-174.238998|0.000000|1.000000|1.000000|1.000000
c1000_9000|2|-48.779999|246.009995|60.247002|0.000000|90.000000|0.000000|1.000000|1.000000|1.000000
c2160_9000|2|-38.326000|257.774994|-14.434000|0.000000|110.859001|0.000000|1.000000|1.000000|1.000000
c2274_9000|2|-61.487000|237.567001|30.294001|0.000000|0.599000|0.000000|1.000000|1.000000|1.000000
c2274_9001|2|57.695000|237.574005|7.523000|0.000000|130.598999|0.000000|1.000000|1.000000|1.000000
c3470_9000|2|109.760002|239.266998|54.674999|0.000000|-130.173996|0.000000|1.000000|1.000000|1.000000
c3470_9001|2|93.391998|237.559006|16.811001|0.000000|-170.108994|0.000000|1.000000|1.000000|1.000000
c3470_9002|2|92.684998|237.559006|19.054001|0.000000|-169.065994|0.000000|1.000000|1.000000|1.000000
c3470_9010|2|123.764999|237.559006|50.849998|0.000000|-160.263000|0.000000|1.000000|1.000000|1.000000
c3470_9011|2|73.079002|239.768997|113.068001|0.000000|-135.669006|0.000000|1.000000|1.000000|1.000000
c3470_9012|2|26.788000|241.154999|41.138000|0.000000|-20.832001|0.000000|1.000000|1.000000|1.000000
c3470_9013|2|78.532997|237.421005|-23.180000|0.000000|-2.820000|0.000000|1.000000|1.000000|1.000000
c3470_9014|2|76.926003|237.389999|-20.478001|0.000000|-4.679000|0.000000|1.000000|1.000000|1.000000
c3470_9015|2|80.015999|237.382996|-20.583000|0.000000|17.240999|0.000000|1.000000|1.000000|1.000000
c3470_9016|2|95.660446|237.656998|75.672493|0.000000|81.341003|0.000000|1.000000|1.000000|1.000000
c3470_9017|2|92.393791|237.630997|72.896042|0.000000|92.483002|0.000000|1.000000|1.000000|1.000000
c3470_9019|2|111.456001|246.451996|32.776001|0.000000|8.310000|0.000000|1.000000|1.000000|1.000000
c3470_9020|2|124.153999|245.804001|24.357000|0.000000|17.730000|0.000000|1.000000|1.000000|1.000000
c3470_9021|2|123.098000|248.667007|27.542000|0.000000|8.519000|0.000000|1.000000|1.000000|1.000000
c3470_9022|2|117.955002|245.541000|29.886000|0.000000|94.695999|0.000000|1.000000|1.000000|1.000000
c3470_9024|2|91.553001|237.559006|14.158000|0.000000|-160.535004|0.000000|1.000000|1.000000|1.000000
c4191_9000|2|-86.014000|249.264008|6.453000|0.000000|-70.283997|0.000000|1.000000|1.000000|1.000000
c4312_9010|2|-103.750999|257.120728|53.719002|0.000000|-87.609001|0.000000|1.000000|1.000000|1.000000
c4312_9011|2|-82.466003|250.007996|51.928001|0.000000|-91.987000|0.000000|1.000000|1.000000|1.000000
c4312_9012|2|-82.667999|250.007996|56.202000|0.000000|-82.609001|0.000000|1.000000|1.000000|1.000000
c4312_9013|2|-56.691002|246.007996|51.782001|0.000000|-87.609001|0.000000|1.000000|1.000000|1.000000
c4312_9014|2|-56.991001|246.007996|55.719002|0.000000|-82.609001|0.000000|1.000000|1.000000|1.000000
c4312_9015|2|-63.110001|246.024002|56.164001|0.000000|-64.856003|0.000000|1.000000|1.000000|1.000000
c4312_9016|2|-99.623001|258.002014|115.341003|0.000000|2.391000|0.000000|1.000000|1.000000|1.000000
c4372_9000|2|-62.152000|246.022995|53.674999|0.000000|-86.146004|0.000000|1.000000|1.000000|1.000000
c4440_9000|2|-79.261002|237.567001|9.713000|0.000000|3.928000|0.000000|1.000000|1.000000|1.000000
c4440_9001|2|-82.822998|237.567001|5.850000|0.000000|163.927994|0.000000|1.000000|1.000000|1.000000
c4440_9002|2|-80.853996|237.567001|2.648000|0.000000|3.928000|0.000000|1.000000|1.000000|1.000000
c4440_9003|2|-80.382004|237.567001|5.632000|0.000000|53.928001|0.000000|1.000000|1.000000|1.000000
c4440_9004|2|-89.620003|237.574997|2.633000|0.000000|3.928000|0.000000|1.000000|1.000000|1.000000
c8110_9000|2|-60.948002|246.022995|53.708000|0.000000|-88.585999|0.000000|1.000000|1.000000|1.000000
c0000_9000|4|3.057000|237.643997|66.216003|0.000000|77.186996|0.000000|1.000000|1.000000|1.000000
h364400|5|0.000000|0.000000|0.000000|0.000000|0.000000|0.000000|1.000000|1.000000|1.000000
h364401|5|0.000000|0.000000|0.000000|0.000000|0.000000|0.000000|1.000000|1.000000|1.000000
h364402|5|0.000000|0.000000|0.000000|0.000000|0.000000|0.000000|1.000000|1.000000|1.000000
h364453|5|0.000000|0.000000|0.000000|0.000000|0.000000|0.000000|1.000000|1.000000|1.000000
h364454|5|0.000000|0.000000|0.000000|0.000000|0.000000|0.000000|1.000000|1.000000|1.000000
AEG099_620_9000|9|-101.670998|258.195007|116.196999|0.000000|-5.754000|0.000000|1.000000|1.000000|1.000000
AEG099_812_9000|9|24.607000|238.287003|-112.169998|88.336998|176.020004|24.308001|1.000000|1.000000|1.000000
AEG099_812_9001|9|65.776001|238.177994|-58.999001|-60.966999|-99.008003|49.756001|1.000000|1.000000|1.000000
AEG099_812_9002|9|-61.373001|238.322998|-47.563000|-29.569000|-164.470993|-12.290000|1.000000|1.000000|1.000000
AEG099_812_9003|9|-62.653000|238.662003|-46.564999|-40.231998|-33.810001|-8.329000|1.000000|1.000000|1.000000
AEG099_812_9004|9|53.571999|238.145004|59.007000|-63.391998|-120.151001|-45.049000|1.000000|1.000000|1.000000
AEG099_812_9005|9|-10.739000|238.253006|74.808998|88.513000|-173.332001|41.546001|1.000000|1.000000|1.000000
AEG099_812_9006|9|121.549004|237.973007|88.144997|-45.651001|50.519001|-8.084000|1.000000|1.000000|1.000000
c3470_9007|10|124.300003|237.378998|53.867001|0.000000|-160.263000|0.000000|1.000000|1.000000|1.000000
c3470_9008|10|124.300003|237.378998|53.867001|0.000000|-160.263000|0.000000|1.000000|1.000000|1.000000
c3470_9009|10|73.079002|239.768997|113.068001|0.000000|-135.669006|0.000000|1.000000|1.000000|1.000000
c4312_9002|10|-103.750999|257.048004|53.719002|0.000000|-87.609001|0.000000|1.000000|1.000000|1.000000
c4312_9003|10|-82.466003|250.007996|51.928001|0.000000|-91.987000|0.000000|1.000000|1.000000|1.000000
c4312_9004|10|-82.667999|250.007996|56.202000|0.000000|-82.609001|0.000000|1.000000|1.000000|1.000000
c4312_9005|10|-56.691002|246.007996|51.782001|0.000000|-87.609001|0.000000|1.000000|1.000000|1.000000
c4312_9006|10|-56.991001|246.007996|55.719002|0.000000|-82.609001|0.000000|1.000000|1.000000|1.000000
c4312_9007|10|-63.110001|246.024002|56.164001|0.000000|-64.856003|0.000000|1.000000|1.000000|1.000000
c4312_9008|10|-103.750999|257.048004|53.719002|0.000000|-87.609001|0.000000|1.000000|1.000000|1.000000
c4312_9009|10|-82.466003|250.007996|51.928001|0.000000|-91.987000|0.000000|1.000000|1.000000|1.000000
AEG001_290_7121|13|-104.262024|257.999695|24.508133|0.000000|-22.665667|0.000000|1.000000|1.000000|1.000000
AEG001_290_7122|13|-116.012299|257.999695|42.134277|0.000000|-112.665649|0.000000|1.000000|1.000000|1.000000
AEG001_290_7123|13|-111.263626|257.999695|64.948112|0.000000|51.016205|0.000000|1.000000|1.000000|1.000000
AEG001_290_7124|13|-128.215530|257.999695|45.124474|0.000000|-128.983795|0.000000|1.000000|1.000000|1.000000
AEG001_290_7125|13|-83.876541|257.999695|12.762390|0.000000|141.016220|0.000000|1.000000|1.000000|1.000000
AEG001_290_7126|13|-79.711456|257.999695|-0.079657|0.000000|95.297462|0.000000|1.000000|1.000000|1.000000
AEG001_290_7127|13|-119.280815|257.822571|17.448982|2.072416|51.007774|0.928386|1.000000|1.000000|1.000000
AEG001_290_7128|13|-123.267349|257.999695|7.139782|0.000000|-112.665649|0.000000|1.000000|1.000000|1.000000
AEG001_290_7129|13|-99.755852|257.999695|21.167358|0.000000|51.016247|0.000000|1.000000|1.000000|1.000000
AEG001_290_7130|13|-118.361137|257.969208|14.670687|-2.712553|-112.749207|-3.090715|1.000000|1.000000|1.000000
AEG001_290_7131|13|-110.030342|257.919250|9.446639|-3.201101|157.383118|1.744348|1.000000|1.000000|1.000000
AEG001_290_7132|13|-111.225784|257.769135|12.814838|-3.448693|157.459610|3.776658|1.000000|1.000000|1.000000
AEG001_290_7133|13|-114.663902|258.003906|1.095385|2.924906|157.349228|-0.584255|1.000000|1.000000|1.000000
AEG001_290_7134|13|-92.039047|257.999695|7.550419|0.000000|51.016247|0.000000|1.000000|1.000000|1.000000
AEG003_054_2000|13|-117.485634|257.981873|63.804848|0.000000|22.735914|0.000000|1.000000|1.000000|1.000000
AEG003_054_2001|13|-121.042000|257.942505|65.460945|0.000000|84.897667|-0.000000|1.000000|1.000000|1.000000
AEG003_054_2002|13|-126.996239|257.974670|62.568012|0.000000|173.792847|0.000000|1.000000|1.000000|1.000000
AEG003_054_2003|13|-125.627838|257.998901|9.548201|0.000000|-154.202271|0.000000|1.000000|1.000000|1.000000
AEG003_054_2004|13|-95.765694|258.018188|44.844711|0.000000|-16.909927|0.000000|1.000000|1.000000|1.000000
AEG003_054_2005|13|-121.826645|258.061188|49.432274|0.000000|-1.789326|0.000000|1.000000|1.000000|1.000000
AEG003_054_2006|13|-125.982529|257.990997|48.923702|0.000000|132.081924|0.000000|1.000000|1.000000|1.000000
AEG003_055_2006|13|-29.894218|237.366486|55.614948|-6.876469|71.097771|1.885624|1.000000|1.000000|1.000000
AEG003_055_2012|13|-59.658195|245.988312|50.657429|0.000000|-133.847458|0.000000|1.000000|1.000000|1.000000
AEG003_055_2017|13|-48.001854|245.988312|48.482777|0.000000|-177.088211|0.000000|1.000000|1.000000|1.000000
AEG003_055_2019|13|-119.185654|257.956787|48.703350|-1.956062|27.940310|0.522537|1.000000|1.000000|1.000000
AEG003_055_2020|13|-122.748627|257.923645|36.832397|0.000000|14.229590|0.000000|1.000000|1.000000|1.000000
AEG003_056_2000|13|-124.592873|257.974915|64.436317|-0.000000|-7.091329|-0.000000|1.000000|1.000000|1.000000
AEG003_056_2001|13|-117.708046|257.929108|65.891670|-0.000000|169.788452|-0.000000|1.000000|1.000000|1.000000
AEG003_056_2002|13|-109.736481|258.066406|5.418005|0.000000|17.876911|0.000000|1.000000|1.000000|1.000000
AEG003_056_2003|13|-92.995667|258.066406|45.046425|0.000000|3.788497|0.000000|1.000000|1.000000|1.000000
AEG003_056_2004|13|-123.909500|257.892395|50.174370|-0.000002|116.790855|0.000001|1.000000|1.000000|1.000000
AEG003_058_2000|13|-114.957596|257.972015|65.601974|0.000000|-11.083842|0.000000|1.000000|1.000000|1.000000
AEG003_061_2005|13|-122.264282|257.964539|61.580078|0.000000|-22.057398|0.000000|1.000000|1.000000|1.000000
AEG003_069_2000|13|-119.525696|257.689575|64.128677|0.000000|-97.047554|-0.000002|1.000000|1.000000|1.000000
AEG003_069_2001|13|-27.769917|237.473938|56.208012|13.671634|-108.098236|-2.054677|1.000000|1.000000|1.000000
AEG003_069_2002|13|-93.870514|258.435791|44.262039|-7.675245|-1.402692|0.870631|1.000000|1.000000|1.000000
AEG004_174_7000|13|53.588360|235.596619|59.018326|3.871542|-92.219551|6.746424|1.000000|1.000000|1.000000
AEG004_174_7001|13|65.497406|235.860519|-58.749634|0.000000|-98.754395|0.000000|1.000000|1.000000|1.000000
AEG004_174_7002|13|-63.039734|235.398315|-46.808968|16.271725|-12.381086|-3.676008|1.000000|1.000000|1.000000
AEG004_174_7003|13|-10.564484|235.775070|75.091278|0.000000|-16.613449|0.000000|1.000000|1.000000|1.000000
AEG004_174_7004|13|120.570648|235.065720|87.404999|3.083285|-16.613455|0.564556|1.000000|1.000000|1.000000
AEG004_174_7005|13|-62.181091|236.335983|-47.241898|0.000000|-131.574493|0.000000|1.000000|1.000000|1.000000
AEG004_174_7006|13|23.619965|235.974945|-111.299149|0.000000|80.647995|0.000000|1.000000|1.000000|1.000000
AEG004_177_7000|13|90.903687|237.308411|-67.566986|0.000000|-96.359520|0.000000|1.000000|1.000000|1.000000
AEG004_177_7001|13|96.562073|237.293884|64.523262|0.000000|78.229065|0.000000|1.000000|1.000000|1.000000
AEG004_177_7002|13|52.232605|237.255554|59.032883|-0.000000|-108.837662|5.647309|1.000000|1.000000|1.000000
AEG004_177_7003|13|-11.593323|237.288788|74.544518|0.000000|159.681061|0.000000|1.000000|1.000000|1.000000
AEG004_177_7005|13|66.219177|237.503479|-59.775665|0.000000|-62.426537|0.000000|1.000000|1.000000|1.000000
AEG004_177_7007|13|-60.438965|237.293884|-46.007195|0.000000|-81.054474|0.000000|1.000000|1.000000|1.000000
AEG004_177_7008|13|-46.594063|237.214249|-126.899788|0.000000|-114.917671|0.000000|1.000000|1.000000|1.000000
AEG004_177_7011|13|54.903137|237.246887|57.636749|-3.919648|86.487404|-1.844814|1.000000|1.000000|1.000000
AEG004_177_7012|13|-61.593689|237.293884|-48.420738|0.000000|150.764435|0.000000|1.000000|1.000000|1.000000
AEG004_177_7013|13|-19.002747|237.253677|-108.245621|0.000000|-46.373047|0.000000|1.000000|1.000000|1.000000
AEG004_177_7022|13|25.285706|237.293884|-111.705589|0.000000|-70.475105|0.000000|1.000000|1.000000|1.000000
AEG004_177_7023|13|120.398682|237.253677|87.347031|-0.521358|-175.425323|6.530180|1.000000|1.000000|1.000000
AEG004_177_7024|13|-102.383423|237.308411|-90.653351|0.000000|-107.781563|0.000000|1.000000|1.000000|1.000000
AEG004_694_2000|13|-85.022583|249.870636|51.476082|0.000000|174.118958|0.000000|1.000000|1.000000|1.000000
AEG004_694_2001|13|-85.311768|249.825958|52.628403|0.000000|179.999985|0.000000|1.000000|1.000000|1.000000
AEG004_694_2002|13|-85.363892|249.825958|55.105213|0.000000|179.999985|0.000000|1.000000|1.000000|1.000000
AEG004_694_2003|13|-85.109741|249.853546|56.346867|0.000000|179.968918|0.000000|1.000000|1.000000|1.000000
AEG004_694_2004|13|-64.898071|245.915314|54.993805|0.000000|179.999985|0.000000|1.000000|1.000000|1.000000
AEG004_694_2005|13|-64.643921|245.942902|56.235458|0.000000|179.968918|0.000000|1.000000|1.000000|1.000000
AEG004_694_2006|13|-64.845947|245.915314|52.516994|0.000000|179.999985|0.000000|1.000000|1.000000|1.000000
AEG004_694_2007|13|-64.556763|245.959991|51.364674|0.000000|174.118958|0.000000|1.000000|1.000000|1.000000
AEG004_694_2008|13|-45.619751|241.988556|53.684639|0.000000|179.999985|0.000000|1.000000|1.000000|1.000000
AEG004_694_2009|13|-45.639156|242.016144|54.834888|0.000000|179.968918|0.000000|1.000000|1.000000|1.000000
AEG004_694_2010|13|-45.641846|242.033234|52.545815|0.000000|-175.717941|0.000000|1.000000|1.000000|1.000000
AEG004_904_7002|13|-99.875984|237.876953|-48.198284|-169.350082|-41.116875|-40.414989|1.000000|1.000000|1.000000
AEG004_904_7006|13|63.572067|238.041046|10.635262|8.488859|-44.101089|-177.255417|1.000000|1.000000|1.000000
AEG004_904_7008|13|88.250198|237.876953|-114.969925|10.649901|16.383070|-139.585007|1.000000|1.000000|1.000000
AEG004_904_7014|13|-12.575378|237.767334|-74.274384|-166.435165|-10.278309|-69.000343|1.000000|1.000000|1.000000
AEG004_904_7017|13|-32.880157|237.815979|46.536438|1.955375|78.382996|-2.722261|1.000000|1.000000|1.000000
AEG004_904_7019|13|1.052711|239.006714|70.864143|-88.570396|17.559179|-0.000003|1.000000|1.000000|1.000000
AEG004_904_7085|13|-44.167744|239.557236|120.331390|-92.153900|-26.722290|23.010895|1.000000|1.000000|1.000000
AEG004_904_7092|13|70.239204|239.302429|113.183800|0.296541|103.073349|-39.358032|1.000000|1.000000|1.000000
AEG004_904_7093|13|103.338791|237.505356|83.929398|-3.912852|-39.268692|0.073612|1.000000|1.000000|1.000000
AEG004_904_7094|13|4.942812|237.652161|101.659103|-15.614432|74.867752|41.194027|1.000000|1.000000|1.000000
AEG004_904_7096|13|-62.132339|237.674881|84.976875|1.439340|174.404953|4.315023|1.000000|1.000000|1.000000
AEG004_904_7098|13|108.201721|237.779114|47.217159|-168.161026|-63.381546|70.766830|1.000000|1.000000|1.000000
AEG004_904_7099|13|113.800476|237.363876|42.020374|-1.575401|-85.811996|-10.513700|1.000000|1.000000|1.000000
AEG004_907_7000|13|99.356682|237.324768|47.769775|0.528848|-164.738083|0.329297|1.000000|1.000000|1.000000
AEG004_907_7001|13|65.815125|237.330093|11.462107|0.000000|72.481224|-0.000258|1.000000|1.000000|1.000000
AEG004_907_7008|13|-36.825378|237.330093|119.337288|0.000000|-55.551716|0.000000|1.000000|1.000000|1.000000
AEG004_939_7000|13|82.859749|237.363525|12.815941|0.000000|-0.000736|0.000000|1.000000|1.000000|1.000000
AEG004_939_7001|13|-108.154541|237.363525|-59.393074|0.000000|89.999306|0.000000|1.000000|1.000000|1.000000
AEG007_410_2002|13|-107.154892|258.375977|58.534706|-0.008338|-58.534809|-0.002082|1.000000|1.000000|1.000000
AEG007_410_2006|13|-122.678818|259.388428|37.248817|-0.008338|-2.453964|-0.002082|1.000000|1.000000|1.000000
AEG007_411_2002|13|-119.487656|258.375977|48.391769|0.000000|-136.822433|0.000000|1.000000|1.000000|1.000000
AEG007_411_2003|13|-62.659805|246.440704|58.679569|0.000000|-30.820635|0.000000|1.000000|1.000000|1.000000
AEG007_411_2004|13|-80.305801|250.430084|48.604176|0.000000|178.135330|0.000000|1.000000|1.000000|1.000000
AEG007_411_2006|13|-128.479355|258.375977|63.121979|0.000000|-44.161301|0.000000|1.000000|1.000000|1.000000
AEG007_414_2000|13|-47.002335|244.367462|48.443748|0.000005|-115.067680|-0.000005|1.000000|1.000000|1.000000
AEG030_215_7000|13|-113.631493|249.200623|123.338615|0.000045|179.999969|0.000000|0.911785|0.911785|0.911785
AEG030_215_7001|13|-124.900528|249.200623|104.555161|0.000045|89.999969|-0.000000|0.911785|0.911785|0.911785
AEG030_215_7002|13|-124.900520|249.200623|88.394638|0.000045|89.999969|-0.000000|0.911785|0.911785|0.911785
AEG030_215_7003|13|-120.350098|249.463562|75.909958|0.000045|89.999969|-0.000000|0.911785|0.911785|0.911785
AEG030_215_7004|13|-113.718498|251.536804|68.874992|0.000045|-0.000040|0.000000|0.911785|0.911785|0.911785
AEG030_215_7007|13|-98.902832|248.104675|35.488770|0.000045|90.000000|-0.000000|1.000000|1.000000|1.000000
AEG030_215_7008|13|87.810730|223.309906|121.689217|-3.752828|100.199478|-5.044116|0.911785|0.911785|0.911785
AEG030_215_7009|13|110.516151|229.657501|39.014874|10.381952|-171.428879|0.136167|0.911785|0.911785|0.911785
AEG030_216_7000|13|-98.987061|268.687439|38.411926|0.000000|90.000000|0.000000|1.000000|1.000000|1.000000
AEG030_216_7001|13|-124.649796|270.279846|109.228188|0.000000|90.000000|0.000061|0.799009|0.799009|0.799009
AEG030_216_7002|13|-124.649796|270.279846|101.420815|0.000000|90.000000|0.000061|0.799009|0.799009|0.799009
AEG030_216_7004|13|118.066612|241.725281|19.860842|-4.830939|100.487839|-5.093212|0.799009|0.799009|0.799009
AEG030_523_7000|13|-122.000000|258.007996|43.212891|0.000000|0.000000|0.000000|1.000000|1.000000|1.000000
AEG030_524_7000|13|-97.810547|258.007996|42.776367|0.000000|90.000000|0.000000|1.000000|1.000000|1.000000
AEG030_524_7001|13|-91.809998|258.007996|42.552368|0.000000|-180.000000|0.000000|1.000000|1.000000|1.000000
AEG030_524_7002|13|-97.810547|258.007996|26.784271|0.000000|0.000000|0.000000|1.000000|1.000000|1.000000
AEG030_524_7003|13|-119.249023|258.007996|70.401733|0.000000|-0.000041|0.000000|1.000000|1.000000|1.000000
AEG030_524_7004|13|-108.294464|258.007996|70.243774|0.000000|-90.000046|0.000000|1.000000|1.000000|1.000000
AEG030_524_7005|13|-89.983253|258.111877|26.727955|0.000000|0.000035|0.000000|1.000000|1.000000|1.000000
AEG030_524_7006|13|-103.592247|258.066193|102.181999|0.000000|179.999954|0.000000|1.000000|1.000000|1.000000
AEG030_524_7007|13|-103.704445|257.996399|93.164948|0.000000|-90.000076|0.000000|1.000000|1.000000|1.000000
AEG030_524_7008|13|-96.338837|255.778503|1.230085|0.000000|109.999992|0.000000|1.000000|1.000000|1.000000
AEG030_524_7009|13|-89.412956|257.046539|19.849337|-0.002240|19.999989|0.000219|1.000000|1.000000|1.000000
AEG030_524_7010|13|-89.705711|255.277985|19.044796|-0.002240|109.999992|0.000219|1.000000|1.000000|1.000000
AEG030_524_7011|13|-123.707527|258.007996|83.413574|0.000000|-0.000041|0.000000|1.000000|1.000000|1.000000
AEG030_524_7012|13|-123.659561|258.007996|92.372864|0.000000|89.999969|0.000000|1.000000|1.000000|1.000000
AEG030_524_7013|13|-123.707542|258.007996|103.240845|0.000000|-0.000041|0.000000|1.000000|1.000000|1.000000
AEG030_524_7014|13|-125.420441|258.007996|118.616547|0.000000|-0.000041|0.000000|1.000000|1.000000|1.000000
AEG030_524_7015|13|97.647652|237.100845|113.063622|3.752835|-79.800545|5.044122|1.000000|1.000000|1.000000
AEG030_524_7017|13|88.772163|237.346588|125.823387|-3.752828|100.199478|-5.044116|1.000000|1.000000|1.000000
AEG030_524_7018|13|103.240219|234.619141|39.151325|7.751616|-171.191010|-3.160875|1.000000|1.000000|1.000000
AEG030_524_7019|13|104.898987|236.329666|40.543411|-3.788068|3.003771|3.562245|1.000000|1.000000|1.000000
AEG030_524_7020|13|-103.120300|253.858826|4.255500|0.000000|109.999992|0.000000|1.000000|1.000000|1.000000
AEG030_524_7021|13|-122.815506|254.648376|13.535561|0.000000|109.999992|0.000000|1.000000|1.000000|1.000000
AEG030_524_7022|13|-114.721519|254.648376|9.805100|0.000000|-160.000015|0.000000|1.000000|1.000000|1.000000
AEG099_053_9000|13|-48.779999|246.009995|60.247002|0.000000|90.000000|0.000000|1.000000|1.000000|1.000000
AEG099_090_9000|13|17.238001|237.574005|13.998000|0.000000|-96.837997|0.000000|1.000000|1.000000|1.000000
AEG099_135_7001|13|17.612230|237.710449|14.028502|0.000000|-114.766632|0.000000|1.000000|1.000000|1.000000
AEG099_136_7001|13|17.241514|237.719940|13.424195|-0.337456|-93.670372|-0.275406|1.044314|1.044314|1.044314
AEG099_136_7002|13|17.166506|237.728500|12.409669|0.302413|85.970879|-0.123761|1.300000|1.300000|1.300000
AEG099_136_7003|13|16.466095|237.740250|12.010547|-0.348238|49.029991|-0.155549|0.869872|0.869871|0.869871
AEG099_136_7004|13|15.708924|237.722900|14.088621|-0.650019|174.748978|-0.451352|1.159306|1.159307|1.159306
AEG099_136_7005|13|17.271608|237.709244|14.399111|-0.563760|-168.989365|0.185097|1.010536|1.010536|1.010536
AEG099_136_7006|13|17.874512|237.710434|13.643434|0.152586|141.974136|0.706542|0.937275|0.937275|0.937275
AEG099_136_7007|13|18.574831|237.709213|11.931762|-0.752713|-113.451378|0.661982|0.847120|0.847120|0.847120
AEG099_136_7008|13|14.994509|237.714554|13.493958|0.732196|-99.303566|-0.397725|0.804890|0.804890|0.804890
AEG099_136_7009|13|18.167423|237.696091|14.752201|0.608379|85.995308|0.373912|1.300000|1.300000|1.300000
AEG099_136_7010|13|18.453705|237.703873|13.145142|-0.820533|-80.811081|-0.238958|1.025823|1.025823|1.025823
AEG099_136_7011|13|16.546511|237.696274|16.043945|0.732387|-16.456413|0.078165|0.896179|0.896179|0.896179
AEG099_136_7012|13|17.145140|237.695816|15.642947|0.091935|86.028061|0.568406|0.930662|0.930662|0.930662
AEG099_136_7013|13|17.795347|237.686768|16.144461|-0.294101|-50.531807|-0.482427|1.113936|1.113936|1.113936
AEG099_136_7014|13|19.362549|237.679947|14.631838|-0.781341|-92.473320|-0.201573|1.381613|1.381613|1.381613
AEG099_136_7015|13|20.038879|237.676514|14.044372|-0.141956|-179.001968|0.980378|0.847120|0.847120|0.847120
AEG099_136_7016|13|15.895874|237.733368|13.379025|-0.256136|62.721825|0.464972|0.804890|0.804890|0.804890
AEG099_503_9000|13|-0.884000|237.576996|67.845001|0.000000|-64.115997|0.000000|1.000000|1.000000|1.000000
AEG099_620_9001|13|91.889000|238.378006|48.960999|-16.900000|-38.713001|0.000000|1.000000|1.000000|1.000000
AEG099_620_9002|13|121.761002|244.630005|12.054000|-29.200001|-53.398998|-9.200000|1.000000|1.000000|1.000000
AEG099_620_9004|13|-61.261002|237.363998|39.480000|0.000000|-5.677000|0.000000|1.000000|1.000000|1.000000
AEG099_620_9005|13|-68.400002|251.123001|48.848000|0.000000|-173.589005|0.000000|1.000000|1.000000|1.000000
AEG099_620_9006|13|-101.670998|258.195007|116.196999|0.000000|-5.754000|0.000000|1.000000|1.000000|1.000000
AEG099_630_9000|13|124.099998|249.300995|33.226002|-7.000000|11.250000|4.700000|1.000000|1.000000|1.000000
AEG099_723_9000|13|111.744003|237.574005|-7.098000|0.000000|-140.807999|0.000000|1.000000|1.000000|1.000000
AEG099_723_9001|13|64.716003|237.557007|89.521004|0.000000|-160.667999|0.000000|1.000000|1.000000|1.000000
AEG099_723_9002|13|-39.355000|237.576996|94.761002|0.000000|-15.160000|0.000000|1.000000|1.000000|1.000000
AEG099_750_9000|13|-86.135002|237.630997|-115.288002|0.000000|178.119995|0.000000|1.000000|1.000000|1.000000
AEG099_750_9001|13|50.747002|237.572998|17.823000|0.000000|-28.103001|0.000000|1.000000|1.000000|1.000000
AEG099_760_9005|13|91.943001|237.634003|107.301003|0.000000|-56.766998|0.000000|1.000000|1.000000|1.000000
AEG099_760_9006|13|-37.631001|237.613998|89.568001|0.000000|84.944000|0.000000|1.000000|1.000000|1.000000
AEG099_760_9007|13|19.188000|237.613998|104.551003|0.000000|141.955002|0.000000|1.000000|1.000000|1.000000
AEG099_760_9008|13|61.577999|237.632996|-59.742001|0.000000|-6.953000|0.000000|1.000000|1.000000|1.000000
AEG099_802_9000|13|-120.373001|257.985992|59.744999|0.000000|107.170998|0.000000|1.000000|1.000000|1.000000
AEG801_006_7412|13|-117.631470|258.018494|45.827103|5.054286|50.295048|1.314237|1.000000|1.000000|1.000000
AEG801_006_7413|13|-121.711563|258.189880|46.960564|1.217550|51.019180|3.043369|1.000000|1.000000|1.000000
AEG801_006_7414|13|-94.510010|257.999695|67.099609|-0.000000|51.016205|0.000000|1.000000|1.000000|1.000000
AEG801_006_7415|13|-99.366348|257.999695|69.585693|-0.000000|51.016205|0.000000|1.000000|1.000000|1.000000
AEG801_006_7417|13|-127.720459|257.999695|69.651039|-0.000000|51.016205|-0.000005|1.000000|1.000000|1.000000
AEG801_006_7418|13|-109.061050|257.999695|67.614258|-0.000000|51.016205|0.000000|1.000000|1.000000|1.000000
AEG801_006_7419|13|-122.510391|257.999695|68.876701|-0.000000|51.016205|0.000000|1.000000|1.000000|1.000000
AEG801_006_7420|13|-100.642456|257.999695|37.747074|0.000027|50.993065|0.000000|1.000000|1.000000|1.000000
AEG801_006_7421|13|-100.981323|257.999695|41.706421|0.000055|51.049484|-0.000002|1.000000|1.000000|1.000000
AEG801_006_7422|13|-102.289978|257.999695|25.406246|0.000055|51.049484|-0.000002|1.000000|1.000000|1.000000
AEG801_006_7423|13|-98.383667|257.999481|23.521727|0.046609|51.049644|-0.439892|1.000000|1.000000|1.000000
AEG801_006_7424|13|-106.761215|258.082581|5.055552|-0.099447|101.955452|2.700766|1.000000|1.000000|1.000000
AEG801_006_7427|13|-127.427879|258.056335|85.548096|-3.471094|50.071510|2.058046|1.000000|1.000000|1.000000
AEG801_006_7428|13|-100.593445|257.999664|85.157341|0.000027|50.993065|0.000000|1.000000|1.000000|1.000000
AEG801_006_7430|13|-127.056305|257.999695|112.034103|-0.000000|51.016205|0.000000|1.000000|1.000000|1.000000
AEG801_006_7438|13|-75.914932|250.008484|46.656769|-0.000000|51.016205|0.000000|1.000000|1.000000|1.000000
AEG801_006_7439|13|-86.063370|250.008240|49.668812|-0.000000|51.016205|0.000000|1.000000|1.000000|1.000000
AEG801_006_7440|13|-50.526978|246.008179|64.592056|-0.000000|51.016178|0.000000|1.000000|1.000000|1.000000
AEG801_006_7441|13|-78.282104|250.008240|60.219009|-0.000000|51.016205|0.000000|1.000000|1.000000|1.000000
AEG801_006_7442|13|-84.041397|250.008240|57.333767|-0.000000|51.016205|0.000000|1.000000|1.000000|1.000000
AEG801_006_7443|13|-57.015503|246.008240|61.206337|-0.000000|51.016178|0.000000|1.000000|1.000000|1.000000
AEG801_006_7444|13|-56.369263|246.008484|46.075073|-0.000000|51.016178|0.000000|1.000000|1.000000|1.000000
AEG801_006_7445|13|-59.999863|246.008423|48.886230|-0.000000|51.016148|0.000000|1.000000|1.000000|1.000000
AEG801_006_7446|13|-51.035522|246.008240|42.819344|-0.000000|51.016148|0.000000|1.000000|1.000000|1.000000
AEG801_006_7450|13|-126.928864|258.037231|103.317757|-1.774897|107.011681|-0.289955|1.000000|1.000000|1.000000
AEG801_006_7453|13|-124.481323|258.122131|39.391827|-5.085595|50.179993|0.401779|1.000000|1.000000|1.000000
AEG801_006_7454|13|-89.222351|257.999664|60.131802|-0.000000|51.016205|0.000000|1.000000|1.000000|1.000000
AEG801_006_7455|13|-90.578033|257.999634|44.601376|-0.000000|51.016178|0.000000|1.000000|1.000000|1.000000
AEG801_006_7456|13|-120.014359|257.733307|21.140570|0.794378|88.583801|0.881914|1.000000|1.000000|1.000000
AEG801_006_7458|13|-95.386948|257.633148|4.575112|0.046609|121.354347|-0.439892|1.000000|1.000000|1.000000
AEG801_006_7464|13|41.888477|237.973267|-45.308765|2.439881|20.563175|-7.467139|1.000000|1.000000|1.000000
AEG801_006_7465|13|-123.715157|257.871155|17.521713|0.982345|88.557625|2.716066|1.000000|1.000000|1.000000
AEG801_010_7024|13|-126.585938|258.145264|101.790901|-5.143874|109.697716|-1.953606|1.000000|1.000000|1.000000
AEG801_010_7025|13|-114.877647|258.075653|3.497186|0.000001|-70.439568|-0.000002|1.000000|1.000000|1.000000
AEG801_011_7022|13|-97.495239|257.999634|22.982471|0.000001|-0.050527|-0.000000|1.000000|1.000000|1.000000
AEG801_011_7023|13|-128.152740|258.006958|70.314484|-0.000297|-172.847488|0.002651|1.000000|1.000000|1.000000
AEG801_011_7024|13|-111.993286|257.999695|67.416504|-0.000000|-172.797256|0.000000|1.000000|1.000000|1.000000
AEG801_011_7025|13|-49.875351|246.008453|66.092125|-0.000002|-172.797226|-0.000000|1.000000|1.000000|1.000000
AEG801_011_7026|13|-76.487183|250.008224|47.327423|0.000000|-172.797226|-0.000000|1.000000|1.000000|1.000000
AEG801_011_7027|13|-55.342651|246.008255|46.557285|0.000000|-172.797211|-0.000000|1.000000|1.000000|1.000000
AEG801_011_7030|13|-122.877563|258.124268|38.929386|3.135221|-172.889328|1.103294|1.000000|1.000000|1.000000
AEG801_011_7031|13|-115.031136|258.006958|42.580597|-0.000297|7.152505|0.002650|1.000000|1.000000|1.000000
AEG801_011_7032|13|-104.147095|258.124268|21.684818|0.000000|7.110665|0.000000|1.000000|1.000000|1.000000
AEG801_011_7033|13|-93.414551|257.999634|4.185108|0.000001|-90.050537|-0.000000|1.000000|1.000000|1.000000
AEG801_011_7034|13|-123.471443|258.124268|19.179745|0.000000|7.110665|0.000000|1.000000|1.000000|1.000000
AEG801_011_7035|13|-111.566315|257.866486|12.138046|0.000000|-82.825600|0.000000|1.000000|1.000000|1.000000
AEG801_011_7036|13|-106.707504|257.866486|6.296419|-0.000000|-172.825607|0.000000|1.000000|1.000000|1.000000
AEG801_015_7056|13|-92.545532|257.999695|67.580566|0.000003|135.591827|0.000005|1.000002|1.000002|1.000002
AEG801_015_7057|13|-98.709778|257.997955|22.502436|0.000002|135.633087|0.000005|1.000002|1.000002|1.000002
AEG801_015_7058|13|-126.924698|257.999695|114.750664|0.000549|135.633087|-0.000526|1.000003|1.000002|1.000002
AEG801_015_7060|13|-56.236938|246.008484|48.048759|0.000003|135.591827|0.000005|1.000002|1.000002|1.000002
AEG801_016_7112|13|-99.274628|257.999695|69.775635|-0.000005|-112.665627|-0.000000|1.000000|1.000000|1.000000
AEG801_016_7113|13|-101.564453|257.999695|38.819824|0.000000|-112.665627|0.000000|1.000000|1.000000|1.000000
AEG801_016_7117|13|-83.637070|250.008484|57.836002|0.000000|-113.258675|0.000000|1.000000|1.000000|1.000000
AEG801_016_7118|13|-110.693672|258.038239|10.270243|0.000000|157.687790|0.000000|1.000000|1.000000|1.000000
AEG801_016_7119|13|-95.254883|257.999695|4.028900|0.000000|67.334358|0.000000|1.000000|1.000000|1.000000
AEG801_060_7076|13|-82.961792|237.663315|115.911377|0.000000|57.999924|0.000000|1.000000|1.000000|1.000000
AEG801_060_7077|13|116.717690|237.438965|-33.146389|1.877564|70.010208|-0.936192|1.000000|1.000000|1.000000
AEG801_060_7078|13|65.535072|237.363464|10.146718|0.000000|69.999924|0.000000|1.000000|1.000000|1.000000
AEG801_060_7079|13|36.966171|237.363419|-26.319269|-0.565634|-173.000061|-0.029063|1.000000|1.000000|1.000000
AEG801_060_7080|13|24.143242|237.363419|-21.464661|0.015518|-83.000244|-0.013180|1.000000|1.000000|1.000000
AEG801_060_7081|13|23.507711|237.421494|-46.435936|0.627968|-112.999466|-0.125653|1.000000|1.000000|1.000000
AEG801_060_7082|13|53.542229|237.509018|84.624641|-0.446558|160.007355|0.755774|1.000000|1.000000|1.000000
AEG801_060_7083|13|-2.908632|237.385742|81.340385|-0.406036|-173.000610|-0.187955|1.000000|1.000000|1.000000
AEG801_060_7084|13|12.975036|237.484299|80.128456|1.118785|-82.989632|-1.038759|1.000000|1.000000|1.000000
AEG801_060_7085|13|62.432243|237.593765|-45.193901|0.439837|156.000244|0.086771|1.000000|1.000000|1.000000
AEG801_060_7086|13|54.060909|237.363464|-20.310984|0.017977|-4.001709|0.010546|1.000000|1.000000|1.000000
AEG801_060_7087|13|135.707169|237.541504|-33.800568|-0.023400|-19.999992|0.177476|1.000000|1.000000|1.000000
AEG801_060_7088|13|2.627716|237.363495|101.951790|0.000000|-175.999924|-0.000000|1.000000|1.000000|1.000000
AEG801_060_7089|13|-4.068356|237.362381|99.525421|0.233374|-114.999321|-0.354896|1.000000|1.000000|1.000000
AEG801_060_7090|13|-39.094475|237.418945|86.344414|-0.282336|85.002617|1.045565|1.000000|1.000000|1.000000
AEG801_060_7091|13|-28.371273|237.620377|70.034950|-0.029007|127.999847|0.069805|1.000000|1.000000|1.000000
AEG801_060_7093|13|87.964500|237.364288|40.891357|0.087235|153.999939|-0.058324|1.000000|1.000000|1.000000
AEG801_060_7094|13|101.701645|237.438660|84.448677|-0.572482|120.617683|-0.097936|1.000000|1.000000|1.000000
AEG801_060_7095|13|0.277252|237.408112|48.377869|0.042129|-84.999054|0.690751|1.000000|1.000000|1.000000
AEG801_060_7096|13|-14.129729|237.558823|39.780518|0.000000|115.000099|0.000000|1.000000|1.000000|1.000000
AEG801_060_7097|13|-9.843772|237.364349|-5.381783|0.004808|58.000015|-0.019189|1.000000|1.000000|1.000000
AEG801_060_7098|13|3.912842|237.380737|-36.905445|3.155138|177.624908|-22.484659|1.000000|1.000000|1.000000
AEG801_060_7099|13|16.151562|237.363525|-62.306488|0.000000|-22.999964|0.000000|1.000000|1.000000|1.000000
AEG801_060_7100|13|28.048851|237.363525|-66.246307|0.309899|51.995670|1.531055|1.000000|1.000000|1.000000
AEG801_060_7101|13|-99.966873|237.330109|-25.392122|0.587642|-54.998390|-0.311263|1.000000|1.000000|1.000000
AEG801_060_7102|13|-100.956932|237.363342|-91.034088|0.000000|61.500050|0.000000|1.000000|1.000000|1.000000
AEG801_060_7103|13|-86.594437|237.363342|-116.656097|0.000000|15.500029|0.000000|1.000000|1.000000|1.000000
AEG801_060_7104|13|-86.699051|237.363342|-113.246948|0.000000|15.500029|0.000000|1.000000|1.000000|1.000000
AEG801_060_7105|13|-70.349335|237.363342|-88.312309|0.000000|-140.000061|0.000000|1.000000|1.000000|1.000000
AEG801_060_7106|13|-17.153959|237.363342|-107.259697|0.000000|-76.000084|0.000000|1.000000|1.000000|1.000000
AEG801_060_7107|13|-38.477394|237.363342|-80.691978|0.000000|152.500031|0.000000|1.000000|1.000000|1.000000
AEG801_060_7108|13|-61.455006|237.363342|-54.492630|0.000000|152.500031|0.000000|1.000000|1.000000|1.000000
AEG801_060_7109|13|58.722595|237.371170|95.379974|-0.230085|-177.999741|0.080897|1.000000|1.000000|1.000000
AEG801_060_7110|13|116.162895|237.363480|59.151161|0.108163|-179.999466|-0.311656|1.000000|1.000000|1.000000
AEG801_060_7111|13|113.961578|237.179428|-6.829844|-0.070818|-48.542465|-0.091052|1.000000|1.000000|1.000000
AEG801_060_7112|13|112.254135|237.286835|-10.238729|0.091060|41.457687|-0.070818|1.000000|1.000000|1.000000
AEG801_060_7113|13|107.545624|237.364014|102.730980|0.000000|126.999748|0.000000|1.000000|1.000000|1.000000
AEG801_060_7114|13|53.508263|237.363403|17.249063|0.000000|-95.999931|0.000000|1.000000|1.000000|1.000000
AEG801_060_7115|13|-21.856886|237.466125|46.880356|0.000000|-2.003520|0.000000|1.000000|1.000000|1.000000
AEG801_060_7116|13|-34.392078|237.993881|60.070419|-1.226925|-25.038557|-2.556534|1.000000|1.000000|1.000000
AEG801_060_7117|13|73.109314|237.395096|82.649933|-0.332230|-119.000923|-0.394970|1.000000|1.000000|1.000000
AEG801_060_7118|13|52.109047|237.473251|104.142128|-0.588107|151.005768|0.375196|1.000000|1.000000|1.000000
AEG801_060_7119|13|69.594658|237.363586|-16.106152|0.031883|63.999950|0.151821|1.000000|1.000000|1.000000
AEG801_060_7120|13|15.684021|237.451965|53.682938|0.643158|-173.002792|0.416560|1.000000|1.000000|1.000000
AEG801_060_7121|13|-37.601322|238.104416|48.599953|4.504565|88.134773|-3.188688|1.000000|1.000000|1.000000
AEG801_060_7122|13|30.227020|237.428619|59.005642|0.107316|-83.001457|0.680150|1.000000|1.000000|1.000000
AEG801_060_7123|13|-96.260933|237.364044|123.079773|0.000000|57.999924|0.000000|1.000000|1.000000|1.000000
AEG801_060_7124|13|63.343266|237.663574|60.679371|-0.070818|-131.364212|-0.091052|1.000000|1.000000|1.000000
AEG801_060_7125|13|64.997978|237.375214|59.823135|-0.101437|-41.364059|0.204441|1.000000|1.000000|1.000000
AEG801_060_7126|13|84.349594|237.363998|111.171371|0.000000|153.999985|0.000000|1.000000|1.000000|1.000000
AEG801_060_7127|13|102.220139|237.363983|101.630211|0.000000|-5.999923|0.000000|1.000000|1.000000|1.000000
AEG801_060_7128|13|52.657497|237.460114|43.167152|0.581167|160.001862|-0.385118|1.000000|1.000000|1.000000
AEG801_060_7129|13|121.288635|237.363998|102.184891|-0.000003|-143.010391|0.000000|1.000000|1.000000|1.000000
AEG801_060_7130|13|18.500059|237.455505|86.999069|0.716077|-16.001295|0.205397|1.000000|1.000000|1.000000
AEG801_060_7131|13|130.958664|237.367691|55.510639|0.009562|179.999863|-0.005601|1.000000|1.000000|1.000000
AEG801_060_7132|13|82.869576|237.363327|14.648133|-0.000707|179.999863|-0.126095|1.000000|1.000000|1.000000
AEG801_060_7133|13|-68.571457|237.363342|-43.599991|0.000000|62.500034|0.000000|1.000000|1.000000|1.000000
AEG801_061_7000|13|63.150173|237.435120|52.030724|-0.558384|-8.999126|0.104147|1.000000|1.000000|1.000000
AEG801_061_7001|13|61.773319|237.558594|47.877201|0.000000|72.401512|0.000000|1.000000|1.000000|1.000000
AEG801_061_7002|13|24.202271|237.541016|99.020515|0.000000|15.000045|0.000000|1.000000|1.000000|1.000000
AEG801_061_7003|13|17.559813|237.541504|105.371574|0.000000|96.999908|0.000000|1.000000|1.000000|1.000000
AEG801_061_7004|13|22.503109|237.616455|101.468994|0.000000|-35.000095|0.000000|1.000000|1.000000|1.000000
AEG801_061_7005|13|3.975858|237.343857|112.800346|-0.131346|128.000061|0.038741|1.000000|1.000000|1.000000
AEG801_061_7006|13|109.783447|237.663315|104.650879|-0.000000|173.000015|-0.000001|1.000000|1.000000|1.000000
AEG801_061_7007|13|111.887573|237.363998|104.112656|0.000000|122.999725|0.000000|1.000000|1.000000|1.000000
AEG801_061_7008|13|116.976494|237.364014|105.603271|-0.000001|-74.065460|-0.000000|1.000000|1.000000|1.000000
AEG801_061_7009|13|96.065552|237.663315|105.607147|0.000000|134.999863|0.000000|1.000000|1.000000|1.000000
AEG801_061_7010|13|77.429077|237.364029|101.979408|0.000000|-61.999996|0.000000|1.000000|1.000000|1.000000
AEG801_061_7011|13|98.043457|237.663315|101.358154|0.000000|-93.000038|0.000000|1.000000|1.000000|1.000000
AEG801_061_7012|13|90.833176|237.663315|108.635452|0.000000|-174.999878|0.000000|1.000000|1.000000|1.000000
AEG801_061_7013|13|75.106560|237.367691|-1.520332|0.188950|-127.027863|0.033195|1.000000|1.000000|1.000000
AEG801_061_7014|13|65.923843|237.389282|62.343220|0.348394|-135.364700|0.126823|1.000000|1.000000|1.000000
AEG801_061_7015|13|72.311340|237.363480|9.470551|-0.000164|-13.923241|0.000137|1.000000|1.000000|1.000000
AEG801_061_7016|13|94.588448|237.373184|46.465057|0.245696|135.000076|-0.159554|1.000000|1.000000|1.000000
AEG801_061_7017|13|98.510567|237.409271|83.384872|-0.498405|64.618629|0.248783|1.000000|1.000000|1.000000
AEG801_061_7018|13|98.072098|237.385422|48.041855|-0.150655|-92.999687|0.318505|1.000000|1.000000|1.000000
AEG801_061_7019|13|90.555504|237.365402|42.095016|0.185344|-175.000000|0.041746|1.000000|1.000000|1.000000
AEG801_061_7020|13|-10.633545|237.663315|77.657806|0.000000|108.999908|0.000000|1.000000|1.000000|1.000000
AEG801_061_7021|13|-29.831421|237.619034|73.919640|-0.003305|-88.000038|-0.015057|1.000000|1.000000|1.000000
AEG801_061_7022|13|-17.470703|237.663315|74.384033|0.000000|-119.000053|0.000000|1.000000|1.000000|1.000000
AEG801_061_7023|13|-23.950748|237.618622|78.555763|-0.043427|159.000107|-0.018468|1.000000|1.000000|1.000000
AEG801_061_7024|13|-41.016479|237.663315|92.215332|0.000000|-134.000092|0.000000|1.000000|1.000000|1.000000
AEG801_061_7025|13|-15.931339|237.330093|93.192245|0.000492|28.999935|-0.000055|1.000000|1.000000|1.000000
AEG801_061_7026|13|-42.479370|237.663315|90.435303|0.000000|-2.000081|0.000000|1.000000|1.000000|1.000000
AEG801_061_7027|13|-35.879150|237.663315|94.610596|0.000000|-83.999893|0.000000|1.000000|1.000000|1.000000
AEG801_061_7028|13|-9.829590|237.359985|41.604424|-0.299725|-103.999001|0.432269|1.000000|1.000000|1.000000
AEG801_061_7029|13|-4.504882|237.344193|30.386810|0.034697|59.000507|0.037402|1.000000|1.000000|1.000000
AEG801_061_7030|13|-11.963011|237.386154|42.169147|-0.254900|27.998413|-0.682992|1.000000|1.000000|1.000000
AEG801_061_7031|13|-5.567307|237.339828|47.754997|0.000000|-72.499489|0.000000|1.000000|1.000000|1.000000
AEG801_061_7032|13|53.155441|237.375977|56.809628|0.027976|-116.971527|0.202392|1.000000|1.000000|1.000000
AEG801_061_7033|13|19.640749|237.430969|54.187843|0.499915|-177.002701|0.455082|1.000000|1.000000|1.000000
AEG801_061_7034|13|32.496063|237.429932|59.851772|-0.676762|-13.998806|0.308506|1.000000|1.000000|1.000000
AEG801_061_7035|13|36.337204|237.055801|54.637047|-0.000000|-11.341801|-0.000001|1.000000|1.000000|1.000000
AEG801_061_7036|13|42.554932|237.396545|53.302414|0.170044|108.447701|-0.357730|1.000000|1.000000|1.000000
AEG801_061_7037|13|-23.863312|237.558807|46.834953|-0.000000|44.000267|-0.000000|1.000000|1.000000|1.000000
AEG801_061_7038|13|-16.884003|237.512009|46.270798|-0.929352|-6.005723|-0.703910|1.000000|1.000000|1.000000
AEG801_061_7039|13|-36.156185|237.926727|47.394783|3.907088|156.936859|1.928846|1.000000|1.000000|1.000000
AEG801_061_7040|13|-36.625977|238.085419|55.594353|1.089333|165.955811|4.656112|1.000000|1.000000|1.000000
AEG801_061_7041|13|-32.187008|237.943573|62.684574|-3.447834|-113.806030|0.878335|1.000000|1.000000|1.000000
AEG801_061_7046|13|117.427322|237.383743|-8.466410|0.016310|-2.542063|-0.114192|1.000000|1.000000|1.000000
AEG801_061_7047|13|108.968582|237.402100|-8.732029|-0.076997|-52.542370|-0.085890|1.000000|1.000000|1.000000
AEG801_061_7048|13|114.095581|237.480591|-10.160837|0.098737|110.457733|0.059614|1.000000|1.000000|1.000000
AEG801_061_7052|13|105.089951|237.363739|61.937981|-0.036090|10.978685|-0.053795|1.000000|1.000000|1.000000
AEG801_061_7054|13|121.803619|237.367096|58.586716|-0.146712|93.190933|-0.342804|1.000000|1.000000|1.000000
AEG801_061_7055|13|60.700684|237.663315|92.380737|0.000000|-37.000084|0.000000|1.000000|1.000000|1.000000
AEG801_061_7056|13|72.577957|237.663315|93.788460|0.000000|125.999954|0.000000|1.000000|1.000000|1.000000
AEG801_061_7057|13|65.227798|237.663315|92.018913|0.000000|94.999916|0.000000|1.000000|1.000000|1.000000
AEG801_061_7058|13|70.494629|237.663300|82.151611|0.016310|-162.999893|-0.114192|1.000000|1.000000|1.000000
AEG801_061_7059|13|71.576096|237.436340|79.600189|-0.728138|147.005157|0.678921|1.000000|1.000000|1.000000
AEG801_061_7060|13|47.237457|237.395370|113.709023|-0.016634|-49.998493|-0.059701|1.000000|1.000000|1.000000
AEG801_061_7061|13|48.954590|237.049667|16.532471|0.000000|44.999943|0.000000|1.000000|1.000000|1.000000
AEG801_061_7062|13|82.218864|237.363464|13.818106|-0.000710|-152.000015|-0.003100|1.000000|1.000000|1.000000
AEG801_061_7063|13|67.121429|237.363480|-3.392035|-0.003230|176.999893|-0.002254|1.000000|1.000000|1.000000
AEG801_061_7064|13|46.747803|237.663315|13.483154|0.000000|95.000076|0.000000|1.000000|1.000000|1.000000
AEG801_061_7065|13|42.906494|237.663300|24.872803|0.016310|-126.999886|-0.114192|1.000000|1.000000|1.000000
AEG801_061_7066|13|44.205612|237.363235|22.351667|-0.001209|-177.000137|-0.003554|1.000000|1.000000|1.000000
AEG801_061_7067|13|21.717308|237.363510|-20.226545|0.018442|-14.000045|0.008879|1.000000|1.000000|1.000000
AEG801_061_7068|13|65.981781|237.363495|-0.566730|0.000000|-8.999891|0.000000|1.000000|1.000000|1.000000
AEG801_061_7069|13|63.150650|237.363480|12.362909|-0.002568|73.000000|0.034178|1.000000|1.000000|1.000000
AEG801_061_7078|13|89.119751|237.663300|-67.951416|0.016311|26.000185|-0.114192|1.000000|1.000000|1.000000
AEG801_061_7079|13|88.279381|237.532684|-64.692398|-0.076997|-24.000177|1.591241|1.000000|1.000000|1.000000
AEG801_061_7080|13|134.017303|237.466232|-35.511818|0.229850|139.001038|-0.322986|1.000000|1.000000|1.000000
AEG801_061_7081|13|-33.594116|237.663315|-73.270325|0.000000|136.999924|0.000000|1.000000|1.000000|1.000000
AEG801_061_7082|13|66.523788|237.501358|-29.877573|0.521526|-59.999565|-0.706242|1.000000|1.000000|1.000000
AEG801_061_7083|13|64.964600|237.663315|-61.247467|0.000000|-91.000076|0.000000|1.000000|1.000000|1.000000
AEG801_061_7084|13|60.977661|237.663315|-55.093994|0.000000|-172.999954|0.000000|1.000000|1.000000|1.000000
AEG801_061_7085|13|3.591881|237.398041|82.062851|-0.214085|-127.103798|-0.530542|1.000000|1.000000|1.000000
AEG801_061_7086|13|19.328365|237.540283|85.054924|-0.020719|-176.998596|0.040872|1.000000|1.000000|1.000000
AEG801_061_7087|13|9.714231|237.407532|82.220024|0.564993|-14.001619|0.327603|1.000000|1.000000|1.000000
AEG801_061_7088|13|54.541603|237.530350|81.948051|0.611384|-8.879244|-0.700797|1.000000|1.000000|1.000000
AEG801_061_7089|13|27.920498|237.528320|84.979492|-0.058783|73.000107|0.219550|1.000000|1.000000|1.000000
AEG801_061_7090|13|120.158279|237.364563|-35.676975|0.278918|78.000397|-0.101259|1.000000|1.000000|1.000000
AEG801_061_7091|13|39.956905|237.363739|-69.893997|-0.057933|160.000381|-0.121466|1.000000|1.000000|1.000000
AEG801_061_7092|13|-80.351074|237.663315|120.566406|0.000000|-161.000137|0.000000|1.000000|1.000000|1.000000
AEG801_061_7093|13|-95.031738|237.364014|125.684204|0.000000|1.999870|0.000000|1.000000|1.000000|1.000000
AEG801_061_7094|13|-85.749077|237.330078|121.601974|0.000000|-29.000147|0.000000|1.000000|1.000000|1.000000
AEG801_061_7095|13|-63.548950|237.330093|116.677643|0.000000|-111.000015|0.000000|1.000000|1.000000|1.000000
AEG801_061_7100|13|20.414688|237.363525|-62.581200|0.000000|121.000000|0.000000|1.000000|1.000000|1.000000
AEG801_061_7101|13|-5.776799|237.363525|-26.720093|0.000000|8.000175|0.000000|1.000000|1.000000|1.000000
AEG801_061_7102|13|-29.629026|237.340485|0.891088|0.147942|-42.000080|0.069996|1.000000|1.000000|1.000000
AEG801_061_7103|13|-85.063622|237.363510|-37.492397|0.009371|90.000008|-0.011365|1.000000|1.000000|1.000000
AEG801_061_7104|13|-90.190529|237.363525|-25.821724|0.402380|-104.993126|-1.937096|1.000000|1.000000|1.000000
AEG801_061_7105|13|-90.172653|237.363525|-20.426865|0.000000|8.000010|0.000000|1.000000|1.000000|1.000000
AEG801_061_7106|13|-100.527840|237.363525|-87.213203|0.000000|-168.499832|0.000000|1.000000|1.000000|1.000000
AEG801_061_7107|13|-101.205261|237.363525|-46.958885|0.000000|11.500143|0.000000|1.000000|1.000000|1.000000
AEG801_061_7108|13|-83.556259|237.363525|-117.160210|0.000000|-34.499870|0.000000|1.000000|1.000000|1.000000
AEG801_061_7109|13|24.468605|237.363525|-108.699806|0.000000|98.000107|0.000000|1.000000|1.000000|1.000000
AEG801_061_7111|13|15.496016|237.363525|-89.875130|0.000000|-81.999886|0.000000|1.000000|1.000000|1.000000
AEG801_061_7112|13|-69.609772|237.363525|-91.737267|0.000000|-9.999878|0.000000|1.000000|1.000000|1.000000
AEG801_061_7114|13|-57.422543|237.363525|-118.740623|0.000000|85.500137|0.000000|1.000000|1.000000|1.000000
AEG801_061_7115|13|-46.013138|237.363525|-125.363747|0.000000|-94.499863|0.000000|1.000000|1.000000|1.000000
AEG801_061_7116|13|-28.815926|237.363525|-105.449959|0.000000|54.000114|0.000000|1.000000|1.000000|1.000000
AEG801_061_7117|13|-63.463421|237.363525|-53.766891|0.000000|12.500139|0.000000|1.000000|1.000000|1.000000
AEG801_061_7118|13|-111.829712|237.363525|-54.903389|0.000000|-175.000000|0.000000|1.000000|1.000000|1.000000
AEG801_061_7119|13|8.312210|237.363525|-97.907768|0.000000|-24.999994|0.000000|1.000000|1.000000|1.000000
AEG801_061_7121|13|1.094727|236.825439|70.578735|-0.076997|-177.000183|-0.085890|1.000000|1.000000|1.000000
AEG801_061_7122|13|128.140686|237.367096|54.975040|0.000000|-61.999996|0.000000|1.000000|1.000000|1.000000
AEG801_061_7123|13|48.941399|237.396149|119.443428|-0.038330|-9.000001|-0.093425|1.000000|1.000000|1.000000
AEG801_061_7124|13|118.938370|237.365234|49.181145|-0.030770|10.977702|0.016939|1.000000|1.000000|1.000000
AEG801_061_7125|13|106.677757|237.368469|47.429897|0.000000|92.999855|0.000000|1.000000|1.000000|1.000000
AEG801_061_7126|13|122.332924|237.363922|6.184999|0.108081|10.977809|-0.053658|1.000000|1.000000|1.000000
AEG801_061_7127|13|91.182983|236.825439|38.243057|-0.076997|-177.000183|-0.085890|1.000000|1.000000|1.000000
AEG801_061_7128|13|-34.150146|238.041763|63.881962|0.529941|156.129608|4.385064|1.000000|1.000000|1.000000
AEG801_061_7129|13|95.147827|237.663300|64.433670|0.016310|-2.876873|-0.114192|1.000000|1.000000|1.000000
AEG801_061_7130|13|92.009018|237.532684|66.548248|-0.076997|-52.877266|1.591241|1.000000|1.000000|1.000000
AEG801_061_7131|13|113.157280|237.363739|40.586189|-0.036090|123.669807|-0.053795|1.000000|1.000000|1.000000
AEG801_061_7132|13|54.354259|237.367691|42.408714|0.188950|-127.027863|0.033195|1.000000|1.000000|1.000000
AEG801_061_7133|13|61.273205|237.363480|40.045776|-0.000164|-13.923241|0.000137|1.000000|1.000000|1.000000
AEG801_210_7023|13|24.179504|237.944565|104.140442|0.000000|24.022688|0.000000|1.000000|1.000000|1.000000
AEG801_210_7032|13|96.803223|237.894638|104.098145|0.000000|152.000000|0.000000|1.000000|1.000000|1.000000
AEG801_210_7034|13|-10.434082|237.954086|75.947113|0.000000|125.999985|0.000000|1.000000|1.000000|1.000000
AEG801_210_7035|13|-39.718506|237.902695|91.627441|0.000000|-117.000038|0.000000|1.000000|1.000000|1.000000
AEG801_210_7045|13|-7.472134|237.914062|49.468662|-0.413007|-94.046120|0.325745|1.000000|1.000000|1.000000
AEG801_210_7051|13|62.097900|237.892075|91.579590|0.000000|-20.000013|0.000000|1.000000|1.000000|1.000000
AEG801_210_7052|13|50.534424|237.919785|16.532715|0.000000|61.999992|0.000000|1.000000|1.000000|1.000000
AEG801_210_7057|13|63.893311|237.933884|-58.984863|0.000000|153.999969|0.000000|1.000000|1.000000|1.000000
AEG801_210_7065|13|-82.631104|237.928696|120.497559|0.000000|-144.000107|0.000000|1.000000|1.000000|1.000000
AEG801_210_7066|13|26.917992|237.950806|-64.671204|0.000000|-60.999996|0.000000|1.000000|1.000000|1.000000
AEG801_210_7067|13|-98.665787|237.873932|-25.467806|-0.138164|-165.500153|-0.130054|1.000000|1.000000|1.000000
AEG801_210_7068|13|-101.713226|237.890625|-89.541801|0.000000|-106.500053|0.000000|1.000000|1.000000|1.000000
AEG801_210_7069|13|-85.714363|237.903564|-114.415031|0.000000|163.500031|0.000000|1.000000|1.000000|1.000000
AEG801_210_7071|13|24.470039|237.937988|-110.550110|0.000000|160.000015|0.000000|1.000000|1.000000|1.000000
AEG801_210_7072|13|-70.014252|237.786133|-90.382309|0.000000|-37.999989|0.000000|1.000000|1.000000|1.000000
AEG801_210_7074|13|-45.122944|237.933228|-126.189949|0.000000|-32.499989|0.000000|1.000000|1.000000|1.000000
AEG801_210_7075|13|-20.123890|237.889648|-107.227974|0.000000|26.000038|0.000000|1.000000|1.000000|1.000000
AEG801_210_7076|13|-39.948421|237.858643|-80.683380|0.000000|-59.499966|0.000000|1.000000|1.000000|1.000000
AEG801_220_7108|13|111.373741|237.364029|103.999428|0.000000|-63.000019|-0.000000|1.000000|1.000000|1.000000
AEG801_220_7110|13|61.156765|237.491150|48.344147|0.000000|137.999985|0.000000|1.503100|1.503100|1.503100
AEG801_220_7219|13|18.250732|237.663315|105.327393|0.000000|161.999969|0.000000|1.503100|1.503100|1.503100
AEG801_220_7247|13|25.092651|237.272995|99.674805|-0.000000|-108.000008|-0.000000|1.000000|1.000000|1.000000
AEG801_220_7249|13|97.236328|237.663315|101.363037|0.000000|-27.999990|0.000000|1.000000|1.000000|1.000000
AEG801_220_7250|13|90.833176|237.061325|108.635452|-0.000000|61.999996|-0.000000|1.503100|1.503100|1.503100
AEG801_220_7251|13|64.274040|237.376221|60.492588|-0.000237|38.635796|-0.000057|1.000000|1.000000|1.000000
AEG801_220_7252|13|95.374611|237.386856|47.569237|-0.379467|-27.999931|0.028714|1.000000|1.000000|1.000000
AEG801_220_7253|13|90.515518|237.365677|43.235939|0.000000|61.999847|0.000000|1.000000|1.000000|1.000000
AEG801_220_7254|13|-18.198242|237.663315|74.034424|0.000000|-54.000004|0.000000|1.503100|1.503100|1.503100
AEG801_220_7255|13|-24.187378|236.848770|78.369385|-0.000000|35.999992|-0.000000|1.503100|1.503100|1.503100
AEG801_220_7256|13|-42.460571|237.663315|91.242188|0.000000|62.999985|0.000000|1.000000|1.000000|1.000000
AEG801_220_7257|13|-35.879150|236.883698|94.610596|0.000000|152.999969|-0.000000|1.503100|1.503100|1.503100
AEG801_220_7281|13|-11.496642|237.388840|42.608135|0.000519|93.004463|-0.000504|0.800000|0.800000|0.800000
AEG801_220_7282|13|-5.245457|237.495865|47.177040|0.000219|-177.000549|0.000164|1.000000|1.000000|1.000000
AEG801_220_7283|13|15.684116|237.442520|52.853394|-0.000663|-2.665040|-0.000272|1.250000|1.250000|1.250000
AEG801_220_7284|13|-23.028347|237.590240|47.059086|0.000574|167.994385|0.000574|1.000000|1.000000|1.000000
AEG801_220_7285|13|-33.792969|237.989761|62.526154|0.000000|-47.072613|0.000000|1.000000|1.000000|1.000000
AEG801_220_7318|13|112.701477|237.155075|-7.924242|0.085541|-161.542252|0.077372|1.503100|1.503100|1.503099
AEG801_220_7324|13|105.288704|237.376328|61.538513|0.000000|170.998779|0.000000|1.000000|1.000000|1.000000
AEG801_220_7332|13|66.026382|237.663315|91.901970|0.000000|159.999985|0.000000|1.000000|1.000000|1.000000
AEG801_220_7334|13|71.669678|237.666504|79.471924|0.085541|-39.000065|0.077372|1.000000|1.000000|1.000000
AEG801_220_7335|13|53.269409|237.663315|16.965820|0.000000|-118.000000|0.000000|1.503100|1.503100|1.503100
AEG801_220_7336|13|46.747803|237.272995|13.483154|0.000000|-27.999996|-0.000000|1.000000|1.000000|1.000000
AEG801_220_7337|13|42.282104|237.666504|22.013916|0.085541|-3.000056|0.077372|1.503100|1.503100|1.503100
AEG801_220_7338|13|63.790634|237.208649|11.807798|0.000000|138.006989|0.000000|0.900000|0.900000|0.900000
AEG801_220_7362|13|88.378296|237.666504|-65.120850|0.085541|149.999969|0.077372|1.000000|1.000000|1.000000
AEG801_220_7363|13|64.230713|237.663315|-61.733398|0.000000|-26.000011|0.000000|1.503100|1.503100|1.503100
AEG801_220_7364|13|60.977661|237.272995|-55.093994|0.000000|63.999992|-0.000000|1.000000|1.000000|1.000000
AEG801_220_7368|13|3.011628|237.391220|82.599121|0.000492|-3.000818|0.000109|1.000000|1.000000|1.000000
AEG801_220_7369|13|27.711182|237.208649|84.970215|0.000000|137.999985|0.000000|1.000000|1.000000|1.000000
AEG801_220_7373|13|119.806320|237.367004|-35.102081|-0.000000|-134.999146|0.000000|1.503100|1.503100|1.503100
AEG801_220_7391|13|-85.544983|237.330078|121.024948|0.000000|35.999928|0.000000|1.503100|1.503100|1.503100
AEG801_220_7392|13|-95.031738|237.364014|125.684204|0.000000|125.999916|-0.000000|1.000000|1.000000|1.000000
AEG801_220_7393|13|15.455681|237.363525|-60.456810|0.000000|155.000015|0.000000|1.000000|1.000000|1.000000
AEG801_220_7394|13|-90.190529|237.363525|-25.821724|0.000000|42.000011|0.000000|1.503100|1.503100|1.503100
AEG801_220_7395|13|-117.233826|237.363525|-49.960251|0.000000|70.000000|0.000000|1.250000|1.250000|1.250000
AEG801_220_7396|13|-113.479248|237.363525|-57.155647|0.000000|159.999939|0.000000|1.000000|1.000000|1.000000
AEG801_220_7397|13|-113.479248|237.363525|-52.820034|0.000000|-109.999992|0.000000|2.254650|2.254650|2.254650
AEG801_220_7398|13|-121.481720|237.363525|-57.406975|0.000000|-20.000008|0.000000|1.250000|1.250000|1.250000
AEG801_220_7399|13|-124.564697|237.363525|-54.300812|0.000000|159.999939|0.000000|1.000000|1.000000|1.000000
AEG801_220_7400|13|15.463882|237.363525|-99.486603|0.000000|-140.000000|0.000000|1.250000|1.250000|1.250000
AEG801_220_7401|13|8.614620|237.363525|-95.132492|0.000000|-50.000065|0.000000|1.000000|1.000000|1.000000
AEG801_220_7402|13|10.782429|237.363525|-98.887245|0.000000|40.000008|0.000000|1.500000|1.500000|1.500000
AEG801_220_7403|13|15.419300|237.363525|-90.913597|0.000000|129.999985|0.000000|1.878875|1.878875|1.878875
AEG801_220_7404|13|19.642323|237.363525|-92.062134|0.000000|-50.000065|0.000000|1.000000|1.000000|1.000000
AEG801_220_7405|13|129.192459|237.367096|56.245998|0.000000|62.000011|-0.000000|1.000000|1.000000|1.000000
AEG801_220_7406|13|81.582916|237.363358|13.685850|0.000000|142.276260|0.000000|1.503100|1.503100|1.503100
AEG801_220_7407|13|92.980675|237.666504|65.551353|0.085541|81.802856|0.077372|1.000000|1.000000|1.000000
AEG801_220_7408|13|112.712059|237.376328|40.556923|0.000000|-76.310089|0.000000|1.000000|1.000000|1.000000
AEG801_220_7409|13|-63.597755|237.363525|-54.458809|0.000000|-47.999996|0.000000|1.503100|1.503100|1.503100
AEG801_220_7410|13|-34.884377|237.363525|-75.351021|0.000000|132.000000|0.000000|1.503100|1.503100|1.503100
AEG801_230_7247|13|109.783447|237.663315|104.650879|-0.000000|-40.000023|-0.000000|1.000000|1.000000|1.000000
AEG801_230_7249|13|65.093132|237.383698|61.761520|-0.000264|61.635155|-0.000185|1.000000|1.000000|1.000000
AEG801_230_7253|13|16.960995|237.429123|52.271690|-0.000433|19.996336|-0.000477|1.000000|1.000000|1.000000
AEG801_230_7254|13|36.337204|237.055801|54.637047|0.000000|-61.627697|0.000000|1.000000|1.000000|1.000000
AEG801_230_7255|13|-21.696871|237.565262|46.462730|0.000546|-169.008636|0.000902|1.000000|1.000000|1.000000
AEG801_230_7270|13|117.427582|237.450851|-8.466520|-0.000000|144.457809|-0.000000|1.000000|1.000000|1.000000
AEG801_230_7272|13|70.494385|237.663315|82.151855|0.000000|-16.000004|-0.000000|1.000000|1.000000|1.000000
AEG801_230_7273|13|42.906494|237.663315|24.873047|-0.000000|19.999994|-0.000000|1.000000|1.000000|1.000000
AEG801_230_7281|13|89.119873|237.663315|-67.951660|-0.000000|172.999985|-0.000000|1.000000|1.000000|1.000000
AEG801_230_7284|13|3.992432|237.663315|83.540527|0.000000|19.999994|-0.000000|1.000000|1.000000|1.000000
AEG801_230_7285|13|20.323059|237.363525|-63.041298|0.000000|155.000015|0.000000|1.000000|1.000000|1.000000
AEG801_230_7286|13|-89.713333|237.363525|-20.331436|0.000000|42.000004|0.000000|1.000000|1.000000|1.000000
AEG801_230_7287|13|95.148056|237.663315|64.433517|-0.000000|144.122894|-0.000000|1.000000|1.000000|1.000000
AEG801_230_7288|13|-66.556839|237.363525|-52.551376|0.000000|-47.999996|0.000000|1.000000|1.000000|1.000000
AEG801_231_7235|13|-68.412750|237.363525|-44.093994|0.005956|-46.545429|-0.044687|0.750000|0.750000|0.750000
AEG801_231_7236|13|-101.833427|237.363525|-45.650684|0.005956|-157.045441|-0.044687|0.750000|0.750000|0.750000
AEG801_231_7237|13|79.030540|237.363525|-121.389099|0.005956|-124.545425|-0.044687|0.750000|0.750000|0.750000
AEG801_231_7238|13|-14.623749|237.363525|-88.633408|0.005956|-145.545410|-0.044687|0.750000|0.750000|0.750000
AEG801_253_7006|13|-102.671112|257.999695|26.870850|0.000000|-109.434624|0.000000|1.000000|1.000000|1.000000
AEG801_253_7007|13|-119.931732|257.999695|20.628119|0.000000|160.565369|0.000000|1.000000|1.000000|1.000000
AEG801_255_7002|13|-104.818298|258.006958|23.842316|0.000000|-102.078018|0.000000|1.000000|1.000000|1.000000
