m26423000_0000|0|128.000000|0.000000|128.000000|0.000000|0.000000|0.000000|1.000000|1.000000|1.000000
m27423100_0000|0|128.000000|0.000000|384.000000|0.000000|0.000000|0.000000|1.000000|1.000000|1.000000
m36433001_0000|0|384.000000|0.000000|128.000000|0.000000|0.000000|0.000000|1.000000|1.000000|1.000000
m37433100_0000|0|384.000000|0.000000|384.000000|0.000000|0.000000|0.000000|1.000000|1.000000|1.000000
m37433101_0000|0|384.000000|0.000000|384.000000|0.000000|0.000000|0.000000|1.000000|1.000000|1.000000
m37433102_0000|0|384.000000|0.000000|384.000000|0.000000|0.000000|0.000000|1.000000|1.000000|1.000000
m60_43_30_00-AEG004_120_1000|13|356.080811|-3.102539|89.881836|-2.784109|0.176465|3.631365|1.000000|1.000000|1.000000
m60_43_30_00-AEG004_120_1002|13|372.439972|-4.794087|256.064819|-0.642144|-38.214825|9.899813|1.000000|1.000000|1.000000
m60_43_30_00-AEG004_120_1003|13|371.772858|-6.149385|220.039810|8.837035|-121.598381|12.251995|1.000000|1.000000|1.000000
m60_43_30_00-AEG004_120_1004|13|396.646393|-3.976771|227.273529|-16.640520|-27.012341|8.625818|1.000000|1.000000|1.000000
m60_43_30_00-AEG004_120_1005|13|360.957611|-5.586639|205.942902|5.502345|54.352253|7.922281|1.000000|1.000000|1.000000
m60_43_30_00-AEG004_121_1000|13|412.954773|-2.676301|235.822632|0.500601|62.377155|-1.344244|1.000000|1.000000|1.000000
m60_43_30_00-AEG004_121_1002|13|407.845551|-2.897515|220.073547|0.153756|-49.953388|0.196806|1.000000|1.000000|1.000000
m60_43_30_00-AEG004_121_1003|13|391.056335|-3.050216|207.551834|1.600177|-23.392971|0.050325|1.000000|1.000000|1.000000
m60_43_30_00-AEG004_121_1004|13|377.415558|-2.943130|190.812759|1.258695|-68.698341|-0.833270|1.000000|1.000000|1.000000
m60_43_30_00-AEG004_121_1005|13|373.641510|-2.871966|172.560532|1.588292|-78.620003|-0.092400|1.000000|1.000000|1.000000
m60_43_30_00-AEG004_121_1009|13|309.441528|-3.143165|136.118011|1.722683|148.678665|0.548901|1.000000|1.000000|1.000000
m60_43_30_00-AEG004_121_1011|13|351.197296|-3.020379|220.787750|1.545043|171.141663|0.278699|1.000000|1.000000|1.000000
m60_43_30_00-AEG004_121_1012|13|335.417908|-2.865352|213.732208|1.168973|86.722328|-0.399867|1.000000|1.000000|1.000000
m60_43_30_00-AEG004_121_1013|13|341.053284|-2.733832|195.655991|-0.176902|5.176590|0.219594|1.000000|1.000000|1.000000
m60_43_30_00-AEG004_121_1014|13|361.466248|-2.888697|188.737854|-0.285614|36.824223|-0.507679|1.000000|1.000000|1.000000
m60_43_30_00-AEG004_121_1016|13|365.611206|-2.912015|267.976868|-0.193368|-56.801754|-0.684949|1.000000|1.000000|1.000000
m60_43_30_00-AEG004_121_1017|13|363.384125|-2.766906|252.554306|0.816727|75.968132|-0.273941|1.000000|1.000000|1.000000
m60_43_30_00-AEG004_121_1018|13|390.982941|-3.018620|135.161606|2.041121|-130.344635|-0.135351|1.000000|1.000000|1.000000
m60_43_30_00-AEG004_121_1020|13|302.074036|-3.000080|108.797234|-0.776200|-98.090492|0.284300|1.000000|1.000000|1.000000
m60_43_30_00-AEG004_121_1021|13|301.505157|-2.983474|122.221581|0.506008|97.209373|-0.369312|1.000000|1.000000|1.000000
m60_43_30_00-AEG004_121_1022|13|394.712433|-3.019943|66.416336|-0.505239|119.837898|-1.004173|1.000000|1.000000|1.000000
m60_43_30_00-AEG004_121_1023|13|384.404205|-2.937682|49.771797|1.796613|-61.558392|-0.576296|1.000000|1.000000|1.000000
m60_43_30_00-AEG004_121_1024|13|327.764282|-3.069762|51.763443|0.004426|171.793839|0.434236|1.000000|1.000000|1.000000
m60_43_30_00-AEG004_121_1025|13|313.987274|-3.024818|56.467239|0.488912|36.345287|-0.145576|1.000000|1.000000|1.000000
m60_43_30_00-AEG004_121_1026|13|301.602234|-2.876961|89.757591|1.514938|101.004181|0.206272|1.000000|1.000000|1.000000
m60_43_30_00-AEG004_121_1028|13|298.428162|-2.897981|71.302536|-0.520148|-68.070389|0.219222|1.000000|1.000000|1.000000
m60_43_30_00-AEG004_121_1030|13|341.517365|-3.186531|55.231979|-0.088990|-74.784813|-1.576481|1.000000|1.000000|1.000000
m60_43_30_00-AEG004_121_1031|13|373.502258|-3.009777|38.317871|1.053761|17.106335|0.335772|1.000000|1.000000|1.000000
m60_43_30_00-AEG004_121_1032|13|376.623260|-2.964502|146.520218|1.675391|-139.092468|0.279054|1.000000|1.000000|1.000000
m60_43_30_00-AEG004_121_1033|13|405.950867|-2.981958|86.683395|2.255418|-58.999954|-0.087181|1.000000|1.000000|1.000000
m60_43_30_00-AEG004_121_1034|13|408.964447|-3.020591|100.715057|-1.429412|83.220589|-0.404921|1.000000|1.000000|1.000000
m60_43_30_00-AEG004_121_1035|13|324.734589|-3.170850|149.878754|-1.860266|-49.375530|0.218347|1.000000|1.000000|1.000000
m60_43_30_00-AEG004_121_1036|13|339.897064|-3.096084|152.736450|2.555147|-174.199234|-0.533069|1.000000|1.000000|1.000000
m60_43_30_00-AEG004_121_1037|13|358.720093|-2.880675|150.406418|0.138678|16.060471|-0.061146|1.000000|1.000000|1.000000
m60_43_30_00-AEG004_121_1039|13|402.733521|-2.972083|119.157539|2.803841|-114.133476|0.008497|1.000000|1.000000|1.000000
m60_43_30_00-AEG004_121_1040|13|356.375427|-3.076549|43.044487|-1.195674|-159.688446|-0.187432|1.000000|1.000000|1.000000
m60_43_30_00-AEG004_121_1041|13|363.660370|-2.998106|235.990356|1.470239|106.033279|-0.563654|1.000000|1.000000|1.000000
m60_43_30_00-AEG004_765_2000|13|350.725067|2.722589|90.725784|0.000000|9.044508|0.000000|1.000000|1.000000|1.000000
m60_43_30_00-AEG008_035_2000|13|358.000000|0.000000|120.000000|0.000000|0.000000|0.000000|1.000000|1.000000|1.000000
m60_43_30_00-AEG091_009_7000|13|384.000000|0.000000|128.000000|0.000000|0.000000|0.000000|1.000000|1.000000|1.000000
m60_43_30_00-AEG099_060_9000|13|353.105011|0.232000|114.661003|0.000000|2.448000|0.000000|1.000000|1.000000|1.000000
m60_43_31_00-AEG004_109_1062|13|426.285248|97.392975|263.679138|-92.194016|-57.266598|1.572909|1.000000|1.000000|1.000000
m60_43_31_00-AEG004_109_1063|13|418.123718|97.384918|261.956696|-84.590950|33.966911|0.907027|1.000000|1.000000|1.000000
m60_43_31_00-AEG004_109_1065|13|421.084534|83.171349|259.436798|-133.215652|-81.371727|-77.394974|1.000000|1.000000|1.000000
m60_43_31_00-AEG004_109_1066|13|409.861389|81.412064|258.365173|-79.148193|33.362465|-173.319580|1.000000|1.000000|1.000000
m60_43_31_00-AEG004_109_1067|13|411.874634|65.601013|258.815430|-89.608490|24.397707|8.487825|1.000000|1.000000|1.000000
m60_43_31_00-AEG004_109_1068|13|410.890198|51.541134|256.777740|-66.952332|19.595207|1.056146|1.000000|1.000000|1.000000
m60_43_31_00-AEG004_109_1071|13|481.688904|77.274635|353.014252|-82.119286|-132.816467|12.010621|1.000000|1.000000|1.000000
m60_43_31_00-AEG004_109_1079|13|339.869965|41.326595|281.096558|-92.998856|81.582939|3.599543|1.000000|1.000000|1.000000
m60_43_31_00-AEG004_109_1080|13|346.809265|41.326595|276.095306|-87.432693|-9.639369|20.127241|1.000000|1.000000|1.000000
m60_43_31_00-AEG004_109_1081|13|408.307617|38.233307|251.741272|-61.030022|13.416895|-2.372951|1.000000|1.000000|1.000000
m60_43_31_00-AEG004_110_1000|13|486.623047|-6.024385|286.802307|-78.692841|3.378840|0.927020|1.000000|1.000000|1.000000
m60_43_31_00-AEG004_110_1001|13|516.207825|-5.737367|284.812073|26.408911|-115.691833|74.710381|1.000000|1.000000|1.000000
m60_43_31_00-AEG004_110_1002|13|472.232910|-3.889574|287.672424|16.692188|65.594955|-79.084938|1.000000|1.000000|1.000000
m60_43_31_00-AEG004_110_1003|13|450.874634|-3.918500|288.076965|81.785522|-135.259537|-7.813335|1.000000|1.000000|1.000000
m60_43_31_00-AEG004_113_1020|13|467.595032|2.826439|492.182617|0.000000|136.533081|0.000000|1.000000|1.000000|1.000000
m60_43_31_00-AEG004_113_1022|13|501.080872|-1.508919|491.293243|0.000000|-141.377090|0.000000|1.000000|1.000000|1.000000
m60_43_31_00-AEG004_114_1078|13|504.852234|8.073221|289.077698|-17.978256|178.854111|13.020742|1.000000|1.000000|1.000000
m60_43_31_00-AEG004_114_1083|13|488.201416|9.277964|291.299469|7.948729|12.894278|7.501188|1.000000|1.000000|1.000000
m60_43_31_00-AEG004_114_1087|13|442.158447|3.384281|449.601135|0.000000|117.743568|0.000000|1.000000|1.000000|1.000000
m60_43_31_00-AEG004_114_1090|13|448.234894|3.630421|469.930359|-10.956015|-92.735870|8.595684|1.000000|1.000000|1.000000
m60_43_31_00-AEG004_114_1096|13|451.322388|1.598179|436.884216|-9.000001|-129.145950|8.000000|1.000000|1.000000|1.000000
m60_43_31_00-AEG004_114_1101|13|458.411011|0.649986|416.972321|-6.948869|122.522667|3.996289|1.000000|1.000000|1.000000
m60_43_31_00-AEG004_114_1158|13|421.112335|99.251869|269.488800|-6.515736|141.707886|3.974240|1.000000|1.000000|1.000000
m60_43_31_00-AEG004_114_1159|13|417.684692|93.467178|264.189453|-6.515737|126.975662|3.974241|1.000000|1.000000|1.000000
m60_43_31_00-AEG004_114_1160|13|378.164612|41.862129|274.244141|-5.395175|136.828125|5.399947|1.000000|1.000000|1.000000
m60_43_31_00-AEG004_114_1161|13|384.942871|37.134029|266.692719|-6.374940|-50.000305|4.196933|1.000000|1.000000|1.000000
m60_43_31_00-AEG004_114_1170|13|454.173126|54.398003|385.612335|-6.926495|-124.387749|10.820196|1.000000|1.000000|1.000000
m60_43_31_00-AEG004_114_1171|13|441.197998|56.831024|400.260834|0.825442|45.824146|-3.005018|1.000000|1.000000|1.000000
m60_43_31_00-AEG004_114_1211|13|421.615845|27.733604|385.683685|-4.840779|138.197876|4.521940|1.000000|1.000000|1.000000
m60_43_31_00-AEG004_114_1228|13|447.370056|78.891541|375.442841|-0.617823|-131.801239|6.596625|1.000000|1.000000|1.000000
m60_43_31_00-AEG004_114_1232|13|349.762299|48.943184|282.593170|-3.161427|175.915192|1.192551|1.000000|1.000000|1.000000
m60_43_31_00-AEG004_114_1233|13|425.218933|103.504730|270.233734|-6.515736|-49.007900|3.974240|1.000000|1.000000|1.000000
m60_43_31_00-AEG004_114_1234|13|436.433685|84.626999|299.439850|8.043573|-40.689915|11.152360|1.000000|1.000000|1.000000
m60_43_31_00-AEG004_114_1235|13|475.238495|82.770111|344.800171|-0.000000|136.961914|0.000001|1.000000|1.000000|1.000000
m60_43_31_00-AEG004_114_1236|13|463.289978|89.199677|309.109192|10.171819|-39.012928|9.746544|1.000000|1.000000|1.000000
m60_43_31_00-AEG004_114_1240|13|366.243317|59.604889|346.480042|11.764317|141.099533|23.533798|1.000000|1.000000|1.000000
m60_43_31_00-AEG004_114_1241|13|354.776154|48.204933|327.945282|-18.719046|-45.246269|1.383279|1.000000|1.000000|1.000000
m60_43_31_00-AEG004_120_1000|13|440.452515|-2.800125|499.379211|-16.190210|135.575104|3.496736|1.000000|1.000000|1.000000
m60_43_31_00-AEG004_120_1001|13|431.946228|-3.360301|480.154358|-0.316674|-86.237053|7.948272|1.000000|1.000000|1.000000
m60_43_31_00-AEG004_120_1002|13|431.911774|-3.126142|459.616058|-13.096272|25.678312|15.540016|1.000000|1.000000|0.999999
m60_43_31_00-AEG004_120_1003|13|430.159912|-2.998833|435.352509|-5.932055|-136.621323|6.790462|1.000000|1.000000|1.000000
m60_43_31_00-AEG004_120_1004|13|443.119568|-2.417875|423.396545|-5.944972|-51.543179|9.365126|1.000000|1.000000|1.000000
m60_43_31_00-AEG004_120_1005|13|414.924744|-2.879459|401.277832|-9.784186|-136.928024|4.312305|1.000000|1.000000|1.000000
m60_43_31_00-AEG004_121_1013|13|384.700500|-2.977535|503.381592|0.226489|11.264929|-0.811221|1.000000|1.000000|1.000000
m60_43_31_00-AEG004_121_1014|13|376.802551|-3.041545|488.618835|-1.808550|-99.871811|-0.159645|1.000000|1.000000|1.000000
m60_43_31_00-AEG004_121_1015|13|379.957764|-3.262329|467.628387|3.357912|89.855598|0.100486|1.000000|1.000000|1.000000
m60_43_31_00-AEG004_121_1016|13|386.105072|-3.155315|453.149841|0.070406|-8.406617|-1.484265|1.000000|1.000000|1.000000
m60_43_31_00-AEG004_121_1017|13|379.232208|-3.041545|431.509521|-2.385438|-107.794731|-0.410581|1.000000|1.000000|1.000000
m60_43_31_00-AEG004_121_1018|13|387.047607|-3.262329|415.231079|3.523012|67.938454|-0.854648|1.000000|1.000000|0.999999
m60_43_31_00-AEG004_121_1019|13|388.031403|-3.101922|394.895081|2.661206|105.594643|0.314079|1.000000|1.000000|1.000000
m60_43_31_00-AEG004_121_1020|13|382.958710|-2.929803|379.153809|-1.197360|-73.371719|-0.859426|1.000000|1.000000|1.000000
m60_43_31_00-AEG004_145_1000|13|529.193054|2.842144|502.204346|-17.941975|-135.407990|13.406185|1.000000|1.000000|1.000000
m60_43_31_00-AEG004_145_1002|13|490.381561|7.866190|509.932312|-0.000000|58.186600|2.500000|1.000000|1.000000|1.000000
m60_43_31_00-AEG004_145_1003|13|526.374329|1.000594|400.680328|0.843447|121.469955|13.526237|1.000000|1.000000|1.000000
m60_43_31_00-AEG004_145_1004|13|510.937408|1.108070|420.927277|-2.828869|-2.060897|5.675614|1.000000|1.000000|1.000000
m60_43_31_00-AEG004_145_1005|13|513.299866|3.162508|325.338348|-7.341298|139.433197|8.974952|1.000000|1.000000|1.000000
m60_43_31_00-AEG004_145_1006|13|516.173340|0.484825|462.495544|3.373376|143.416519|6.898655|1.000000|1.000000|1.000000
m60_43_31_00-AEG004_145_1007|13|491.437225|5.957376|484.943237|-6.504740|94.809151|-2.490481|1.000000|1.000000|1.000000
m60_43_31_00-AEG004_145_1008|13|515.307129|2.665723|353.134857|-4.087901|52.290760|8.613032|1.000000|1.000000|1.000000
m60_43_31_00-AEG004_145_1009|13|460.273987|1.349466|406.232361|-3.168102|39.612144|19.353367|1.000000|1.000000|1.000000
m60_43_31_00-AEG004_145_1010|13|533.502808|0.725597|478.706421|-21.078115|-37.744484|5.806262|1.000000|1.000000|1.000000
m60_43_31_00-AEG004_160_1076|13|319.872437|11.959112|319.620850|-5.259020|-45.619396|-3.311735|1.000000|1.000000|1.000000
m60_43_31_00-AEG004_160_1077|13|321.692108|22.772211|325.500610|173.528030|-47.949108|-0.804078|1.000000|1.000000|1.000000
m60_43_31_00-AEG004_160_1078|13|340.324432|16.235004|309.372986|3.224149|48.868778|-0.533310|1.000000|1.000000|1.000000
m60_43_31_00-AEG004_160_1080|13|357.447876|8.349109|282.537079|-0.000000|-26.732641|-0.000000|1.000000|1.000000|1.000000
m60_43_31_00-AEG004_160_1082|13|350.504822|8.247653|279.757843|0.000001|-12.439608|0.000000|1.000000|1.000000|1.000000
m60_43_31_00-AEG004_160_1083|13|358.402313|-3.964585|312.696411|3.309993|85.884621|1.097202|1.000000|1.000000|1.000000
m60_43_31_00-AEG004_160_1085|13|332.424133|2.074304|313.377289|3.004815|39.598488|-2.393775|1.000000|1.000000|1.000000
m60_43_31_00-AEG004_160_1086|13|375.506042|5.567814|293.719391|3.267725|58.852791|0.034343|1.000000|1.000000|1.000000
m60_43_31_00-AEG004_160_1087|13|369.644684|15.473270|302.972595|0.250832|-36.153366|176.741699|1.000000|1.000000|1.000000
m60_43_31_00-AEG004_160_1088|13|380.653107|5.620425|283.650330|-0.034412|-31.145256|176.732285|1.000000|1.000000|1.000000
m60_43_31_00-AEG004_161_1020|13|402.582672|45.611961|378.820129|0.800653|41.674282|174.769852|1.000000|1.000000|1.000000
m60_43_31_00-AEG004_161_1021|13|383.720642|68.414116|361.738708|2.609915|42.442543|-1.144286|1.000000|1.000000|1.000000
m60_43_31_00-AEG004_161_1022|13|376.096893|78.228531|354.535065|-1.534153|38.017239|175.003342|1.000000|1.000000|1.000000
m60_43_31_00-AEG004_161_1024|13|316.671021|0.476870|328.524323|-1.281354|46.354218|173.605118|1.000000|1.000000|1.000000
m60_43_31_00-AEG004_161_1025|13|419.408295|32.084583|250.830017|-1.697083|-58.491249|-178.992813|1.000000|1.000000|1.000000
m60_43_31_00-AEG004_161_1026|13|424.203613|4.435823|246.068359|179.950806|42.210533|2.378824|1.000000|1.000000|1.000000
m60_43_31_00-AEG004_161_1028|13|421.617188|64.844299|258.332489|-4.131723|44.704002|1.552192|1.000000|1.000000|1.000000
m60_43_31_00-AEG004_161_1029|13|440.685699|60.530304|274.686096|5.000016|-40.957138|-0.000010|1.000000|1.000000|1.000000
m60_43_31_00-AEG004_161_1033|13|355.698151|-5.813908|294.724976|-178.638809|-42.789135|1.428920|1.000000|1.000000|1.000000
m60_43_31_00-AEG004_161_1034|13|434.892700|62.964336|287.409821|1.897362|26.715946|4.626869|1.000000|1.000000|1.000000
m60_43_31_00-AEG004_161_1038|13|375.126587|26.077560|367.141388|-6.049364|-36.771191|-3.203190|1.000000|1.000000|1.000000
m60_43_31_00-AEG004_161_1039|13|341.794006|12.074130|346.263367|-1.281343|-133.646011|6.394852|1.000000|1.000000|1.000000
m60_43_31_00-AEG004_161_1040|13|338.974792|30.774702|325.577209|-1.281344|-133.645782|6.394907|1.000000|1.000000|1.000000
m60_43_31_00-AEG004_161_1041|13|287.546417|3.939594|319.540161|0.092552|51.049885|168.665283|1.000000|1.000000|1.000000
m60_43_31_00-AEG004_161_1042|13|337.613892|11.635212|333.598999|3.013296|7.428034|174.213821|1.000000|1.000000|1.000000
m60_43_31_00-AEG004_161_1043|13|310.113586|4.537840|324.966980|173.603516|-43.788719|-1.273402|1.000000|1.000000|1.000000
m60_43_31_00-AEG004_161_1044|13|441.544983|43.744621|283.150726|179.982834|49.238342|4.999962|1.000000|1.000000|1.000000
m60_43_31_00-AEG004_161_1045|13|451.840057|55.564228|295.650848|-5.252999|-48.470528|176.498276|1.000000|1.000000|1.000000
m60_43_31_00-AEG004_161_1046|13|444.432190|41.901573|271.648804|180.000000|49.042789|5.000017|1.000000|1.000000|1.000000
m60_43_31_00-AEG004_161_1047|13|446.094849|12.909506|269.733246|180.000000|49.042789|5.000017|1.000000|1.000000|1.000000
m60_43_31_00-AEG004_161_1049|13|446.574463|21.686476|288.386536|-4.997059|-38.975281|-179.826584|1.000000|1.000000|1.000000
m60_43_31_00-AEG004_161_1050|13|433.024628|73.284500|267.349579|-179.293060|46.754269|3.553930|1.000000|1.000000|1.000000
m60_43_31_00-AEG004_161_1051|13|433.926514|46.399452|265.905579|-179.293060|46.754269|3.553930|1.000000|1.000000|1.000000
m60_43_31_00-AEG004_161_1052|13|427.335358|6.689955|256.946686|-2.102880|134.820404|-1.099587|1.000000|1.000000|1.000000
m60_43_31_00-AEG004_161_1053|13|437.617920|13.953415|261.021301|0.706942|-43.245697|179.774323|1.000000|1.000000|1.000000
m60_43_31_00-AEG004_161_1054|13|482.547241|34.972301|360.172302|0.355824|143.439545|-0.910555|1.000000|1.000000|1.000000
m60_43_31_00-AEG004_161_1055|13|475.514221|43.433075|307.431335|0.812463|49.205704|-173.547409|1.000000|1.000000|1.000000
m60_43_31_00-AEG004_161_1056|13|444.219147|2.463264|275.917725|-5.000026|-40.957172|-180.000000|1.000000|1.000000|1.000000
m60_43_31_00-AEG004_161_1057|13|414.258759|48.718575|374.768372|-5.263236|-45.593754|2.792009|1.000000|1.000000|1.000000
m60_43_31_00-AEG004_161_1058|13|433.832642|40.126091|388.976990|0.000253|47.387672|179.995010|1.000000|1.000000|1.000000
m60_43_31_00-AEG004_161_1059|13|392.052399|57.612579|368.561768|-0.519705|42.494232|176.353180|1.000000|1.000000|1.000000
m60_43_31_00-AEG004_161_1060|13|354.127869|74.456581|339.869537|-6.391347|-43.562511|-1.298947|1.000000|1.000000|1.000000
m60_43_31_00-AEG004_161_1061|13|461.760864|48.705288|294.981598|3.003753|44.933022|5.459826|1.000000|1.000000|1.000000
m60_43_31_00-AEG004_161_1062|13|490.786804|44.804218|327.395782|-1.131298|48.185787|5.703008|1.000000|1.000000|1.000000
m60_43_31_00-AEG004_161_1063|13|479.194061|48.321552|317.756531|-6.479173|-43.054386|-179.438492|1.000000|1.000000|1.000000
m60_43_31_00-AEG004_161_1064|13|339.816193|2.256523|306.429382|179.158981|-49.911053|-2.284570|1.000000|1.000000|1.000000
m60_43_31_00-AEG004_161_1065|13|371.537231|-6.335237|368.666138|-6.400600|-43.917755|-2.423606|1.000000|1.000000|1.000000
m60_43_31_00-AEG004_161_1066|13|423.552612|37.232162|259.224365|-4.131723|44.704002|1.552192|1.000000|1.000000|1.000000
m60_43_31_00-AEG004_162_1110|13|322.147156|49.150394|322.347351|-6.396501|-43.788582|-1.273402|1.000000|1.000000|1.000000
m60_43_31_00-AEG004_162_1116|13|399.360046|22.187059|380.604248|-1.476559|39.669952|174.770294|1.000000|1.000000|1.000000
m60_43_31_00-AEG004_162_1117|13|389.461609|6.912208|373.599884|-3.012424|49.230324|176.750992|1.000000|1.000000|1.000000
m60_43_31_00-AEG004_162_1121|13|347.819366|48.161739|343.455811|-2.692190|51.076077|168.118622|1.000000|1.000000|1.000000
m60_43_31_00-AEG004_162_1134|13|400.201508|68.486473|374.756866|-176.748703|53.579357|-1.392985|1.000000|1.000000|1.000000
m60_43_31_00-AEG004_162_1136|13|464.542725|43.187210|381.646576|0.374895|49.082317|178.892593|1.000000|1.000000|1.000000
m60_43_31_00-AEG004_162_1139|13|452.840576|38.138630|399.608734|-177.197327|-32.487877|-1.134231|1.000000|1.000000|1.000000
m60_43_31_00-AEG004_162_1218|13|436.573059|58.051735|386.954285|-0.142596|41.750271|175.030777|1.000000|1.000000|1.000000
m60_43_31_00-AEG004_162_1221|13|409.223419|28.388075|386.128632|-179.873016|26.918589|-5.746029|1.000000|1.000000|1.000000
m60_43_31_00-AEG004_162_1223|13|332.249420|0.469458|344.927673|-1.281353|-133.646042|6.394850|1.000000|1.000000|1.000000
m60_43_31_00-AEG004_162_1224|13|428.070160|9.623400|399.447235|2.689992|-47.779095|177.007568|1.000000|1.000000|1.000000
m60_43_31_00-AEG004_162_1259|13|439.858704|38.060619|412.319855|-179.138824|-63.072998|0.271833|1.000000|1.000000|1.000000
m60_43_31_00-AEG004_162_1260|13|429.378601|44.409676|401.750488|-1.421836|-34.504040|178.115234|1.000000|1.000000|1.000000
m60_43_31_00-AEG004_162_1261|13|427.459991|33.348301|400.300232|-0.256962|48.052250|-178.600388|1.000000|1.000000|1.000000
m60_43_31_00-AEG004_162_1262|13|412.760529|64.659332|375.553253|-6.191831|-39.872421|0.214541|1.000000|1.000000|1.000000
m60_43_31_00-AEG004_162_1263|13|372.687286|41.657635|365.861908|-6.896724|83.246124|179.409515|1.000000|1.000000|1.000000
m60_43_31_00-AEG004_162_1264|13|367.638641|90.631584|344.289886|-2.953529|-41.826443|-5.047399|1.000000|1.000000|1.000000
m60_43_31_00-AEG004_162_1265|13|362.068115|89.071892|340.062012|4.146549|132.776306|4.944840|1.000000|1.000000|1.000000
m60_43_31_00-AEG004_162_1266|13|422.151459|76.027946|370.357758|-0.000010|-130.000031|4.999990|1.000000|1.000000|1.000000
m60_43_31_00-AEG004_162_1267|13|281.808807|-1.743299|323.192657|-7.024897|-89.998619|8.918219|1.000000|1.000000|1.000000
m60_43_31_00-AEG004_162_1269|13|499.247223|64.612411|338.290924|2.660025|-48.729286|2.395994|1.000000|1.000000|1.000000
m60_43_31_00-AEG004_162_1270|13|492.561035|37.164108|346.980133|0.241513|-44.317394|4.413825|1.000000|1.000000|1.000000
m60_43_31_00-AEG004_162_1271|13|481.679871|65.455849|358.527405|0.424132|-31.333992|-178.910629|1.000000|1.000000|1.000000
m60_43_31_00-AEG004_162_1272|13|499.897247|41.428993|338.626007|179.688065|-37.131680|4.409480|1.000000|1.000000|1.000000
m60_43_31_00-AEG004_162_1274|13|474.548767|59.543221|359.957367|-174.328354|-78.475258|4.146053|1.000000|1.000000|1.000000
m60_43_31_00-AEG004_162_1275|13|496.412689|74.842194|333.738708|0.138286|72.892693|0.187081|1.000000|1.000000|1.000000
m60_43_31_00-AEG004_162_1276|13|505.276093|42.763416|339.132416|1.889339|-40.290421|2.432276|1.000000|1.000000|1.000000
m60_43_31_00-AEG004_162_1282|13|475.352631|74.173462|311.715912|-173.496964|-47.472836|0.058484|1.000000|1.000000|1.000000
m60_43_31_00-AEG004_162_1283|13|417.060364|62.048618|255.195953|3.255769|-44.815929|3.005249|1.000000|1.000000|1.000000
m60_43_31_00-AEG004_162_1289|13|419.820343|1.873759|239.711700|-0.049726|47.355209|3.144310|1.000000|1.000000|1.000001
m60_43_31_00-AEG004_162_1295|13|348.885406|3.267485|290.831390|-0.432835|59.236973|0.443161|1.000000|1.000000|1.000000
m60_43_31_00-AEG004_162_1296|13|370.311005|22.400160|274.246185|0.000001|137.877533|-0.000001|1.000000|1.000000|1.000000
m60_43_31_00-AEG004_162_1304|13|375.962372|51.161175|292.126648|-1.086979|86.589859|-179.449585|1.000000|1.000000|1.000000
m60_43_31_00-AEG004_162_1306|13|334.429688|35.607590|305.150299|2.837233|-51.374756|172.000519|1.000000|1.000000|1.000000
m60_43_31_00-AEG004_162_1307|13|353.814606|57.111980|321.953888|-1.062017|137.586182|2.438862|1.000000|1.000000|1.000000
m60_43_31_00-AEG004_162_1308|13|285.051361|-3.694523|298.090363|10.328376|138.197525|8.213619|1.000000|1.000000|1.000000
m60_43_31_00-AEG004_162_1320|13|497.771057|41.338650|333.951569|179.040802|46.262291|2.719252|1.000000|1.000000|1.000000
m60_43_31_00-AEG004_162_1321|13|372.096771|23.517620|280.881622|0.164962|-144.634613|1.263001|1.000000|1.000000|1.000000
m60_43_31_00-AEG004_162_1322|13|376.494110|39.019978|281.436768|0.179378|-46.525509|-179.998871|1.000000|1.000000|1.000000
m60_43_31_00-AEG004_162_1323|13|370.323425|54.465698|299.970367|0.179387|-132.050827|-0.001129|1.000000|1.000000|1.000000
m60_43_31_00-AEG004_162_1333|13|372.635132|45.122559|294.450531|0.342279|-46.577053|178.830627|1.000000|1.000000|1.000000
m60_43_31_00-AEG004_162_1334|13|368.906677|50.190948|304.403076|3.023397|45.916706|-0.780949|1.000000|1.000000|1.000000
m60_43_31_00-AEG004_162_1335|13|364.759155|52.205479|308.979980|0.002295|134.127884|1.473764|1.000000|1.000000|1.000000
m60_43_31_00-AEG004_162_1336|13|361.863342|45.195156|311.950897|-3.815663|128.573959|4.043144|1.000000|1.000000|1.000000
m60_43_31_00-AEG004_162_1337|13|358.301239|55.035389|315.885406|-5.751572|117.593742|5.235177|1.000000|1.000000|1.000000
m60_43_31_00-AEG004_162_1338|13|352.168976|43.740986|313.802338|-3.009542|50.865776|1.926332|1.000000|1.000000|1.000000
m60_43_31_00-AEG004_162_1339|13|344.998962|50.514977|328.639404|178.769241|-48.011608|-3.396662|1.000000|1.000000|1.000000
m60_43_31_00-AEG004_162_1340|13|330.536957|50.227695|312.484772|-0.844614|-49.962124|-5.749879|1.000000|1.000000|1.000000
m60_43_31_00-AEG004_162_1341|13|363.858337|0.378440|365.384491|-1.992103|52.821186|173.789017|1.000000|1.000000|1.000000
m60_43_31_00-AEG004_162_1343|13|267.905945|-2.952898|330.732513|-34.979420|-72.434891|31.372906|1.000000|1.000000|1.000000
m60_43_31_00-AEG004_162_1345|13|348.000610|64.891258|341.318695|-0.633954|-133.645782|7.990548|1.000000|1.000000|1.000000
m60_43_31_00-AEG004_162_1346|13|340.610535|38.642010|341.845825|-1.281400|-133.645782|6.394906|1.000000|1.000000|1.000000
m60_43_31_00-AEG004_162_1347|13|343.644745|49.924297|335.911957|5.857405|151.031509|2.872223|1.000000|1.000000|1.000000
m60_43_31_00-AEG004_162_1348|13|370.814423|85.968697|349.402130|-3.685207|-134.942307|3.441751|1.000000|1.000000|1.000000
m60_43_31_00-AEG004_162_1350|13|346.986816|21.403082|304.689697|1.885182|46.842472|-0.233901|1.000000|1.000000|1.000000
m60_43_31_00-AEG004_162_1351|13|353.371643|-0.875298|308.274017|1.363907|73.519875|0.856096|1.000000|1.000000|1.000000
m60_43_31_00-AEG004_162_1352|13|365.085785|13.305101|308.825470|-0.341952|-59.077812|178.426407|1.000000|1.000000|1.000000
m60_43_31_00-AEG004_162_1353|13|367.379700|2.536792|267.881714|-0.000001|132.907684|-0.000000|1.000000|1.000000|1.000000
m60_43_31_00-AEG004_162_1354|13|336.257080|45.833111|320.423950|10.609086|132.818573|0.013679|1.000000|1.000000|1.000000
m60_43_31_00-AEG004_162_1357|13|324.454559|56.189369|316.167419|6.514195|122.296326|-0.308801|1.000000|1.000000|1.000000
m60_43_31_00-AEG004_162_1359|13|400.046753|10.222974|384.052399|8.598973|140.615524|0.792484|1.000000|1.000000|1.000000
m60_43_31_00-AEG004_162_1366|13|359.309937|5.200415|275.505005|179.588959|82.562019|1.206720|1.000000|1.000000|1.000000
m60_43_31_00-AEG004_162_1367|13|346.675232|31.726665|274.877808|179.588959|78.459915|1.206719|1.000000|1.000000|1.000000
m60_43_31_00-AEG004_162_1368|13|343.242004|-4.418974|273.451294|-1.237449|-13.678722|179.693542|1.000000|1.000000|1.000000
m60_43_31_00-AEG004_162_1369|13|357.125946|31.280455|278.077789|-178.793243|-12.523321|0.410923|1.000000|1.000000|1.000000
m60_43_31_00-AEG004_162_1370|13|368.258301|24.634134|268.338257|-0.000005|-42.879173|-180.000000|1.000000|1.000000|1.000000
m60_43_31_00-AEG004_162_1371|13|371.943909|10.587489|265.251770|-1.328883|126.728806|-1.138041|1.000000|1.000000|1.000000
m60_43_31_00-AEG004_162_1376|13|457.177856|32.723366|395.734070|1.107399|-157.048798|-0.374878|1.000001|1.000000|1.000000
m60_43_31_00-AEG004_162_1377|13|460.401093|53.754402|378.483917|179.917557|-44.313076|1.166231|1.000001|1.000000|1.000000
m60_43_31_00-AEG004_162_1378|13|455.301147|77.193382|299.847961|-5.108439|-50.768486|176.290314|1.000000|1.000000|1.000000
m60_43_31_00-AEG004_162_1380|13|488.365723|72.461548|345.349487|3.376673|52.844391|179.689011|1.000000|1.000000|1.000000
m60_43_31_00-AEG004_162_1381|13|459.866394|-1.721903|248.718735|-12.988438|136.137299|1.718137|1.000000|1.000000|1.000000
m60_43_31_00-AEG004_162_1382|13|457.981262|-11.517788|251.537811|-167.618347|-55.358761|-4.311171|1.000000|1.000000|1.000000
m60_43_31_00-AEG004_162_1384|13|502.813477|7.222949|359.791199|0.000071|-59.564651|0.004991|1.000000|1.000000|1.000000
m60_43_31_00-AEG004_162_1386|13|426.252960|86.660416|259.875916|175.743881|41.779667|-0.478040|1.000000|1.000000|1.000000
m60_43_31_00-AEG004_162_1388|13|484.548737|38.883270|324.029175|-4.939527|137.572357|0.215496|1.000000|1.000000|1.000000
m60_43_31_00-AEG004_162_1389|13|510.540771|10.688372|297.972656|49.996197|27.554207|-109.932465|1.000000|1.000000|1.000000
m60_43_31_00-AEG004_162_1390|13|514.393921|8.964850|302.845673|52.707157|-78.798470|68.795189|1.000000|1.000000|1.000000
m60_43_31_00-AEG004_162_1391|13|485.358337|65.997803|351.698853|-179.894821|-42.546371|4.419241|1.000000|1.000000|1.000000
m60_43_31_00-AEG004_162_1393|13|422.480469|11.372098|398.935303|-1.249706|-128.953186|0.574190|1.000000|1.000000|1.000000
m60_43_31_00-AEG004_162_1394|13|406.038086|5.546451|387.681091|4.043707|-51.490200|179.804718|1.000000|1.000000|1.000000
m60_43_31_00-AEG004_162_1397|13|376.993378|7.647319|368.299347|-2.275414|-31.610996|-4.571417|1.000000|1.000000|1.000000
m60_43_31_00-AEG004_162_1398|13|371.441406|51.212959|361.314209|-176.482956|13.464651|-2.116193|1.000000|1.000000|1.000000
m60_43_31_00-AEG004_162_1399|13|435.020386|58.478378|383.926941|0.861694|-149.890121|4.896174|1.000000|1.000000|1.000000
m60_43_31_00-AEG004_162_1400|13|431.061035|40.125057|396.488525|5.103790|44.285870|-4.748165|1.000000|1.000000|1.000000
m60_43_31_00-AEG004_162_1401|13|491.514771|71.281212|331.341705|0.138278|41.262428|179.812912|1.000000|1.000000|1.000000
m60_43_31_00-AEG004_162_1402|13|487.489716|71.276749|330.133667|-179.861725|-48.737556|0.187084|1.000000|1.000000|1.000000
m60_43_31_00-AEG004_162_1403|13|479.827637|81.695229|332.870270|-175.540390|-48.875832|-0.000474|1.000000|1.000000|1.000000
m60_43_31_00-AEG004_162_1404|13|472.474121|78.366676|316.918854|-175.577545|-41.478115|0.574902|1.000000|1.000000|1.000000
m60_43_31_00-AEG004_162_1405|13|459.982941|73.314919|295.653473|6.948571|-40.242188|-1.992267|1.000000|1.000000|1.000000
m60_43_31_00-AEG004_162_1406|13|346.493683|3.688125|303.898895|1.885182|46.842472|-0.233901|1.000000|1.000000|1.000000
m60_43_31_00-AEG004_162_1407|13|352.511566|24.520424|308.994812|0.000000|64.597755|0.000000|1.000000|1.000000|1.000000
m60_43_31_00-AEG004_162_1408|13|345.070892|30.203506|287.505310|-0.432835|153.055466|0.443162|1.000000|1.000000|1.000000
m60_43_31_00-AEG004_162_1409|13|344.962067|10.972063|290.302063|-0.432853|-76.453362|179.556839|1.000000|1.000000|1.000000
m60_43_31_00-AEG004_162_1410|13|339.100220|30.195332|284.789734|-0.432853|-9.229072|179.556839|1.000000|1.000000|1.000000
m60_43_31_00-AEG004_162_1411|13|318.992645|-14.043301|282.101959|-0.890329|5.569850|-2.370958|1.000000|1.000000|1.000000
m60_43_31_00-AEG004_162_1412|13|289.028992|-5.326999|316.398438|172.975143|-89.998688|4.780523|1.000000|1.000000|1.000000
m60_43_31_00-AEG004_162_1413|13|326.036530|38.466095|312.000000|4.542585|-55.316158|177.783371|1.000000|1.000000|1.000000
m60_43_31_00-AEG004_162_1414|13|336.331512|43.470623|308.201141|0.844611|-49.962162|174.250137|1.000000|1.000000|1.000000
m60_43_31_00-AEG004_162_1415|13|341.730255|43.833733|305.321106|-2.284791|40.122467|179.159653|1.000000|1.000000|1.000000
m60_43_31_00-AEG004_162_1416|13|346.061981|9.980747|274.328949|179.427765|86.321022|1.139156|1.000000|1.000000|1.000000
m60_43_31_00-AEG004_162_1417|13|340.912262|30.832359|274.769073|179.567154|86.330444|0.443158|1.000000|1.000000|1.000000
m60_43_31_00-AEG004_162_1418|13|342.475159|4.066321|287.484344|-0.432853|5.404283|179.556839|1.000000|1.000000|1.000000
m60_43_31_00-AEG004_162_1419|13|331.299347|-11.314390|257.478149|-0.306521|76.314644|-178.762589|1.000000|1.000000|1.000000
m60_43_31_00-AEG004_162_1420|13|324.397614|19.715542|312.251526|4.542585|-55.316158|177.783371|1.000000|1.000000|1.000000
m60_43_31_00-AEG004_162_1423|13|374.211365|-1.531303|281.557922|-0.583827|42.949181|-178.866699|1.000000|1.000000|1.000000
m60_43_31_00-AEG004_162_1424|13|372.106537|-2.504703|280.451782|-0.583827|42.949181|-178.866699|1.000000|1.000000|1.000000
m60_43_31_00-AEG004_162_1425|13|366.165924|-11.599279|284.899384|-21.068224|79.869377|-174.500885|1.000000|1.000000|1.000000
m60_43_31_00-AEG004_162_1426|13|346.089264|46.120800|324.875916|-179.022522|-44.385181|-2.473915|1.000000|1.000000|1.000000
m60_43_31_00-AEG004_162_1427|13|385.787079|82.916565|363.226105|2.346765|50.054569|-3.107717|1.000000|1.000000|1.000000
m60_43_31_00-AEG004_162_1428|13|376.633270|17.298664|281.559265|0.179379|-49.121964|-179.998871|1.000000|1.000000|1.000000
m60_43_31_00-AEG004_162_1429|13|339.492554|29.487043|280.401764|-0.432861|77.614388|0.443161|1.000000|1.000000|1.000000
m60_43_31_00-AEG004_162_1430|13|506.112000|27.212154|339.167938|1.889339|-40.290421|2.432276|1.000000|1.000000|1.000000
m60_43_31_00-AEG004_163_1164|13|425.072388|82.887062|372.721069|-1.060028|53.607105|177.684570|1.000000|1.000000|1.000000
m60_43_31_00-AEG004_163_1165|13|434.395935|72.040771|383.883514|0.861691|-149.890167|4.896172|1.000000|1.000000|1.000000
m60_43_31_00-AEG004_163_1166|13|465.141083|47.206284|386.588318|2.395592|-48.050945|-1.844788|1.000000|1.000000|1.000000
m60_43_31_00-AEG004_163_1167|13|438.743591|52.015484|413.860596|1.422791|-102.034843|-2.311319|1.000000|1.000000|1.000000
m60_43_31_00-AEG004_163_1266|13|373.330719|-0.180539|374.065033|176.607864|-58.178349|1.282755|1.000000|1.000000|1.000000
m60_43_31_00-AEG004_163_1280|13|451.654144|16.585205|402.807495|179.052429|-19.253773|-3.042065|1.000000|1.000000|1.000000
m60_43_31_00-AEG004_163_1281|13|447.521240|27.593822|405.524811|177.896591|-43.272549|-2.393635|1.000000|1.000000|1.000000
m60_43_31_00-AEG004_163_1282|13|443.158081|21.213472|412.379089|2.103336|-43.272728|177.606384|1.000000|1.000000|1.000000
m60_43_31_00-AEG004_163_1283|13|441.091492|52.615757|414.319244|4.110661|1.940646|0.860484|1.000000|1.000000|1.000000
m60_43_31_00-AEG004_163_1284|13|448.045135|15.981899|404.260193|177.896591|-43.272549|-2.393635|1.000000|1.000000|1.000000
m60_43_31_00-AEG004_163_1285|13|441.795898|15.707729|411.979248|2.103390|-43.272728|177.606384|1.000000|1.000000|1.000000
m60_43_31_00-AEG004_163_1286|13|436.310242|26.996883|410.648071|-0.999905|-141.646759|-2.883469|1.000000|1.000000|1.000000
m60_43_31_00-AEG004_163_1287|13|435.128815|6.617352|408.121216|2.474421|-39.237747|-0.167268|1.000000|1.000000|1.000000
m60_43_31_00-AEG004_163_1289|13|411.344971|5.274386|390.907776|0.162046|-121.625343|4.211349|1.000000|1.000000|1.000000
m60_43_31_00-AEG004_163_1290|13|404.061768|1.408625|392.877838|-3.821210|-54.348312|1.778981|1.000000|1.000000|1.000000
m60_43_31_00-AEG004_163_1302|13|478.585999|45.748352|360.782745|1.628754|-47.860901|2.867877|1.000000|1.000000|1.000000
m60_43_31_00-AEG004_163_1304|13|502.124512|64.698975|336.500061|-178.340164|-20.619102|0.152250|1.000000|1.000000|1.000000
m60_43_31_00-AEG004_163_1305|13|505.373352|59.656898|337.622528|-3.233676|51.092545|2.400803|1.000000|1.000000|1.000000
m60_43_31_00-AEG004_163_1307|13|501.213318|73.852531|335.691772|-1.659846|159.380920|-0.152268|1.000000|1.000000|1.000000
m60_43_31_00-AEG004_163_1313|13|416.136658|-2.850294|237.529694|4.114720|-171.044769|-2.557996|1.000000|1.000000|1.000000
m60_43_31_00-AEG004_163_1314|13|405.011932|24.950129|247.705612|-4.675994|-170.739807|-0.971152|1.000000|1.000000|1.000000
m60_43_31_00-AEG004_163_1315|13|416.107666|23.086039|242.502731|0.110576|-168.520279|-0.967655|1.000000|1.000000|1.000000
m60_43_31_00-AEG004_163_1317|13|416.852020|88.167610|252.675644|177.176590|39.972813|2.114462|1.000000|1.000000|1.000000
m60_43_31_00-AEG004_163_1318|13|408.480133|86.610596|255.217529|0.498466|-58.832703|-175.212296|1.000000|1.000000|1.000000
m60_43_31_00-AEG004_163_1322|13|380.313293|2.333354|254.999451|-179.999542|-78.612343|0.001821|1.000000|1.000000|1.000000
m60_43_31_00-AEG004_163_1326|13|369.115448|51.124725|298.794128|2.589593|98.034798|1.651670|1.000000|1.000000|1.000000
m60_43_31_00-AEG004_163_1328|13|370.323425|54.465698|299.970367|-0.120366|76.043556|-1.537565|1.000000|1.000000|1.000000
m60_43_31_00-AEG004_163_1344|13|262.773468|-2.629453|334.662170|145.020538|-72.434868|31.372906|1.000000|1.000000|1.000000
m60_43_31_00-AEG004_163_1345|13|380.313477|2.084749|368.988770|4.394889|68.098839|-2.019217|1.000000|1.000000|1.000000
m60_43_31_00-AEG004_163_1346|13|428.894836|57.532230|406.130951|0.987316|43.609318|-178.950363|1.000000|1.000000|1.000000
m60_43_31_00-AEG004_163_1347|13|444.520142|46.184547|409.785370|-0.728920|-125.652420|-0.191021|1.000000|1.000000|1.000000
m60_43_31_00-AEG004_163_1350|13|414.555878|91.194405|251.397995|-3.006505|45.270077|1.639764|1.000000|1.000000|1.000000
m60_43_31_00-AEG004_163_1356|13|360.297211|42.322670|275.902069|-179.217957|-11.951332|-1.006778|1.000000|1.000000|1.000000
m60_43_31_00-AEG004_163_1357|13|360.578033|19.386833|274.799164|-179.191284|83.797493|0.985479|1.000000|1.000000|1.000000
m60_43_31_00-AEG004_163_1362|13|440.431366|4.071757|412.138062|-2.395263|-133.184845|2.101477|1.000000|1.000000|1.000000
m60_43_31_00-AEG004_163_1363|13|426.762817|4.366828|404.020721|-1.987022|67.138603|175.526779|1.000000|1.000000|1.000000
m60_43_31_00-AEG004_163_1370|13|282.011841|-0.133853|299.571228|-10.328432|-41.802475|-8.213572|1.000000|1.000000|1.000000
m60_43_31_00-AEG004_163_1371|13|392.895264|2.208988|380.157410|176.901062|-38.070927|-3.166677|1.000000|1.000000|1.000000
m60_43_31_00-AEG004_163_1372|13|396.934662|2.402241|388.802185|-2.445173|-140.117569|3.694740|1.000000|1.000000|1.000000
m60_43_31_00-AEG004_163_1373|13|391.514954|-1.621244|393.772919|-69.662331|-105.816360|-17.888981|1.000000|1.000000|1.000000
m60_43_31_00-AEG004_163_1377|13|362.055298|41.307159|277.289276|0.856830|-100.293800|0.943896|1.000000|1.000000|1.000000
m60_43_31_00-AEG004_163_1378|13|361.442596|-0.414747|273.737854|179.014404|88.147942|0.808605|1.000000|1.000000|1.000000
m60_43_31_00-AEG004_163_1380|13|366.561371|0.225701|267.334564|-0.891487|-48.531288|-178.494568|1.000000|1.000000|1.000000
m60_43_31_00-AEG004_163_1383|13|480.084442|86.275787|361.080078|178.068359|33.811756|7.741765|1.000000|1.000000|1.000000
m60_43_31_00-AEG004_163_1384|13|493.904541|71.272232|342.537415|-0.378230|133.903244|-4.404223|1.000000|1.000000|1.000000
m60_43_31_00-AEG004_163_1390|13|466.042725|-2.314463|238.760010|-35.754787|136.137268|1.718139|1.000000|1.000000|1.000000
m60_43_31_00-AEG004_163_1392|13|401.308472|39.615288|249.078964|0.000001|131.618286|0.000001|1.000000|1.000000|1.000000
m60_43_31_00-AEG004_163_1397|13|434.074341|1.106415|413.426636|65.614189|71.037697|101.916183|1.000000|1.000000|1.000000
m60_43_31_00-AEG004_163_1401|13|428.704803|87.380348|375.303345|0.000000|-135.435699|0.000000|1.000000|1.000000|1.000000
m60_43_31_00-AEG004_163_1402|13|435.498596|84.849854|383.664673|-0.000005|44.564304|-180.000000|1.000000|1.000000|1.000000
m60_43_31_00-AEG004_163_1403|13|435.513062|85.784973|380.356201|-0.000010|-66.706734|0.000000|1.000000|1.000000|1.000000
m60_43_31_00-AEG004_163_1404|13|471.423553|93.122833|319.833191|-0.000000|53.458244|0.000000|1.000000|1.000000|1.000000
m60_43_31_00-AEG004_163_1405|13|474.173523|86.870712|323.786346|180.000000|41.638607|0.000000|1.000000|1.000000|1.000000
m60_43_31_00-AEG004_163_1407|13|321.635986|7.579059|280.275635|0.024878|-174.437317|3.257254|1.000000|1.000000|1.000000
m60_43_31_00-AEG004_163_1408|13|330.113464|-3.414095|285.043640|11.180961|2.670619|-164.298767|1.000000|1.000000|1.000000
m60_43_31_00-AEG004_163_1409|13|322.755463|-0.541711|282.645203|179.975189|5.562650|-3.257285|1.000000|1.000000|1.000000
m60_43_31_00-AEG004_163_1410|13|325.873596|0.053377|301.695374|-11.297932|-96.867813|-20.854410|1.000000|1.000000|1.000000
m60_43_31_00-AEG004_163_1411|13|326.747925|-3.632760|300.521271|11.297922|83.132103|20.854418|1.000000|1.000000|1.000000
m60_43_31_00-AEG004_163_1412|13|271.240295|-1.354219|289.478973|-25.396215|-134.080215|11.517467|1.000000|1.000000|1.000000
m60_43_31_00-AEG004_163_1413|13|272.570496|-5.558476|289.239044|-154.603943|45.919483|-11.517526|1.000000|1.000000|1.000000
m60_43_31_00-AEG004_163_1414|13|339.706177|48.294693|274.290771|179.567093|11.915636|0.443133|1.000000|1.000000|1.000000
m60_43_31_00-AEG004_163_1415|13|338.188965|45.134850|277.297943|-0.432909|-89.696518|179.556870|1.000000|1.000000|1.000000
m60_43_31_00-AEG004_163_1416|13|336.887909|50.361420|274.962036|-0.432982|-177.728729|0.443133|1.000000|1.000000|1.000000
m60_43_31_00-AEG004_163_1418|13|368.864716|1.724846|272.751740|-0.891487|-48.531303|-178.494553|1.000000|1.000000|1.000000
m60_43_31_00-AEG004_163_1419|13|370.578186|-0.968836|277.454346|-0.467878|-33.406357|-178.314148|1.000000|1.000000|1.000000
m60_43_31_00-AEG004_163_1420|13|362.885773|-1.175387|279.271118|-0.515308|-35.024609|-178.328049|1.000000|1.000000|1.000000
m60_43_31_00-AEG004_163_1421|13|367.044556|-1.043766|280.414978|-1.369737|-69.424187|-178.911453|1.000000|1.000000|1.000000
m60_43_31_00-AEG004_163_1422|13|333.410339|-0.615372|260.007507|-0.306541|76.314590|-178.762589|1.000000|1.000000|1.000000
m60_43_31_00-AEG004_163_1423|13|335.439453|-5.075526|259.946960|-0.926359|136.839722|0.875895|1.000000|1.000000|1.000000
m60_43_31_00-AEG004_163_1424|13|364.723267|35.007408|271.962280|-0.521426|54.980972|-179.348373|1.000000|1.000000|1.000000
m60_43_31_00-AEG004_163_1425|13|371.121124|9.916847|278.118439|1.685907|-123.392639|-0.467683|1.000000|1.000000|1.000000
m60_43_31_00-AEG004_163_1429|13|383.713470|29.960768|251.995880|-0.001532|33.679867|0.000895|1.000000|1.000000|1.000000
m60_43_31_00-AEG004_163_1435|13|413.935120|86.772598|252.323929|-2.174091|-68.223930|-175.556442|1.000000|1.000000|1.000000
m60_43_31_00-AEG004_163_1436|13|409.993439|86.519760|254.126099|-178.277084|-62.528976|4.636843|1.000000|1.000000|1.000000
m60_43_31_00-AEG004_163_1438|13|339.718750|54.344383|323.881714|-1.288393|-133.592361|8.757576|1.000000|1.000000|1.000000
m60_43_31_00-AEG004_163_1447|13|400.912445|23.755333|248.512589|0.000001|126.618263|0.000001|1.000000|1.000000|1.000000
m60_43_31_00-AEG004_163_1449|13|383.758484|51.015541|290.649475|-0.177113|128.355331|49.531845|1.000000|1.000000|1.000000
m60_43_31_00-AEG004_163_1451|13|380.822449|51.015541|290.307434|-0.178824|34.133511|0.000874|1.000000|1.000000|1.000000
m60_43_31_00-AEG004_163_1455|13|371.708954|-0.180539|374.954407|-177.482895|51.046535|-3.625147|1.000000|1.000000|1.000000
m60_43_31_00-AEG004_164_1055|13|446.619141|25.921612|407.733704|178.203674|-36.269947|-2.632118|1.000001|1.000000|1.000000
m60_43_31_00-AEG004_164_1056|13|444.287781|24.614521|410.114960|2.103336|-43.272728|177.606384|1.000000|1.000000|1.000000
m60_43_31_00-AEG004_164_1057|13|440.660248|2.398250|413.975769|2.086321|1.333468|-4.089722|1.000000|1.000000|1.000000
m60_43_31_00-AEG004_164_1058|13|410.296204|0.144906|400.483429|0.162065|-121.625450|-2.474751|1.000000|1.000000|1.000000
m60_43_31_00-AEG004_164_1059|13|417.120239|1.843049|396.085663|1.426506|38.202427|176.584442|1.000000|1.000000|1.000000
m60_43_31_00-AEG004_164_1060|13|420.650177|1.690923|408.498352|-64.835991|-70.055870|70.908119|1.000000|1.000000|1.000000
m60_43_31_00-AEG004_164_1063|13|499.943787|7.744716|308.909515|-179.508850|-78.070877|0.546270|1.000000|1.000000|1.000000
m60_43_31_00-AEG004_164_1064|13|499.534424|8.524357|309.099304|0.491189|-15.540598|0.546270|1.000000|1.000000|1.000000
m60_43_31_00-AEG004_164_1065|13|502.960876|8.996030|308.513184|-129.579971|82.278175|-71.690063|1.000000|1.000000|1.000000
m60_43_31_00-AEG004_164_1066|13|367.025360|-0.828033|273.018738|-179.108551|-48.531357|1.505447|1.000000|1.000000|1.000000
m60_43_31_00-AEG004_164_1067|13|368.727325|-0.083809|279.473206|1.588226|-132.681686|-0.733708|1.000000|1.000000|1.000000
m60_43_31_00-AEG004_164_1068|13|364.265503|0.395606|279.693359|1.736942|78.955750|179.791306|1.000000|1.000000|1.000000
m60_43_31_00-AEG004_164_1069|13|364.947479|-0.477790|267.593750|0.891492|-48.531357|1.505447|1.000000|1.000000|1.000000
m60_43_31_00-AEG004_164_1071|13|383.347382|41.969219|262.671356|-35.000000|-48.531502|180.000000|1.000000|1.000000|1.000000
m60_43_31_00-AEG004_164_1073|13|341.403595|50.355400|273.130310|0.178204|5.167301|-179.997375|1.000000|1.000000|1.000000
m60_43_31_00-AEG004_164_1074|13|362.305328|46.914543|274.627686|0.178185|-5.167311|0.002614|1.000000|1.000000|1.000000
m60_43_31_00-AEG004_170_1002|13|493.131165|68.873009|332.438293|87.286133|137.026169|-0.032715|1.000000|1.000000|1.000000
m60_43_31_00-AEG004_170_1003|13|493.674133|52.283356|331.869415|87.286133|137.026169|-0.032715|1.000000|1.000000|1.000000
m60_43_31_00-AEG004_170_1015|13|435.837463|44.066212|406.655060|92.713890|-42.973835|0.032701|1.000000|1.000000|1.000000
m60_43_31_00-AEG004_170_1016|13|435.847168|27.211428|405.572174|92.713890|-42.973835|0.032701|1.000000|1.000000|1.000000
m60_43_31_00-AEG004_170_1017|13|436.396606|10.424735|404.996490|92.713890|-42.973835|0.032701|1.000000|1.000000|1.000000
m60_43_31_00-AEG004_170_1023|13|373.574646|30.946205|264.438293|-88.693947|46.019993|-178.835770|1.000000|1.000000|1.000000
m60_43_31_00-AEG004_170_1024|13|374.093231|13.954113|264.458893|-88.693947|46.019981|-178.835785|1.000000|1.000000|1.000000
m60_43_31_00-AEG004_170_1025|13|374.611847|-2.362264|264.479462|-88.693947|46.019981|-178.835785|1.000000|1.000000|1.000000
m60_43_31_00-AEG004_170_1034|13|377.928680|4.392635|284.600983|90.336113|-51.480141|0.013252|1.000000|1.000000|1.000000
m60_43_31_00-AEG004_170_1035|13|388.142700|33.286575|258.295227|88.832932|136.402740|-4.032739|1.000000|1.000000|1.000000
m60_43_31_00-AEG004_170_1036|13|350.436310|40.361324|276.108429|-88.654137|-5.081902|-178.882019|1.000000|1.000000|1.000000
m60_43_31_00-AEG004_170_1037|13|350.731232|23.369247|276.535522|-88.654137|-5.081902|-178.882019|1.000000|1.000000|1.000000
m60_43_31_00-AEG004_170_1038|13|351.026184|6.377170|276.962585|-88.654137|-5.081902|-178.882019|1.000000|1.000000|1.000000
m60_43_31_00-AEG004_170_1039|13|351.321106|-10.614907|277.389679|-88.654137|-5.081902|-178.882019|1.000000|1.000000|1.000000
m60_43_31_00-AEG004_170_1042|13|374.703918|0.637255|277.782196|91.306053|-46.056580|-1.164212|1.000000|1.000000|1.000000
m60_43_31_00-AEG004_170_1045|13|380.538910|-3.086477|259.457397|-88.693954|46.327072|-178.835785|1.000000|1.000000|1.000000
m60_43_31_00-AEG004_170_1046|13|470.665039|84.103889|307.104370|85.000008|139.042953|-0.000003|1.000000|1.000000|1.000000
m60_43_31_00-AEG004_170_1047|13|464.397125|84.103889|301.664032|85.000008|139.042953|-0.000003|1.000000|1.000000|1.000000
m60_43_31_00-AEG004_170_1048|13|471.636261|67.168571|305.985443|85.000008|139.042953|-0.000003|1.000000|1.000000|1.000000
m60_43_31_00-AEG004_170_1049|13|465.368347|67.168571|300.545074|85.000008|139.042953|-0.000003|1.000000|1.000000|1.000000
m60_43_31_00-AEG004_170_1050|13|472.607483|50.233257|304.866516|85.000008|139.042953|-0.000003|1.000000|1.000000|1.000000
m60_43_31_00-AEG004_170_1051|13|466.339569|50.233257|299.426147|85.000008|139.042953|-0.000003|1.000000|1.000000|1.000000
m60_43_31_00-AEG004_170_1052|13|473.578674|33.297939|303.747559|85.000008|139.042953|-0.000003|1.000000|1.000000|1.000000
m60_43_31_00-AEG004_170_1053|13|467.310791|33.297939|298.307190|85.000008|139.042953|-0.000003|1.000000|1.000000|1.000000
m60_43_31_00-AEG004_170_1054|13|476.244476|81.053970|327.464050|85.000008|139.042953|-0.000003|1.000000|1.000000|1.000000
m60_43_31_00-AEG004_170_1055|13|477.215698|64.118652|326.345123|85.000008|139.042953|-0.000003|1.000000|1.000000|1.000000
m60_43_31_00-AEG004_170_1056|13|478.186920|47.183331|325.226166|85.000008|139.042953|-0.000003|1.000000|1.000000|1.000000
m60_43_31_00-AEG004_170_1057|13|479.158142|30.248014|324.107239|85.000008|139.042953|-0.000003|1.000000|1.000000|1.000000
m60_43_31_00-AEG004_170_1058|13|436.982788|72.545059|292.191711|85.000008|139.042953|-0.000003|1.000000|1.000000|1.000000
m60_43_31_00-AEG004_170_1059|13|437.954010|55.609737|291.072784|85.000008|139.042953|-0.000003|1.000000|1.000000|1.000000
m60_43_31_00-AEG004_170_1060|13|438.925201|38.674419|289.953827|85.000008|139.042953|-0.000003|1.000000|1.000000|1.000000
m60_43_31_00-AEG004_170_1062|13|445.448059|72.545059|299.539337|85.000008|139.042953|-0.000003|1.000000|1.000000|1.000000
m60_43_31_00-AEG004_170_1063|13|446.419281|55.609737|298.420410|85.000008|139.042953|-0.000003|1.000000|1.000000|1.000000
m60_43_31_00-AEG004_170_1064|13|447.390472|38.674419|297.301453|85.000008|139.042953|-0.000003|1.000000|1.000000|1.000000
m60_43_31_00-AEG004_170_1065|13|448.361694|21.739105|296.182495|85.000008|139.042953|-0.000003|1.000000|1.000000|1.000000
m60_43_31_00-AEG004_170_1070|13|470.432587|82.703033|316.445221|85.000000|49.042953|0.000002|1.000000|1.000000|1.000000
m60_43_31_00-AEG004_170_1071|13|471.551514|65.767715|317.416412|85.000000|49.042953|0.000002|1.000000|1.000000|1.000000
m60_43_31_00-AEG004_170_1072|13|472.670471|48.832394|318.387634|85.000000|49.042953|0.000002|1.000000|1.000000|1.000000
m60_43_31_00-AEG004_170_1073|13|473.789398|31.897076|319.358856|85.000000|49.042953|0.000002|1.000000|1.000000|1.000000
m60_43_31_00-AEG004_170_1074|13|380.200317|14.132838|258.130402|-88.693947|46.019981|-178.835785|1.000000|1.000000|1.000000
m60_43_31_00-AEG004_170_1075|13|380.718933|-2.859241|258.151001|-88.693947|46.019981|-178.835785|1.000000|1.000000|1.000000
m60_43_31_00-AEG004_170_1076|13|379.681732|31.124931|258.109802|-88.693947|46.019993|-178.835770|1.000000|1.000000|1.000000
m60_43_31_00-AEG004_171_1004|13|488.851135|22.689186|348.294281|84.551025|44.988464|0.143000|1.000000|1.000000|1.000000
m60_43_31_00-AEG004_171_1005|13|414.982971|11.248727|386.075806|85.000008|-45.000004|-0.000003|1.000000|1.000000|1.000000
m60_43_31_00-AEG004_171_1009|13|419.063446|10.188850|370.490234|85.000008|45.000000|-0.000002|1.000000|1.000000|1.000000
m60_43_31_00-AEG004_171_1022|13|364.595093|34.894623|316.238129|-89.663879|45.125278|179.986755|1.000000|1.000000|1.000000
m60_43_31_00-AEG004_171_1025|13|364.728638|1.458797|316.381989|-89.663879|45.125278|179.986755|1.000000|1.000000|1.000000
m60_43_31_00-AEG004_171_1072|13|450.513550|38.844692|394.560333|90.000008|46.479816|0.000005|1.000000|1.000000|1.000000
m60_43_31_00-AEG004_171_1079|13|486.609924|56.338936|346.170929|85.323982|44.988464|0.142985|1.000000|1.000000|1.000000
m60_43_31_00-AEG004_171_1094|13|392.830780|48.498917|366.881104|84.999985|-39.999996|0.000003|1.000000|1.000000|1.000000
m60_43_31_00-AEG004_171_1095|13|390.925995|14.628302|369.151123|84.999985|-39.999996|0.000003|1.000000|1.000000|1.000000
m60_43_31_00-AEG004_171_1096|13|450.624634|6.511440|396.263458|90.000000|44.999985|0.000000|1.000000|1.000000|1.000000
m60_43_31_00-AEG004_171_1097|13|360.690674|43.122204|348.987457|81.266731|-40.297455|0.421056|1.000000|1.000000|1.000000
m60_43_31_00-AEG004_171_1098|13|357.540222|9.517311|353.084503|81.266731|-40.297455|0.421056|1.000000|1.000000|1.000000
m60_43_31_00-AEG004_171_1099|13|342.554871|39.820621|323.592102|81.413727|-48.392925|1.655901|1.000000|1.000000|1.000000
m60_43_31_00-AEG004_171_1100|13|339.404449|6.215739|327.689148|81.413727|-48.392925|1.655901|1.000000|1.000000|1.000000
m60_43_31_00-AEG004_171_1102|13|429.497070|73.078812|371.807007|-84.999992|140.000015|-0.000002|1.000000|1.000000|1.000000
m60_43_31_00-AEG004_171_1103|13|427.592285|39.208176|374.077026|-84.999992|140.000015|-0.000002|1.000000|1.000000|1.000000
m60_43_31_00-AEG004_171_1105|13|366.994629|82.271629|341.826935|84.365456|-41.852669|-2.341701|1.000000|1.000000|1.000000
m60_43_31_00-AEG005_031_2000|13|382.872620|106.930458|305.466766|0.000027|-132.500137|0.000000|1.000000|1.000000|1.000000
m60_43_31_00-AEG005_031_2001|13|514.537415|25.396696|375.582092|0.000027|-132.500244|-0.000000|1.000000|1.000000|1.000000
m60_43_31_00-AEG005_031_2002|13|491.351685|24.654297|391.551880|0.000027|-42.500191|0.000000|1.000000|1.000000|1.000000
m60_43_31_00-AEG005_031_2003|13|484.621399|117.194946|345.034424|0.000027|137.499802|-0.000000|1.000000|1.000000|1.000000
m60_43_31_00-AEG005_044_2000|13|434.074738|118.202721|326.690033|0.000000|50.000000|0.000000|1.000000|1.000000|1.000000
m60_43_31_00-AEG008_032_2000|13|480.000000|0.000000|372.000000|0.000000|-42.499996|0.000000|1.000000|1.000000|1.000000
m60_43_31_00-AEG008_033_2000|13|426.000000|96.000000|334.000000|0.000000|-42.499996|0.000000|1.000000|1.000000|1.000000
m60_43_31_00-AEG008_034_2000|13|350.000000|32.000000|260.000000|0.000000|-42.499996|0.000000|1.000000|1.000000|1.000000
m60_43_31_00-AEG091_010_7000|13|384.000000|0.000000|384.000000|0.000000|0.000000|0.000000|1.000000|1.000000|1.000000
m60_43_31_00-AEG099_060_9000|13|488.399994|14.260000|381.130005|0.000000|44.330002|0.000000|1.000000|1.000000|1.000000
m60_43_31_00-AEG099_060_9001|13|422.309998|108.550003|268.330017|0.000000|29.129999|0.000000|1.000000|1.000000|1.000000
m60_43_31_00-AEG099_060_9002|13|400.891998|11.750000|240.479996|0.000000|2.448000|0.000000|1.000000|1.000000|1.000000
