m64385200_0000|0|-128.000000|0.000000|-128.000000|0.000000|0.000000|0.000000|1.000000|1.000000|1.000000
m64385201_0000|0|-128.000000|0.000000|-128.000000|0.000000|0.000000|0.000000|1.000000|1.000000|1.000000
m64385202_0000|0|-128.000000|0.000000|-128.000000|0.000000|0.000000|0.000000|1.000000|1.000000|1.000000
m65385300_0000|0|-128.000000|0.000000|128.000000|0.000000|0.000000|0.000000|1.000000|1.000000|1.000000
m65385301_0000|0|-128.000000|0.000000|128.000000|0.000000|0.000000|0.000000|1.000000|1.000000|1.000000
m65385302_0000|0|-128.000000|0.000000|128.000000|0.000000|0.000000|0.000000|1.000000|1.000000|1.000000
m74395200_0000|0|128.000000|0.000000|-128.000000|0.000000|0.000000|0.000000|1.000000|1.000000|1.000000
m74395201_0000|0|128.000000|0.000000|-128.000000|0.000000|0.000000|0.000000|1.000000|1.000000|1.000000
m74395202_0000|0|128.000000|0.000000|-128.000000|0.000000|0.000000|0.000000|1.000000|1.000000|1.000000
m75395300_0000|0|128.000000|0.000000|128.000000|0.000000|0.000000|0.000000|1.000000|1.000000|1.000000
m75395301_0000|0|128.000000|0.000000|128.000000|0.000000|0.000000|0.000000|1.000000|1.000000|1.000000
m75395302_0000|0|128.000000|0.000000|128.000000|0.000000|0.000000|0.000000|1.000000|1.000000|1.000000
m60_38_52_00-AEG004_252_1036|13|-96.699219|791.211548|-176.740982|6.575668|-55.264980|5.785853|1.000000|1.000000|1.000000
m60_38_52_00-AEG004_252_1041|13|-132.217255|773.009033|-237.585846|-14.874714|-5.745137|4.358616|1.000000|1.000000|1.000000
m60_38_52_00-AEG004_252_1056|13|-188.043625|806.948975|-97.382584|-0.751097|42.078491|1.975236|1.000000|1.000000|1.000000
m60_38_52_00-AEG004_252_1061|13|-93.146065|791.412048|-168.061584|2.545257|-129.440186|-5.076640|1.000000|1.000000|1.000000
m60_38_52_00-AEG004_252_1088|13|-134.680023|770.305237|-241.198547|5.342874|137.434753|-8.043815|1.000000|1.000000|1.000000
m60_38_52_00-AEG004_252_1124|13|-126.404823|768.760803|-245.571548|-14.378978|32.289684|-1.730960|1.000000|1.000000|1.000000
m60_38_52_00-AEG004_252_1130|13|-212.461090|812.694702|-88.575836|-0.000000|152.766159|-0.000000|1.000000|1.000000|1.000000
m60_38_52_00-AEG004_252_1132|13|-220.242355|814.257080|-81.572311|-0.000015|-144.711044|-0.000007|1.000000|1.000000|1.000000
m60_38_52_00-AEG004_252_1135|13|-205.375488|812.530701|-85.164078|-1.927789|87.080086|0.865686|1.000000|1.000000|1.000000
m60_38_52_00-AEG004_252_1136|13|-93.058533|789.382874|-181.728271|-5.729555|127.969398|-9.773354|1.000000|1.000000|1.000000
m60_38_52_00-AEG004_252_1137|13|-82.501587|796.862061|-158.341385|0.000000|-62.796936|-0.012312|1.000000|1.000000|1.000000
m60_38_52_00-AEG004_252_1138|13|-27.838524|729.184753|-101.201317|-3.225488|-2.436510|-18.370588|1.000000|1.000000|1.000000
m60_38_53_00-AEG003_071_1013|13|-35.406273|732.446045|20.016335|0.005655|-76.116470|0.003442|1.000000|1.000000|1.000000
m60_38_53_00-AEG004_252_1092|13|-20.340584|736.339905|32.953598|-11.618442|21.808275|-2.873467|1.000000|1.000000|1.000000
m60_38_53_00-AEG004_252_1094|13|-6.108978|726.680908|8.589172|-10.559808|17.951294|-2.430263|1.000000|1.000000|1.000000
m60_38_53_00-AEG004_252_1108|13|-26.304459|734.284607|30.562279|11.933434|160.721878|-16.557562|1.000000|1.000000|1.000000
m60_38_53_00-AEG004_287_1286|13|-64.957550|832.485962|248.278809|12.331974|-127.507286|-38.974205|1.000000|1.000000|1.000000
m60_38_53_00-AEG004_289_1136|13|-186.862793|869.653076|265.833008|144.697266|73.791908|11.878277|1.000000|1.000000|1.000000
m60_38_53_00-AEG004_289_1179|13|-137.114792|857.674561|251.183334|86.350769|-59.461994|-143.148529|1.000000|1.000000|1.000000
m60_38_53_00-AEG004_289_1230|13|-18.012970|809.359314|229.080719|-65.313148|85.362167|-20.168242|1.000000|1.000000|1.000000
m60_38_53_00-AEG004_289_1231|13|-22.653526|819.032715|200.738342|-19.542492|42.816299|28.932138|1.000000|1.000000|1.000000
m60_38_53_00-AEG004_289_1233|13|-168.304855|866.552979|267.886230|-36.962219|-87.603493|-178.195129|1.000000|1.000000|1.000000
m60_38_53_00-AEG004_289_1235|13|-86.176682|869.453064|218.657776|-33.637711|-66.992058|-163.588501|1.000000|1.000000|1.000000
m60_38_53_00-AEG004_289_1236|13|-19.966881|812.470703|228.303665|85.447319|-92.341614|24.695793|1.000000|1.000000|1.000000
m60_38_53_00-AEG004_289_1237|13|-34.044830|819.461304|212.771179|-169.116196|-13.486220|12.591946|1.000000|1.000000|1.000000
m60_38_53_00-AEG007_553_1073|13|-178.178894|807.553345|112.837761|0.020709|153.967468|0.015573|1.000000|1.000000|1.000000
m60_38_53_00-AEG007_554_1049|13|-169.712830|808.905090|90.967484|0.001885|-125.753426|-0.039619|1.000000|1.000000|1.000000
m60_38_53_00-AEG007_650_1001|13|-32.925995|812.422607|246.232178|12.294971|-118.921585|10.517837|1.000000|1.000000|1.000000
m60_38_53_00-AEG007_652_1000|13|-42.092079|811.555176|249.320312|0.796017|-124.751968|-22.961212|1.000000|1.000000|1.000000
m60_38_53_00-AEG007_652_1010|13|-0.168335|810.579590|209.271301|22.175817|-67.358086|24.676901|1.000000|1.000000|1.000000
m60_38_53_00-AEG007_653_1001|13|-46.916977|814.014343|254.732147|0.000000|-30.452061|-5.000000|1.000000|1.000000|1.000000
m60_38_53_00-AEG007_653_1003|13|-9.242996|813.530029|207.489044|-1.789248|-62.881500|-5.204589|1.000000|1.000000|1.000000
m60_38_53_00-AEG007_654_1001|13|-23.875549|811.362122|250.857727|6.606569|80.775139|3.930228|1.000000|1.000000|1.000000
m60_38_53_00-AEG007_654_1002|13|-50.419609|814.971802|251.579102|-2.793805|-47.895344|-6.971833|1.000000|1.000000|1.000000
m60_38_53_00-AEG007_654_1003|13|-6.811653|813.088440|211.817459|-0.086743|-56.097576|-5.099396|1.000000|1.000000|1.000000
m60_38_53_00-AEG007_655_1001|13|-23.873474|811.770447|246.255524|4.714716|105.872002|6.286506|1.000000|1.000000|1.000000
m60_38_53_00-AEG007_655_1002|13|-24.524269|811.107544|254.550735|7.620988|56.014736|1.077311|1.000000|1.000000|1.000000
m60_38_53_00-AEG007_655_1020|13|-3.888977|812.681824|215.626434|2.086623|-40.376881|-4.275903|1.000000|1.000000|1.000000
m60_38_53_00-AEG007_655_1021|13|-51.988983|816.150635|248.156921|-12.820895|-108.911407|-1.958474|1.000000|1.000000|1.000000
m60_38_53_00-AEG700_037_1000|13|-33.236374|812.833313|249.519531|0.000000|0.000000|0.000000|1.000000|1.000000|1.000000
m60_39_52_00-AEG003_050_1012|13|216.921509|773.989624|-244.765106|0.944916|-133.071884|-0.620127|1.000000|1.000000|1.000000
m60_39_52_00-AEG004_240_1039|13|218.900238|772.263977|-239.493164|89.869507|-69.623466|85.462402|1.000000|1.000000|1.000000
m60_39_52_00-AEG004_252_1081|13|167.771332|773.053467|-219.244141|-9.671669|104.403542|1.644793|1.000000|1.000000|1.000000
m60_39_52_00-AEG004_252_1082|13|218.744583|781.357788|-234.706726|4.630213|-91.528740|10.085236|1.000000|1.000000|1.000000
m60_39_52_00-AEG004_252_1083|13|181.137161|772.343872|-233.957169|-8.505110|151.461029|-7.037004|1.000000|1.000000|1.000000
m60_39_52_00-AEG004_252_1084|13|151.638321|779.293396|-165.742294|13.310781|-121.846764|3.947084|1.000000|1.000000|1.000000
m60_39_52_00-AEG004_252_1087|13|102.439507|772.581360|-154.909027|-5.806673|35.863598|10.196435|1.000000|1.000000|1.000000
m60_39_52_00-AEG004_252_1089|13|115.919914|773.056152|-168.251984|0.570842|-39.902988|8.712116|1.000000|1.000000|1.000000
m60_39_52_00-AEG004_252_1092|13|52.748520|739.008118|-215.525085|8.190879|-150.675629|-0.000000|1.000000|1.000000|1.000000
m60_39_52_00-AEG004_252_1093|13|121.066628|758.535767|-235.941818|5.003710|-145.655548|-2.916160|1.000001|1.000000|1.000000
m60_39_52_00-AEG004_252_1094|13|126.608215|758.782654|-246.277588|-15.972618|78.422844|1.247711|1.000000|1.000000|1.000000
m60_39_52_00-AEG004_252_1099|13|50.209793|722.604980|-20.473114|-14.690470|73.799614|-5.596144|1.000000|1.000000|1.000000
m60_39_52_00-AEG004_252_1103|13|27.351768|724.627563|-0.798737|-7.200808|102.697182|-10.421616|1.000000|1.000000|1.000000
m60_39_52_00-AEG004_252_1104|13|179.173523|774.135559|-117.913727|5.618131|49.851353|12.570964|1.000000|1.000000|1.000000
m60_39_53_00-AEG004_240_1009|13|71.289330|759.889099|113.650520|53.775265|58.495502|78.145920|1.000000|1.000000|1.000000
m60_39_53_00-AEG004_240_1010|13|138.680984|791.519653|88.702744|89.992378|-80.404587|83.305870|1.000000|1.000000|1.000000
m60_39_53_00-AEG004_240_1011|13|155.232300|792.158691|85.404755|9.047827|4.507642|-1.713528|1.000000|1.000000|1.000000
m60_39_53_00-AEG004_252_1008|13|62.138550|753.906006|90.373047|-6.735929|-87.966644|15.394620|1.000000|1.000000|1.000000
m60_39_53_00-AEG004_252_1011|13|61.754921|755.096680|137.543945|-0.495738|-53.936634|-7.434071|1.000000|1.000000|1.000000
m60_39_53_00-AEG004_252_1032|13|76.091156|757.671753|124.136154|-2.088441|-154.578476|-1.953974|1.000000|1.000000|1.000000
m60_39_53_00-AEG004_252_1038|13|71.947479|721.977051|246.343719|-15.516599|-160.189072|1.671648|1.000000|1.000000|1.000000
m60_39_53_00-AEG004_252_1046|13|37.611206|808.497192|215.211578|0.000000|53.999882|0.000000|1.000000|1.000000|1.000000
m60_39_53_00-AEG004_252_1053|13|49.825676|743.682495|40.046051|13.901485|-175.392410|-6.090836|1.000000|1.000000|1.000000
m60_39_53_00-AEG004_252_1057|13|88.846573|770.488770|122.000114|-15.326615|-167.903992|4.718485|1.000000|1.000000|1.000000
m60_39_53_00-AEG004_252_1067|13|72.838135|721.590576|233.107697|16.896688|-33.426147|-14.494729|1.000000|1.000000|1.000000
m60_39_53_00-AEG004_252_1074|13|81.852684|720.367493|245.086670|17.125822|4.890780|2.864445|1.000000|1.000000|1.000000
m60_39_53_00-AEG004_252_1104|13|217.904007|752.910217|46.521408|-0.008194|33.228790|-0.005759|1.000000|1.000000|1.000000
m60_39_53_00-AEG004_252_1105|13|227.185043|752.767334|50.867867|-0.011037|77.857368|-0.010531|1.000000|1.000000|1.000000
m60_39_53_00-AEG004_252_1106|13|22.815796|731.384766|20.884087|5.163631|-144.651260|0.550759|1.000000|1.000000|1.000000
m60_39_53_00-AEG004_252_1110|13|35.536621|736.919922|28.753899|16.707407|-111.818848|15.586196|1.000000|1.000000|1.000000
m60_39_53_00-AEG004_252_1116|13|180.107071|753.280151|45.672081|0.000000|-32.862137|0.000000|1.000000|1.000000|1.000000
m60_39_53_00-AEG004_252_1117|13|131.226868|803.431946|112.536118|-0.867894|145.215164|-8.760542|1.000000|1.000000|1.000000
m60_39_53_00-AEG004_289_1164|13|22.903229|740.544006|11.852936|7.429618|-14.247776|37.066254|1.000000|1.000000|1.000000
m60_39_53_00-AEG004_289_1165|13|18.510262|728.948242|4.707863|91.230911|-47.109474|-4.977129|1.000000|1.000000|1.000000
m60_39_53_00-AEG004_289_1166|13|78.711426|753.064941|37.240105|-35.205616|-78.691856|-179.707108|1.000000|1.000000|1.000000
m60_39_53_00-AEG004_289_1192|13|31.755287|740.396179|30.483665|62.920654|81.984406|5.998571|1.000000|1.000000|1.000000
m60_39_53_00-AEG004_289_1197|13|52.069366|732.182922|7.272049|143.420670|81.984413|5.998569|1.000000|1.000000|1.000000
m60_39_53_00-AEG004_289_1198|13|46.010735|740.223022|7.272057|143.420670|81.984413|5.998569|1.000000|1.000000|1.000000
m60_39_53_00-AEG004_289_1199|13|55.766006|732.832214|6.446579|143.420670|81.984413|5.998569|1.000000|1.000000|1.000000
m60_39_53_00-AEG004_289_1200|13|14.636772|740.223022|47.930260|143.420670|81.984413|5.998569|1.000000|1.000000|1.000000
m60_39_53_00-AEG004_289_1201|13|3.701889|748.914490|39.546486|-34.379295|65.389496|16.522154|1.000000|1.000000|1.000000
m60_39_53_00-AEG004_289_1202|13|24.415138|740.679504|47.722008|-32.886055|60.573730|19.570333|1.000000|1.000000|1.000000
m60_39_53_00-AEG004_289_1203|13|17.965057|749.030701|47.492279|-32.886055|60.573730|19.570333|1.000000|1.000000|1.000000
m60_39_53_00-AEG004_289_1204|13|18.311241|740.020691|42.306503|-32.886055|60.573730|19.570333|1.000000|1.000000|1.000000
m60_39_53_00-AEG004_289_1205|13|23.210236|738.948120|47.655663|-20.709099|33.290184|32.231941|1.000000|1.000000|1.000000
m60_39_53_00-AEG004_289_1206|13|60.737366|752.526489|60.575134|-144.811874|-77.368378|1.226230|1.000000|1.000000|1.000000
m60_39_53_00-AEG004_289_1207|13|66.926025|756.331543|59.215225|-2.025304|7.378794|-144.844101|1.000000|1.000000|1.000000
m60_39_53_00-AEG004_289_1208|13|34.212166|762.469849|59.649445|-31.205383|-59.418488|-159.024200|1.000000|1.000000|1.000000
m60_39_53_00-AEG004_289_1210|13|25.101257|772.046082|58.236984|151.530090|52.382175|24.700859|1.000000|1.000000|1.000000
m60_39_53_00-AEG004_289_1211|13|35.912781|761.706421|63.861099|-153.241547|-48.427612|26.566507|1.000000|1.000000|1.000000
m60_39_53_00-AEG004_289_1214|13|39.324448|766.229675|66.031372|-150.365967|-48.972202|25.096783|1.000000|1.000000|1.000000
m60_39_53_00-AEG004_289_1222|13|61.527802|756.067261|148.741806|-164.447678|-23.459108|3.816354|1.000000|1.000000|1.000000
m60_39_53_00-AEG004_289_1223|13|60.329712|762.728088|239.193802|-164.007004|-38.859188|-0.559176|1.000000|1.000000|1.000000
m60_39_53_00-AEG004_289_1224|13|60.626610|767.803467|237.878876|-167.430344|0.959859|9.984591|1.000000|1.000000|1.000000
m60_39_53_00-AEG004_289_1225|13|68.344223|743.405029|236.409515|7.661089|82.010536|-165.908279|1.000000|1.000000|1.000000
m60_39_53_00-AEG004_289_1226|13|70.675957|738.001587|232.203751|-174.657990|33.353405|15.106553|1.000000|1.000000|1.000000
m60_39_53_00-AEG004_289_1227|13|71.050354|732.479919|231.072845|-165.793747|-64.008965|-7.443325|1.000000|1.000000|1.000000
m60_39_53_00-AEG004_289_1228|13|69.511230|738.811096|232.987991|-165.793747|-64.008965|-7.443325|1.000000|1.000000|1.000000
m60_39_53_00-AEG004_289_1229|13|141.701050|812.407593|156.538559|103.649826|-49.453049|-5.621349|1.000000|1.000000|1.000000
m60_39_53_00-AEG004_289_1231|13|247.003235|809.024353|154.000626|-143.116013|-85.797546|3.160784|1.000000|1.000000|1.000000
m60_39_53_00-AEG004_289_1232|13|163.561539|813.754822|145.546051|143.021957|88.170235|1.378193|1.000000|1.000000|1.000000
m60_39_53_00-AEG004_289_1234|13|171.743332|810.094238|150.850937|-70.230164|130.014771|-68.225555|1.000000|1.000000|1.000000
m60_39_53_00-AEG004_289_1235|13|97.743469|747.866272|171.689621|-86.194473|-53.046322|-168.349335|1.000000|1.000000|1.000000
m60_39_53_00-AEG004_289_1240|13|202.253693|809.089172|159.191177|85.373268|163.784256|41.807686|1.000000|1.000000|1.000000
m60_39_53_00-AEG004_289_1241|13|244.581543|807.184021|160.932739|-81.053978|-132.046005|50.534050|1.000000|1.000000|1.000000
m60_39_53_00-AEG004_289_1243|13|233.877838|809.452209|216.966507|-102.143547|-89.306503|45.445042|1.000000|1.000000|1.000000
m60_39_53_00-AEG004_289_1245|13|200.186111|809.675720|179.263947|79.893578|-62.870327|31.399111|1.000000|1.000000|1.000000
m60_39_53_00-AEG004_289_1247|13|136.299515|810.764648|177.304245|-62.524986|-110.251945|-74.204712|1.000000|1.000000|1.000000
m60_39_53_00-AEG004_289_1248|13|144.433838|813.930664|138.417572|89.633316|160.166275|5.216299|1.000000|1.000000|1.000000
m60_39_53_00-AEG004_289_1249|13|164.539124|814.545288|120.829071|103.635559|-11.545009|5.011497|1.000000|1.000000|1.000000
m60_39_53_00-AEG004_289_1254|13|248.660080|808.156738|236.897079|7.642194|-167.233749|-36.313137|1.000000|1.000000|1.000000
m60_39_53_00-AEG004_289_1259|13|229.633972|806.660156|126.034813|-78.984474|-157.670654|47.903439|1.000000|1.000000|1.000000
m60_39_53_00-AEG004_289_1263|13|242.456436|819.969788|152.244278|-36.418007|-80.563240|-172.956833|1.000000|1.000000|1.000000
m60_39_53_00-AEG004_289_1264|13|106.813538|736.713989|215.335785|131.744080|68.064056|-14.419221|1.000000|1.000000|1.000000
m60_39_53_00-AEG004_289_1265|13|148.851791|720.022949|244.201523|-78.975998|69.247063|166.100998|1.000000|1.000000|1.000000
m60_39_53_00-AEG004_289_1266|13|123.277565|813.754822|209.784332|-30.801445|-58.306164|-158.401138|1.000000|1.000000|1.000000
m60_39_53_00-AEG004_289_1267|13|116.833389|811.506104|92.660812|-30.801445|-58.306164|-158.401138|1.000000|1.000000|1.000000
m60_39_53_00-AEG004_289_1268|13|115.175560|813.479126|90.478836|-30.801445|-58.306164|-158.401138|1.000000|1.000000|1.000000
m60_39_53_00-AEG004_289_1269|13|119.185532|811.910950|93.682358|155.254105|44.071091|28.431620|1.000000|1.000000|1.000000
m60_39_53_00-AEG004_289_1270|13|179.346985|813.037292|135.765625|88.210152|-131.084366|-8.302538|1.000000|1.000000|1.000000
m60_39_53_00-AEG004_289_1271|13|56.766914|767.688293|40.599380|-19.185436|33.097076|32.263767|1.000000|1.000000|1.000000
m60_39_53_00-AEG004_544_1000|13|76.911743|810.977600|173.132812|0.000000|-81.500000|0.000000|1.000000|1.000000|1.000000
m60_39_53_00-AEG007_650_1003|13|8.140350|811.551636|217.573563|-0.626541|-167.061859|12.630633|1.000000|1.000000|1.000000
m60_39_53_00-AEG007_653_1001|13|5.254234|812.084290|222.023087|4.786105|-1.039159|0.809186|1.000000|1.000000|1.000000
m60_39_53_00-AEG007_653_1002|13|15.487984|812.975830|207.916214|0.571933|108.035927|1.288911|1.000000|1.000000|1.000000
m60_39_53_00-AEG007_654_1001|13|10.190147|812.232239|221.571960|3.118310|19.926392|2.600636|1.000000|1.000000|1.000000
m60_39_53_00-AEG007_654_1002|13|13.917763|812.490356|218.662140|1.352869|48.967754|2.990995|1.000000|1.000000|1.000000
m60_39_53_00-AEG007_654_1003|13|9.600708|813.154358|193.341721|1.849861|115.048660|1.690472|1.000000|1.000000|1.000000
m60_39_53_00-AEG007_654_1004|13|16.375481|812.825928|212.348328|-0.383881|103.048805|1.672659|1.000000|1.000000|1.000000
m60_39_53_00-AEG007_655_1016|13|1.856453|812.109497|221.626144|3.911787|-41.436230|-3.298351|1.000000|1.000000|1.000000
m60_39_53_00-AEG007_655_1017|13|16.717949|812.662048|215.613205|1.748966|34.404266|1.569496|1.000000|1.000000|1.000000
m60_39_53_00-AEG007_655_1018|13|14.284569|813.071106|203.412964|0.907841|111.450134|0.762659|1.000000|1.000000|1.000000
m60_39_53_00-AEG007_655_1019|13|11.145287|813.066162|195.563507|1.966521|94.458694|0.499205|1.000000|1.000000|1.000000
m60_39_53_00-AEG700_037_1001|13|7.620316|812.801636|217.357605|2.031626|47.539486|-1.679863|1.000000|1.000000|1.000000
