m46525400_0000|0|-128.000000|0.000000|-128.000000|0.000000|0.000000|0.000000|1.000000|1.000000|1.000000
m46525401_0000|0|-128.000000|0.000000|-128.000000|0.000000|0.000000|0.000000|1.000000|1.000000|1.000000
m47525500_0000|0|-128.000000|0.000000|128.000000|0.000000|0.000000|0.000000|1.000000|1.000000|1.000000
m47525501_0000|0|-128.000000|0.000000|128.000000|0.000000|0.000000|0.000000|1.000000|1.000000|1.000000
m56535400_0000|0|128.000000|0.000000|-128.000000|0.000000|0.000000|0.000000|1.000000|1.000000|1.000000
m56535401_0000|0|128.000000|0.000000|-128.000000|0.000000|0.000000|0.000000|1.000000|1.000000|1.000000
m57535500_0000|0|128.000000|0.000000|128.000000|0.000000|0.000000|0.000000|1.000000|1.000000|1.000000
m57535501_0000|0|128.000000|0.000000|128.000000|0.000000|0.000000|0.000000|1.000000|1.000000|1.000000
m57535502_0000|0|128.000000|0.000000|128.000000|0.000000|0.000000|0.000000|1.000000|1.000000|1.000000
m60_52_54_00-AEG001_420_7070|13|-214.085342|1716.628906|-135.309235|-28.175928|-160.177460|-7.365410|1.000000|1.000000|1.000000
m60_52_54_00-AEG001_420_7071|13|-214.681564|1717.115845|-136.981918|-10.659032|112.249718|19.776318|1.000000|1.000000|1.000000
m60_52_54_00-AEG001_420_7076|13|-150.766678|1746.649292|-85.908859|-3.736500|-153.626694|-2.149354|1.000000|1.000000|1.000000
m60_52_54_00-AEG001_420_7077|13|-150.827240|1746.938110|-85.876801|30.913603|-69.582237|12.256400|1.000000|1.000000|1.000000
m60_52_54_00-AEG001_420_7078|13|-253.733032|1716.829468|-146.274689|-13.244826|-131.909058|-5.134181|1.000000|1.000000|1.000000
m60_52_54_00-AEG001_420_7079|13|-253.751404|1717.110107|-146.179535|33.873234|-54.455208|12.961465|1.000000|1.000000|1.000000
m60_52_54_00-AEG001_420_7094|13|-251.585327|1706.131958|-77.077515|-11.575315|-21.856825|8.236621|1.000000|1.000000|1.000000
m60_52_54_00-AEG001_420_7095|13|-252.327209|1706.077148|-75.393166|5.353495|-112.551346|3.251051|1.000000|1.000000|1.000000
m60_52_54_00-AEG001_420_7108|13|-91.913124|1803.194580|-208.861191|-13.317737|-3.373196|9.433877|1.000000|1.000000|1.000000
m60_52_54_00-AEG001_420_7109|13|-92.090775|1803.193848|-207.028473|6.579826|-94.423134|4.954468|1.000000|1.000000|1.000000
m60_52_54_00-AEG001_420_7110|13|-14.485313|1784.791992|-156.615082|-13.330796|3.712346|9.434877|1.000000|1.000000|1.000000
m60_52_54_00-AEG001_420_7111|13|-14.435608|1784.791626|-154.774445|6.581069|-87.339836|4.967328|1.000000|1.000000|1.000000
m60_52_54_00-AEG001_420_7112|13|-166.529877|1816.323608|-242.954117|-23.791199|64.896271|13.209018|1.000000|1.000000|1.000000
m60_52_54_00-AEG001_420_7113|13|-164.955017|1816.643677|-242.055389|10.839790|-28.959845|15.059629|1.000000|1.000000|1.000000
m60_52_54_00-AEG001_420_7114|13|-38.623550|1750.311646|-33.542717|8.026803|-9.441907|20.895100|1.000000|1.000000|1.000000
m60_52_54_00-AEG001_420_7115|13|-38.680336|1750.598877|-33.493767|6.786288|84.787842|20.605783|1.000000|1.000000|1.000000
m60_52_54_00-AEG001_420_7120|13|-139.542984|1749.049683|-85.388756|-9.495569|114.833267|15.210164|1.000000|1.000000|1.000000
m60_52_54_00-AEG001_420_7121|13|-139.562592|1749.344238|-85.357239|12.880257|-158.599579|7.915068|1.000000|1.000000|1.000000
m60_52_54_00-AEG001_420_7122|13|-109.498245|1806.687866|-204.539124|5.101081|123.505966|14.845928|1.000000|1.000000|1.000000
m60_52_54_00-AEG001_420_7123|13|-109.452438|1806.981079|-204.547729|13.668859|-146.327911|21.994123|1.000000|1.000000|1.000000
m60_52_54_00-AEG001_420_7124|13|-79.689484|1800.046875|-160.730255|-16.306185|127.978020|15.277767|1.000000|1.000000|1.000000
m60_52_54_00-AEG001_420_7125|13|-79.729004|1800.335938|-160.675018|12.317992|-147.201920|1.367915|1.000000|1.000000|1.000000
m60_52_54_00-AEG001_420_7126|13|-90.369034|1802.601929|-205.770203|5.175099|5.812872|0.966909|1.000000|1.000000|1.000000
m60_52_54_00-AEG001_420_7127|13|-90.312164|1802.890869|-205.732437|28.601809|90.437309|21.433407|1.000000|1.000000|1.000000
m60_52_54_00-AEG001_420_7128|13|-8.381439|1749.233398|-40.167511|-3.526624|-144.187912|5.652613|1.000000|1.000000|1.000000
m60_52_54_00-AEG001_420_7129|13|-8.404243|1749.528931|-40.150146|24.007221|-61.926834|20.955799|1.000000|1.000000|1.000000
m60_52_54_00-AEG001_420_7130|13|-24.833000|1792.450195|-119.137810|-13.432319|-158.012039|16.167906|1.000000|1.000000|1.000000
m60_52_54_00-AEG001_420_7131|13|-25.457039|1792.444702|-120.870140|13.339662|110.330917|4.907116|1.000000|1.000000|1.000000
m60_52_54_00-AEG001_420_7136|13|-78.997437|1799.797241|-161.718582|-33.696136|-90.206009|5.017667|1.000000|1.000000|1.000000
m60_52_54_00-AEG001_420_7137|13|-80.718124|1800.439453|-161.850098|2.747856|177.168777|25.311874|1.000000|1.000000|1.000000
m60_52_54_00-AEG001_420_7142|13|-55.592720|1797.495239|-89.983238|-3.368948|-143.884735|11.204639|1.000000|1.000000|1.000000
m60_52_54_00-AEG001_420_7143|13|-55.592697|1797.792114|-89.983330|17.278976|-56.740223|13.655108|1.000000|1.000000|1.000000
m60_52_54_00-AEG001_420_7152|13|-101.423233|1741.545288|-53.834114|3.271738|5.324684|9.831515|1.000000|1.000000|1.000000
m60_52_54_00-AEG001_420_7153|13|-101.412758|1741.840210|-53.801208|19.130466|92.830788|21.063810|1.000000|1.000000|1.000000
m60_52_54_00-AEG001_420_7158|13|-62.466362|1749.667969|-43.148636|14.067591|16.321445|29.482576|1.000000|1.000000|1.000000
m60_52_54_00-AEG001_420_7159|13|-62.524918|1749.938232|-43.040497|-3.324283|117.265923|28.922091|1.000000|1.000000|1.000000
m60_52_54_00-AEG001_420_7160|13|-141.750488|1748.807129|-87.560928|-6.723856|23.772005|26.556931|1.000000|1.000000|1.000000
m60_52_54_00-AEG001_420_7161|13|-140.987305|1748.596924|-85.898468|23.651020|-65.739311|-1.471231|1.000000|1.000000|1.000000
m60_52_54_00-AEG001_420_7164|13|-94.103058|1805.475708|-120.587242|-16.784431|-21.183630|-0.179786|1.000000|1.000000|1.000000
m60_52_54_00-AEG001_420_7165|13|-94.830200|1805.597778|-118.900002|-3.057930|-111.379883|8.526713|1.000000|1.000000|1.000000
m60_52_54_00-AEG007_025_1000|13|-35.556892|1745.997681|-63.391647|-6.622736|-6.118796|9.441507|1.000001|1.000000|1.000001
m60_52_54_00-AEG007_025_1006|13|-213.501801|1820.901855|-238.713028|-3.770040|109.172508|6.830872|1.000001|1.000000|1.000001
m60_52_54_00-AEG007_037_1015|13|-141.473602|1797.662476|-125.467094|80.833183|18.489075|-7.421337|0.999999|1.000001|1.000001
m60_52_54_00-AEG007_037_1016|13|-237.650040|1802.665771|-184.344269|-53.103420|0.978077|116.446693|0.999999|1.000001|0.999999
m60_52_54_00-AEG007_037_1017|13|-217.333771|1730.903198|-164.755646|-85.081970|-37.810425|98.386444|0.999999|1.000001|0.999999
m60_52_54_00-AEG007_037_1018|13|-205.931061|1726.390991|-156.985168|-32.248390|-81.514206|107.183876|0.999999|1.000001|0.999999
m60_52_54_00-AEG007_037_1019|13|-231.359024|1725.959106|-174.534592|73.049683|145.594482|81.567650|0.999999|1.000001|0.999999
m60_52_54_00-AEG007_037_1020|13|-223.238556|1744.214966|-172.829117|56.189713|-171.511200|68.657761|0.999999|1.000001|0.999999
m60_52_54_00-AEG007_037_1022|13|-244.312012|1773.328735|-194.496964|-5.994362|-169.615189|65.540428|0.999999|1.000001|0.999999
m60_52_54_00-AEG007_037_1023|13|-165.320923|1810.633057|-115.210518|177.733124|52.779678|81.888023|0.999999|1.000001|0.999999
m60_52_54_00-AEG007_037_1027|13|-242.383484|1787.209351|-215.753448|-12.886219|13.994506|115.666046|0.999999|1.000001|0.999999
m60_52_54_00-AEG007_037_1028|13|-231.249771|1730.240723|-187.532166|-8.450423|145.594574|81.567619|0.999999|1.000001|0.999999
m60_52_54_00-AEG007_037_1029|13|-232.114868|1734.112793|-192.250244|-73.801628|-65.868759|98.197838|0.999999|1.000001|0.999999
m60_52_54_00-AEG007_037_1030|13|-233.623810|1728.798340|-192.387970|71.549629|145.594543|81.567650|0.999999|1.000001|0.999999
m60_52_54_00-AEG007_037_1031|13|-241.980957|1746.547241|-225.606964|-7.886220|13.994509|115.666061|0.999999|1.000001|0.999999
m60_52_54_00-AEG007_037_1032|13|-240.914566|1742.584595|-212.663635|-38.886219|13.994520|115.666046|0.999999|1.000001|0.999999
m60_52_54_00-AEG007_037_1033|13|-184.250198|1729.025269|-144.831253|-7.197205|-130.232101|76.949402|0.999999|1.000001|0.999999
m60_52_54_00-AEG007_037_1034|13|-249.647232|1810.697510|-255.833618|-16.886215|13.994507|115.666069|0.999999|1.000001|0.999999
m60_52_54_00-AEG007_037_1035|13|-176.776077|1699.871216|-56.037048|40.361290|-120.895073|66.320137|0.999999|1.000001|0.999999
m60_52_54_00-AEG007_037_1036|13|-15.465851|1743.415649|-34.797241|24.729843|-112.963791|77.390106|0.999999|1.000001|0.999999
m60_52_54_00-AEG007_037_1037|13|-13.600113|1788.069458|-85.004021|-132.720810|-40.826622|78.329384|0.999999|1.000001|0.999999
m60_52_54_00-AEG007_037_1038|13|-146.353256|1742.951782|-82.020645|23.736185|11.048116|105.880997|0.999999|1.000001|0.999999
m60_52_54_00-AEG007_037_1039|13|-151.619446|1739.869873|-92.762733|16.526567|-0.549390|101.064178|0.999999|1.000001|0.999999
m60_52_54_00-AEG007_037_1040|13|-154.726974|1714.263916|-102.726067|22.999956|15.222410|112.028687|0.999999|1.000001|0.999999
m60_52_54_00-AEG007_037_1041|13|-144.800430|1718.953369|-93.829208|17.642086|1.437488|120.554123|0.999999|1.000001|0.999999
m60_52_54_00-AEG007_037_1042|13|-152.305786|1738.754272|-105.754044|-0.861935|-1.711878|116.060349|0.999999|1.000001|0.999999
m60_52_54_00-AEG007_037_1043|13|-23.621170|1779.399170|-50.988426|-158.678772|-82.676323|70.752274|0.999999|1.000001|0.999999
m60_52_54_00-AEG007_037_1044|13|-13.312714|1783.759155|-118.562607|-152.540329|-20.695839|81.102936|0.999999|1.000001|0.999999
m60_52_54_00-AEG007_037_1045|13|-14.869209|1778.032959|-131.417297|-147.013962|-38.141487|70.880531|0.999999|1.000001|0.999999
m60_52_54_00-AEG007_037_1046|13|-12.896446|1781.114624|-137.528900|-154.780716|-36.435825|76.621101|0.999999|1.000001|0.999999
m60_52_54_00-AEG007_037_1047|13|-14.277382|1788.372437|-130.738937|-165.540405|-20.695782|81.102913|0.999999|1.000001|0.999999
m60_52_54_00-AEG007_037_1048|13|-13.811211|1784.152710|-102.520821|-156.121216|-32.266998|79.467590|0.999999|1.000001|0.999999
m60_52_54_00-AEG007_037_1049|13|-8.896622|1821.126709|-190.870087|124.384193|-31.713135|83.740913|0.999999|1.000001|0.999999
m60_52_54_00-AEG007_037_1050|13|-36.139259|1796.629761|-194.260269|-2.974982|74.381332|84.628525|0.999999|1.000001|0.999999
m60_52_54_00-AEG007_037_1051|13|-50.525536|1820.939941|-198.742615|21.065054|45.928638|93.906349|0.999999|1.000001|0.999999
m60_52_54_00-AEG007_037_1052|13|-83.707596|1823.377930|-223.177673|5.065130|45.928638|93.906502|0.999999|1.000001|0.999999
m60_52_54_00-AEG007_037_1053|13|-93.385185|1823.805664|-235.584106|62.543121|-30.886959|100.147690|0.999999|1.000001|0.999999
m60_52_54_00-AEG007_037_1054|13|-74.535156|1823.475952|-216.295776|-6.934881|45.928619|93.906410|0.999999|1.000001|0.999999
m60_52_54_00-AEG007_037_1055|13|-38.768166|1823.384766|-194.092010|70.225243|-174.719055|78.459381|0.999999|1.000001|0.999999
m60_52_54_00-AEG007_037_1056|13|-225.290924|1813.976685|-170.924225|75.768959|155.184311|71.702148|0.999999|1.000001|0.999999
m60_52_54_00-AEG007_037_1057|13|-232.571655|1816.649658|-179.843735|-79.472855|-63.286053|106.920708|0.999999|1.000001|0.999999
m60_52_54_00-AEG007_037_1058|13|-220.060944|1718.203857|-142.734451|86.953606|-168.489395|78.571175|0.999999|1.000001|0.999999
m60_52_54_00-AEG007_037_1059|13|-209.182663|1720.228027|-143.656433|88.420601|6.491494|95.976387|0.999999|1.000001|0.999999
m60_52_54_00-AEG007_037_1060|13|-259.830017|1770.808838|-292.784485|47.579430|-155.371933|74.334320|0.999999|1.000001|0.999999
m60_52_54_00-AEG007_037_1061|13|-273.137848|1767.768066|-295.794678|67.579399|-155.371918|74.334320|0.999999|1.000001|0.999999
m60_52_54_00-AEG007_037_1062|13|-184.344604|1820.162109|-153.053299|-69.935081|-134.071198|86.093597|0.999999|1.000001|0.999999
m60_52_54_00-AEG007_037_1063|13|-187.889450|1818.597778|-141.664001|-55.935108|-134.071121|86.093544|0.999999|1.000001|0.999999
m60_52_54_00-AEG007_037_1064|13|-184.827576|1824.766479|-145.871307|-143.048340|-46.774277|84.612968|0.999999|1.000001|0.999999
m60_52_54_00-AEG007_037_1065|13|-204.253448|1816.953369|-175.786987|-105.935059|45.928886|86.093651|0.999999|1.000001|0.999999
m60_52_54_00-AEG007_037_1066|13|-211.505905|1820.526123|-171.672089|-105.935059|45.928886|86.093651|0.999999|1.000001|0.999999
m60_52_54_00-AEG007_037_1067|13|-148.155914|1814.792725|-157.303314|19.565050|45.928669|93.906349|0.999999|1.000001|0.999999
m60_52_54_00-AEG007_037_1068|13|-118.329308|1809.022217|-233.735229|-52.393684|10.217096|110.027931|0.999999|1.000001|0.999999
m60_52_54_00-AEG007_037_1069|13|-108.584579|1814.037964|-241.081085|-80.393684|10.217110|110.027939|0.999999|1.000001|0.999999
m60_52_54_00-AEG007_037_1070|13|-98.052139|1814.834229|-239.739288|47.106308|-169.782883|69.972076|0.999999|1.000001|0.999999
m60_52_54_00-AEG007_037_1071|13|-103.765953|1818.707275|-241.134308|50.744148|-153.788605|66.246178|0.999999|1.000001|0.999999
m60_52_54_00-AEG007_037_1072|13|-119.559250|1809.338135|-223.419403|-36.081924|47.571209|105.751823|0.999999|1.000001|0.999999
m60_52_54_00-AEG007_037_1073|13|-114.813141|1806.650024|-211.073364|-44.649757|67.073097|102.578590|0.999999|1.000001|0.999999
m60_52_54_00-AEG007_042_1002|13|-213.470398|1705.463379|-59.596146|-12.299695|-38.609264|-76.647194|1.000000|0.999999|1.000001
m60_52_54_00-AEG007_042_1003|13|-150.149445|1811.418213|-96.834473|14.676945|-157.991455|82.483986|1.000000|0.999999|1.000001
m60_52_54_00-AEG007_042_1004|13|-73.554230|1794.129883|-49.416595|58.177250|-157.991699|82.484039|1.000000|0.999999|1.000001
m60_52_54_00-AEG007_042_1005|13|-105.273010|1740.072876|-55.050362|6.058163|66.812286|102.783119|1.000000|0.999999|1.000001
m60_52_54_00-AEG007_042_1006|13|-95.915756|1740.200073|-54.116623|-11.172935|94.856094|86.452484|1.000000|0.999999|1.000001
m60_52_54_00-AEG007_042_1007|13|-103.075043|1737.514404|-53.892311|14.558200|66.812286|102.783180|1.000000|0.999999|1.000001
m60_52_54_00-AEG007_042_1008|13|-164.061111|1707.885376|-58.235947|-84.221764|7.217815|105.883804|1.000000|0.999999|1.000001
m60_52_54_00-AEG007_042_1009|13|-4.664841|1745.908691|-34.808609|-65.628235|-178.943497|83.129616|1.000000|0.999999|1.000001
m60_52_54_00-AEG007_042_1010|13|0.245834|1747.812744|-38.867790|-74.628113|-178.943558|83.129532|1.000000|0.999999|1.000001
m60_52_54_00-AEG007_042_1011|13|-12.482437|1789.942993|-71.527153|-10.168591|-178.302902|78.716187|1.000000|0.999999|1.000001
m60_52_54_00-AEG007_042_1012|13|-18.001968|1788.844482|-141.691483|106.064812|-17.157204|77.054367|1.000000|0.999999|1.000001
m60_52_54_00-AEG007_042_1013|13|-11.260246|1786.375732|-137.440247|38.564457|-17.156855|77.054367|1.000000|0.999999|1.000001
m60_52_54_00-AEG007_042_1014|13|-11.684814|1789.725342|-123.046890|-69.121796|78.697922|100.564270|1.000000|0.999999|1.000001
m60_52_54_00-AEG007_042_1015|13|-10.232361|1782.262573|-150.444565|-48.748142|52.562084|98.619965|1.000000|0.999999|1.000001
m60_52_54_00-AEG007_042_1016|13|-12.385132|1790.393188|-94.950912|-170.424911|-24.234882|82.833580|1.000000|0.999999|1.000001
m60_52_54_00-AEG007_042_1017|13|-10.948593|1788.918091|-110.376038|-159.924911|-24.234911|82.833580|1.000000|0.999999|1.000001
m60_52_54_00-AEG007_042_1018|13|-18.276253|1786.168091|-153.602036|-9.376977|46.581421|104.000740|1.000000|0.999999|1.000001
m60_52_54_00-AEG007_042_1019|13|-11.577873|1790.299072|-134.687225|-12.730817|14.890542|77.424675|1.000000|0.999999|1.000001
m60_52_54_00-AEG007_042_1020|13|-26.530609|1790.077637|-186.203629|-41.684490|-7.348710|87.658073|1.000000|0.999999|1.000001
m60_52_54_00-AEG007_042_1021|13|-33.392029|1791.527344|-182.632263|-147.285065|71.361267|84.542313|1.000000|0.999999|1.000001
m60_52_54_00-AEG007_042_1022|13|-42.253838|1790.739868|-182.127075|-166.785446|71.361671|84.542389|1.000000|0.999999|1.000001
m60_52_54_00-AEG007_042_1023|13|-30.642166|1802.216309|-192.463593|-174.704361|74.316040|75.553932|1.000000|0.999999|1.000001
m60_52_54_00-AEG007_042_1024|13|-61.481750|1822.837402|-206.284119|-78.857315|-40.097969|98.039009|1.000000|0.999999|1.000001
m60_52_54_00-AEG007_042_1025|13|-60.838547|1825.411743|-208.363785|-57.039093|-61.990574|92.847168|1.000000|0.999999|1.000001
m60_52_54_00-AEG007_042_1026|13|-71.665146|1827.132080|-211.041931|-72.951530|-56.188808|100.130592|1.000000|0.999999|1.000001
m60_52_54_00-AEG007_042_1027|13|-161.353546|1713.031128|-106.077423|57.521587|166.959320|73.504395|1.000000|0.999999|1.000001
m60_52_54_00-AEG007_042_1028|13|-233.262665|1810.434692|-179.254562|49.268932|155.184387|71.702187|1.000000|0.999999|1.000001
m60_52_54_00-AEG007_042_1029|13|-244.754608|1800.449951|-175.349243|38.893291|141.735123|67.733505|1.000000|0.999999|1.000001
m60_52_54_00-AEG007_042_1030|13|-239.758331|1796.093140|-183.542404|-20.766054|-11.930748|112.017960|1.000000|0.999999|1.000001
m60_52_54_00-AEG007_042_1031|13|-257.664764|1715.438354|-147.286530|-82.247467|10.874535|108.708870|1.000000|0.999999|1.000001
m60_52_54_00-AEG007_042_1032|13|-251.494110|1715.624146|-148.526611|64.752640|-169.125519|71.291222|1.000000|0.999999|1.000001
m60_52_54_00-AEG007_042_1033|13|-118.095764|1815.153198|-234.309082|72.028831|-116.663742|68.919968|1.000000|0.999999|1.000001
m60_52_54_00-AEG007_045_1006|13|-194.469452|1710.433105|-108.947067|0.000000|153.419662|0.000000|1.000000|1.000000|1.000000
m60_52_54_00-AEG007_045_1007|13|-270.408905|1761.574707|-283.306519|0.000000|118.376045|0.000000|1.000000|1.000000|1.000000
m60_52_54_00-AEG007_045_1008|13|-266.506592|1739.316895|-211.164062|0.000000|172.876038|0.000000|1.000000|1.000000|1.000000
m60_52_54_00-AEG007_045_1012|13|-152.153122|1816.522461|-251.709839|-0.000001|78.919708|0.000002|1.000000|1.000000|1.000000
m60_52_54_00-AEG007_045_1015|13|-200.284515|1819.667114|-225.253448|-0.000001|-21.080271|0.000001|1.000000|1.000000|1.000000
m60_52_54_00-AEG007_045_1016|13|-57.437561|1794.555542|-148.743408|0.000001|-84.080070|0.000000|1.000000|1.000000|1.000000
m60_52_54_00-AEG007_045_1017|13|-49.015686|1795.461060|-82.897476|-0.000002|-121.080338|0.000001|1.000000|1.000000|1.000000
m60_52_54_00-AEG007_045_1018|13|-189.368500|1816.637939|-166.057281|-0.000001|47.919712|0.000001|1.000000|1.000000|1.000000
m60_52_54_00-AEG007_045_1021|13|-105.205246|1804.979004|-226.758636|0.000001|-161.080307|0.000002|1.000000|1.000000|1.000000
m60_52_54_00-AEG007_045_1032|13|-90.008644|1802.282715|-139.238327|0.000005|-59.580273|0.000000|1.000000|1.000000|1.000000
m60_52_54_00-AEG007_045_1033|13|-161.019867|1711.956177|-64.045242|-0.000002|-134.080322|0.000001|1.000000|1.000000|1.000000
m60_52_54_00-AEG007_046_1006|13|-195.082855|1723.517700|-107.696655|11.131899|153.919724|-0.000010|1.000000|1.000000|1.000000
m60_52_54_00-AEG007_046_1007|13|-271.628723|1774.659180|-282.635071|11.131955|118.876053|0.000000|1.000000|1.000000|1.000000
m60_52_54_00-AEG007_046_1008|13|-266.668274|1752.401367|-209.781067|11.131951|173.376038|0.000000|1.000000|1.000000|1.000000
m60_52_54_00-AEG007_046_1012|13|-153.521973|1829.607056|-251.966766|11.131899|79.419754|-0.000006|1.000000|1.000000|1.000000
m60_52_54_00-AEG007_046_1015|13|-199.793793|1832.751709|-226.556885|11.131898|-20.580217|-0.000009|1.000000|1.000000|1.000000
m60_52_54_00-AEG007_046_1016|13|-56.053398|1807.640137|-148.897919|11.131900|-83.580025|-0.000008|1.000000|1.000000|1.000000
m60_52_54_00-AEG007_046_1017|13|-47.817261|1808.545654|-82.187851|11.131898|-120.580284|-0.000009|1.000000|1.000000|1.000000
m60_52_54_00-AEG007_046_1018|13|-190.409500|1829.722534|-166.982544|11.131899|48.419769|-0.000009|1.000000|1.000000|1.000000
m60_52_54_00-AEG007_046_1021|13|-104.743332|1818.063599|-225.444702|11.131900|-160.580261|-0.000008|1.000000|1.000000|1.000000
m60_52_54_00-AEG007_046_1032|13|-88.813179|1815.367310|-139.952911|11.131904|-59.080223|-0.000009|1.000000|1.000000|1.000000
m60_52_54_00-AEG007_046_1033|13|-160.011780|1725.040771|-63.084221|11.131899|-133.580261|-0.000009|1.000000|1.000000|1.000000
m60_52_54_00-AEG007_047_1006|13|-200.632477|1716.833618|-110.053040|14.339480|144.697510|8.674862|1.000000|1.000000|1.000000
m60_52_54_00-AEG007_047_1008|13|-276.952881|1738.873901|-206.211426|18.000000|-150.623978|-10.999992|1.000000|1.000000|1.000001
m60_52_54_00-AEG007_047_1012|13|-152.880447|1824.137085|-257.741913|-0.000002|78.919724|-0.000006|1.000000|1.000000|1.000000
m60_52_54_00-AEG007_047_1021|13|-110.065506|1812.593628|-223.112717|-0.000000|-161.080292|-0.000003|1.000000|1.000000|1.000000
m60_52_54_00-AEG007_048_1007|13|-192.509918|1720.942993|-103.554001|-0.000001|-169.580307|-0.000003|1.000000|1.000000|1.000000
m60_52_54_00-AEG007_048_1008|13|-256.982666|1745.095703|-209.002975|-7.627610|149.492462|19.683512|1.000000|1.000000|1.000000
m60_52_54_00-AEG007_048_1013|13|-156.697601|1828.802002|-247.915939|-0.000002|78.919724|-0.000006|1.000000|1.000000|1.000000
m60_52_54_00-AEG007_048_1016|13|-202.984818|1830.431274|-229.695160|-0.000000|-21.080240|7.999999|1.000000|1.000000|1.000000
m60_52_54_00-AEG007_048_1022|13|-99.647392|1817.258545|-224.719955|-0.000000|-161.080292|-0.000003|1.000000|1.000000|1.000000
m60_52_54_00-AEG007_049_1001|13|-78.164925|1799.817139|-97.434059|0.000000|-1.725342|0.000000|1.000000|1.000000|1.000000
m60_52_54_00-AEG007_049_1003|13|-25.588638|1825.561035|-214.819885|0.000000|101.274696|0.000000|1.000000|1.000000|1.000000
m60_52_54_00-AEG007_049_1006|13|-143.632126|1830.089478|-138.155502|0.000000|1.274674|0.000000|1.000000|1.000000|1.000000
m60_52_54_00-AEG007_049_1007|13|-217.476135|1819.667114|-219.002411|0.000000|50.774662|0.000000|1.000000|1.000000|1.000000
m60_52_54_00-AEG007_049_1009|13|-56.846962|1791.827393|-184.392487|0.000000|124.274666|0.000000|1.000000|1.000000|1.000000
m60_52_54_00-AEG007_050_1001|13|-77.970337|1824.449829|-103.890358|10.999996|-1.725349|-0.000000|1.000000|1.000000|1.000000
m60_52_54_00-AEG007_050_1003|13|-31.923233|1850.193726|-213.557129|10.999991|101.274689|0.000001|1.000000|1.000000|1.000000
m60_52_54_00-AEG007_050_1006|13|-143.775711|1854.722168|-144.613129|10.999991|1.274667|-0.000000|1.000000|1.000000|1.000000
m60_52_54_00-AEG007_050_1007|13|-222.479797|1844.299805|-223.087128|10.999993|50.774658|0.000000|1.000000|1.000000|1.000000
m60_52_54_00-AEG007_050_1009|13|-62.184593|1816.460083|-180.754990|10.999992|-55.725334|0.000000|1.000000|1.000000|1.000000
m60_52_54_00-AEG007_051_1001|13|-66.773209|1815.314819|-102.565163|-17.552841|10.372646|-6.532152|1.000000|1.000000|1.000000
m60_52_54_00-AEG007_051_1007|13|-214.468887|1836.195679|-232.175873|-16.626831|50.584949|18.712727|1.000000|1.000000|1.000000
m60_52_54_00-AEG007_052_1001|13|-86.117096|1825.095825|-105.742622|4.415339|0.187520|-12.874768|1.000000|1.000000|1.000000
m60_52_54_00-AEG007_052_1007|13|-227.923676|1842.865967|-219.433578|8.209970|50.444046|7.464359|1.000000|1.000000|1.000000
m60_52_54_00-AEG007_193_1000|13|-147.925659|1749.260986|-93.351471|0.000000|0.000000|-161.999985|1.000000|1.000000|1.000000
m60_52_54_00-AEG007_193_1001|13|-121.706200|1744.161621|-70.486122|-7.267404|149.473267|-8.279692|1.000000|1.000000|1.000000
m60_52_54_00-AEG007_193_1002|13|-17.116470|1750.586670|-50.716789|7.410620|-126.471184|-8.151936|1.000000|1.000000|1.000000
m60_52_54_00-AEG007_193_1003|13|-126.665581|1748.413818|-73.350639|2.786335|-154.240387|-10.645462|1.000000|1.000000|1.000000
m60_52_54_00-AEG007_193_1004|13|-15.660347|1752.172852|-56.227486|2.786335|-154.240387|-10.645462|1.000000|1.000000|1.000000
m60_52_54_00-AEG007_193_1005|13|-118.241486|1745.399048|-59.211014|-4.608552|35.903351|9.998878|1.000000|1.000000|1.000000
m60_52_54_00-AEG007_193_1014|13|-108.304031|1743.621948|-58.089539|-9.825818|127.572556|-4.969509|1.000000|1.000000|1.000000
m60_52_54_00-AEG007_193_1015|13|-124.060051|1740.944946|-64.643707|-7.410618|148.471176|-8.151950|1.000000|1.000000|1.000000
m60_52_54_00-AEG007_193_1016|13|-80.238190|1743.675537|-53.540894|-9.310182|68.979530|5.884371|1.000000|1.000000|1.000000
m60_52_54_00-AEG007_193_1017|13|-107.040894|1741.445435|-55.106239|10.998382|-79.981644|-0.190794|1.000000|1.000000|1.000000
m60_52_54_00-AEG007_193_1018|13|-115.225739|1742.933350|-60.171410|5.467539|-18.957537|9.559504|1.000000|1.000000|1.000000
m60_52_54_00-AEG007_193_1019|13|-45.877411|1748.326538|-39.803894|2.786335|-154.240387|-10.645462|1.000000|1.000000|1.000000
m60_52_54_00-AEG007_193_1020|13|-78.260529|1741.896362|-53.113373|2.786335|-154.240387|-10.645462|1.000000|1.000000|1.000000
m60_52_54_00-AEG007_193_1047|13|-228.036209|1716.051880|-141.924805|-12.122495|142.812973|-11.276546|1.000000|1.000000|1.000000
m60_52_54_00-AEG007_193_1056|13|-46.992401|1744.636108|-37.812012|0.000000|-90.500000|0.000000|1.000000|1.000000|1.000000
m60_52_54_00-AEG007_193_1069|13|-143.020050|1747.463379|-97.379837|2.786335|-154.240387|-10.645462|1.000000|1.000000|1.000000
m60_52_54_00-AEG007_193_1070|13|-141.613037|1747.082397|-95.421997|2.786335|-154.240387|-10.645462|1.000000|1.000000|1.000000
m60_52_54_00-AEG007_193_1071|13|-137.968201|1747.125244|-95.707108|-4.956970|164.073364|-9.832101|1.000000|1.000000|1.000000
m60_52_54_00-AEG007_193_1072|13|-143.116318|1754.697021|-98.010765|2.786335|-154.240387|-10.645462|1.000000|1.000000|1.000000
m60_52_54_00-AEG007_193_1073|13|-59.286621|1747.668823|-45.341461|2.786335|-154.240387|-10.645462|1.000000|1.000000|1.000000
m60_52_54_00-AEG007_193_1074|13|-140.648163|1749.235840|-97.124969|2.786335|-154.240387|-10.645462|1.000000|1.000000|1.000000
m60_52_54_00-AEG007_193_1075|13|-155.633453|1747.671387|-99.347893|2.786335|-154.240387|-10.645462|1.000000|1.000000|1.000000
m60_52_54_00-AEG007_193_1076|13|-150.526703|1750.224487|-94.273193|2.786335|-154.240387|-10.645462|1.000000|1.000000|1.000000
m60_52_54_00-AEG007_193_1080|13|-12.288734|1760.434814|-87.354507|-11.724812|-163.261856|-7.220816|1.000000|1.000000|1.000000
m60_52_54_00-AEG007_193_1083|13|-40.930305|1747.302734|-48.014603|0.000000|177.500000|0.000000|1.000000|1.000000|1.000000
m60_52_54_00-AEG007_193_1084|13|-68.286224|1746.229614|-48.081116|2.786335|-154.240387|-10.645462|1.000000|1.000000|1.000000
m60_52_54_00-AEG007_193_1085|13|-71.190453|1747.233032|-49.207817|9.410443|-47.971344|5.721758|1.000000|1.000000|1.000000
m60_52_54_00-AEG007_193_1086|13|-36.022842|1744.395996|-34.002197|2.786335|-154.240387|-10.645462|1.000000|1.000000|1.000000
m60_52_54_00-AEG007_193_1087|13|-60.833168|1744.666260|-43.808533|2.786335|-154.240387|-10.645462|1.000000|1.000000|1.000000
m60_52_54_00-AEG007_193_1088|13|-56.345764|1750.740967|-45.059967|8.155657|-120.971245|-7.406526|1.000000|1.000000|1.000000
m60_52_54_00-AEG007_193_1089|13|-117.978470|1745.776489|-68.146614|-0.873745|-173.583878|-10.965666|1.000000|1.000000|1.000000
m60_52_54_00-AEG007_193_1090|13|-48.060371|1747.812500|-47.827301|0.000000|54.602539|0.000000|1.000000|1.000000|1.000000
m60_52_54_00-AEG007_193_1091|13|-16.280434|1748.612305|-52.845551|10.473849|-96.690086|-3.380296|1.000000|1.000000|1.000000
m60_52_54_00-AEG007_193_1092|13|-53.360664|1749.225952|-45.454010|-8.469327|140.477676|-7.045053|1.000000|1.000000|1.000000
m60_52_54_00-AEG007_193_1093|13|-50.552681|1746.896484|-46.387848|2.786335|-154.240387|-10.645462|1.000000|1.000000|1.000000
m60_52_54_00-AEG007_193_1094|13|-37.333572|1745.512085|-34.349892|10.802711|-68.197319|2.086486|1.000000|1.000000|1.000000
m60_52_54_00-AEG007_193_1095|13|-31.666229|1748.953369|-47.062302|-5.717004|159.528900|-9.413320|1.000000|1.000000|1.000000
m60_52_54_00-AEG007_193_1096|13|-29.219849|1745.709473|-44.033875|2.786335|-154.240387|-10.645462|1.000000|1.000000|1.000000
m60_52_54_00-AEG007_193_1097|13|-31.813339|1746.949219|-44.683670|2.786335|-154.240387|-10.645462|1.000000|1.000000|1.000000
m60_52_54_00-AEG007_193_1098|13|-37.191788|1748.618408|-37.314697|10.680887|-92.752655|-2.645754|1.000000|1.000000|1.000000
m60_52_54_00-AEG007_193_1099|13|-34.154778|1751.581177|-48.480324|2.786335|-154.240387|-10.645462|1.000000|1.000000|1.000000
m60_52_54_00-AEG007_193_1100|13|-38.317032|1747.493408|-39.524292|2.786335|-154.240387|-10.645462|1.000000|1.000000|1.000000
m60_52_54_00-AEG007_193_1101|13|-111.213913|1745.823486|-67.222916|2.786335|-154.240387|-10.645462|1.000000|1.000000|1.000000
m60_52_54_00-AEG007_193_1170|13|-101.128464|1744.801880|-64.494484|2.786335|-154.240387|-10.645462|1.000000|1.000000|1.000000
m60_52_54_00-AEG007_193_1172|13|-106.482300|1747.489746|-67.546341|2.786335|-154.240387|-10.645462|1.000000|1.000000|1.000000
m60_52_54_00-AEG007_193_1182|13|-89.094833|1740.264038|-58.220734|-1.837512|-178.674484|-10.847297|1.000000|1.000000|1.000000
m60_52_54_00-AEG007_193_1184|13|-63.548599|1745.309326|-44.412514|-9.648542|129.551727|-5.307796|1.000000|1.000000|1.000000
m60_52_54_00-AEG007_193_1186|13|-103.178864|1744.914062|-67.075882|2.786335|-154.240387|-10.645462|1.000000|1.000000|1.000000
m60_52_54_00-AEG007_193_1188|13|-98.485970|1744.952148|-64.384605|-4.379573|155.229324|-1.187954|1.000000|1.000000|1.000000
m60_52_54_00-AEG007_193_1190|13|-86.124702|1742.510132|-58.232948|-4.870444|164.578979|-9.874928|1.000000|1.000000|1.000000
m60_52_54_00-AEG007_193_1192|13|-85.515526|1744.958496|-58.350258|2.786335|-154.240387|-10.645462|1.000000|1.000000|1.000000
m60_52_54_00-AEG007_193_1194|13|-108.632156|1743.787598|-66.914780|8.155657|-120.971245|-7.406526|1.000000|1.000000|1.000000
m60_52_54_00-AEG007_193_1196|13|-92.107079|1742.036987|-58.040459|2.786335|-154.240387|-10.645462|1.000000|1.000000|1.000000
m60_52_54_00-AEG007_193_1198|13|-112.351654|1746.633057|-58.808708|6.282845|-23.997593|9.047351|1.000000|1.000000|1.000000
m60_52_54_00-AEG007_193_1199|13|-132.382248|1750.223877|-89.691177|-8.219668|142.472198|-7.335329|1.000000|1.000000|1.000000
m60_52_54_00-AEG007_193_1200|13|-105.754364|1740.801880|-58.297630|7.481353|-125.970398|-8.087148|1.000000|1.000000|1.000000
m60_52_54_00-AEG007_193_1201|13|-103.964203|1738.742676|-55.232162|0.000000|-174.000000|0.000000|1.000000|1.000000|1.000000
m60_52_54_00-AEG007_193_1231|13|-66.003181|1746.528809|-44.780762|2.786335|-154.240387|-10.645462|1.000000|1.000000|1.000000
m60_52_54_00-AEG007_193_1232|13|-66.792397|1750.420044|-46.321564|-10.820185|111.311241|-1.992721|1.000000|1.000000|1.000000
m60_52_54_00-AEG007_193_1233|13|-68.420242|1744.044067|-46.110229|1.067313|5.397689|10.948739|1.000000|1.000000|1.000000
m60_52_54_00-AEG007_193_1234|13|-72.935608|1745.216797|-50.510117|-10.852735|110.328537|-1.804698|1.000000|1.000000|1.000000
m60_52_54_00-AEG007_193_1235|13|-187.249908|1711.244019|-120.807518|-16.285263|-88.601936|177.317871|1.000000|1.000000|1.000000
m60_52_54_00-AEG007_193_1236|13|-9.352081|1750.439697|-32.280930|1.933217|0.816709|10.830850|1.000000|1.000000|1.000000
m60_52_54_00-AEG007_193_1237|13|-12.266396|1752.794067|-35.991547|9.648544|-107.551712|-5.307796|1.000000|1.000000|1.000000
m60_52_54_00-AEG007_193_1238|13|-10.666367|1748.757446|-36.472862|-1.453382|18.638775|10.904725|1.000000|1.000000|1.000000
m60_52_54_00-AEG007_193_1239|13|-127.980293|1741.208252|-66.911034|-7.410618|148.471176|-8.151950|1.000000|1.000000|1.000000
m60_52_54_00-AEG007_193_1240|13|-241.100098|1805.181763|-168.855255|8.155657|-120.971245|-7.406526|1.000000|1.000000|1.000000
m60_52_54_00-AEG007_193_1241|13|-241.800430|1808.852539|-173.799606|0.194360|9.981294|10.998301|1.000000|1.000000|1.000000
m60_52_54_00-AEG007_193_1242|13|-234.582916|1719.326294|-145.399933|-12.122495|142.812973|-11.276546|1.000000|1.000000|1.000000
m60_52_54_00-AEG007_193_1243|13|-277.698334|1733.588013|-215.247543|0.000000|-28.499990|0.000000|1.000000|1.000000|1.000000
m60_52_54_00-AEG007_193_1244|13|-155.198761|1823.359741|-162.207275|10.745391|-91.277359|-2.366908|1.000000|1.000000|1.000000
m60_52_54_00-AEG007_193_1245|13|-153.704880|1816.886353|-161.803864|9.555491|-49.457912|5.474588|1.000000|1.000000|1.000000
m60_52_54_00-AEG007_193_1246|13|-151.401474|1815.825928|-160.596741|10.993464|-80.963272|-0.381562|1.000000|1.000000|1.000000
m60_52_54_00-AEG007_193_1247|13|-159.347733|1816.098877|-166.836914|10.351398|-98.660957|-3.741831|1.000000|1.000000|1.000000
m60_52_54_00-AEG007_193_1248|13|-166.035492|1831.138550|-165.227280|10.144497|-56.379673|4.275643|1.000000|1.000000|1.000000
m60_52_54_00-AEG007_193_1249|13|-134.997208|1746.154785|-93.842865|2.786335|-154.240387|-10.645462|1.000000|1.000000|1.000000
m60_52_54_00-AEG007_193_1250|13|-133.976959|1748.812256|-92.206558|2.786335|137.259613|-10.645462|1.000000|1.000000|1.000000
m60_52_54_00-AEG007_193_1251|13|-132.527771|1755.765747|-91.859489|-4.956970|164.073364|-9.832101|1.000000|1.000000|1.000000
m60_52_54_00-AEG007_193_1252|13|-130.810089|1755.073242|-89.876846|-4.956969|100.073364|-9.832101|1.000000|1.000000|1.000000
m60_52_54_00-AEG007_193_1253|13|-255.415573|1700.061279|-69.121124|0.000000|150.759628|0.000000|1.000000|1.000000|1.000000
m60_52_54_00-AEG007_193_1254|13|-13.264633|1789.202637|-191.624908|0.000000|167.999985|0.000000|1.000000|1.000000|1.000000
m60_52_54_00-AEG007_193_1255|13|-191.354523|1732.334595|-149.099548|0.000000|162.259659|0.000000|1.000000|1.000000|1.000000
m60_52_54_00-AEG007_193_1256|13|-254.372208|1773.665771|-303.728821|0.000000|-62.528831|0.000000|1.000000|1.000000|1.000000
m60_52_54_00-AEG007_193_1257|13|-156.265594|1823.337402|-159.772446|0.388665|8.962640|10.993190|1.000000|1.000000|1.000000
m60_52_54_00-AEG007_193_1258|13|-154.653503|1820.376099|-159.779770|10.941170|-84.890465|-1.142818|1.000000|1.000000|1.000000
m60_52_54_00-AEG007_193_1259|13|-231.384949|1735.763184|-180.940216|-9.519728|154.881683|-13.538000|1.000000|1.000000|1.000000
m60_52_54_00-AEG007_193_1260|13|-239.211273|1748.716309|-200.710876|-8.619661|131.274078|-14.543182|1.000000|1.000000|1.000000
m60_52_54_00-AEG007_193_1261|13|-240.114319|1747.803101|-201.323181|-15.413874|48.812454|6.911561|1.000000|1.000000|1.000000
m60_52_54_00-AEG007_194_1000|13|-249.864868|1775.161743|-292.534821|0.000000|-83.500015|0.000000|1.000000|1.000000|1.000000
m60_52_54_00-AEG007_194_1001|13|-233.676392|1732.668945|-178.684662|-16.236326|110.590302|-2.970978|1.000000|1.000000|1.000000
m60_52_54_00-AEG007_194_1002|13|-231.318390|1731.728760|-175.491318|3.672565|-156.466339|-16.095871|1.000000|1.000000|1.000000
m60_52_54_00-AEG007_194_1003|13|-234.298035|1754.450562|-187.056671|-10.337980|49.688747|12.928936|1.000000|1.000000|1.000000
m60_52_54_00-AEG007_194_1004|13|-243.353912|1739.693359|-198.215424|-0.735557|7.907691|-163.517227|1.000000|1.000000|1.000000
m60_52_54_00-AEG007_194_1005|13|-244.756073|1733.858276|-198.088028|-0.735557|7.907691|-163.517227|1.000000|1.000000|1.000000
m60_52_54_00-AEG007_194_1006|13|-246.999939|1728.980713|-197.828674|170.472824|46.147179|13.532846|1.000000|1.000000|1.000000
m60_52_54_00-AEG007_194_1007|13|-250.192749|1724.097534|-193.651443|170.472824|46.147179|13.532846|1.000000|1.000000|1.000000
m60_52_54_00-AEG007_194_1008|13|-238.382339|1751.333374|-197.595047|-13.554515|134.883179|-9.496059|1.000000|1.000000|1.000000
m60_52_54_00-AEG007_194_1009|13|-241.764984|1744.705688|-198.611664|4.769901|179.054764|-16.188116|1.000000|1.000000|1.000000
m60_52_54_00-AEG007_194_1010|13|-242.916550|1736.250977|-204.492142|-9.988209|42.959652|13.199131|1.000000|1.000000|1.000000
m60_52_54_00-AEG007_194_1011|13|-241.337631|1743.937012|-207.583939|-15.138883|72.184097|6.637121|1.000000|1.000000|1.000000
m60_52_54_00-AEG007_194_1012|13|-239.600418|1729.697876|-197.437805|-13.947811|132.423218|-8.901649|1.000000|1.000000|1.000000
m60_52_54_00-AEG007_194_1013|13|-239.915833|1784.219604|-178.507172|-7.662508|38.501003|14.655390|1.000000|1.000000|1.000000
m60_52_54_00-AEG007_194_1014|13|-235.784637|1726.333130|-181.935623|-11.206814|147.314041|-12.186870|1.000000|1.000000|1.000000
m60_52_54_00-AEG007_194_1015|13|-237.361526|1736.428467|-180.594498|-11.206814|147.314041|-12.186870|1.000000|1.000000|1.000000
m60_52_54_00-AEG007_194_1016|13|-236.196930|1790.838379|-187.421753|-15.891271|115.886703|-4.493974|1.000000|1.000000|1.000000
m60_52_54_00-AEG007_194_1017|13|-234.451935|1748.032837|-184.642868|-7.006571|35.936222|14.974607|1.000000|1.000000|1.000000
m60_52_54_00-AEG007_194_1018|13|-236.811798|1741.574951|-181.947968|-7.006571|35.936222|14.974607|1.000000|1.000000|1.000000
m60_52_54_00-AEG007_194_1019|13|-187.394424|1732.557983|-134.397797|-7.006600|35.936195|14.974606|1.000000|1.000000|1.000000
m60_52_54_00-AEG007_194_1020|13|-183.307220|1738.779419|-125.721901|-16.398848|94.279045|1.837856|1.000000|1.000000|1.000000
m60_52_54_00-AEG007_194_1021|13|-178.688477|1757.584473|-125.849724|7.524382|-16.959442|14.725603|1.000000|1.000000|1.000000
m60_52_54_00-AEG007_194_1023|13|-185.111084|1711.127808|-123.887695|170.472824|46.147179|13.532846|1.000000|1.000000|1.000000
m60_52_54_00-AEG007_194_1024|13|-182.867203|1716.005371|-124.147049|-0.735557|7.907691|-163.517227|1.000000|1.000000|1.000000
m60_52_54_00-AEG007_194_1025|13|-183.956100|1715.828003|-126.736610|-0.735562|-172.092316|-16.482775|1.000000|1.000000|1.000000
m60_52_54_00-AEG007_194_1026|13|-245.068344|1777.677856|-202.933075|-13.226301|64.170929|9.951985|1.000000|1.000000|1.000000
m60_52_54_00-AEG007_194_1027|13|-67.728775|1784.652832|-46.369743|-8.155651|142.971222|-7.406538|1.000000|1.000000|1.000000
m60_52_54_00-AEG007_194_1028|13|-78.439285|1793.642700|-52.453857|5.881067|-136.520599|-9.312274|1.000000|1.000000|1.000000
m60_52_54_00-AEG007_194_1029|13|-11.357315|1744.529785|-34.801003|-6.043225|157.512878|-9.208403|1.000000|1.000000|1.000000
m60_52_54_00-AEG007_194_1030|13|-156.148865|1727.264771|-113.217224|-9.825818|127.572556|-4.969509|1.000000|1.000000|1.000000
m60_52_54_00-AEG007_194_1031|13|-147.008148|1753.307251|-96.056366|-14.965274|125.090202|-7.026802|1.000000|1.000000|1.000000
m60_52_54_00-AEG007_194_1032|13|-127.768105|1748.226685|-75.834175|-16.450909|96.198196|1.272236|1.000000|1.000000|1.000000
m60_52_54_00-AEG007_194_1033|13|-128.117493|1748.698975|-86.472885|-16.326511|108.668480|-2.410302|1.000000|1.000000|1.000000
m60_52_54_00-AEG007_194_1034|13|-134.495712|1755.956299|-94.086716|-15.252343|78.367607|6.366737|1.000000|1.000000|1.000000
m60_52_54_00-AEG007_194_1035|13|-7.881752|1764.812012|-97.533081|4.424351|-85.514145|-13.024759|1.000000|1.000000|1.000000
m60_52_54_00-AEG007_194_1036|13|-7.877640|1773.765381|-99.218277|-7.087907|-135.753174|-11.804909|1.000000|1.000000|1.000000
m60_52_54_00-AEG007_194_1037|13|-27.860214|1771.021484|-50.061111|-0.000000|-168.999985|-11.000001|1.000000|1.000000|1.000000
m60_52_54_00-AEG007_194_1038|13|-48.246094|1796.047729|-194.658508|10.867815|-87.837288|-1.710479|1.000000|1.000000|1.000000
m60_52_54_00-AEG007_194_1039|13|-236.457703|1784.505859|-183.954025|-14.027991|69.095749|8.773203|1.000000|1.000000|1.000000
m60_52_54_00-AEG007_194_1043|13|-236.954956|1716.280518|-148.275833|-16.469862|97.157349|0.988946|1.000000|1.000000|1.000000
m60_52_54_00-AEG007_194_1044|13|-254.590714|1729.062744|-206.887192|0.000000|13.999996|0.000000|1.000000|1.000000|1.000000
m60_52_54_00-AEG007_194_1045|13|-242.120331|1710.557861|-150.493408|-11.213450|53.714470|12.180759|1.000000|1.000000|1.000000
m60_52_54_00-AEG007_194_1048|13|-230.646652|1714.849487|-144.738632|-12.122495|142.812973|-11.276546|1.000000|1.000000|1.000000
m60_52_54_00-AEG007_194_1057|13|-248.372070|1711.263794|-150.791565|-6.054663|168.696106|-15.376407|1.000000|1.000000|1.000000
m60_52_54_00-AEG007_194_1084|13|-250.933731|1769.485474|-290.234436|0.000000|123.000000|0.000000|1.000000|1.000000|1.000000
m60_52_54_00-AEG007_194_1087|13|-255.564713|1769.450928|-293.052551|0.000000|180.000000|0.000000|1.000000|1.000000|1.000000
m60_52_54_00-AEG007_194_1098|13|-260.564789|1729.062744|-208.781631|0.000000|-164.500015|0.000000|1.000000|1.000000|1.000000
m60_52_54_00-AEG007_194_1100|13|-206.131638|1720.850586|-144.222626|-9.638054|154.374649|-13.454828|1.000000|1.000000|1.000000
m60_52_54_00-AEG007_194_1101|13|-152.118530|1727.438110|-97.157982|-4.783525|165.084732|-9.917006|1.000000|1.000000|1.000000
m60_52_54_00-AEG007_194_1102|13|-148.917862|1718.267944|-95.391754|-8.530135|62.020523|6.971138|1.000000|1.000000|1.000000
m60_52_54_00-AEG007_194_1103|13|-156.190887|1718.157715|-105.243256|-8.824104|137.490662|-6.593925|1.000000|1.000000|1.000000
m60_52_54_00-AEG007_194_1104|13|-157.556808|1821.766724|-162.174286|5.551141|-19.462175|9.511503|1.000000|1.000000|1.000000
m60_52_54_00-AEG007_194_1105|13|-159.137360|1816.284790|-163.258575|9.991175|-54.404503|4.625321|1.000000|1.000000|1.000000
m60_52_54_00-AEG007_194_1106|13|-158.841171|1830.908936|-162.097336|10.414182|-60.324688|3.561589|1.000000|1.000000|1.000000
m60_52_54_00-AEG007_194_1107|13|-162.656769|1826.766602|-163.377335|2.409117|-1.726388|10.736127|1.000000|1.000000|1.000000
m60_52_54_00-AEG007_194_1108|13|-164.578705|1816.704102|-164.390060|7.893294|-35.031021|7.685765|1.000000|1.000000|1.000000
m60_52_54_00-AEG007_194_1109|13|-126.160957|1757.390503|-80.933456|8.948040|-43.602726|6.424057|1.000000|1.000000|1.000000
m60_52_54_00-AEG007_194_1110|13|-182.342331|1730.816040|-139.927521|0.000000|145.936203|0.000000|1.000000|1.000000|1.000000
m60_52_54_00-AEG040_034_1010|13|-52.067070|1745.376587|-49.824310|-1.352732|-101.236809|-8.168082|1.000000|1.000000|1.000000
m60_52_54_00-AEG040_037_1001|13|-201.215088|1702.925537|-60.144440|0.000000|90.000000|0.000000|1.000000|1.000000|1.000000
m60_52_55_00-AEG001_420_7226|13|-146.727936|1698.659058|107.085541|-7.941214|-149.900421|13.172743|1.000000|1.000000|1.000000
m60_52_55_00-AEG001_420_7227|13|-147.621185|1698.485840|105.484756|10.262455|119.956917|-0.359059|1.000000|1.000000|1.000000
m60_52_55_00-AEG001_420_7228|13|-133.832123|1677.873413|239.051514|10.712111|-57.183334|8.119805|1.000000|1.000000|1.000000
m60_52_55_00-AEG001_420_7229|13|-133.882431|1678.161255|239.104355|21.152525|30.968287|27.405035|1.000000|1.000000|1.000000
m60_52_55_00-AEG001_420_7230|13|-221.854523|1703.191650|91.520592|-16.618372|51.790474|10.918628|1.000000|1.000000|1.000000
m60_52_55_00-AEG001_420_7231|13|-220.466980|1703.293091|92.726776|8.154974|-40.022839|8.165363|1.000000|1.000000|1.000000
m60_52_55_00-AEG001_420_7232|13|-214.730133|1691.177124|209.181305|20.754990|-113.096817|-4.175689|1.000000|1.000000|1.000000
m60_52_55_00-AEG001_420_7233|13|-214.869812|1691.437988|209.205261|36.706364|-32.857986|36.231140|1.000000|1.000000|1.000000
m60_52_55_00-AEG001_420_7234|13|-79.343956|1678.579712|171.507019|-11.589588|-107.949326|29.959934|1.000000|1.000000|1.000000
m60_52_55_00-AEG001_420_7235|13|-81.082474|1678.506470|170.904846|27.102095|160.194275|2.775340|1.000000|1.000000|1.000000
m60_52_55_00-AEG001_420_7236|13|-77.052124|1670.402222|205.771286|24.055527|114.936089|27.445774|1.000000|1.000000|1.000000
m60_52_55_00-AEG001_420_7237|13|-76.901779|1670.658203|205.776367|-3.384349|-139.315826|37.932323|1.000000|1.000000|1.000000
m60_52_55_00-AEG001_420_7238|13|-92.145683|1667.585449|254.084747|-17.201757|84.023285|19.210344|1.000000|1.000000|1.000000
m60_52_55_00-AEG001_420_7239|13|-90.331993|1667.690552|254.384583|16.550676|-9.151323|8.368221|1.000000|1.000000|1.000000
m60_52_55_00-AEG001_420_7240|13|-110.151695|1688.569824|153.210022|0.324502|-42.313175|22.169626|1.000000|1.000000|1.000000
m60_52_55_00-AEG001_420_7241|13|-110.206009|1688.860718|153.186035|5.957053|48.935394|17.364235|1.000000|1.000000|1.000000
m60_52_55_00-AEG001_420_7242|13|-216.483032|1690.404907|157.970993|-17.640053|2.678833|32.898579|1.000000|1.000000|1.000000
m60_52_55_00-AEG001_420_7243|13|-216.535919|1690.492920|159.809433|30.367483|-92.635475|7.745693|1.000000|1.000000|1.000000
m60_52_55_00-AEG003_071_2000|13|-175.852417|1698.950073|186.236053|0.550377|-175.034546|-0.847497|1.000000|1.000000|1.000001
m60_52_55_00-AEG003_508_2000|13|-189.142258|1710.581543|166.840668|-0.000031|-126.189056|0.000027|1.000000|1.000000|1.000000
m60_52_55_00-AEG003_508_2001|13|-186.228195|1694.422363|194.430664|-0.000000|47.999825|-0.000000|1.000000|1.000000|1.000000
m60_52_55_00-AEG003_539_2002|13|-80.576912|1670.408936|231.282928|13.877417|37.752884|6.987830|1.000000|1.000000|1.000000
m60_52_55_00-AEG003_539_2003|13|-123.781097|1678.817627|215.152344|6.796447|0.817738|-4.526446|1.000000|1.000000|1.000000
m60_52_55_00-AEG003_539_2004|13|-104.516342|1676.920044|212.517761|14.613874|-0.173569|0.716405|1.000000|1.000000|1.000000
m60_52_55_00-AEG003_539_2005|13|-101.467056|1672.948242|237.369171|11.509417|1.567446|-10.994085|1.000000|1.000000|1.000000
m60_52_55_00-AEG003_539_2006|13|-91.237144|1671.733032|233.280121|14.377796|57.121639|-0.927832|1.000000|1.000000|1.000000
m60_52_55_00-AEG003_539_2007|13|-75.025085|1669.421143|229.172882|11.539930|54.211617|-3.035555|1.000000|1.000000|1.000000
m60_52_55_00-AEG003_539_2008|13|-157.724609|1688.718628|164.957047|5.310746|0.942020|-5.693789|1.000000|1.000000|1.000000
m60_52_55_00-AEG003_539_2009|13|-130.838196|1688.721802|154.957626|12.174979|0.306785|-1.471626|1.000000|1.000000|1.000000
m60_52_55_00-AEG003_539_2010|13|-141.215363|1690.814209|146.055954|10.815797|0.428581|-2.077272|1.000000|1.000000|1.000000
m60_52_55_00-AEG003_539_2011|13|-169.878662|1695.167114|129.495346|12.669758|-0.198704|0.521062|1.000000|1.000000|1.000000
m60_52_55_00-AEG003_539_2012|13|-179.974075|1696.304688|127.757072|8.414140|80.806656|12.776552|1.000000|1.000000|1.000000
m60_52_55_00-AEG003_539_2013|13|-167.009979|1696.625732|122.519653|-5.342018|-133.953873|-7.052455|1.000000|1.000000|1.000000
m60_52_55_00-AEG003_539_2014|13|-166.885956|1699.024170|99.721481|-8.171115|175.888382|5.942483|1.000000|1.000000|1.000000
m60_52_55_00-AEG003_539_2015|13|-173.796906|1692.757690|149.000381|6.487150|1.093896|-7.154444|1.000000|1.000000|1.000000
m60_52_55_00-AEG003_539_2016|13|-180.839584|1692.870605|154.643204|3.925036|0.651327|-2.312234|1.000000|1.000000|1.000000
m60_52_55_00-AEG003_539_2017|13|-147.951218|1692.546631|137.399811|9.541775|-0.264110|-0.253718|1.000000|1.000000|1.000000
m60_52_55_00-AEG003_539_2018|13|-74.556335|1669.304321|232.360123|14.258184|65.760437|7.221096|1.000000|1.000000|1.000000
m60_52_55_00-AEG003_539_2019|13|-122.720528|1677.787598|224.780182|5.173240|1.026851|-4.542140|1.000000|1.000000|1.000000
m60_52_55_00-AEG003_539_2020|13|-90.480225|1670.125000|243.281998|11.307021|35.994987|-0.515897|1.000000|1.000000|1.000000
m60_52_55_00-AEG003_539_2021|13|-158.277985|1694.812012|130.686050|12.306146|55.818989|6.149631|1.000000|1.000000|1.000000
m60_52_55_00-AEG003_539_2022|13|-142.820801|1692.950684|133.451752|4.533005|87.046982|4.471506|1.000000|1.000000|1.000000
m60_52_55_00-AEG003_539_2023|13|-115.984741|1680.198120|197.109802|8.095058|1.797897|-12.885759|1.000000|1.000000|1.000000
m60_52_55_00-AEG003_539_2024|13|-101.956268|1679.726562|197.406006|7.884662|1.134249|-2.647573|1.000000|1.000000|1.000000
m60_52_55_00-AEG003_539_2025|13|-132.786255|1685.940430|169.166443|1.649408|82.892853|10.359649|1.000000|1.000000|1.000000
m60_52_55_00-AEG003_539_2026|13|-177.007141|1694.094604|140.616501|4.479238|1.246428|-9.048362|1.000000|1.000000|1.000000
m60_52_55_00-AEG003_539_2028|13|-174.230438|1694.455933|133.285294|-10.777239|-133.505798|-3.902239|1.000000|1.000000|1.000000
m60_52_55_00-AEG003_539_2029|13|-161.716873|1692.535278|140.317810|-13.957921|175.198700|2.436820|1.000000|1.000000|1.000000
m60_52_55_00-AEG003_539_2030|13|-144.114502|1686.004639|177.265106|5.907458|1.147609|-8.288648|1.000000|1.000000|1.000000
m60_52_55_00-AEG003_539_2031|13|-150.642075|1686.206665|185.386597|3.398703|0.867707|-5.685288|1.000000|1.000000|1.000000
m60_52_55_00-AEG003_539_2033|13|-67.971924|1668.137939|223.975952|14.442870|65.040909|-5.452678|1.000000|1.000000|1.000000
m60_52_55_00-AEG003_539_2034|13|-113.013702|1677.255127|218.907913|4.837796|1.362158|-7.960929|1.000000|1.000000|1.000000
m60_52_55_00-AEG003_539_2038|13|-165.242859|1690.680054|156.513214|7.883733|-0.790362|-9.297955|1.000000|1.000000|1.000000
m60_52_55_00-AEG003_539_2040|13|-160.401016|1697.847900|111.613220|3.995579|0.294982|-1.808408|1.000000|1.000000|1.000000
m60_52_55_00-AEG003_539_2041|13|-116.344116|1687.171265|166.824829|-1.567063|74.617142|8.068940|1.000000|1.000000|1.000000
m60_52_55_00-AEG003_539_2042|13|-120.436371|1686.296753|169.929138|-4.168873|90.887444|10.877625|1.000000|1.000000|1.000000
m60_52_55_00-AEG003_539_2043|13|-113.551399|1687.928467|159.475677|-4.859165|-133.908951|-6.543366|1.000000|1.000000|1.000000
m60_52_55_00-AEG003_539_2044|13|-95.080055|1680.269775|178.532227|-0.183133|175.204956|10.657144|1.000000|1.000000|1.000000
m60_52_55_00-AEG003_539_2045|13|-126.845886|1689.028687|153.322266|13.066340|0.788805|1.074635|1.000000|1.000000|1.000000
m60_52_55_00-AEG003_539_2047|13|-191.350220|1704.335205|102.647705|-7.387221|173.534515|-6.122112|1.000000|1.000000|1.000000
m60_52_55_00-AEG003_539_2048|13|-203.536774|1702.847656|112.136703|13.877662|2.609269|-15.435742|1.000000|1.000000|1.000000
m60_52_55_00-AEG003_539_2049|13|-202.804657|1704.858765|87.610832|-3.154775|174.073639|-0.359193|1.000000|1.000000|1.000000
m60_52_55_00-AEG003_539_2050|13|-178.577332|1703.326050|84.492310|-2.673439|174.572433|9.420606|1.000000|1.000000|1.000000
m60_52_55_00-AEG003_540_2002|13|-77.308754|1669.092773|229.189621|14.208025|34.044075|5.151002|1.000000|1.000000|1.000000
m60_52_55_00-AEG003_540_2003|13|-103.334702|1673.064331|238.797974|4.521012|11.753854|-8.351247|1.000000|1.000000|1.000000
m60_52_55_00-AEG003_540_2004|13|-145.886597|1693.047974|133.809265|6.255443|33.481236|2.152903|1.000000|1.000000|1.000000
m60_52_55_00-AEG003_540_2005|13|-75.784653|1669.798950|226.102753|8.977338|56.366329|-1.869019|1.000000|1.000000|1.000000
m60_52_55_00-AEG003_541_2002|13|-63.141144|1667.601196|235.006042|13.705784|-0.085351|-4.389571|1.000000|1.000000|1.000000
m60_52_55_00-AEG003_541_2003|13|-105.582863|1677.787720|208.822784|13.230649|-1.938163|3.501018|1.000000|1.000000|1.000000
m60_52_55_00-AEG003_541_2004|13|-128.282562|1678.885986|217.406982|2.801443|-34.544521|-6.500201|1.000000|1.000000|1.000000
m60_52_55_00-AEG003_541_2005|13|-117.687317|1679.101440|208.690659|10.515185|79.228996|6.122117|1.000000|1.000000|1.000000
m60_52_55_00-AEG003_541_2006|13|-90.391716|1678.557739|190.871567|-0.092348|79.165146|0.968302|1.000000|1.000000|1.000000
m60_52_55_00-AEG003_541_2007|13|-151.733780|1688.783325|158.293243|6.728966|79.403061|4.979564|1.000000|1.000000|1.000000
m60_52_55_00-AEG003_541_2008|13|-139.178055|1687.137939|163.738159|5.978739|79.214218|6.684461|1.000000|1.000000|1.000000
m60_52_55_00-AEG003_541_2009|13|-143.975708|1687.249756|167.432877|9.767472|35.206539|-3.102078|1.000000|1.000000|1.000000
m60_52_55_00-AEG003_541_2010|13|-150.397980|1689.259155|154.207092|-7.531840|159.906937|6.598128|1.000000|1.000000|1.000000
m60_52_55_00-AEG003_541_2011|13|-126.703468|1679.597290|210.551285|-8.078101|-151.695007|-0.872784|1.000000|1.000000|1.000000
m60_52_55_00-AEG003_541_2012|13|-101.888428|1680.668579|189.833725|10.993873|59.600533|2.027336|1.000000|1.000000|1.000000
m60_52_55_00-AEG003_541_2013|13|-143.669189|1690.535767|147.488724|9.029046|39.301754|7.847505|1.000000|1.000000|1.000000
m60_52_55_00-AEG003_541_2014|13|-145.503036|1687.049072|171.464050|3.330674|-21.704151|-11.006637|1.000000|1.000000|1.000000
m60_52_55_00-AEG003_541_2015|13|-162.866638|1696.516968|123.101601|9.051067|52.731678|7.185085|1.000000|1.000000|1.000000
m60_52_55_00-AEG003_541_2016|13|-190.431122|1697.939941|127.172684|10.977891|79.420898|6.333772|1.000000|1.000000|1.000000
m60_52_55_00-AEG003_541_2017|13|-164.061523|1698.337524|101.831131|7.837478|79.627472|3.458043|1.000000|1.000000|1.000000
m60_52_55_00-AEG003_541_2018|13|-167.843719|1692.592041|142.233276|7.074054|79.189766|6.732573|1.000000|1.000000|1.000000
m60_52_55_00-AEG003_541_2019|13|-182.384903|1693.253540|150.340073|2.862232|79.203667|6.573566|1.000000|1.000000|1.000000
m60_52_55_00-AEG003_541_2021|13|-124.059692|1678.257568|221.006729|5.514094|-0.327057|-4.165069|1.000000|1.000000|1.000000
m60_52_55_00-AEG003_541_2022|13|-79.807281|1670.691895|225.154419|-2.351512|-33.983738|-12.150829|1.000000|1.000000|1.000000
m60_52_55_00-AEG003_541_2023|13|-98.494019|1671.513306|241.412323|14.627231|9.509835|-5.655396|1.000000|1.000000|1.000000
m60_52_55_00-AEG003_541_2024|13|-100.021751|1674.462769|223.618256|12.544790|79.336876|1.491877|1.000000|1.000000|1.000000
m60_52_55_00-AEG003_541_2025|13|-109.971039|1681.244629|190.471527|-0.028932|78.969086|12.314119|1.000000|1.000000|1.000000
m60_52_55_00-AEG003_541_2026|13|-104.118134|1680.064331|195.726196|3.934026|79.714020|8.407390|1.000000|1.000000|1.000000
m60_52_55_00-AEG003_541_2027|13|-110.917023|1679.024780|201.627029|8.308542|34.413063|7.443732|1.000000|1.000000|1.000000
m60_52_55_00-AEG003_541_2028|13|-108.624550|1682.175415|186.397186|-11.268898|159.669586|5.171928|1.000000|1.000000|1.000000
m60_52_55_00-AEG003_541_2029|13|-78.146439|1670.816895|218.392212|-9.847768|-149.331665|10.401287|1.000000|1.000000|1.000000
m60_52_55_00-AEG003_541_2030|13|-92.043869|1674.242188|219.576431|17.810375|32.275051|-1.736425|1.000000|1.000000|1.000000
m60_52_55_00-AEG003_541_2031|13|-133.881241|1686.113159|168.312973|8.818157|39.609875|5.735146|1.000000|1.000000|1.000000
m60_52_55_00-AEG003_541_2032|13|-112.716743|1678.539673|205.648376|3.971483|-21.680733|-9.560270|1.000000|1.000000|1.000000
m60_52_55_00-AEG003_541_2033|13|-170.399246|1694.040527|134.284714|3.644181|78.740906|11.776175|1.000000|1.000000|1.000000
m60_52_55_00-AEG003_541_2034|13|-197.672134|1695.149780|140.421249|2.160062|78.339729|15.562041|1.000000|1.000000|1.000000
m60_52_55_00-AEG003_541_2035|13|-150.213196|1692.796265|136.318588|4.963171|78.916451|9.765151|1.000000|1.000000|1.000000
m60_52_55_00-AEG003_541_2036|13|-140.645752|1685.621216|175.978775|9.131691|79.533127|4.234991|1.000000|1.000000|1.000000
m60_52_55_00-AEG003_541_2037|13|-151.507629|1686.628296|182.091766|9.632289|79.396164|4.823588|1.000000|1.000000|1.000000
m60_52_55_00-AEG003_541_2039|13|-113.550690|1677.510376|216.475403|4.445770|-0.101114|-8.327144|1.000000|1.000000|1.000000
m60_52_55_00-AEG003_541_2040|13|-74.197968|1669.465454|226.043915|-3.765592|-34.103615|-11.930780|1.000000|1.000000|1.000000
m60_52_55_00-AEG003_541_2041|13|-63.468414|1666.484009|217.115417|17.473211|80.867897|-5.973131|1.000000|1.000000|1.000000
m60_52_55_00-AEG003_541_2042|13|-151.584244|1694.097534|129.591110|8.725156|79.092468|7.790486|1.000000|1.000000|1.000000
m60_52_55_00-AEG003_541_2043|13|-159.245834|1690.791626|149.863525|7.642381|79.264915|6.187140|1.000000|1.000000|1.000000
m60_52_55_00-AEG003_541_2045|13|-197.000031|1693.524902|145.568085|6.203916|34.694550|4.553305|1.000000|1.000000|1.000000
m60_52_55_00-AEG003_541_2046|13|-157.906723|1691.291260|145.784180|-8.260025|159.968460|6.778252|1.000000|1.000000|1.000000
m60_52_55_00-AEG003_541_2047|13|-72.457397|1669.426392|219.098587|-7.993000|-149.379013|12.547961|1.000000|1.000000|1.000000
m60_52_55_00-AEG003_541_2048|13|-158.674500|1696.588745|120.844269|9.173763|59.543903|7.208555|1.000000|1.000000|1.000000
m60_52_55_00-AEG003_541_2049|13|-162.830200|1697.748291|113.098633|3.653824|39.804001|3.708575|1.000000|1.000000|1.000000
m60_52_55_00-AEG003_541_2050|13|-196.225540|1693.168213|151.876526|3.012769|-22.018602|-0.248947|1.000000|1.000000|1.000000
m60_52_55_00-AEG003_541_2051|13|-109.680489|1687.930420|160.649918|-0.769135|79.007454|4.745915|1.000000|1.000000|1.000000
m60_52_55_00-AEG003_541_2052|13|-128.798431|1687.203125|163.600769|-10.056899|150.326294|3.172951|1.000000|1.000000|1.000000
m60_52_55_00-AEG003_541_2053|13|-92.078842|1679.332031|180.675232|0.546661|78.760437|0.989804|1.000000|1.000000|1.000000
m60_52_55_00-AEG003_541_2054|13|-129.697144|1689.470703|151.396454|3.028642|78.934013|12.661067|1.000000|1.000000|1.000000
m60_52_55_00-AEG003_541_2056|13|-200.868591|1703.331055|105.176544|8.773323|79.285934|6.591159|1.000000|1.000000|1.000000
m60_52_55_00-AEG003_541_2057|13|-194.373672|1704.844116|88.997864|0.554611|78.854622|2.219538|1.000000|1.000000|1.000000
m60_52_55_00-AEG003_542_2002|13|-81.424179|1670.524902|229.692734|1.855980|-4.681812|-9.813462|1.000000|1.000000|1.000000
m60_52_55_00-AEG003_542_2003|13|-99.511459|1673.613647|232.008545|13.613988|47.625374|0.580756|1.000000|1.000000|1.000000
m60_52_55_00-AEG003_542_2004|13|-120.690674|1678.939209|212.275879|3.784116|21.503237|-0.042811|1.000000|1.000000|1.000000
m60_52_55_00-AEG003_542_2005|13|-101.369919|1677.312012|211.048889|1.149876|-24.255774|-7.156561|1.000000|1.000000|1.000000
m60_52_55_00-AEG003_542_2006|13|-94.224915|1678.859619|193.519241|1.246182|20.637064|-2.345378|1.000000|1.000000|1.000000
m60_52_55_00-AEG003_542_2007|13|-62.896317|1668.736694|229.960876|-4.297938|-1.761124|6.153838|1.000000|1.000000|1.000000
m60_52_55_00-AEG003_542_2008|13|-114.091675|1682.991211|182.978210|14.518853|20.059011|5.887816|1.000000|1.000000|1.000000
m60_52_55_00-AEG003_542_2009|13|-154.967178|1688.705811|162.169434|7.399499|21.767511|-2.942659|1.000000|1.000000|1.000000
m60_52_55_00-AEG003_542_2010|13|-140.957626|1687.309448|163.729279|8.553720|21.774124|-2.833735|1.000000|1.000000|1.000000
m60_52_55_00-AEG003_542_2011|13|-103.695984|1681.313477|187.137421|-14.462038|-153.074783|5.789324|1.000000|1.000000|1.000000
m60_52_55_00-AEG003_542_2012|13|-140.728043|1686.237427|171.563766|10.644659|22.113558|-4.836363|1.000000|1.000000|1.000000
m60_52_55_00-AEG003_542_2013|13|-149.077957|1687.769043|167.853134|0.945517|-35.230850|-6.164310|1.000000|1.000000|1.000000
m60_52_55_00-AEG003_542_2014|13|-141.818832|1691.382080|143.281555|6.218943|63.623764|8.997684|1.000000|1.000000|1.000000
m60_52_55_00-AEG003_542_2015|13|-166.742950|1695.744385|127.092331|10.549033|20.522202|4.160240|1.000000|1.000000|1.000000
m60_52_55_00-AEG003_542_2016|13|-183.402924|1696.962280|126.748543|12.441560|20.814590|2.069410|1.000000|1.000000|1.000000
m60_52_55_00-AEG003_542_2017|13|-168.375427|1698.689941|104.107346|7.450125|21.148754|0.206299|1.000000|1.000000|1.000000
m60_52_55_00-AEG003_542_2018|13|-171.061005|1692.613525|146.153671|8.121833|22.252729|-6.491403|1.000000|1.000000|1.000000
m60_52_55_00-AEG003_542_2019|13|-150.053955|1693.127441|134.489731|9.878748|-2.307852|-4.392599|1.000000|1.000000|1.000000
m60_52_55_00-AEG003_542_2020|13|-92.154686|1670.433472|242.633530|8.111478|82.666878|8.901704|1.000000|1.000000|1.000000
m60_52_55_00-AEG003_542_2021|13|-88.210907|1670.226685|240.496353|12.017881|57.553722|1.837677|1.000000|1.000000|1.000000
m60_52_55_00-AEG003_542_2022|13|-120.174904|1677.702026|223.166824|-6.101457|-24.840576|-7.632206|1.000000|1.000000|1.000000
m60_52_55_00-AEG003_542_2023|13|-99.281158|1674.130371|227.302994|10.948738|107.951530|7.594899|1.000000|1.000000|1.000000
m60_52_55_00-AEG003_542_2025|13|-119.182129|1678.333008|215.457886|3.253366|21.712080|-0.225480|1.000000|1.000000|1.000000
m60_52_55_00-AEG003_542_2026|13|-113.223740|1680.340210|194.326233|10.120646|20.942371|2.414144|1.000000|1.000000|1.000000
m60_52_55_00-AEG003_542_2027|13|-108.320587|1679.704102|197.814880|-6.272420|20.672333|3.988203|1.000000|1.000000|1.000000
m60_52_55_00-AEG003_542_2028|13|-92.225311|1675.108643|216.617981|-17.185072|-175.548279|15.256596|1.000000|1.000000|1.000000
m60_52_55_00-AEG003_542_2029|13|-101.022522|1680.051147|193.787628|9.192916|22.792425|-3.374140|1.000000|1.000000|1.000000
m60_52_55_00-AEG003_542_2030|13|-116.280823|1679.723145|202.049515|-1.520744|-35.418934|-14.009140|1.000000|1.000000|1.000000
m60_52_55_00-AEG003_542_2031|13|-127.238876|1689.287354|152.187256|12.885451|-19.637878|-3.883341|1.000000|1.000000|1.000000
m60_52_55_00-AEG003_542_2032|13|-173.942780|1693.821045|137.937912|8.244012|22.016518|-4.879242|1.000000|1.000000|1.000000
m60_52_55_00-AEG003_542_2034|13|-163.737946|1692.012085|143.622147|9.302036|21.398876|-1.288196|1.000000|1.000000|1.000000
m60_52_55_00-AEG003_542_2035|13|-143.031250|1686.120483|174.968170|8.856106|90.058342|7.432530|1.000000|1.000000|1.000000
m60_52_55_00-AEG003_542_2038|13|-66.729309|1667.754272|220.975296|1.555426|23.247042|-15.336999|1.000000|1.000000|1.000000
m60_52_55_00-AEG003_542_2039|13|-114.235107|1677.312988|220.074692|-0.725305|81.445580|5.837992|1.000000|1.000000|1.000000
m60_52_55_00-AEG003_542_2040|13|-154.665359|1694.483032|129.810349|7.895862|-14.831609|-10.248724|1.000000|1.000000|1.000000
m60_52_55_00-AEG003_542_2042|13|-69.774750|1668.544189|215.738525|2.172171|24.364159|-14.135303|1.000000|1.000000|1.000000
m60_52_55_00-AEG003_542_2043|13|-162.477753|1690.724121|153.742615|10.015626|21.871824|-3.879258|1.000000|1.000000|1.000000
m60_52_55_00-AEG003_542_2045|13|-159.796417|1697.204224|117.601738|-7.868189|-153.672333|0.265722|1.000000|1.000000|1.000000
m60_52_55_00-AEG003_542_2047|13|-200.920074|1693.448975|149.195786|7.428978|-35.027504|-3.915077|1.000000|1.000000|1.000000
m60_52_55_00-AEG003_542_2048|13|-161.063461|1697.985840|108.712280|2.611509|64.102150|0.501008|1.000000|1.000000|1.000000
m60_52_55_00-AEG003_542_2049|13|-113.235802|1687.496094|164.287201|2.717677|20.540075|2.922310|1.000000|1.000000|1.000000
m60_52_55_00-AEG003_542_2050|13|-120.826477|1686.661377|167.788391|10.342790|-26.452257|-1.250001|1.000000|1.000000|1.000000
m60_52_55_00-AEG003_542_2051|13|-96.449577|1679.332275|182.206726|2.665195|21.480532|0.269082|1.000000|1.000000|1.000000
m60_52_55_00-AEG003_542_2052|13|-132.976089|1688.780396|154.943024|11.793906|22.735842|4.164475|1.000000|1.000000|1.000000
m60_52_55_00-AEG003_542_2053|13|-193.494446|1703.294922|107.167130|10.718971|19.022541|12.406521|1.000000|1.000000|1.000000
m60_52_55_00-AEG003_542_2054|13|-202.032532|1702.939087|109.641808|15.295280|23.149559|-10.146102|1.000000|1.000000|1.000000
m60_52_55_00-AEG003_542_2055|13|-195.750000|1705.143677|85.269775|5.593324|10.878197|-1.629384|1.000000|1.000000|1.000000
m60_52_55_00-AEG003_542_2056|13|-205.731354|1704.757202|92.968567|2.691805|11.989280|-3.472126|1.000000|1.000000|1.000000
m60_52_55_00-AEG007_037_1007|13|-190.679642|1698.790161|72.581833|-2.289220|-88.535599|-67.126427|1.000000|1.000001|1.000000
m60_52_55_00-AEG007_037_1018|13|-90.355103|1666.590332|211.434464|-96.113419|-28.481897|1.898719|1.000001|1.000000|1.000000
m60_52_55_00-AEG007_037_1019|13|-138.335754|1677.710693|204.900513|-22.882761|73.827400|-103.156250|1.000000|1.000001|1.000000
m60_52_55_00-AEG007_037_1024|13|-147.397369|1681.617554|212.014664|-12.409287|-36.708813|-82.754189|1.000000|1.000001|1.000000
m60_52_55_00-AEG007_037_1026|13|-179.364777|1699.435791|101.766144|-0.387795|-20.908932|-95.383644|1.000000|1.000001|1.000000
m60_52_55_00-AEG007_042_1005|13|-144.789078|1681.766235|208.936188|-82.768974|-128.742462|-84.170692|1.000000|1.000000|1.000000
m60_52_55_00-AEG007_042_1006|13|-82.968765|1669.136230|207.647614|-69.157471|-116.350975|29.177820|1.000000|1.000000|1.000000
m60_52_55_00-AEG007_042_1011|13|-175.042770|1701.793701|94.918587|-28.377068|-46.097363|-93.398918|1.000000|1.000000|1.000000
m60_52_55_00-AEG007_042_1014|13|-88.731003|1669.822021|214.840881|-101.034187|-7.313351|-0.272331|1.000000|1.000000|1.000001
m60_52_55_00-AEG007_042_1015|13|-98.423492|1682.283813|164.493164|-30.899340|-65.123131|-98.366608|1.000000|1.000000|1.000000
m60_52_55_00-AEG007_042_1016|13|-102.637566|1683.022583|170.257599|164.142303|-59.629002|-60.980373|1.000000|1.000000|1.000000
m60_52_55_00-AEG007_042_1017|13|-162.098785|1687.357056|171.081268|24.788927|33.059647|-77.304558|1.000000|1.000000|1.000000
m60_52_55_00-AEG007_042_1018|13|-175.666687|1700.460449|89.760712|-90.146721|-16.029860|6.184344|1.000000|1.000000|1.000000
m60_52_55_00-AEG007_042_1019|13|-209.089661|1701.372559|73.358398|-15.673561|-61.950409|-59.990856|1.000000|1.000000|1.000000
m60_52_55_00-AEG007_042_1022|13|-178.863785|1686.021240|215.787994|-146.451920|-16.494404|-78.292984|1.000000|1.000000|1.000000
m60_52_55_00-AEG007_042_1030|13|-184.447296|1686.605103|213.492340|68.681358|-64.704002|-81.329033|1.000000|1.000000|1.000000
m60_52_55_00-AEG007_042_1031|13|-188.509384|1687.872437|209.934799|-65.380058|168.125443|-12.714008|1.000000|1.000000|1.000000
m60_52_55_00-AEG007_046_2002|13|-158.347672|1691.086060|159.246765|-0.506512|143.778610|-1.500002|1.000000|1.000000|1.000000
m60_52_55_00-AEG007_046_2003|13|-142.813629|1692.104248|165.470352|2.500623|144.935120|1.999688|1.000000|1.000000|1.000000
m60_52_55_00-AEG007_046_2004|13|-150.450256|1699.321045|155.181259|2.468904|118.897461|-4.584126|1.000000|1.000000|1.000000
m60_52_55_00-AEG007_046_2005|13|-143.737381|1695.049561|145.932007|-2.005073|-41.177174|-1.514901|1.000000|1.000000|1.000000
m60_52_55_00-AEG007_046_2006|13|-181.107056|1703.843994|153.095322|-0.002893|153.902298|0.004317|1.000000|1.000000|1.000000
m60_52_55_00-AEG007_046_2007|13|-117.736755|1683.113647|182.374756|2.500623|-32.879154|1.999716|1.000000|1.000000|1.000000
m60_52_55_00-AEG007_046_2009|13|-101.050621|1694.583618|187.047226|-1.028720|118.922951|-6.083910|1.000000|1.000000|1.000000
m60_52_55_00-AEG007_046_2010|13|-92.203400|1686.476685|190.979889|1.000596|-125.064819|1.999688|1.000000|1.000000|1.000000
m60_52_55_00-AEG007_046_2011|13|-96.625473|1682.626587|175.876328|-0.999951|-41.133217|0.499915|1.000000|1.000000|1.000000
m60_52_55_00-AEG007_046_2012|13|-123.334251|1687.952515|212.840790|-0.511500|91.415413|-1.500025|1.000000|1.000000|1.000000
m60_52_55_00-AEG007_046_2014|13|-102.206573|1684.122925|236.916412|1.000623|-88.619514|1.999661|1.000000|1.000000|1.000000
m60_52_55_00-AEG007_046_2015|13|-61.723846|1682.040894|234.327438|-0.999951|-41.185928|0.499915|1.000000|1.000000|1.000000
m60_52_55_00-AEG007_046_2016|13|-92.573143|1685.498657|230.537460|-1.028720|118.922951|-6.083910|1.000000|1.000000|1.000000
m60_52_55_00-AEG007_046_2017|13|-99.472771|1682.916260|230.851044|1.000595|56.093437|1.999688|1.000000|1.000000|1.000000
m60_52_55_00-AEG007_046_2018|13|-81.810638|1680.363037|231.472687|1.000623|-125.064819|1.999688|1.000000|1.000000|1.000000
m60_52_55_00-AEG007_046_2020|13|-191.334198|1707.908203|127.585281|2.500595|107.513092|1.999688|1.000000|1.000000|1.000000
m60_52_55_00-AEG007_046_2021|13|-166.379745|1705.351562|101.710724|1.000623|40.963615|1.999688|1.000000|1.000000|1.000000
m60_52_55_00-AEG007_046_2022|13|-170.306458|1704.890381|127.068939|1.500328|91.439926|0.011721|1.000000|1.000000|1.000000
m60_52_55_00-AEG007_046_2023|13|-181.033066|1700.771973|125.281639|-2.004695|121.825073|-1.483362|1.000000|1.000000|1.000000
m60_52_55_00-AEG007_046_2024|13|-164.532074|1701.057251|121.379875|-0.007718|178.946533|-0.000404|1.000000|1.000000|1.000000
m60_52_55_00-AEG007_103_2000|13|-167.218613|1720.995605|125.158524|0.997727|-54.584431|1.997721|1.000000|1.000000|1.000000
m60_52_55_00-AEG007_103_2001|13|-150.329590|1696.898804|156.815430|-0.054368|179.998352|-3.486292|1.000000|1.000000|1.000000
m60_52_55_00-AEG007_103_2002|13|-100.781372|1705.970215|188.589569|-2.054365|-0.001677|-4.986300|1.000000|1.000000|1.000000
m60_52_55_00-AEG007_103_2003|13|-128.138596|1696.904297|214.251465|-0.000055|-90.001663|-0.003486|1.000000|1.000000|1.000000
m60_52_55_00-AEG007_103_2004|13|-92.384491|1696.900391|232.120697|-1.000033|-90.010406|0.496446|1.000000|1.000000|1.000000
m60_52_55_00-AEG007_193_1000|13|-189.155884|1694.783936|67.484253|11.500000|168.000000|-0.000000|1.000000|1.000000|1.000000
m60_52_55_00-AEG007_193_1001|13|-195.771332|1694.711548|65.409042|-20.982231|-34.267788|5.779405|1.000000|1.000000|1.000000
m60_52_55_00-AEG007_193_1002|13|-216.516510|1696.341797|77.282082|-8.917356|5.772476|-6.574931|1.000000|1.000000|1.000000
m60_52_55_00-AEG007_193_1003|13|-217.524811|1684.705078|140.538422|0.000000|-77.727524|0.000000|1.000000|1.000000|1.000000
m60_52_55_00-AEG007_193_1004|13|-218.612457|1686.067139|146.316803|0.000000|-77.727524|0.000000|1.000000|1.000000|1.000000
m60_52_55_00-AEG007_193_1005|13|-212.613861|1684.949951|210.909073|5.245450|-42.808697|11.630584|1.000000|1.000000|1.000000
m60_52_55_00-AEG007_193_1006|13|-128.864441|1682.773560|126.244919|0.000000|-38.227520|0.000000|1.000000|1.000000|1.000000
m60_52_55_00-AEG007_193_1007|13|-20.277901|1650.145752|240.399475|-4.482948|-6.015336|-0.391801|1.000000|1.000000|1.000000
m60_52_55_00-AEG007_193_1008|13|-17.809509|1650.128784|240.659576|-4.482948|-6.015336|-0.391801|1.000000|1.000000|1.000000
m60_52_55_00-AEG007_193_1009|13|-217.953644|1694.390625|134.084610|0.000000|-77.727524|0.000000|1.000000|1.000000|1.000000
m60_52_55_00-AEG007_194_1092|13|-206.269440|1681.491821|210.419144|5.971904|-170.183853|-11.278509|1.000000|1.000000|1.000000
m60_52_55_00-AEG007_194_1094|13|-212.885620|1684.785034|202.953674|11.879196|-87.257881|4.647689|1.000000|1.000000|1.000000
m60_52_55_00-AEG007_194_1095|13|-211.194382|1682.826904|209.573868|-5.752308|134.651718|-11.390976|1.000000|1.000000|1.000000
m60_52_55_00-AEG007_194_1096|13|-105.554459|1670.361572|242.767609|0.000000|132.500015|0.000000|1.000000|1.000000|1.000000
m60_52_55_00-AEG007_194_1097|13|-103.800575|1661.378784|245.234192|0.000000|-177.500000|0.000000|1.000000|1.000000|1.000000
m60_52_55_00-AEG007_194_1098|13|-214.928741|1698.809692|134.085541|6.498816|85.296158|-8.972775|1.000000|1.000000|1.000000
m60_52_55_00-AEG007_194_1099|13|-216.977814|1693.576172|126.699921|6.498815|109.796158|-8.972775|1.000000|1.000000|1.000000
m60_52_55_00-AEG007_194_1100|13|-170.672211|1676.709961|226.123093|0.000000|-125.683846|0.000000|1.000000|1.000000|1.000000
m60_52_55_00-AEG007_194_1101|13|-174.683334|1676.709961|224.851669|0.000000|128.816147|0.000000|1.000000|1.000000|1.000000
m60_52_55_00-AEG007_194_1102|13|-46.737984|1652.134277|215.609756|0.000000|-22.703838|0.000000|1.000000|1.000000|1.000000
m60_52_55_00-AEG030_035_2000|13|-167.717682|1706.699585|200.496948|-0.000044|-135.000092|-0.000044|1.000000|1.000000|1.000000
m60_52_55_00-AEG030_035_2005|13|-203.706085|1710.948730|165.057877|-0.000005|44.999832|-0.000000|1.000000|1.000000|1.000000
m60_52_55_00-AEG030_035_2006|13|-175.644150|1706.698853|222.492981|0.000027|134.999878|-0.000029|1.000000|1.000000|1.000000
m60_52_55_00-AEG030_035_2007|13|-197.527039|1710.948730|158.878876|-0.000005|44.999832|-0.000000|1.000000|1.000000|1.000000
m60_52_55_00-AEG030_035_2008|13|-186.864685|1710.948730|169.611588|-0.000005|-135.000183|-0.000000|1.000000|1.000000|1.000000
m60_52_55_00-AEG030_035_2009|13|-197.296356|1710.948730|180.043182|-0.000005|-135.000168|-0.000000|1.000000|1.000000|1.000000
m60_52_55_00-AEG030_035_2010|13|-175.225418|1706.689087|177.306854|0.000027|-45.000126|-0.000029|1.000000|1.000000|1.000000
m60_52_55_00-AEG030_035_2011|13|-162.485062|1706.689087|190.047256|0.000027|-45.000126|-0.000029|1.000000|1.000000|1.000000
m60_52_55_00-AEG030_035_2012|13|-168.527313|1706.689087|184.004959|0.000082|-45.000149|-0.000087|1.000000|1.000000|1.000000
m60_52_55_00-AEG030_035_2014|13|-168.964813|1679.965820|209.620712|0.000000|134.999939|0.000000|1.000000|1.000000|1.000000
m60_52_55_00-AEG030_035_2015|13|-161.550171|1706.699585|213.252502|0.000000|-45.000095|0.000000|1.000000|1.000000|1.000000
m60_52_55_00-AEG030_035_2016|13|-166.499985|1706.699585|224.735504|0.000000|-135.000092|0.000000|1.000000|1.000000|1.000000
m60_52_55_00-AEG030_035_2017|13|-165.390213|1706.627563|220.204254|-2.122294|44.960602|-2.120831|1.000000|1.000000|1.000000
m60_52_55_00-AEG030_036_2002|13|-187.212830|1710.948730|161.952026|-0.000000|-45.000290|-0.000008|1.000000|1.000000|1.000000
m60_52_55_00-AEG030_036_2003|13|-183.173157|1706.689087|169.359100|0.000000|-45.000248|0.000000|1.000000|1.000000|1.000000
m60_52_55_00-AEG030_036_2005|13|-201.235138|1710.846680|186.141174|-0.000001|-100.000191|-0.000006|1.000000|1.000000|1.000000
m60_52_55_00-AEG030_036_2006|13|-202.053467|1710.846680|190.782059|-0.000001|-100.000191|-0.000006|1.000000|1.000000|1.000000
m60_52_55_00-AEG030_036_2007|13|-193.467285|1710.846680|152.841583|-0.000001|79.999802|-0.000006|1.000000|1.000000|1.000000
m60_52_55_00-AEG030_036_2008|13|-192.648941|1710.846680|148.200699|-0.000001|79.999802|-0.000006|1.000000|1.000000|1.000000
m60_52_55_00-AEG030_036_2010|13|-163.003342|1706.699585|195.782639|0.000000|-135.000107|-0.000015|1.000000|1.000000|1.000000
m60_52_55_00-AEG030_036_2013|13|-207.825836|1710.948730|176.876038|-0.000000|134.999863|-0.000005|1.000000|1.000000|1.000000
m60_52_55_00-AEG030_036_2014|13|-207.031952|1710.948730|188.153625|-0.000000|79.999825|-0.000005|1.000000|1.000000|1.000000
m60_52_55_00-AEG030_036_2015|13|-209.843109|1710.948730|171.194855|-0.000001|44.999844|-0.000006|1.000000|1.000000|1.000000
m60_52_55_00-AEG030_036_2016|13|-202.160431|1706.699585|195.976608|-0.000000|134.999878|-0.000015|1.000000|1.000000|1.000000
m60_52_55_00-AEG030_036_2017|13|-164.243423|1679.965820|214.342102|-0.000000|134.999908|-0.000015|1.000000|1.000000|1.000000
m60_52_55_00-AEG030_036_2018|13|-165.738892|1706.699585|209.063751|-0.000000|-45.000111|-0.000015|1.000000|1.000000|1.000000
m60_52_55_00-AEG030_036_2019|13|-160.467667|1706.699585|218.703201|0.000000|-135.000107|-0.000015|1.000000|1.000000|1.000000
m60_52_55_00-AEG030_036_2020|13|-167.873444|1706.757568|222.684082|-2.122294|44.960590|-2.120847|1.000000|1.000000|1.000000
m60_52_55_00-AEG030_036_2021|13|-192.167908|1710.948730|174.914764|0.000000|-135.000168|-0.000008|1.000000|1.000000|1.000000
m60_52_55_00-AEG030_037_2004|13|-186.869385|1706.698853|211.267700|0.000000|134.999863|0.000000|1.000000|1.000000|1.000000
m60_52_55_00-AEG030_040_2000|13|-184.411575|1677.122070|213.725464|0.000000|134.999786|0.000000|1.000000|1.000000|1.000000
m60_52_55_00-AEG030_040_2001|13|-191.035583|1677.122070|207.101379|-0.000018|134.999695|-0.000018|1.000000|1.000000|1.000000
m60_52_55_00-AEG030_040_2003|13|-171.011703|1677.122070|203.790970|0.000027|-135.000046|-0.000030|1.000000|1.000000|1.000000
m60_52_55_00-AEG030_040_2004|13|-174.547043|1677.122070|203.791153|-0.000000|44.999950|-0.000000|1.000000|1.000000|1.000000
m60_52_55_00-AEG030_040_2006|13|-171.524475|1673.469238|173.544678|0.000000|44.999836|0.000000|1.000000|1.000000|1.000000
m60_52_55_00-AEG030_040_2007|13|-167.988953|1673.499634|177.080200|0.000000|-135.000229|0.000000|1.000000|1.000000|1.000000
m60_52_55_00-AEG030_040_2008|13|-171.866516|1677.122070|180.662323|-0.000000|-135.000137|-0.000000|1.000000|1.000000|1.000000
m60_52_55_00-AEG030_040_2011|13|-205.878922|1681.405151|178.825562|-0.000044|-165.000153|-0.000044|1.000000|1.000000|1.000000
m60_52_55_00-AEG030_040_2012|13|-201.504883|1677.122070|196.632141|0.000000|44.999645|0.000000|1.000000|1.000000|1.000000
m60_52_55_00-AEG030_040_2016|13|-183.208984|1681.405151|165.955917|-0.000018|134.999847|-0.000018|1.000000|1.000000|1.000000
m60_52_55_00-AEG030_040_2017|13|-200.764923|1681.405151|183.768188|-0.000000|-32.500080|-0.000004|1.000000|1.000000|1.000000
m60_52_55_00-AEG030_040_2018|13|-211.669037|1681.405151|173.032761|0.000055|134.999863|-0.000059|1.000000|1.000000|1.000000
m60_52_55_00-AEG030_040_2019|13|-189.027390|1681.405151|159.898224|-0.000044|19.999851|-0.000044|1.000000|1.000000|1.000000
m60_52_55_00-AEG030_040_2020|13|-193.998825|1681.405151|155.319336|-0.000000|67.499901|-0.000004|1.000000|1.000000|1.000000
m60_52_55_00-AEG030_040_2022|13|-158.283585|1677.122070|216.519104|0.000000|-45.000206|0.000000|1.000000|1.000000|1.000000
m60_52_55_00-AEG030_040_2023|13|-161.819122|1677.122070|216.519089|0.000000|-45.000206|0.000000|1.000000|1.000000|1.000000
m60_52_55_00-AEG030_047_2001|13|-171.923218|1706.649902|177.537460|0.000000|-45.000229|0.000000|1.000000|1.000000|1.000000
m60_52_55_00-AEG030_047_2002|13|-184.976959|1693.717773|212.806732|0.000000|134.999878|0.000000|1.000000|1.000000|1.000000
m60_52_55_00-AEG030_047_2003|13|-188.708496|1708.648804|156.087219|0.000000|-100.000137|0.000000|1.000000|1.000000|1.000000
m60_52_55_00-AEG030_047_2006|13|-194.106949|1703.970337|203.677399|0.000000|135.000015|0.000000|1.000000|1.000000|1.000000
m60_52_55_00-AEG030_047_2007|13|-195.702332|1706.980347|197.824036|0.000000|-100.000175|0.000000|1.000000|1.000000|1.000000
m60_52_55_00-AEG030_047_2009|13|-205.877930|1710.846558|182.237991|0.000000|79.999985|0.000000|1.000000|1.000000|1.000000
m60_52_55_00-AEG030_047_2011|13|-195.215454|1706.648804|202.568237|0.000000|-45.000000|0.000000|1.000000|1.000000|1.000000
m60_52_55_00-AEG030_047_2012|13|-186.347656|1706.648804|211.436020|0.000000|-45.000004|0.000000|1.000000|1.000000|1.000000
m60_52_55_00-AEG030_047_2015|13|-184.761536|1707.648804|164.403320|0.000000|-45.000168|0.000000|1.000000|1.000000|1.000000
m60_52_55_00-AEG030_048_2000|13|-173.731552|1706.648804|178.797287|0.000000|-45.000168|0.000000|1.000000|1.000000|1.000000
m60_52_55_00-AEG030_048_2002|13|-189.883926|1706.648804|207.899750|0.000000|-45.000149|0.000000|1.000000|1.000000|1.000000
m60_52_55_00-AEG030_048_2005|13|-188.294174|1703.970337|209.489471|0.000000|134.999817|0.000000|1.000000|1.000000|1.000000
m60_52_55_00-AEG030_048_2006|13|-180.803513|1706.648804|171.725266|0.000000|-45.000168|0.000000|1.000000|1.000000|1.000000
m60_52_55_00-AEG030_061_2000|13|-165.001556|1703.407471|199.728973|0.000000|-135.000153|0.000000|1.000000|1.000000|1.000000
m60_52_55_00-AEG030_061_2002|13|-166.587982|1703.407471|184.120972|0.000000|-45.000538|0.000000|1.000000|1.000000|1.000000
m60_52_55_00-AEG030_061_2004|13|-174.856293|1704.030518|218.448517|0.000000|-45.000538|0.000000|1.000000|1.000000|1.000000
m60_52_55_00-AEG030_077_2000|13|-186.471420|1694.318848|199.199585|4.034209|174.826889|5.738698|1.000001|1.000000|1.000001
m60_52_55_00-AEG030_077_2001|13|-179.166397|1694.463501|196.714569|-0.000090|167.046936|0.000082|1.000001|1.000000|1.000000
m60_52_55_00-AEG030_077_2002|13|-184.376968|1694.046631|198.543350|0.226981|-164.000076|-0.040653|1.000000|1.000000|1.000000
m60_52_55_00-AEG030_077_2003|13|-177.088913|1694.463501|196.868896|0.002514|-172.500183|0.000082|1.000000|1.000000|1.000000
m60_52_55_00-AEG030_088_2000|13|-174.462372|1699.082397|183.980865|0.000000|-134.999985|0.000000|1.000000|1.000000|1.000000
m60_52_55_00-AEG030_088_2001|13|-178.705017|1699.082397|179.738235|0.000000|-134.999985|0.000000|1.000000|1.000000|1.000000
m60_52_55_00-AEG030_088_2002|13|-182.947662|1699.082397|175.495605|0.000000|-134.999985|0.000000|1.000000|1.000000|1.000000
m60_52_55_00-AEG030_088_2004|13|-187.190308|1699.082397|171.252960|0.000000|-134.999985|0.000000|1.000000|1.000000|1.000000
m60_52_55_00-AEG030_128_2000|13|-205.373138|1712.275391|193.772095|-0.000036|-10.000043|-0.000001|1.000000|1.000000|1.000000
m60_52_55_00-AEG030_128_2001|13|-189.329224|1712.275391|145.210663|-0.000036|169.999985|-0.000001|1.000000|1.000000|1.000000
m60_52_55_00-AEG030_158_2000|13|-197.210724|1706.698975|200.926300|0.000000|134.999878|0.000000|1.000000|1.000000|1.000000
m60_52_55_00-AEG030_158_2001|13|-188.361359|1710.846680|155.408112|0.000000|-100.000229|0.000000|1.000000|1.000000|1.000000
m60_52_55_00-AEG030_174_2000|13|-192.695618|1696.454224|190.673874|-0.000000|135.000015|-0.000000|1.000000|1.000000|1.000000
m60_52_55_00-AEG030_174_2001|13|-192.761963|1694.823608|199.431091|0.000000|-135.000046|-0.000000|1.000000|1.000000|1.000000
m60_52_55_00-AEG030_175_2000|13|-185.185455|1710.948730|163.979431|0.000000|-45.000290|0.000000|1.000000|1.000000|1.000000
m60_52_55_00-AEG030_175_2002|13|-187.228119|1710.846680|148.981247|0.000000|-100.000229|0.000000|1.000000|1.000000|1.000000
m60_52_55_00-AEG030_175_2003|13|-209.853210|1710.948730|174.848663|-0.000000|134.999863|-0.000005|1.000000|1.000000|1.000000
m60_52_55_00-AEG030_175_2005|13|-169.161560|1706.699585|205.641205|-0.000000|-45.000118|-0.000015|1.000000|1.000000|1.000000
m60_52_55_00-AEG030_175_2006|13|-179.468063|1706.689087|173.064209|0.000000|-45.000118|0.000000|1.000000|1.000000|1.000000
m60_52_55_00-AEG030_550_2000|13|-205.373138|1712.275391|193.772095|-0.000036|-10.000229|-0.000001|1.000000|1.000000|1.000000
m60_52_55_00-AEG030_550_2001|13|-189.329224|1712.275391|145.210663|-0.000036|169.999756|-0.000001|1.000000|1.000000|1.000000
m60_52_55_00-AEG030_551_2000|13|-178.772339|1680.398071|184.328018|0.000000|44.999737|0.000000|1.000000|1.000000|1.000000
m60_52_55_00-AEG030_552_2000|13|-166.945496|1683.698853|185.582642|-0.000001|134.999954|-0.000004|1.000000|1.000000|1.000000
m60_52_55_00-AEG030_552_2001|13|-201.063538|1683.698853|196.720062|-0.000039|-45.000191|0.000027|1.000000|1.000000|1.000000
m60_52_55_00-AEG030_552_2002|13|-165.483185|1683.698853|187.045639|0.000000|-45.000168|0.000000|1.000000|1.000000|1.000000
m60_52_55_00-AEG030_552_2003|13|-167.122299|1683.699341|196.719574|0.000000|44.999996|0.000000|1.000000|1.000000|1.000000
m60_52_55_00-AEG030_552_2004|13|-188.335632|1683.698730|209.448029|-0.000005|134.999985|0.000000|1.000000|1.000000|1.000000
m60_52_55_00-AEG030_552_2005|13|-165.708405|1683.698853|198.134125|0.000000|-135.000061|0.000000|1.000000|1.000000|1.000000
m60_52_55_00-AEG030_552_2006|13|-176.796890|1683.698853|175.731918|-0.000005|-45.000168|-0.000005|1.000000|1.000000|1.000000
m60_52_55_00-AEG030_552_2007|13|-199.649353|1683.698730|198.134308|0.000000|134.999985|-0.000027|1.000000|1.000000|1.000000
m60_52_55_00-AEG030_552_2008|13|-178.259186|1683.698853|174.268921|-0.000005|134.999939|-0.000000|1.000000|1.000000|1.000000
m60_52_55_00-AEG030_552_2009|13|-189.749863|1683.698853|208.033813|-0.000031|-45.000130|0.000027|1.000000|1.000000|1.000000
m60_52_55_00-AEG030_552_2010|13|-188.110626|1683.698730|164.418198|-0.000005|-45.000168|-0.000005|1.000000|1.000000|1.000000
m60_52_55_00-AEG030_552_2011|13|-189.572891|1683.698975|162.955200|-0.000005|134.999939|-0.000000|1.000000|1.000000|1.000000
m60_52_55_00-AEG030_553_2000|13|-166.415314|1683.696899|210.155121|0.000000|135.000000|0.000000|1.000000|1.000000|1.000000
m60_52_55_00-AEG030_553_2001|13|-176.314789|1683.698730|220.054596|0.000000|-44.999996|0.000000|1.000000|1.000000|1.000000
m60_52_55_00-AEG030_554_2000|13|-197.351196|1685.948730|169.491287|-0.000000|134.999969|-0.000005|1.000000|1.000000|1.000000
m60_52_55_00-AEG030_555_2000|13|-160.705154|1698.192749|192.123810|0.000000|-104.500122|0.000000|1.000000|1.000000|1.000000
m60_52_55_00-AEG030_555_2001|13|-169.923370|1698.192749|225.619049|0.000000|-119.500114|0.000000|1.000000|1.000000|1.000000
m60_52_55_00-AEG030_557_2000|13|-160.069305|1668.443237|192.194809|0.000055|-104.579124|0.000000|1.000000|1.000000|1.000000
m60_52_55_00-AEG030_557_2003|13|-170.188690|1669.617920|226.753815|0.000055|165.420868|0.000000|1.000000|1.000000|1.000000
m60_52_55_00-AEG030_558_2000|13|-163.940430|1683.696899|208.387329|-0.000008|135.000000|0.000000|1.000000|1.000000|1.000000
m60_52_55_00-AEG030_558_2001|13|-178.789536|1683.698730|221.822327|-0.000008|-44.999996|-0.000000|1.000000|1.000000|1.000000
m60_52_55_00-AEG030_559_2000|13|-161.406448|1693.614990|207.974701|0.000000|-135.000000|0.000000|1.000000|1.000000|1.000000
m60_52_55_00-AEG030_561_2000|13|-209.639816|1730.948853|204.302460|0.000000|-53.000320|0.000000|1.000000|1.000000|1.000000
m60_52_55_00-AEG030_561_2002|13|-185.457855|1730.948730|134.978180|0.000000|126.999695|0.000000|1.000000|1.000000|1.000000
m60_52_55_00-AEG030_566_2000|13|-194.062012|1693.042114|181.435638|0.000000|44.999966|0.000000|1.000000|1.000000|1.000000
m60_52_55_00-AEG030_567_2000|13|-197.351105|1685.948486|169.491394|0.000000|134.999954|0.000000|1.000000|1.000000|1.000000
m60_52_55_00-AEG030_569_2000|13|-194.477356|1702.022461|179.371216|0.000000|-45.000004|0.000000|1.000000|1.000000|1.000000
m60_52_55_00-AEG030_570_2000|13|-205.067169|1698.131226|202.005295|0.000000|170.000015|0.000000|1.000000|1.000000|1.000000
m60_52_55_00-AEG030_573_2000|13|-204.620529|1680.848755|189.503784|-0.000001|-100.000229|-0.000004|1.000000|1.000000|1.000000
m60_52_55_00-AEG030_573_2001|13|-190.081848|1680.848633|149.478943|-0.000001|79.999756|-0.000004|1.000000|1.000000|1.000000
m60_52_55_00-AEG030_574_2000|13|-204.374680|1710.848877|188.109451|0.000000|-10.000124|0.000000|1.000000|1.000000|1.000000
m60_52_55_00-AEG030_574_2001|13|-190.327713|1710.848877|150.873306|0.000000|169.999878|0.000000|1.000000|1.000000|1.000000
m60_52_55_00-AEG030_588_2000|13|-166.559784|1700.821899|192.729370|0.000000|-44.999996|0.000000|1.000000|1.000000|1.000000
m60_52_55_00-AEG030_589_2000|13|-172.779266|1683.696899|203.791168|0.000000|134.999985|0.000000|1.000000|1.000000|1.000000
m60_52_55_00-AEG030_589_2001|13|-182.678741|1683.698730|213.690643|0.000000|44.999996|0.000000|1.000000|1.000000|1.000000
m60_52_55_00-AEG030_610_2000|13|-166.415192|1683.699341|197.426697|0.000000|44.999996|0.000000|1.000000|1.000000|1.000000
m60_52_55_00-AEG030_611_2000|13|-165.001099|1683.696899|221.468826|0.000000|44.999989|0.000000|1.000000|1.000000|1.000000
m60_52_55_00-AEG030_612_2000|13|-205.067169|1703.820435|202.005295|0.000000|125.000031|0.000000|1.000000|1.000000|1.000000
m60_52_55_00-AEG030_613_2000|13|-205.067169|1703.770386|202.005295|0.000000|170.000015|0.000000|1.000000|1.000000|1.000000
m60_52_55_00-AEG030_613_2001|13|-205.067169|1703.770386|202.005295|0.000000|80.000008|0.000000|1.000000|1.000000|1.000000
m60_52_55_00-AEG030_614_2000|13|-205.067169|1703.720337|202.005295|0.000000|-144.999985|0.000000|1.000000|1.000000|1.000000
m60_52_55_00-AEG030_987_2000|13|-205.948883|1714.775391|197.037216|-0.000009|-10.000060|-0.000001|1.000000|1.000000|1.000000
m60_52_55_00-AEG030_987_2001|13|-205.948883|1723.025391|197.037231|-0.000009|-10.000060|-0.000001|1.000000|1.000000|1.000000
m60_52_55_00-AEG030_987_2002|13|-205.948883|1706.775391|197.037231|-0.000009|-10.000060|-0.000001|1.000000|1.000000|1.000000
m60_52_55_00-AEG030_987_2003|13|-188.753525|1714.775391|141.945541|-0.000009|169.999954|-0.000001|1.000000|1.000000|1.000000
m60_52_55_00-AEG030_987_2004|13|-188.753525|1723.025391|141.945541|-0.000009|169.999954|-0.000001|1.000000|1.000000|1.000000
m60_52_55_00-AEG030_987_2005|13|-188.753525|1706.775391|141.945541|-0.000009|169.999954|-0.000001|1.000000|1.000000|1.000000
m60_53_54_00-AEG001_420_7104|13|7.592598|1757.127075|-66.448341|-25.353498|1.335122|8.196130|1.000000|1.000000|1.000000
m60_53_54_00-AEG001_420_7105|13|7.510338|1757.507324|-64.648605|5.726566|-91.403488|16.882267|1.000000|1.000000|1.000000
m60_53_54_00-AEG001_420_7106|13|30.401779|1757.488281|-86.345520|-16.885534|52.809528|14.744451|1.000000|1.000000|1.000000
m60_53_54_00-AEG001_420_7107|13|31.804810|1757.591797|-85.157578|12.027653|-39.617382|8.284237|1.000000|1.000000|1.000000
m60_53_54_00-AEG001_420_7116|13|28.088387|1758.711548|-49.995506|-5.457898|120.094933|13.901763|1.000000|1.000000|1.000000
m60_53_54_00-AEG001_420_7117|13|28.086266|1759.007812|-49.978104|14.416903|-152.585236|11.748107|1.000000|1.000000|1.000000
m60_53_54_00-AEG001_420_7118|13|6.753723|1755.309082|-73.297424|-12.433905|-168.849579|-13.175771|1.000000|1.000000|1.000000
m60_53_54_00-AEG001_420_7119|13|6.643227|1755.576050|-73.228928|41.023460|-84.943367|2.490556|1.000000|1.000000|1.000000
m60_53_54_00-AEG001_420_7132|13|-1.932831|1772.028198|-131.238937|-29.154676|161.117020|20.920366|1.000000|1.000000|1.000000
m60_53_54_00-AEG001_420_7133|13|-1.127075|1772.482300|-132.831116|19.416327|63.137428|19.377298|1.000000|1.000000|1.000000
m60_53_54_00-AEG007_045_1028|13|9.239258|1782.754883|-178.455368|0.000000|-164.580307|0.000000|1.000000|1.000000|1.000000
m60_53_54_00-AEG007_045_1034|13|2.945526|1763.534424|-106.733780|-0.000000|-121.080338|-0.000001|1.000000|1.000000|1.000000
m60_53_54_00-AEG007_046_1028|13|9.620094|1795.839478|-177.115692|11.131900|-164.080261|-0.000010|1.000000|1.000000|1.000000
m60_53_54_00-AEG007_046_1034|13|4.143951|1776.619019|-106.024162|11.131899|-120.580284|-0.000012|1.000000|1.000000|1.000000
m60_53_54_00-AEG007_047_1022|13|1.565895|1766.302124|-100.816727|20.285465|-82.487648|9.164015|1.000000|1.000000|1.000000
m60_53_54_00-AEG007_049_1010|13|42.256134|1755.636719|-90.814857|0.000000|27.774715|0.000000|1.000000|1.000000|1.000000
m60_53_54_00-AEG007_050_1010|13|39.246254|1780.269409|-96.529953|10.999994|-152.225281|-0.000000|1.000000|1.000000|1.000000
m60_53_54_00-AEG007_193_1000|13|64.437393|1749.766846|-69.364182|12.433647|44.858768|1.296371|1.000000|1.000000|1.000000
m60_53_55_00-AEG001_420_7172|13|104.872650|1668.979614|251.248718|4.100003|-176.127960|15.615756|1.000000|1.000000|1.000000
m60_53_55_00-AEG001_420_7173|13|104.674683|1668.440430|249.499298|13.013455|97.030464|-11.955991|1.000000|1.000000|1.000000
m60_53_55_00-AEG001_420_7230|13|108.099533|1647.432983|233.889893|-15.156991|-106.648331|24.354160|1.000000|1.000000|1.000000
m60_53_55_00-AEG001_420_7231|13|106.364059|1647.468140|233.275620|21.623661|160.293365|6.190589|1.000000|1.000000|1.000000
m60_53_55_00-AEG001_420_7232|13|51.312599|1652.646606|203.629288|8.587963|139.527863|1.212012|1.000000|1.000000|1.000000
m60_53_55_00-AEG001_420_7233|13|51.312569|1652.932617|203.549866|28.683075|-135.814774|24.853628|1.000000|1.000000|1.000000
m60_53_55_00-AEG001_420_7238|13|67.316833|1651.469238|207.884857|-21.257071|-83.695602|21.888474|1.000000|1.000000|1.000000
m60_53_55_00-AEG001_420_7239|13|65.489113|1651.689209|207.923386|19.541967|-178.822922|11.962839|1.000000|1.000000|1.000000
m60_53_55_00-AEG007_042_1693|13|53.017227|1655.365356|240.376465|9.355314|133.220840|66.934647|1.000000|1.000001|1.000000
m60_53_55_00-AEG007_042_1710|13|254.072876|1628.282959|213.200394|-103.939156|39.410263|5.135117|1.000000|1.000001|1.000000
m60_53_55_00-AEG007_042_1711|13|246.725464|1629.507324|215.303909|54.660042|-25.507154|-81.215927|1.000000|1.000000|1.000000
m60_53_55_00-AEG007_042_1712|13|253.067505|1630.143555|207.208878|-151.733658|57.908463|-81.840263|1.000000|1.000001|1.000000
m60_53_55_00-AEG007_042_1729|13|111.514999|1650.265625|252.177963|87.384628|-66.745956|171.514099|1.000000|1.000000|1.000000
m60_53_55_00-AEG007_193_1149|13|105.384399|1661.009399|249.038284|0.000000|159.499969|0.000000|1.000000|1.000000|1.000000
m60_53_55_00-AEG007_193_1154|13|109.931221|1648.929810|249.508087|-0.000000|19.000002|180.000000|1.000000|1.000000|1.000000
m60_53_55_00-AEG007_193_1192|13|110.549805|1661.130981|250.370636|0.000000|3.499981|0.000000|1.000000|1.000000|1.000000
m60_53_55_00-AEG007_193_1193|13|107.375549|1660.636353|249.683167|0.000000|-10.500019|0.000000|1.000000|1.000000|1.000000
m60_53_55_00-AEG007_193_1294|13|93.312271|1666.203003|241.728821|1.244842|-84.847763|-13.945647|1.000000|1.000000|1.000000
m60_53_55_00-AEG007_193_1295|13|94.407700|1668.469116|242.123444|-13.226005|-161.037292|-4.631959|1.000000|1.000000|1.000000
m60_53_55_00-AEG007_194_1002|13|43.387535|1660.006104|255.162720|3.747424|-3.045827|1.399824|1.000000|1.000000|1.000000
m60_53_55_00-AEG007_194_1081|13|43.289154|1654.983276|253.389618|-1.354414|-13.430882|5.845657|1.000000|1.000000|1.000000
m60_53_55_00-AEG007_194_1093|13|101.878250|1656.078613|249.272156|0.000000|-13.000015|0.000000|1.000000|1.000000|1.000000
m60_53_55_00-AEG007_194_1094|13|91.648270|1661.750977|241.756775|6.567363|-61.786301|-12.391323|1.000000|1.000000|1.000000
m60_53_55_00-AEG007_194_1095|13|95.383682|1660.395752|245.778564|-0.000000|-42.500023|-10.000002|1.000000|1.000000|1.000000
m60_53_55_00-AEG007_194_1096|13|60.000359|1661.988525|232.727814|0.872024|-86.393135|-13.973358|1.000000|1.000000|1.000000
