m344900_0000|0|0.000000|0.000000|0.000000|0.000000|0.000000|0.000000|1.000000|1.000000|1.000000
c0120_9000|2|110.016998|330.000000|54.165001|0.000000|-36.216000|0.000000|1.000000|1.000000|1.000000
c1000_9001|2|52.060001|272.869995|-68.559998|0.000000|-150.850006|0.000000|1.000000|1.000000|1.000000
c2100_9000|2|43.549999|275.183014|-58.040001|0.000000|-161.750000|0.000000|1.000000|1.000000|1.000000
c2100_9001|2|55.973000|273.954010|-59.320999|0.000000|-16.780001|0.000000|1.000000|1.000000|1.000000
c2100_9002|2|44.437000|272.364990|-71.291000|0.000000|93.959999|0.000000|1.000000|1.000000|1.000000
c4070_9000|2|79.963997|263.985992|-123.175003|-4.927000|0.109000|-1.420000|1.000000|1.000000|1.000000
c4070_9001|2|74.894997|264.506012|-121.272003|8.850000|172.214005|4.985000|1.000000|1.000000|1.000000
c4070_9002|2|76.085999|265.244995|-114.809998|-7.495000|-65.013000|4.674000|1.000000|1.000000|1.000000
c4070_9009|2|0.972000|271.182007|-103.419998|-0.000000|-23.665001|-0.000000|1.000000|1.000000|1.000000
c4070_9010|2|5.743000|270.923004|-103.310997|-1.231000|55.325001|-5.000000|1.000000|1.000000|1.000000
c4070_9011|2|3.911000|270.256012|-109.683998|-5.338000|-69.302002|4.995000|1.000000|1.000000|1.000000
c4250_9000|2|125.898003|250.781998|9.432000|0.000000|-89.643997|0.000000|1.000000|1.000000|1.000000
c4250_9001|2|97.318001|246.776993|-40.935001|-1.599000|81.285004|0.791000|1.000000|1.000000|1.000000
c4604_9000|2|40.694000|275.674988|-50.547001|0.000000|-77.930000|0.000000|1.000000|1.000000|1.000000
c4604_9001|2|40.650215|275.888000|-50.561733|0.000000|-77.930000|0.000000|1.000000|1.000000|1.000000
c6001_9000|2|-24.982435|319.620544|86.971039|0.000000|13.886000|0.000000|1.000000|1.000000|1.000000
c6001_9001|2|-22.940435|319.433899|85.834045|0.000000|32.256001|0.000000|1.000000|1.000000|1.000000
c6001_9002|2|-24.407436|319.575653|84.935043|0.000000|-1.763000|0.000000|1.000000|1.000000|1.000000
c6060_9008|2|19.132000|313.898285|103.662003|-0.000000|-14.786000|-0.000000|1.000000|1.000000|1.000000
c6060_9009|2|32.791000|311.618347|99.655998|-9.506000|37.666000|0.000000|1.000000|1.000000|1.000000
c6060_9010|2|29.865999|311.779724|99.299004|-2.142000|77.899002|0.000000|1.000000|1.000000|1.000000
c6060_9011|2|28.997000|311.140686|96.718002|0.004000|97.696999|0.000000|1.000000|1.000000|1.000000
c6100_9004|2|43.299999|307.214996|87.934998|0.000000|148.029007|0.000000|1.000000|1.000000|1.000000
c6100_9005|2|45.737999|311.776276|103.875000|-0.002000|64.488998|-0.000000|1.000000|1.000000|1.000000
c0000_9001|4|50.759998|272.679993|-69.500000|0.000000|-156.570007|0.000000|1.000000|1.000000|1.000000
h344900|5|0.000000|0.000000|0.000000|0.000000|0.000000|0.000000|1.000000|1.000000|1.000000
h344950|5|0.000000|0.000000|0.000000|0.000000|0.000000|0.000000|1.000000|1.000000|1.000000
h344951|5|0.000000|0.000000|0.000000|0.000000|0.000000|0.000000|1.000000|1.000000|1.000000
h344952|5|0.000000|0.000000|0.000000|0.000000|0.000000|0.000000|1.000000|1.000000|1.000000
AEG001_290_7007|13|24.751701|307.182800|76.218628|-10.740596|-72.854424|6.394452|1.000000|1.000000|1.000000
AEG001_290_7009|13|-4.295152|313.039612|90.666870|5.564774|-147.840851|9.341841|1.000000|1.000000|1.000000
AEG001_290_7011|13|45.372070|301.338684|63.709198|-5.946990|29.499071|-17.611570|0.624310|0.624310|0.624310
AEG001_290_7014|13|102.534180|248.403351|-13.324951|-10.140139|-72.410736|4.677695|1.000000|1.000000|1.000000
AEG001_290_7024|13|61.654648|282.386322|-3.728514|-8.260759|-72.224464|9.462955|1.000000|1.000000|1.000000
AEG001_290_7026|13|105.751839|297.464630|80.409302|-8.598988|-73.221771|16.682163|1.000000|1.000000|1.000000
AEG001_290_7027|13|101.459473|297.296387|79.040680|17.065855|-170.056091|6.963323|0.644548|0.644548|0.644548
AEG001_290_7028|13|103.637566|293.192230|56.529919|8.607734|-168.136063|-0.240712|0.752474|0.752474|0.752474
AEG001_290_7030|13|119.102180|298.002319|83.433594|16.615091|170.953522|-2.447886|1.000000|1.000000|1.000000
AEG001_290_7031|13|67.351562|297.267456|63.107788|-14.703346|-72.780334|11.060644|1.000000|1.000000|1.000000
AEG001_290_7032|13|101.868896|311.941437|115.680664|-20.453648|16.134199|-8.744056|1.000000|1.000000|1.000000
AEG001_290_7035|13|81.775749|304.874786|94.799042|-16.332907|19.959614|-11.652833|1.000000|1.000000|1.000000
AEG001_290_7038|13|107.626572|316.257538|127.442841|-20.426781|-17.544767|4.238351|1.000000|1.000000|1.000000
AEG001_290_7086|13|72.386475|264.400848|-126.341331|-9.707739|-58.874031|4.018664|1.000000|1.000000|1.000000
AEG001_290_7118|13|107.512703|248.066391|-116.501083|-13.847431|-118.761322|6.259539|1.000000|1.000000|1.000000
AEG001_290_7134|13|26.613640|318.122803|120.346924|-16.439547|-10.125227|-0.110596|1.000000|1.000000|1.000000
AEG001_290_7137|13|3.193356|318.616608|117.700439|-15.810030|-9.363716|1.651649|1.000000|1.000000|1.000000
AEG001_290_7140|13|6.424671|321.246124|126.461151|-16.709499|-10.088206|-0.611549|1.000000|1.000000|1.000000
AEG001_290_7142|13|43.143429|318.157074|122.592163|-17.584654|-9.473846|1.009584|1.000000|1.000000|1.000000
AEG001_290_7144|13|20.887688|318.040283|118.903595|-16.231092|-9.929391|-0.470384|1.000000|1.000000|1.000000
AEG001_290_7146|13|28.676151|320.447449|128.753784|0.882871|-99.797661|16.067883|1.000000|1.000000|1.000000
AEG001_290_7148|13|66.999634|316.714081|122.793060|-0.229517|-99.749985|21.286777|1.000000|1.000000|1.000000
AEG001_290_7150|13|10.771362|314.825623|104.884521|-14.492157|-10.765488|-0.780490|1.000000|1.000000|1.000000
AEG001_290_7152|13|26.615850|315.362885|110.855957|-16.514179|-10.658910|-0.416706|1.000000|1.000000|1.000000
AEG001_290_7153|13|82.936043|312.122833|113.674835|-0.489654|-99.741432|20.583702|1.000000|1.000000|1.000000
AEG001_290_7159|13|35.155273|269.292847|-108.994514|7.346033|-159.131943|6.414641|1.000000|1.000000|1.000000
AEG001_290_7160|13|62.393555|308.255737|97.051514|-18.845982|-46.273518|11.175394|1.000000|1.000000|1.000000
AEG001_290_7161|13|50.561531|315.154175|115.135223|-18.837202|-10.071843|-0.893730|1.000000|1.000000|1.000000
AEG001_290_7162|13|59.027596|306.983154|92.564667|-3.489135|-99.875938|21.108534|1.000000|1.000000|1.000000
AEG001_290_7163|13|52.008297|270.516205|-88.502075|-8.146421|67.856483|-7.701354|1.000000|1.000000|1.000000
AEG001_290_7164|13|29.578253|272.331848|-82.134285|-2.411762|68.236847|-8.372275|1.000000|1.000000|1.000000
AEG001_290_7165|13|40.478264|316.234070|116.127686|-17.726162|-9.445595|1.014201|1.000000|1.000000|1.000000
AEG001_290_7166|13|54.911743|318.707489|126.186005|-1.573976|-99.761139|20.246809|1.000000|1.000000|1.000000
AEG001_290_7167|13|-9.239508|319.010864|119.392822|2.084302|-100.520409|10.611520|1.000000|1.000000|1.000000
AEG001_290_7168|13|28.112291|301.136688|61.658447|13.873204|-163.723953|7.542796|1.000000|1.000000|1.000000
AEG001_290_7169|13|45.557133|307.139984|88.216309|-17.097099|-10.788383|-3.118062|1.000000|1.000000|1.000000
AEG001_290_7170|13|38.367424|297.566895|51.033936|10.821072|-162.352676|6.949035|1.000000|1.000000|1.000000
AEG001_290_7171|13|49.756721|295.313507|43.807373|-16.338182|-10.367589|-1.695425|1.000000|1.000000|1.000000
AEG001_290_7172|13|86.450806|317.300812|127.346100|25.038216|169.500870|1.718284|1.000000|1.000000|1.000000
AEG001_290_7173|13|39.281498|317.860718|121.246002|-17.033119|-9.444884|1.073842|1.000000|1.000000|1.000000
AEG001_290_7174|13|76.681396|302.213623|85.157959|-18.101982|-10.853734|-3.126774|1.000000|1.000000|1.000000
AEG001_290_7175|13|35.326912|270.336212|-101.799911|0.037676|68.206573|-6.517557|1.000000|1.000000|1.000000
AEG001_290_7176|13|35.161453|268.055023|-119.729431|0.000000|68.291428|0.000000|1.000000|1.000000|1.000000
AEG001_290_7177|13|91.718262|312.148682|115.043579|-21.634403|-9.419095|0.763397|1.000000|1.000000|1.000000
AEG001_290_7178|13|123.125725|247.449829|2.543705|0.218812|15.894779|-5.479745|1.000000|1.000000|1.000000
AEG001_290_7180|13|7.522926|302.268799|56.861938|-9.801911|-74.284340|-1.857949|1.000000|1.000000|1.000000
AEG001_290_7182|13|82.121223|309.626953|106.632324|-21.657242|-10.238171|-1.919147|1.000000|1.000000|1.000000
AEG001_290_7183|13|83.250374|292.555481|54.768559|11.315794|-170.143356|8.815534|0.800000|0.800000|0.800000
AEG001_290_7186|13|93.588013|301.168549|87.236816|-9.975317|-73.169426|16.932447|1.000000|1.000000|1.000000
AEG001_290_7187|13|102.482910|304.246582|97.683838|18.931622|-165.709610|7.908185|1.000000|1.000000|1.000000
AEG001_290_7188|13|55.044308|277.033600|-37.384892|5.453413|107.778091|-8.595366|1.000000|1.000000|1.000000
AEG001_290_7191|13|85.326653|292.804810|57.026863|8.261961|101.811455|-9.769726|0.752474|0.752474|0.752474
AEG001_290_7192|13|90.698494|293.780487|63.237305|-10.517506|11.165230|-3.661897|0.554115|0.554115|0.554115
AEG001_290_7193|13|79.391479|287.044800|25.256853|-14.383342|12.318985|1.445022|0.752474|0.752474|0.752474
AEG001_290_7194|13|73.050049|290.529388|41.516247|-11.555200|10.243999|-7.965509|0.752474|0.752474|0.752474
AEG001_290_7195|13|106.105461|293.713165|59.461800|8.890993|-168.178162|-0.414112|0.554115|0.554115|0.554115
AEG001_290_7197|13|83.506111|263.281219|-126.736206|-5.556067|-71.687218|3.610602|1.000000|1.000000|1.000000
AEG001_290_7198|13|87.664551|263.226074|-123.126724|7.841057|149.310349|2.281229|1.000000|1.000000|1.000000
AEG001_290_7201|13|108.021736|247.335449|-100.087891|5.867569|16.353630|-8.525533|1.000000|1.000000|1.000000
AEG001_290_7202|13|83.375488|284.733154|14.274785|1.502696|-71.817795|12.529819|0.900000|0.900000|0.900000
AEG001_290_7203|13|41.903564|312.880188|106.158813|-0.935291|-99.784821|18.713572|1.000000|1.000000|1.000000
AEG001_290_7204|13|78.269386|314.824768|119.925659|-0.071170|80.229668|-20.764725|1.000000|1.000000|1.000000
AEG001_290_7205|13|56.569935|313.738434|112.115112|1.303582|80.243340|-18.424923|1.000000|1.000000|1.000000
AEG001_290_7206|13|19.517580|320.588562|127.684784|10.371096|-144.970947|11.543623|1.000000|1.000000|1.000000
AEG001_290_7207|13|21.286993|313.333466|102.244141|-2.341844|-99.858017|15.802901|1.000000|1.000000|1.000000
AEG001_290_7208|13|1.755376|317.508453|113.605621|-8.575655|-64.941490|12.469303|1.000000|1.000000|1.000000
AEG001_290_7209|13|18.073013|307.321442|68.964905|0.670697|-162.160980|15.381258|1.000000|1.000000|1.000000
AEG001_290_7210|13|92.785164|314.835999|122.177002|0.422954|83.045792|-19.454073|1.000000|1.000000|1.000000
AEG001_290_7223|13|79.889893|248.497528|-55.075188|5.610400|59.287628|-5.339760|1.000000|1.000000|1.000000
AEG001_290_7224|13|80.909904|248.465042|-51.807610|-6.493155|-31.295176|-6.500753|1.000000|1.000000|1.000000
AEG001_290_7225|13|93.200577|248.775024|-18.445435|4.677942|85.244972|-5.351575|1.000000|1.000000|1.000000
AEG001_290_7226|13|26.808210|268.091125|-125.559639|0.000000|-116.780060|0.000000|1.000000|1.000000|1.000000
AEG001_290_7242|13|104.532234|247.716309|-97.387703|6.793989|105.326591|7.156945|1.000000|1.000000|1.000000
AEG001_290_7243|13|106.569710|247.754272|-13.596802|7.627381|106.568176|-5.616589|1.000000|1.000000|1.000000
AEG001_290_7244|13|111.224602|247.417297|-25.584961|-4.408732|-172.505051|-2.273925|1.000000|1.000000|1.000000
AEG001_290_7246|13|100.443474|249.485458|-5.083868|4.546556|-164.099686|7.315215|1.000000|1.000000|1.000000
AEG001_290_7248|13|94.179962|249.491302|-97.508453|-9.354165|-164.562515|7.144405|1.000000|1.000000|1.000000
AEG001_290_7249|13|107.671616|247.781799|-107.688820|-5.203531|-167.181305|9.650537|1.000000|1.000000|1.000000
AEG001_290_7258|13|50.857136|266.236328|-126.406372|1.256017|-144.600739|8.884737|1.000000|1.000000|1.000000
AEG001_290_7259|13|-0.274290|270.384705|-110.603149|-1.790467|47.946957|-7.339006|1.000000|1.000000|1.000000
AEG001_290_7260|13|57.199947|273.461456|-65.659424|4.726955|-163.639572|-1.966049|1.000000|1.000000|1.000000
AEG001_290_7261|13|49.666748|268.207642|-108.285652|7.021025|106.347816|-5.133269|1.000000|1.000000|1.000000
AEG001_290_7262|13|53.263062|268.755432|-101.059814|-3.344115|33.162800|-6.523468|1.000000|1.000000|1.000000
AEG001_290_7263|13|56.832027|268.419281|-102.097527|-6.675611|-54.627838|3.296113|1.000000|1.000000|1.000000
AEG001_290_7264|13|83.751709|263.796661|-121.129631|-6.763632|-73.738487|3.649179|1.000000|1.000000|1.000000
AEG001_290_7265|13|44.043945|276.267670|-45.109497|5.481091|106.276291|-7.520633|1.000000|1.000000|1.000000
AEG001_290_7266|13|39.561035|271.960144|-77.246101|11.031194|111.464455|-2.700496|0.900000|0.900000|0.900000
AEG001_290_7267|13|39.985344|272.209351|-74.496208|-2.077079|20.868631|-12.871928|0.800000|0.800000|0.800000
AEG001_290_7268|13|81.994621|248.362061|-63.155159|6.783581|55.368523|-2.860164|1.000000|1.000000|1.000000
AEG001_290_7269|13|78.511719|250.066620|-87.137932|2.365377|120.297134|8.800097|1.000000|1.000000|1.000000
AEG001_290_7270|13|78.514900|249.349609|-78.366440|5.042348|13.692174|-5.955014|1.000000|1.000000|1.000000
AEG001_290_7271|13|75.073044|249.631927|-70.585342|8.973992|118.119202|1.033407|1.000000|1.000000|1.000000
AEG001_290_7272|13|103.668694|247.195312|-70.128418|-1.375171|-34.623829|0.980160|1.000000|1.000000|1.000000
AEG001_290_7273|13|112.131226|246.254868|-82.446274|4.316160|145.197128|2.436383|1.000000|1.000000|1.000000
AEG001_290_7274|13|119.943352|250.044662|37.810307|3.635027|92.932777|-8.234613|1.000000|1.000000|1.000000
AEG001_290_7275|13|116.542358|250.032822|36.111454|-5.701728|20.814831|-7.606133|1.000000|1.000000|1.000000
AEG001_290_7276|13|73.980354|279.426910|-17.509031|6.659599|176.158554|0.561551|1.000000|1.000000|1.000000
AEG001_290_7277|13|101.830811|291.017731|39.076538|7.408460|-167.618195|-1.794838|1.000000|1.000000|1.000000
AEG001_290_7278|13|98.533676|290.546967|36.926147|-2.083173|102.129272|-7.954763|1.000000|1.000000|1.000000
AEG003_336_9000|13|31.726730|265.624573|-106.759445|0.000000|120.200012|0.000000|1.000000|1.000000|1.000000
AEG099_090_9000|13|44.130001|277.359985|-51.230000|0.000000|-82.059998|0.000000|1.000000|1.000000|1.000000
AEG099_090_9001|13|105.754997|308.838013|84.223000|0.000000|24.052999|0.000000|1.000000|1.000000|1.000000
AEG099_090_9033|13|84.653000|306.476990|70.314003|0.000000|39.472000|0.000000|1.000000|1.000000|1.000000
AEG099_090_9262|13|52.060001|272.869995|-68.559998|0.000000|-135.850006|0.000000|1.000000|1.000000|1.000000
AEG099_321_1000|13|44.094727|275.464325|-51.221737|0.000000|-83.000008|0.000000|1.000000|1.000000|1.000000
AEG099_322_1000|13|43.141632|275.851807|-48.059875|0.000000|0.000000|0.000000|1.000000|1.000000|1.000000
AEG099_323_1000|13|38.775787|276.410522|-49.947632|-0.000000|-86.000000|6.000000|1.000000|1.000000|1.000000
AEG099_324_1000|13|38.775787|276.410522|-49.947632|-0.000000|-86.000000|6.000000|1.000000|1.000000|1.000000
AEG099_680_9000|13|124.027000|247.087006|0.295000|4.986000|138.746002|0.885000|1.000000|1.000000|1.000000
AEG099_680_9001|13|101.244003|246.927002|-70.430000|1.636000|-165.169006|-0.537000|1.000000|1.000000|1.000000
AEG099_680_9002|13|91.481003|310.890991|112.570000|-15.682000|18.177999|-4.866000|1.000000|1.000000|1.000000
AEG099_680_9003|13|-6.239000|313.708008|94.486000|-4.055000|23.594000|-3.684000|1.000000|1.000000|1.000000
AEG099_680_9004|13|38.476002|316.980011|119.160004|-3.136000|63.216999|-4.821000|1.000000|1.000000|1.000000
AEG099_680_9005|13|99.365997|290.743988|39.099998|0.000000|-19.233999|0.000000|1.000000|1.000000|1.000000
AEG099_680_9006|13|56.026001|276.260010|-40.362999|4.136000|105.684998|-0.087000|1.000000|1.000000|1.000000
AEG099_685_9000|13|10.903000|301.231995|54.619999|-10.000000|-39.122002|-0.000000|1.000000|1.000000|1.000000
AEG099_685_9001|13|10.478000|301.942993|57.813999|-5.000000|-97.669998|10.000000|1.000000|1.000000|1.000000
AEG099_685_9002|13|13.522000|300.623993|53.212002|0.000000|44.993000|-10.000000|1.000000|1.000000|1.000000
AEG099_685_9003|13|11.639000|300.850006|52.665001|0.000000|-141.867996|10.000000|1.000000|1.000000|1.000000
AEG099_690_9000|13|34.157001|272.207001|-79.852997|0.000000|92.581001|0.000000|1.000000|1.000000|1.000000
AEG099_690_9001|13|35.674999|272.031006|-79.976997|0.000000|92.581001|0.000000|1.000000|1.000000|1.000000
AEG099_730_9000|13|89.875999|262.751007|-126.057999|0.397000|-160.335007|4.633000|1.000000|1.000000|1.000000
AEG099_730_9001|13|44.230999|268.428986|-110.453003|-4.315000|-84.924004|4.642000|1.000000|1.000000|1.000000
AEG099_730_9002|13|60.771000|267.721008|-104.857002|-1.890000|21.356001|-3.905000|1.000000|1.000000|1.000000
AEG099_730_9003|13|7.278000|269.096008|-118.414001|2.121000|-140.074997|7.163000|1.000000|1.000000|1.000000
AEG099_730_9004|13|-1.165000|269.686005|-116.445000|-7.129000|-15.244000|-3.661000|1.000000|1.000000|1.000000
AEG099_730_9005|13|55.507999|282.454987|-6.563000|3.660000|-146.908997|8.486000|1.000000|1.000000|1.000000
AEG099_730_9006|13|58.737999|281.815002|-8.115000|-0.896000|63.214001|-12.109000|1.000000|1.000000|1.000000
AEG099_730_9007|13|78.750999|285.812012|20.275000|11.449000|-139.723007|6.196000|1.000000|1.000000|1.000000
AEG099_730_9008|13|54.007999|292.082001|34.824001|0.949000|-129.742004|19.386999|1.000000|1.000000|1.000000
AEG099_730_9009|13|38.344002|294.306000|36.344002|-6.289000|8.143000|-6.666000|1.000000|1.000000|1.000000
AEG099_730_9010|13|87.069000|293.381989|60.672001|-5.790000|-112.115997|14.396000|1.000000|1.000000|1.000000
AEG099_730_9011|13|88.364998|299.019012|79.880997|5.352000|-130.955994|13.594000|1.000000|1.000000|1.000000
AEG099_730_9012|13|48.120998|300.944000|65.164001|16.836000|151.388000|8.578000|1.000000|1.000000|1.000000
AEG099_730_9013|13|50.916000|301.143005|68.766998|-13.178000|-70.154999|2.645000|1.000000|1.000000|1.000000
AEG099_730_9014|13|7.175000|318.441010|117.739998|-15.608000|7.533000|-4.643000|1.000000|1.000000|1.000000
AEG099_730_9015|13|-2.094000|317.601990|113.883003|7.871000|-152.798996|5.997000|1.000000|1.000000|1.000000
AEG099_730_9016|13|46.487000|313.263000|108.487999|7.764000|-117.594002|16.146999|1.000000|1.000000|1.000000
AEG099_730_9017|13|20.440001|308.588989|81.254997|4.823000|75.230003|-9.990000|1.000000|1.000000|1.000000
AEG099_730_9018|13|120.440002|306.221008|103.639999|-1.142000|82.108002|-25.326000|1.000000|1.000000|1.000000
AEG099_730_9019|13|118.963997|308.303986|108.696999|12.144000|-120.596001|19.243000|1.000000|1.000000|1.000000
AEG099_730_9020|13|69.360001|315.276001|119.512001|-18.051001|15.436000|-10.177000|1.000000|1.000000|1.000000
AEG099_730_9021|13|111.277000|246.904999|-104.955002|7.452000|95.711998|2.159000|1.000000|1.000000|1.000000
AEG099_730_9022|13|114.920998|246.106995|-99.579002|-6.145000|-64.516998|-4.319000|1.000000|1.000000|1.000000
AEG099_730_9023|13|97.128998|249.065002|-99.124001|8.722000|95.455002|7.464000|1.000000|1.000000|1.000000
AEG099_730_9024|13|78.926003|248.921997|-70.147003|3.680000|135.132004|7.011000|1.000000|1.000000|1.000000
AEG099_730_9025|13|82.037003|248.348007|-67.277000|-3.356000|-50.303001|-3.690000|1.000000|1.000000|1.000000
AEG099_730_9026|13|87.492996|248.783997|-24.934000|-4.836000|-72.941002|0.485000|1.000000|1.000000|1.000000
AEG099_730_9028|13|118.610001|247.582993|-24.629999|7.397000|-15.262000|0.207000|1.000000|1.000000|1.000000
AEG099_730_9029|13|104.973999|247.459000|-37.577000|0.505000|153.608002|-6.969000|1.000000|1.000000|1.000000
AEG099_730_9030|13|108.227997|247.649002|-33.220001|0.000000|-3.604000|2.233000|1.000000|1.000000|1.000000
AEG099_750_9000|13|50.894001|267.644989|-111.098000|0.000000|56.016998|0.000000|1.000000|1.000000|1.000000
AEG099_750_9001|13|99.283997|247.033997|-45.773998|0.000000|161.649994|0.000000|1.000000|1.000000|1.000000
AEG099_750_9002|13|84.731003|311.028992|111.512001|0.000000|93.709999|0.000000|1.000000|1.000000|1.000000
AEG099_750_9003|13|18.929001|319.998993|125.655998|0.000000|111.475998|0.000000|1.000000|1.000000|1.000000
AEG099_760_9000|13|46.632999|276.583008|-42.424000|2.433000|133.639999|-4.264000|1.000000|1.000000|1.000000
AEG099_760_9001|13|53.433998|316.078003|118.307999|-11.593000|-72.259003|11.655000|1.000000|1.000000|1.000000
AEG099_760_9002|13|29.691000|300.437988|59.415001|11.026000|152.585007|-1.451000|1.000000|1.000000|1.000000
AEG099_760_9003|13|124.620003|250.154999|-53.598000|1.383000|160.147995|-2.768000|1.000000|1.000000|1.000000
AEG099_830_9000|13|108.009003|249.164993|-0.763000|0.085000|126.491997|1.754000|1.000000|1.000000|1.000000
AEG099_830_9001|13|108.980003|250.427002|9.465000|0.000000|88.556999|-4.517000|1.000000|1.000000|1.000000
AEG099_830_9002|13|21.061001|315.401001|109.488998|0.000000|88.556999|0.000000|1.000000|1.000000|1.000000
AEG099_830_9003|13|31.007999|313.079010|103.985001|1.375000|88.556999|-14.138000|1.000000|1.000000|1.000000
AEG099_830_9004|13|74.790001|307.119995|98.636002|2.868000|88.556999|-15.795000|1.000000|1.000000|1.000000
AEG700_067_1006|13|77.007698|290.774170|44.443008|-7.901654|-53.798634|7.240492|1.000000|1.000000|1.000000
AEG700_067_1008|13|92.419189|293.693817|62.878899|7.114297|133.928970|-7.143095|1.000000|1.000000|1.000000
AEG700_067_1011|13|72.297119|279.673096|-15.752440|-1.405963|-89.671074|7.105063|1.000000|1.000000|1.000000
AEG700_067_1014|13|55.280281|276.509186|-40.766972|4.746816|121.454453|-6.392614|1.000000|1.000000|1.000000
AEG700_067_1015|13|102.670876|293.489563|57.916275|4.287354|143.847534|-6.911735|1.000000|1.000000|1.000000
AEG700_068_1006|13|64.456306|282.613373|-0.948734|5.084474|90.864464|-12.469181|1.000000|1.000000|1.000000
AEG700_068_1007|13|57.329105|277.057281|-36.892212|-3.833429|-64.737518|7.427095|1.000000|1.000000|1.000000
AEG700_068_1008|13|79.770157|291.278687|47.835426|-8.394165|-48.962475|6.111162|1.000000|1.000000|1.000000
AEG700_068_1010|13|78.468384|287.324310|26.990614|0.175399|-60.426075|13.183768|1.000000|1.000000|1.000000
AEG700_068_1012|13|54.899662|273.344940|-67.083130|1.261209|99.693260|-5.407331|1.000000|1.000000|1.000000
AEG700_068_1014|13|95.945320|294.130859|65.358414|-7.857475|-21.811106|4.187124|1.000000|1.000000|1.000000
AEG700_069_1007|13|64.033569|281.826141|-5.183594|1.192444|104.462128|-8.067952|1.000000|1.000000|1.000000
AEG700_069_1009|13|71.871582|279.122559|-20.690065|-2.969817|-79.251526|5.774023|1.000000|1.000000|1.000000
AEG700_069_1011|13|74.624474|290.182007|40.747902|5.395638|119.645393|-8.629407|1.000000|1.000000|1.000000
AEG700_069_1012|13|80.758408|288.265808|31.043442|1.989498|127.497528|-9.951834|1.000000|1.000000|1.000000
AEG700_069_1013|13|55.927128|273.763611|-62.755737|2.180169|111.352287|-5.249310|1.000000|1.000000|1.000000
AEG801_006_7010|13|26.736092|307.455139|79.567871|-12.248584|-53.211525|3.097518|1.000000|1.000000|1.000000
AEG801_006_7011|13|25.320194|301.153473|60.863281|6.110835|-135.103210|14.352715|0.774300|0.774300|0.774300
AEG801_006_7013|13|-6.057377|312.833282|88.454102|-5.942433|-89.507492|8.989486|1.000000|1.000000|1.000000
AEG801_006_7016|13|45.294197|301.870178|66.227539|-12.107727|-4.461114|-9.624388|0.774300|0.774300|0.774300
AEG801_006_7017|13|110.842178|246.742249|-98.357056|8.922112|82.577850|1.925842|1.000000|1.000000|1.000000
AEG801_006_7022|13|55.567268|283.641785|-0.987675|-6.851372|-96.694244|12.287047|1.000000|1.000000|1.000000
AEG801_006_7024|13|102.932014|296.492249|76.763397|14.296896|138.737854|-8.873263|0.774300|0.774300|0.774300
AEG801_006_7026|13|116.351067|297.126099|80.477905|12.102058|138.801117|-10.998827|0.991549|0.991549|0.991549
AEG801_006_7028|13|108.448738|309.367676|110.498535|-19.202770|-45.663513|18.069731|0.774300|0.774300|0.774300
AEG801_006_7030|13|91.493637|300.745117|85.456055|6.189575|-124.516838|18.315699|0.774300|0.774300|0.774300
AEG801_006_7033|13|115.872673|306.809814|104.927002|-22.764233|-2.307364|0.687444|0.774300|0.774300|0.774300
AEG801_006_7034|13|112.885017|305.237823|101.063965|18.715132|-150.448746|11.769210|0.774300|0.774300|0.774300
AEG801_006_7049|13|118.476196|249.006287|29.165409|-6.764885|-2.430604|-4.130453|1.000000|1.000000|1.000000
AEG801_006_7057|13|57.825615|273.236908|-77.236008|-9.864446|156.279236|-3.254772|1.000000|1.000000|1.000000
AEG801_006_7083|13|108.712173|247.875275|-122.242432|-17.963966|-100.096077|0.078000|1.000000|1.000000|1.000000
AEG801_006_7094|13|29.219603|316.458191|115.127808|-15.412102|11.785810|-6.645107|1.000000|1.000000|1.000000
AEG801_006_7095|13|14.113888|315.680206|108.970245|-14.164722|-36.348282|6.159220|1.000000|1.000000|1.000000
AEG801_006_7096|13|8.534789|315.873474|108.474976|-13.683726|-36.142990|6.350520|0.774300|0.774300|0.774300
AEG801_006_7097|13|17.121340|318.306458|119.030029|1.508624|82.799042|-16.280199|1.000000|1.000000|1.000000
AEG801_006_7098|13|39.703373|320.699005|130.317261|-18.217480|-1.171784|0.160209|1.000000|1.000000|1.000000
AEG801_006_7099|13|51.140259|316.404510|118.806519|-17.155088|8.928670|-8.410675|1.000000|1.000000|1.000000
AEG801_006_7100|13|29.077641|318.924805|123.545654|4.120079|95.806587|-15.778063|1.000000|1.000000|1.000000
AEG801_006_7101|13|25.223270|320.838959|129.672363|-14.624861|10.901230|-5.113936|1.000000|1.000000|1.000000
AEG801_006_7102|13|33.980103|268.859039|-112.374870|2.878816|-138.444153|7.026516|0.774300|0.774300|0.774300
AEG801_006_7103|13|4.924552|320.232635|123.092255|-15.599587|-34.463097|9.073524|1.000000|1.000000|1.000000
AEG801_006_7104|13|12.880131|318.508698|118.790039|7.863818|-130.359818|14.685890|1.000000|1.000000|1.000000
AEG801_006_7105|13|63.291252|317.742188|124.973145|-19.101194|10.408909|-6.801514|1.000000|1.000000|1.000000
AEG801_006_7106|13|72.994400|311.719604|110.251709|-17.747469|9.885361|-8.344904|0.664200|0.664200|0.664200
AEG801_006_7107|13|84.958992|308.508392|104.773193|-22.157200|9.006998|-10.437416|1.000000|1.000000|1.000000
AEG801_006_7108|13|64.317390|313.776794|114.089966|-17.865810|10.011937|-8.008815|1.000000|1.000000|1.000000
AEG801_006_7109|13|62.418091|312.826874|110.772217|-17.020964|10.022239|-7.891096|1.000000|1.000000|1.000000
AEG801_006_7110|13|84.425430|314.757996|120.731689|11.989141|-133.002380|17.591261|1.000000|1.000000|1.000000
AEG801_006_7111|13|31.788574|317.820892|120.198486|-6.542772|-75.555603|15.278588|1.000000|1.000000|1.000000
AEG801_006_7112|13|37.838982|312.343536|103.489014|-8.549789|-76.389313|15.803612|1.000000|1.000000|1.000000
AEG801_006_7113|13|59.320679|320.036682|131.090820|-7.670856|-77.268005|17.291771|1.000000|1.000000|1.000000
AEG801_006_7114|13|12.804924|320.120209|124.216675|15.446171|144.290344|-6.077958|1.000000|1.000000|1.000000
AEG801_006_7115|13|2.957759|319.670197|121.206421|-4.206126|-76.373680|16.368603|1.000000|1.000000|1.000000
AEG801_006_7116|13|-9.417236|318.442383|116.497803|11.141895|-167.484421|3.705951|1.000000|1.000000|1.000000
AEG801_006_7117|13|51.071533|305.517120|85.029541|-15.513330|8.500143|-10.395196|1.000000|1.000000|1.000000
AEG801_006_7118|13|62.130119|310.410767|103.226807|-16.518871|9.787197|-8.645511|1.000000|1.000000|1.000000
AEG801_006_7119|13|43.612549|310.334259|98.452667|-7.081475|-78.871986|16.022118|1.000000|1.000000|1.000000
AEG801_006_7120|13|38.111935|296.986542|48.283447|-0.893144|-100.271858|12.433621|0.774300|0.774300|0.774300
AEG801_006_7121|13|31.415649|300.852203|61.319580|18.535959|169.598618|0.942347|0.774300|0.774300|0.774300
AEG801_006_7122|13|84.403557|316.792236|126.007080|-7.033552|-76.546371|23.493038|0.837706|0.837706|0.837706
AEG801_006_7123|13|25.139055|268.751526|-119.608147|3.794361|-164.487656|5.572287|0.600000|0.600000|0.600000
AEG801_006_7124|13|37.765877|269.754425|-104.793213|11.064771|151.851868|-0.108983|0.774300|0.774300|0.774300
AEG801_006_7125|13|44.312378|294.047394|37.370361|14.717663|169.127655|2.490123|0.774300|0.774300|0.774300
AEG801_006_7126|13|58.473022|283.520264|0.343141|-4.265745|-100.253288|12.717649|0.774300|0.774300|0.774300
AEG801_006_7127|13|77.820549|308.633759|103.046143|-12.335936|-76.700050|22.038788|1.000000|1.000000|1.000000
AEG801_006_7129|13|96.603287|311.796295|114.753906|-19.611376|-32.001503|9.862873|1.000000|1.000000|1.000000
AEG801_006_7130|13|44.430176|277.127899|-40.337399|15.411123|154.322235|-2.209355|1.000000|1.000000|1.000000
AEG801_006_7132|13|48.789673|277.133301|-38.668339|-1.015195|63.823425|-11.650699|1.000000|1.000000|1.000000
AEG801_006_7133|13|66.787964|286.032288|18.105221|16.569109|152.680527|4.189448|1.000000|1.000000|1.000000
AEG801_006_7135|13|98.925293|294.548126|67.692627|-7.648822|47.634113|-6.433896|0.774300|0.774300|0.774300
AEG801_006_7136|13|70.855469|290.171143|38.916740|-4.113529|46.857670|-13.682814|0.774300|0.774300|0.774300
AEG801_006_7137|13|71.017212|292.718506|49.459465|-16.230568|-42.386101|3.306796|0.774300|0.774300|0.774300
AEG801_006_7138|13|84.075439|299.689362|79.971436|-16.973520|-41.135944|7.387012|0.774300|0.774300|0.774300
AEG801_006_7147|13|61.318954|266.411713|-118.017197|-5.266358|-25.963423|-0.667218|1.000000|1.000000|1.000000
AEG801_006_7148|13|20.827759|307.683289|75.398315|0.333914|-143.924316|11.657385|1.000000|1.000000|1.000000
AEG801_006_7152|13|24.507084|271.593781|-89.218750|-2.420807|45.897755|-6.305371|1.000000|1.000000|1.000000
AEG801_006_7160|13|117.930420|248.516342|24.582155|-4.955337|-91.910728|6.365162|1.000000|1.000000|1.000000
AEG801_006_7169|13|103.972153|247.181641|-33.517334|-7.249694|88.138725|2.341662|1.000000|1.000000|1.000000
AEG801_006_7170|13|100.962410|247.192917|-49.120602|-3.135148|82.488045|0.648405|1.000000|1.000000|1.000000
AEG801_006_7171|13|108.703003|247.819763|-48.290398|-0.527916|-7.692560|6.117063|1.000000|1.000000|1.000001
AEG801_006_7172|13|109.015755|247.872604|-43.259892|1.115616|-7.680675|5.573709|1.000000|1.000000|1.000000
AEG801_006_7173|13|84.216309|247.975815|-50.769775|-2.788448|-7.897544|-9.137175|1.000000|1.000000|1.000000
AEG801_006_7174|13|82.029778|248.250824|-59.315674|-6.375258|-102.077728|0.030078|1.000000|1.000000|1.000001
AEG801_006_7175|13|98.663330|246.878510|-43.875977|5.812711|-97.391502|-1.248572|1.000000|1.000000|1.000000
AEG801_006_7176|13|88.795776|249.100983|-20.001595|-3.465119|-119.511894|6.991789|1.000000|1.000000|1.000000
AEG801_006_7177|13|57.880272|266.225250|-121.858009|-5.157028|9.736372|-2.430018|1.000000|1.000000|1.000000
AEG801_006_7179|13|37.454716|267.807037|-118.064949|-3.813479|36.663204|-7.547127|1.000000|1.000000|1.000000
AEG801_006_7194|13|115.879272|248.355957|3.098761|1.714186|-153.193649|11.850106|1.000000|1.000000|1.000000
AEG801_006_7195|13|90.251175|248.337738|-84.032455|-13.263299|-136.320129|-2.230112|1.000000|1.000000|1.000000
AEG801_006_7196|13|104.438110|249.008255|-5.720337|3.693110|-163.168655|7.813982|1.000000|1.000000|1.000000
AEG801_006_7197|13|85.320435|248.927109|-28.994019|0.894564|-164.148666|8.765018|1.000000|1.000000|1.000000
AEG801_006_7199|13|112.930061|248.124207|-31.651241|-2.577420|-164.140305|-3.479604|1.000000|1.000000|1.000000
AEG801_006_7200|13|114.254143|246.442154|-106.624977|-3.101751|-163.494324|9.268023|1.000000|1.000000|1.000000
AEG801_006_7201|13|110.832291|247.187256|-113.904182|-4.173531|-163.133759|12.671724|1.000000|1.000000|1.000000
AEG801_006_7213|13|56.780598|273.515381|-80.537498|9.955001|15.696936|7.213278|0.800000|0.800000|0.800000
AEG801_006_7214|13|13.475464|268.610535|-123.048103|5.970324|-164.000290|2.399418|1.000000|1.000000|1.000000
AEG801_006_7215|13|53.825321|267.442657|-111.912483|1.347350|75.237366|-7.753346|1.000000|1.000000|1.000000
AEG801_006_7216|13|48.240360|267.987671|-110.941536|6.781452|-164.294754|7.861906|1.000000|1.000000|1.000000
AEG801_006_7217|13|61.409698|268.400970|-99.796753|10.323721|-163.988876|1.734103|1.000000|1.000000|1.000000
AEG801_006_7218|13|79.295662|249.037842|-74.512329|-6.750872|-142.181122|4.127950|1.000000|1.000000|1.000000
AEG801_006_7219|13|75.785645|249.598877|-77.046257|3.992929|119.980453|5.617912|1.000000|1.000000|1.000000
AEG801_006_7220|13|101.485596|247.283188|-66.513672|0.616629|167.998184|-1.021641|1.000000|1.000000|1.000000
AEG801_006_7221|13|109.045525|246.650375|-78.869621|2.618914|172.914688|3.041210|1.000000|1.000000|1.000000
AEG801_011_7012|13|17.701298|318.216309|118.845184|0.000000|10.105702|0.000000|1.000000|1.000000|1.000000
AEG801_011_7017|13|62.739258|312.063873|108.531219|0.000000|-88.636826|0.000000|1.000000|1.000000|1.000000
AEG801_011_7018|13|40.924553|312.128906|103.597168|0.000000|-17.726707|0.000000|1.000000|1.000000|1.000000
AEG801_011_7021|13|45.362679|293.885498|37.118164|0.000000|-18.294168|0.000000|1.000000|1.000000|1.000000
AEG801_011_7023|13|108.229736|247.993774|-121.183098|0.000000|173.898026|0.000000|1.000000|1.000000|1.000000
AEG801_011_7027|13|84.149574|263.622803|-123.001724|0.000000|23.436012|0.000000|1.000000|1.000000|1.000000
AEG801_011_7036|13|84.622299|293.088379|57.563721|0.000000|-98.551659|0.000000|1.000000|1.000000|1.000000
AEG801_011_7038|13|82.420189|284.615173|14.199057|0.000000|-92.372826|0.000000|1.000000|1.000000|1.000000
AEG801_011_7040|13|38.721191|269.447510|-105.708191|0.000000|174.194611|0.000000|1.000000|1.000000|1.000000
AEG801_011_7041|13|105.930779|293.462402|57.180908|0.000000|80.578766|0.000000|1.000000|1.000000|1.000000
AEG801_011_7043|13|95.674057|311.725098|114.468506|0.000000|170.780457|0.000000|1.000000|1.000000|1.000000
AEG801_011_7044|13|38.806282|320.198792|128.740631|0.000000|-107.683258|0.000000|1.000000|1.000000|1.000000
AEG801_011_7045|13|19.977417|313.087524|100.848633|0.000000|162.075745|0.000000|1.000000|1.000000|1.000000
AEG801_011_7046|13|-8.068844|313.091919|88.819580|0.000000|72.336174|0.000000|1.000000|1.000000|1.000000
AEG801_011_7047|13|108.871460|247.317429|-26.914175|0.000000|-36.089069|0.000000|1.000000|1.000000|1.000000
AEG801_011_7048|13|90.967278|248.031982|-82.457275|0.000000|-93.406052|0.000000|1.000000|1.000000|1.000000
AEG801_011_7049|13|79.042473|248.794434|-51.131584|0.000000|-89.360062|0.000000|1.000000|1.000000|1.000000
AEG801_011_7052|13|102.481941|247.280334|-51.290283|0.000000|88.952911|0.000000|1.000000|1.000000|1.000000
AEG801_011_7065|13|115.594482|246.255020|-104.346550|0.000000|-99.798096|0.000000|1.000000|1.000000|1.000000
AEG801_011_7067|13|107.345703|248.043213|-114.218506|0.000000|91.038673|0.000000|1.000000|1.000000|1.000000
AEG801_011_7077|13|111.200317|248.098312|-43.972168|0.000000|142.818420|0.000000|1.000000|1.000000|1.000000
AEG801_011_7078|13|85.313477|247.792480|-53.356453|0.000000|-90.435463|0.000000|1.000000|1.000000|1.000000
AEG801_011_7079|13|93.049576|248.616959|-20.204098|0.000000|31.393278|0.000000|1.000000|1.000000|1.000000
AEG801_011_7080|13|62.312260|268.332764|-100.255463|0.000000|129.405273|0.000000|1.000000|1.000000|1.000000
AEG801_011_7081|13|56.343880|267.239624|-112.406006|0.000000|-53.735786|0.000000|1.000000|1.000000|1.000000
AEG801_011_7099|13|116.676880|248.306488|3.781248|0.000000|-164.832062|0.000000|1.000000|1.000000|1.000000
AEG801_011_7100|13|106.135010|248.854553|-5.335938|0.000000|-164.583237|0.000000|1.000000|1.000000|1.000000
AEG801_011_7101|13|83.911499|249.008469|-31.319336|0.000000|-164.350571|0.000000|1.000000|1.000000|1.000000
AEG801_011_7102|13|98.914307|248.070557|-92.369865|0.000000|-162.683670|0.000000|1.000000|1.000000|1.000000
AEG801_011_7111|13|56.819603|273.402527|-78.300262|0.000000|-164.972275|0.000000|1.000000|1.000000|1.000000
AEG801_011_7112|13|-0.182735|270.003815|-113.727295|0.000000|14.781711|0.000000|1.000000|1.000000|1.000000
AEG801_011_7113|13|47.145508|276.923309|-40.362289|0.000000|-73.542091|0.000000|1.000000|1.000000|1.000000
AEG801_011_7114|13|80.509537|248.810303|-73.018433|0.000000|-59.947334|0.000000|1.000000|1.000000|1.000000
AEG801_011_7115|13|75.921013|249.412872|-67.055031|0.000000|-152.699219|0.000000|1.000000|1.000000|1.000000
AEG801_011_7116|13|100.260857|247.233887|-68.397720|0.000000|176.656281|0.000000|1.000000|1.000000|1.000000
AEG801_015_7002|13|112.829712|246.460312|-98.776245|-0.000002|10.825823|-0.000003|1.000002|1.000002|1.000002
AEG801_015_7006|13|44.280033|317.852570|121.756134|-0.000002|7.919713|-0.000003|1.000002|1.000002|1.000002
AEG801_015_7007|13|41.298103|320.371429|129.283569|-0.000005|-138.303772|-0.000008|1.000002|1.000002|1.000002
AEG801_015_7008|13|24.828983|321.157227|130.736450|-0.000004|-134.882462|-0.000007|1.000002|1.000002|1.000002
AEG801_015_7009|13|81.070801|311.959839|112.767090|0.000000|151.420090|0.000003|1.000002|1.000002|1.000002
AEG801_015_7014|13|60.884750|306.821259|92.791504|-0.000003|-147.642365|-0.000005|1.000002|1.000002|1.000002
AEG801_015_7015|13|43.221436|312.906006|106.516846|-0.000004|38.516842|-0.000007|1.000002|1.000002|1.000002
AEG801_015_7016|13|93.828362|314.787231|122.188110|-0.000002|30.065172|-0.000007|1.000002|1.000002|1.000002
AEG801_015_7017|13|86.245956|263.397949|-122.831039|-0.000004|-140.734192|-0.000008|1.000002|1.000002|1.000001
AEG801_015_7019|13|-0.440556|270.673218|-108.235855|-0.000009|84.970367|-0.000014|1.000003|1.000002|1.000002
AEG801_015_7020|13|37.529785|269.817291|-104.367798|-0.000008|88.910995|-0.000014|1.000002|1.000002|1.000002
AEG801_015_7022|13|61.888676|266.024933|-118.888428|-0.000008|81.233063|-0.000014|1.000002|1.000002|1.000002
AEG801_015_7023|13|20.082153|313.785370|103.537354|-0.000003|-146.860504|-0.000005|1.000002|1.000002|1.000001
AEG801_015_7024|13|17.093552|307.772064|69.052795|-0.000003|33.377991|-0.000005|1.000002|1.000002|1.000002
AEG801_015_7027|13|101.299316|247.112839|-49.792244|0.000008|-97.284203|0.000012|1.000002|1.000002|1.000002
AEG801_015_7030|13|28.594723|272.483063|-81.367920|-0.000005|47.482716|-0.000008|1.000002|1.000002|1.000002
AEG801_015_7038|13|81.305672|248.474121|-64.096924|-0.000008|82.438301|-0.000013|1.000002|1.000002|1.000002
AEG801_015_7039|13|101.878914|246.966110|-38.050537|-0.000001|171.425156|-0.000002|1.000002|1.000002|1.000002
AEG801_015_7040|13|49.443375|267.575928|-112.880981|0.000001|157.757812|-0.000000|1.000002|1.000002|1.000002
AEG801_015_7050|13|121.705055|247.490952|0.840991|0.000005|-73.962173|0.000007|1.000002|1.000002|1.000002
AEG801_015_7053|13|96.409546|249.936600|-4.485958|-0.000011|106.310127|-0.000018|1.000002|1.000002|1.000002
AEG801_015_7054|13|86.501083|248.795288|-28.408447|-0.000008|87.058502|-0.000014|1.000002|1.000002|1.000002
AEG801_015_7056|13|108.999374|247.438080|-105.680908|-0.000002|-161.444672|-0.000006|1.000003|1.000002|1.000002
AEG801_015_7057|13|81.064209|249.825424|-87.694099|-0.000003|31.391636|-0.000006|1.000002|1.000002|1.000002
AEG801_016_7003|13|38.030396|297.262695|49.906006|0.000000|117.523857|0.000000|1.000000|1.000000|1.000000
AEG801_016_7005|13|103.658318|246.982956|-31.911133|0.000000|-21.785835|0.000000|1.000000|1.000000|1.000000
AEG801_016_7007|13|90.994995|300.342285|84.337433|0.000000|64.687714|0.000000|1.000000|1.000000|1.000000
AEG801_016_7008|13|102.338554|293.266846|57.356323|0.000000|155.109039|0.000000|1.000000|1.000000|1.000000
AEG801_016_7024|13|108.430054|247.948929|-123.964088|0.000000|-73.771126|0.000000|1.000000|1.000000|1.000000
AEG801_016_7026|13|14.309082|315.744385|109.255615|0.000000|-39.759995|0.000000|1.000000|1.000000|1.000000
AEG801_016_7028|13|55.122681|318.223358|124.926758|0.000000|-112.204193|0.000000|1.000000|1.000000|1.000000
AEG801_016_7029|13|12.103344|319.470673|122.016724|0.000000|-35.879166|0.000000|1.000000|1.000000|1.000000
AEG801_016_7032|13|83.859131|313.906311|118.464355|0.000000|61.291256|0.000000|1.000000|1.000000|1.000000
AEG801_016_7033|13|41.549931|316.546021|117.224854|0.000000|-141.037048|0.000000|1.000000|1.000000|1.000000
AEG801_016_7034|13|29.308594|300.913696|61.114746|0.000000|-159.155914|0.000000|1.000000|1.000000|1.000000
AEG801_016_7035|13|27.382080|316.207764|113.916748|0.000000|-136.124649|0.000000|1.000000|1.000000|1.000000
AEG801_016_7036|13|81.480957|304.074707|92.674072|0.000000|160.589737|0.000000|1.000000|1.000000|1.000000
AEG801_016_7037|13|25.244251|268.769043|-119.933243|0.000000|140.887222|0.000000|1.000000|1.000000|1.000000
AEG801_016_7038|13|38.130859|269.192383|-107.615189|0.000000|-1.010796|0.000000|1.000000|1.000000|1.000000
AEG801_016_7039|13|56.998520|283.552734|-0.434326|0.000000|121.657761|0.000000|1.000000|1.000000|1.000000
AEG801_016_7045|13|25.569954|307.472626|78.706909|0.000000|-33.636398|0.000000|1.000000|1.000000|1.000000
AEG801_016_7046|13|78.312996|248.864990|-52.043701|0.000000|-89.109848|0.000000|1.000000|1.000000|1.000000
AEG801_016_7052|13|87.783928|249.135971|-21.076170|0.000000|135.415192|0.000000|1.000000|1.000000|1.000000
AEG801_016_7053|13|36.878658|268.266998|-118.275894|0.000000|-43.182060|0.000000|1.000000|1.000000|1.000000
AEG801_016_7054|13|27.264282|268.157349|-125.616440|0.000000|24.913610|0.000000|1.000000|1.000000|1.000000
AEG801_016_7074|13|83.650772|249.204956|-28.242676|0.000000|108.066315|0.000000|1.000000|1.000000|1.000000
AEG801_016_7075|13|93.073158|249.746399|-98.003647|0.000000|-158.923355|0.000000|1.000000|1.000000|1.000000
AEG801_016_7076|13|78.747795|249.151123|-75.355347|0.000000|52.778706|0.000000|1.000000|1.000000|1.000000
AEG801_111_7006|13|55.213615|283.790192|-0.325912|0.000000|50.411755|0.000000|0.799009|0.799009|0.799009
AEG801_111_7015|13|43.128178|315.239868|113.395752|0.000000|15.721811|0.000000|1.000000|1.000000|1.000000
AEG801_111_7016|13|12.397705|315.928955|109.509033|0.000000|-61.306110|0.000000|1.000000|1.000000|1.000000
AEG801_111_7017|13|72.147110|311.898071|110.554199|0.000000|17.184431|0.000000|1.000000|1.000000|1.000000
AEG801_111_7018|13|26.328365|268.765594|-118.218979|0.000000|-155.253540|0.000000|0.700000|0.700000|0.700000
AEG801_111_7020|13|90.459465|312.383667|115.481934|0.000000|-67.702751|0.000000|1.000000|1.000000|1.000000
AEG801_111_7021|13|68.563721|316.525635|122.587555|0.000000|-167.332138|0.000000|1.000000|1.000000|1.000000
AEG801_111_7023|13|78.238045|308.952881|103.875977|0.000000|-172.419724|0.000000|1.000000|1.000000|1.000000
AEG801_111_7025|13|103.561882|310.891113|113.314453|0.000000|123.557823|0.000000|1.000000|1.000000|1.000000
AEG801_111_7028|13|81.984123|248.039429|-54.092285|0.000000|-72.088951|0.000000|1.000000|1.000000|1.000000
AEG801_111_7030|13|20.121948|320.657471|128.072998|0.000000|-61.600262|0.000000|1.000000|1.000000|1.000000
AEG801_111_7031|13|-0.207768|318.652771|117.697021|0.000000|-152.261993|0.000000|1.000000|1.000000|1.000000
AEG801_111_7036|13|27.655029|271.098694|-91.101318|0.000000|-162.938843|0.000000|0.903812|0.903812|0.903812
AEG801_111_7047|13|98.623894|246.786194|-41.896355|0.000000|-145.149429|0.000000|0.903812|0.903812|0.903812
AEG801_111_7048|13|63.266617|268.226501|-101.026520|0.000000|25.274523|0.000000|1.000000|1.000000|1.000000
AEG801_111_7050|13|1.740731|268.234741|-130.059753|0.000000|-70.342163|0.000000|0.903812|0.903812|0.903812
AEG801_250_7000|13|38.156002|297.966797|52.757324|0.000000|-67.049713|0.000000|0.600000|0.600000|0.600000
AEG801_250_7001|13|104.795883|293.480713|57.727905|0.000000|-11.558130|0.000000|0.550000|0.550000|0.550000
AEG801_250_7002|13|60.709335|282.511139|-3.038330|0.000000|43.128929|0.000000|0.800000|0.800000|0.800000
AEG801_250_7003|13|101.634644|311.446045|114.433594|0.000000|-157.988586|0.000000|1.000000|1.000000|1.000000
AEG801_250_7004|13|25.506842|318.030487|119.225586|0.000001|50.077007|-0.000007|0.625775|0.625775|0.625775
AEG801_250_7005|13|30.672611|317.526367|119.016846|0.000000|149.584610|0.000000|0.900000|0.900000|0.900000
AEG801_250_7006|13|28.484871|316.838165|116.286499|0.000000|-26.879328|0.000000|0.600000|0.600000|0.600000
AEG801_250_7007|13|16.346443|317.112061|114.669434|0.000000|-49.837353|0.000000|0.635960|0.635960|0.635960
AEG801_250_7008|13|14.333012|316.505920|112.061401|0.000000|-1.326238|0.000000|0.900000|0.900000|0.900000
AEG801_250_7009|13|4.271483|319.931396|122.102051|0.000000|-36.058327|0.000000|1.000000|1.000000|1.000000
AEG801_250_7010|13|2.483278|319.423950|120.388916|0.000000|-85.982307|0.000000|0.650000|0.650000|0.650000
AEG801_250_7011|13|6.468022|321.072113|126.197021|0.000000|-175.933319|0.000000|0.650000|0.650000|0.650000
AEG801_250_7012|13|4.371341|318.113037|116.058716|0.000000|-152.134613|0.000000|0.500000|0.500000|0.500000
AEG801_250_7013|13|37.365845|320.883148|130.859131|0.000000|23.854004|0.000000|0.900000|0.900000|0.900000
AEG801_250_7014|13|56.171867|318.601013|126.209351|0.000000|-179.087967|0.000000|0.650000|0.650000|0.650000
AEG801_250_7015|13|62.293941|310.547821|103.703125|0.000000|-28.053020|0.000000|0.800000|0.800000|0.800000
AEG801_250_7017|13|84.546883|308.203857|103.966064|0.000000|20.620331|0.000000|1.000000|1.000000|1.000000
AEG801_250_7018|13|35.323738|311.818115|101.081787|-0.000007|40.617607|-0.000001|0.742445|0.742445|0.742445
AEG801_250_7019|13|83.991692|316.710419|125.763428|0.000000|151.506363|0.000000|0.600000|0.600000|0.600000
AEG801_250_7020|13|108.617554|309.892487|111.583252|0.000000|-135.879547|0.000000|0.550000|0.550000|0.550000
AEG801_250_7021|13|76.928108|308.142303|101.685059|0.000000|-68.117821|0.000000|0.769275|0.769275|0.769275
AEG801_250_7023|13|103.839973|247.282761|-48.404171|0.000000|177.149368|0.000000|1.000000|1.000000|1.000000
AEG801_250_7025|13|118.288315|248.780731|27.134277|0.000000|-90.446434|0.000000|1.000000|1.000000|1.000000
AEG801_250_7031|13|34.638794|268.918884|-111.633926|0.000000|-65.906067|0.000000|0.600000|0.600000|0.600000
AEG801_253_7006|13|22.085945|307.339233|74.633667|0.000000|79.357254|0.000000|0.711446|0.711446|0.711446
AEG801_253_7009|13|25.508911|301.343872|61.681396|0.000000|-158.052734|0.000000|0.900835|0.900835|0.900835
AEG801_253_7015|13|61.953396|282.526459|-4.080429|0.000000|2.630999|0.000000|0.800000|0.800000|0.800000
AEG801_253_7018|13|109.619759|315.895752|126.731934|0.000000|-12.294252|0.000000|0.900000|0.900000|0.900000
AEG801_253_7020|13|66.537842|297.178070|62.168945|0.000000|-153.990234|0.000000|0.700000|0.700000|0.700000
AEG801_253_7022|13|101.281754|312.616241|117.288849|0.000000|19.681641|0.000000|1.000000|1.000000|1.000000
AEG801_253_7025|13|116.064682|307.158386|105.759766|0.000000|16.503813|0.000000|0.700000|0.700000|0.700000
AEG801_253_7051|13|58.915878|319.397003|129.113403|0.000000|160.965088|0.000000|0.700000|0.700000|0.700000
AEG801_253_7052|13|15.916986|316.582520|112.684814|0.000000|159.238403|0.000000|1.000000|1.000000|1.000000
AEG801_253_7054|13|42.198727|315.457367|114.437012|0.000000|162.023956|0.000000|0.900000|0.900000|0.900000
AEG801_253_7055|13|9.314941|315.658295|107.813354|0.000000|37.594810|0.000000|0.900000|0.900000|0.900000
AEG801_253_7056|13|-9.449215|319.006439|119.372559|0.000000|67.871971|0.000000|0.800000|0.800000|0.800000
AEG801_253_7057|13|4.053946|319.648468|121.174286|0.000000|148.999527|0.000000|1.000000|1.000000|1.000000
AEG801_253_7058|13|24.219723|319.161407|122.954376|0.000000|68.397705|0.000000|1.000000|1.000000|1.000000
AEG801_253_7059|13|28.370853|315.400146|111.364258|0.000000|66.348145|0.000000|0.600000|0.600000|0.600000
AEG801_253_7060|13|76.952393|310.550537|107.804932|0.000000|-61.439190|0.000000|1.000000|1.000000|1.000000
AEG801_253_7065|13|50.564442|315.324707|115.417633|0.000000|16.031567|0.000000|1.000000|1.000000|1.000000
AEG801_253_7066|13|61.813232|309.020966|98.948242|0.000000|66.552025|0.000000|0.862531|0.862531|0.862531
AEG801_253_7067|13|14.974846|320.058899|124.532959|0.000000|-121.048317|0.000000|1.000000|1.000000|1.000000
AEG801_253_7068|13|58.872192|306.319855|90.645264|0.000000|-112.472343|0.000000|0.649032|0.649032|0.649032
AEG801_253_7069|13|50.204094|295.487793|44.517090|0.000000|-109.646584|0.000000|0.844719|0.844719|0.844719
AEG801_253_7070|13|86.799187|317.009277|126.791260|0.000000|-109.401764|0.000000|1.000000|1.000000|1.000000
AEG801_253_7071|13|29.875488|316.690430|116.041473|-3.141191|68.466309|-16.381002|1.000000|1.000000|1.000000
AEG801_253_7072|13|75.037468|302.683105|86.046143|0.000000|-36.572613|0.000000|0.736391|0.736391|0.736391
AEG801_253_7073|13|35.772461|270.361481|-101.289246|0.000000|4.823132|0.000000|0.700000|0.700000|0.700000
AEG801_253_7074|13|35.734264|267.926788|-120.689575|0.000000|10.994748|0.000000|0.800000|0.800000|0.800000
AEG801_253_7075|13|92.973145|311.649048|113.936768|-0.000001|165.672501|0.000014|0.836135|0.836135|0.836135
AEG801_253_7076|13|111.537231|248.056900|-32.487671|0.000000|-156.622177|0.000000|1.000000|1.000000|1.000000
AEG801_253_7077|13|82.151115|305.154053|95.688690|0.000000|-55.986534|0.000000|1.000000|1.000000|1.000000
AEG801_253_7078|13|9.827030|315.048676|105.537964|0.000000|129.603836|0.000000|0.600000|0.600000|0.600000
AEG801_253_7079|13|7.976131|302.303406|57.396088|0.000000|-14.487249|0.000000|0.800000|0.800000|0.800000
AEG801_253_7081|13|82.116943|292.808350|55.223145|0.000000|95.351761|0.000000|0.851680|0.851680|0.851680
AEG801_253_7082|13|109.723274|245.546677|-95.661865|0.000000|-97.612083|0.000000|1.000000|1.000000|1.000000
AEG801_253_7083|13|82.202866|263.162323|-129.169724|0.000000|-158.041611|0.000000|1.000000|1.000000|1.000000
AEG801_253_7084|13|59.316154|266.026855|-120.455688|0.000000|-164.728134|0.000000|0.786844|0.786844|0.786844
AEG801_253_7085|13|99.141731|246.867355|-39.846924|0.000000|176.189346|0.000000|1.000000|1.000000|1.000000
AEG801_253_7086|13|82.465561|248.241211|-60.796272|0.000000|94.523079|0.000000|1.000000|1.000000|1.000000
AEG801_253_7087|13|23.895012|271.758240|-87.967285|0.000000|40.618294|0.000000|1.000000|1.000000|1.000000
AEG801_253_7089|13|111.441162|246.997314|-110.006950|0.000000|169.287872|0.000000|1.000000|1.000000|1.000000
AEG801_253_7090|13|103.022209|247.315292|-45.932003|0.000000|-38.397816|0.000000|1.000000|1.000000|1.000000
AEG801_253_7091|13|116.558472|248.936066|27.280640|0.000000|59.400040|0.000000|1.000000|1.000000|1.000000
AEG801_253_7092|13|90.494133|248.968338|-19.318617|0.000000|-26.650927|0.000000|1.000000|1.000000|1.000000
AEG801_253_7103|13|104.611084|247.831299|-98.890137|0.000000|84.212120|0.000000|1.000000|1.000000|1.000000
AEG801_253_7104|13|112.378403|246.820770|-112.525009|0.000000|132.043030|0.000000|0.700000|0.700000|0.700000
AEG801_253_7105|13|104.832916|247.911255|-14.058723|0.000000|95.133972|0.000000|1.000000|1.000000|1.000000
AEG801_253_7109|13|59.711052|268.268372|-101.754272|0.000000|71.052040|0.000000|0.889789|0.889789|0.889789
AEG801_253_7110|13|48.726685|268.322906|-108.058350|0.000000|-21.044426|0.000000|1.000000|1.000000|1.000000
AEG801_253_7111|13|36.587769|272.193909|-121.794022|0.000000|30.585228|0.000000|1.000000|1.000000|1.000000
AEG801_253_7131|13|89.698242|248.612808|-85.094116|0.000000|-164.384247|0.000000|1.000000|1.000000|1.000000
AEG801_253_7132|13|124.420288|247.316528|2.007812|0.000000|-3.614977|0.000000|1.000000|1.000000|1.000000
AEG801_253_7133|13|103.134781|248.686523|-106.262451|0.000000|18.716904|0.000000|1.000000|1.000000|1.000000
AEG801_253_7142|13|44.659664|276.681305|-42.178833|0.000000|64.108269|0.000000|1.000000|1.000000|1.000000
AEG801_253_7143|13|102.883667|249.321014|-4.313356|0.000000|-88.385155|0.000000|1.000000|1.000000|1.000000
AEG801_253_7144|13|77.030029|250.643799|-90.214958|0.000000|19.350889|0.000000|1.000000|1.000000|1.000000
AEG801_253_7145|13|73.623955|249.966370|-73.482300|0.000000|128.114243|0.000000|1.000000|1.000000|1.000000
AEG801_253_7146|13|74.783722|249.676132|-69.394005|0.000000|-166.085114|0.000000|1.000000|1.000000|1.000000
AEG801_253_7147|13|101.416382|247.284912|-65.562004|0.000000|-74.373665|0.000000|1.000000|1.000000|1.000000
AEG801_255_7001|13|86.222122|313.768829|119.778870|0.000000|92.594109|0.000000|1.000000|1.000000|1.000000
AEG801_255_7007|13|105.160042|247.041199|-34.680908|0.000000|-115.560150|0.000000|1.000000|1.000000|1.000000
AEG801_257_7000|13|30.463013|318.718018|123.053192|0.000000|20.495920|0.000000|1.000000|1.000000|1.000000
AEG801_257_7001|13|80.147217|309.067841|105.605225|0.000000|-45.952133|0.000000|1.000000|1.000000|1.000000
AEG801_257_7004|13|118.384033|249.213318|31.011108|0.000000|45.648331|0.000000|1.000000|1.000000|1.000000
AEG801_260_7003|13|30.769173|320.186035|128.118408|0.000000|-0.775038|0.000000|0.800000|0.800000|0.800000
AEG801_261_7005|13|18.776005|320.395752|126.806396|0.000000|-90.124687|0.000000|0.800000|0.800000|0.800000
AEG801_262_7003|13|84.072517|311.055786|112.304443|0.000000|-86.101631|0.000000|0.800000|0.800000|0.800000
AEG801_263_7001|13|76.822014|314.417938|118.585449|0.000000|-85.278885|0.000000|0.950000|0.950000|0.950000
AEG801_263_7002|13|1.235840|269.028992|-121.992905|0.000000|149.468750|0.000000|0.700000|0.700000|0.700000
AEG801_264_7004|13|65.903564|313.147461|112.618652|0.000000|-2.167844|0.000000|0.895977|0.895977|0.895977
AEG801_265_7008|13|11.665043|318.615479|118.895721|0.000000|-88.598808|0.000000|1.000000|1.000000|1.000000
AEG801_265_7010|13|80.443130|307.371857|100.995605|0.000000|171.187958|0.000000|1.000000|1.000000|1.000000
AEG801_265_7012|13|97.349724|312.320984|116.152832|0.000000|178.468658|0.000000|0.903812|0.903812|0.903812
AEG801_265_7015|13|64.277954|308.255341|97.638641|0.000000|91.849014|0.000000|0.900000|0.900000|0.900000
AEG801_265_7020|13|95.185310|249.666687|-7.700809|0.000000|177.016144|0.000000|1.000000|1.000000|1.000000
AEG801_265_7022|13|78.160645|248.734619|-55.093391|0.000000|-1.211440|0.000000|0.850000|0.850000|0.850000
AEG801_265_7023|13|97.306717|249.373734|-101.210182|0.000000|106.217628|0.000000|0.950000|0.950000|0.950000
AEG801_265_7028|13|108.885498|247.652023|-113.776726|0.000000|-3.027970|0.000000|0.800000|0.800000|0.800000
AEG801_265_7029|13|109.093506|247.777390|-46.523193|0.000000|-165.962387|0.000000|1.000000|1.000000|1.000000
AEG801_265_7030|13|56.834831|268.327271|-103.346130|0.000000|-138.721832|0.000000|0.952493|0.952493|0.952493
AEG801_265_7031|13|57.889648|266.246979|-121.336777|0.000000|138.551636|0.000000|1.000000|1.000000|1.000000
AEG801_265_7032|13|74.424622|249.871506|-78.029663|0.000000|2.519947|0.000000|0.900000|0.900000|0.900000
AEG801_266_7019|13|84.578491|263.163055|-125.436821|0.000000|3.101060|0.000000|0.700000|0.700000|0.700000
AEG801_266_7020|13|100.430908|310.089600|111.185303|0.000000|104.287506|0.000000|1.000000|1.000000|1.000000
AEG801_266_7022|13|4.239016|317.529297|113.970215|0.000000|9.322134|0.000000|1.000000|1.000000|1.000000
AEG801_266_7025|13|79.118286|305.017212|94.967896|0.000000|-173.139389|0.000000|1.000000|1.000000|1.000000
AEG801_266_7027|13|40.951416|312.902466|106.010712|0.000000|-172.525818|0.000000|1.000000|1.000000|1.000000
AEG801_266_7029|13|42.448845|310.558105|98.912842|0.000000|13.258700|0.000000|0.700000|0.700000|0.700000
AEG801_266_7030|13|24.682121|306.919189|74.515991|0.000000|-169.211151|0.000000|0.700000|0.700000|0.700000
AEG801_266_7032|13|100.627335|249.386932|-5.813599|0.000000|-85.322174|0.000000|1.000000|1.000000|1.000000
AEG801_266_7034|13|27.108032|271.500793|-88.995850|0.000000|173.714020|0.000000|1.000000|1.000000|1.000000
AEG801_266_7038|13|108.603394|247.293701|-101.823601|0.000000|90.033249|0.000000|0.936571|0.936571|0.936571
AEG801_266_7039|13|99.520271|246.901154|-45.310066|0.000000|141.819260|0.000000|0.800000|0.800000|0.800000
AEG801_266_7042|13|99.707275|248.114273|-94.140640|0.000000|87.844604|0.000000|0.700000|0.700000|0.700000
AEG801_266_7043|13|111.104492|247.467331|-27.253534|0.000000|92.050186|0.000000|1.000000|1.000000|1.000000
AEG801_266_7048|13|113.498535|246.751358|-107.553474|0.000000|1.218332|0.000000|1.000000|1.000000|1.000000
AEG801_266_7053|13|79.396248|248.571518|-59.412342|0.000000|135.616638|0.000000|0.781270|0.781270|0.781270
AEG801_266_7054|13|54.467155|267.544128|-110.793564|0.000000|128.746246|0.000000|1.000000|1.000000|1.000000
AEG801_266_7055|13|47.002594|268.219360|-110.318718|0.000000|39.569515|0.000000|0.671983|0.671983|0.671983
AEG801_266_7056|13|77.219734|249.289520|-74.246826|0.000000|-161.437225|0.000000|0.800000|0.800000|0.800000
AEG801_266_7057|13|78.628166|250.214813|-88.564934|0.000000|15.583997|0.000000|0.800000|0.800000|0.800000
AEG801_267_7000|13|87.807739|249.268921|-19.287716|0.000000|-34.004826|0.000000|1.000000|1.000000|1.000000
AEG801_267_7010|13|82.608330|263.065704|-126.566483|0.000000|36.124947|0.000000|0.800000|0.800000|0.800000
AEG801_267_7011|13|88.397430|262.993164|-124.806107|0.000000|-64.885284|0.000000|0.700000|0.700000|0.700000
AEG801_267_7013|13|27.250858|272.284180|-82.621338|0.000000|19.395815|0.000000|0.918936|0.918936|0.918936
AEG801_267_7021|13|108.046272|315.541260|125.591309|0.000000|-63.237049|0.000000|1.000000|1.000000|1.000000
AEG801_267_7024|13|83.929924|304.659180|94.726196|0.000000|-153.237030|0.000000|1.000000|1.000000|1.000000
AEG801_267_7026|13|77.349113|302.325684|85.765625|0.000000|121.266502|0.000000|0.800000|0.800000|0.800000
AEG801_267_7028|13|21.857548|313.534241|103.172882|0.000000|115.447655|0.000000|1.000000|1.000000|1.000000
AEG801_267_7030|13|37.949333|312.863525|105.174805|0.000000|29.918451|0.000000|1.000000|1.000000|1.000000
AEG801_267_7032|13|61.145508|308.390381|97.014648|0.000000|124.977310|0.000000|1.000000|1.000000|1.000000
AEG801_267_7033|13|1.023073|317.856110|114.837891|0.000000|22.765661|0.000000|1.000000|1.000000|1.000000
AEG801_267_7036|13|91.624985|311.376434|113.064667|0.000000|122.878304|0.000000|1.000000|1.000000|1.000000
AEG801_267_7037|13|26.277840|307.027710|76.659912|0.000000|31.636108|0.000000|0.800000|0.800000|0.800000
AEG801_267_7040|13|18.797035|307.499115|70.298553|0.000000|-56.367603|0.000000|0.700000|0.700000|0.700000
AEG801_267_7045|13|99.291374|250.203552|-0.084225|0.000000|-85.497307|0.000000|1.000000|1.000000|1.000000
AEG801_267_7047|13|108.335190|247.706100|-43.627197|0.000000|-87.601242|0.000000|1.000000|1.000000|1.000000
AEG801_267_7052|13|110.197754|247.388702|-122.242195|0.000000|-170.778519|0.000000|0.800000|0.800000|0.800000
AEG801_267_7053|13|110.039185|246.867569|-98.427490|0.000000|-89.143616|0.000000|1.000000|1.000000|1.000000
AEG801_267_7055|13|101.611214|248.539078|-13.266475|0.000000|-5.663167|0.000000|1.000000|1.000000|1.000000
AEG801_267_7061|13|94.202057|249.649246|-98.895920|0.000000|-170.775604|0.000000|1.000000|1.000000|1.000000
AEG801_267_7063|13|116.863655|248.091110|-28.910641|0.000000|93.571266|0.000000|1.000000|1.000000|1.000000
AEG801_267_7074|13|83.304810|247.895096|-52.523560|0.000000|-177.200256|0.000000|0.956909|0.956909|0.956909
AEG801_267_7075|13|53.654011|268.449829|-102.530380|0.000000|-139.731812|0.000000|1.000000|1.000000|1.000000
AEG801_267_7076|13|60.530876|268.324615|-100.677231|0.000000|68.049309|0.000000|0.918936|0.918936|0.918936
AEG801_267_7077|13|34.734257|268.662537|-113.608032|0.000000|-40.042019|0.000000|0.850000|0.850000|0.850000
AEG801_267_7078|13|52.334225|266.082886|-124.985001|0.000000|-21.182842|0.000000|1.000000|1.000000|1.000000
AEG801_267_7084|13|0.117920|270.242981|-111.605942|0.000000|-179.943405|0.000000|0.800000|0.800000|0.800000
AEG801_267_7085|13|75.630196|249.525284|-71.192169|0.000000|-73.368050|0.000000|1.000000|1.000000|1.000000
AEG801_267_7086|13|87.347649|248.797119|-84.573845|0.000000|-126.160004|0.000000|0.900000|0.900000|0.900000
AEG801_267_7087|13|77.157242|250.049316|-85.570801|0.000000|-161.897842|0.000000|0.700000|0.700000|0.700000
AEG801_268_7003|13|14.427490|268.610443|-123.635323|0.000000|166.601212|0.000000|0.747035|0.747035|0.747035
AEG801_268_7004|13|-3.919800|270.154419|-114.582520|0.000000|178.327545|0.000000|0.747035|0.747035|0.747035
AEG801_268_7007|13|40.729008|318.066376|122.063232|0.000000|88.434540|0.000000|0.850000|0.850000|0.850000
AEG801_268_7009|13|91.057495|314.865234|121.995117|0.000000|173.885223|0.000000|0.900000|0.900000|0.900000
AEG801_268_7010|13|70.960213|310.462891|105.997070|0.000000|173.373322|0.000000|1.000000|1.000000|1.000000
AEG801_268_7013|13|106.321411|247.983582|-106.702621|0.000000|88.365402|0.000000|0.900000|0.900000|0.900000
AEG801_268_7017|13|119.893936|248.341217|24.535278|0.000000|-2.186435|0.000000|1.000000|1.000000|1.000000
AEG801_268_7020|13|49.694458|267.827942|-111.031967|0.000000|129.028854|0.000000|0.936485|0.936485|0.936485
