m423300_0000|0|0.000000|0.000000|0.000000|0.000000|0.000000|0.000000|1.000000|1.000000|1.000000
m423301_0000|0|0.000000|0.000000|0.000000|0.000000|0.000000|0.000000|1.000000|1.000000|1.000000
c0100_9000|2|-56.558998|13.209000|-119.819000|0.000000|-127.806000|0.000000|1.000000|1.000000|1.000000
c0100_9001|2|119.514000|76.739998|-106.959999|0.000000|103.366997|0.000000|1.000000|1.000000|1.000000
c0100_9002|2|-23.125652|9.193277|-77.502403|0.000000|-25.623112|0.000000|1.000000|1.000000|1.000000
c0100_9003|2|-123.642998|19.628000|124.042999|0.000000|-45.298000|0.000000|1.000000|1.000000|1.000000
c0100_9005|2|-60.238998|5.248000|48.882000|0.000000|-60.424000|0.000000|1.000000|1.000000|1.000000
c0100_9007|2|3.946243|10.289611|0.900883|0.000000|-155.281006|0.000000|1.000000|1.000000|1.000000
c1000_9000|2|77.189003|31.548000|-35.459999|0.000000|92.447998|0.000000|1.000000|1.000000|1.000000
c4050_9000|2|-60.868000|5.069000|49.932999|0.000000|-63.883999|0.000000|1.000000|1.000000|1.000000
c4070_9000|2|-63.852001|4.650000|50.361000|4.212000|-40.597000|4.997000|1.000000|1.000000|1.000000
c4070_9001|2|-60.227852|5.391814|54.909412|0.000000|-53.381477|0.000000|1.000000|1.000000|1.000000
c4100_9000|2|116.300003|76.977997|-86.649002|0.000000|134.003006|0.000000|1.000000|1.000000|1.000000
c4100_9001|2|122.976997|77.734001|-82.388000|0.000000|152.513000|0.000000|1.000000|1.000000|1.000000
c4100_9002|2|120.692001|77.473000|-79.991997|0.000000|148.070999|0.000000|1.000000|1.000000|1.000000
c4191_9000|2|-46.372002|39.160999|120.004997|7.646000|52.749001|14.817000|1.000000|1.000000|1.000000
c4200_9000|2|120.587997|77.990997|-108.723000|0.000000|104.108002|0.000000|1.000000|1.000000|1.000000
c4200_9001|2|121.640999|78.132004|-106.612999|0.000000|94.468002|0.000000|1.000000|1.000000|1.000000
c4200_9002|2|124.195000|78.838997|-106.248001|0.000000|86.361000|0.000000|1.000000|1.000000|1.000000
c4200_9003|2|-58.033001|14.340000|-121.704002|0.000000|-123.248001|0.000000|1.000000|1.000000|1.000000
c4200_9004|2|-60.693001|14.225000|-120.364998|0.000000|-123.350998|0.000000|1.000000|1.000000|1.000000
c4230_9000|2|119.011002|73.821999|20.101000|6.691000|-138.320007|1.011000|1.000000|1.000000|1.000000
c4230_9001|2|121.833000|74.108002|20.146000|-5.273000|106.355003|-9.305000|1.000000|1.000000|1.000000
c4230_9002|2|123.338997|74.914001|31.684000|9.243000|-77.730003|3.088000|1.000000|1.000000|1.000000
c4230_9003|2|123.403999|74.940002|36.080002|-3.049000|23.055000|7.967000|1.000000|1.000000|1.000000
c4315_9000|2|-33.834999|6.690000|-5.277000|0.000000|-141.229996|0.000000|1.000000|1.000000|1.000000
c4315_9001|2|-25.763000|7.337000|-3.892000|0.000000|-144.975006|0.000000|1.000000|1.000000|1.000000
c4315_9002|2|-33.876999|7.000000|0.365000|0.000000|-138.955002|0.000000|1.000000|1.000000|1.000000
c4315_9003|2|15.265000|10.690000|-42.540001|0.000000|-119.775002|0.000000|1.000000|1.000000|1.000000
c4315_9004|2|18.895000|11.884000|-49.546001|0.000000|-133.078995|0.000000|1.000000|1.000000|1.000000
c4315_9008|2|1.625243|10.026361|0.629883|0.000000|-137.490005|0.000000|1.000000|1.000000|1.000000
c4315_9009|2|4.572243|10.313756|-0.811117|0.000000|-132.291000|0.000000|1.000000|1.000000|1.000000
c4315_9011|2|1.236709|9.823008|-2.771679|0.000000|-140.988235|0.000000|1.000000|1.000000|1.000000
c4430_9001|2|-119.799004|19.176001|131.220001|1.755000|28.872000|0.000000|1.000000|1.000000|1.000000
c4430_9002|2|-100.079002|20.431999|87.522003|-1.329000|151.136993|-0.000000|1.000000|1.000000|1.000000
c4430_9003|2|-95.500999|20.021999|99.267998|2.591000|116.261002|-0.000000|1.000000|1.000000|1.000000
c4430_9004|2|-124.061996|22.399000|86.561996|-14.987000|-159.419006|0.000000|1.000000|1.000000|1.000000
c4430_9005|2|-130.018005|19.570999|118.637001|6.587000|-58.251999|0.000000|1.000000|1.000000|1.000000
c4430_9007|2|-107.878998|20.045000|123.914001|0.836000|-3.450000|-0.000000|1.000000|1.000000|1.000000
c4430_9008|2|-124.794998|20.076000|105.730003|-2.961000|-108.608002|0.000000|1.000000|1.000000|1.000000
c4430_9009|2|-83.651001|19.941999|105.570000|3.822000|116.254997|0.000000|1.000000|1.000000|1.000000
c4430_9010|2|-91.331001|20.301001|112.319000|-3.052000|80.460999|0.000000|1.000000|1.000000|1.000000
c4430_9011|2|-87.497734|21.058985|128.653671|-0.000000|62.651558|-0.000000|1.000000|1.000000|1.000000
c4430_9014|2|-124.796997|21.323000|94.007004|-6.988000|-111.649002|0.000000|1.000000|1.000000|1.000000
c6040_9000|2|-29.672001|18.187000|-122.342003|0.000000|-55.671001|0.000000|1.000000|1.000000|1.000000
c6060_9000|2|58.591797|23.936665|99.310646|2.604000|-100.291756|6.118000|1.000000|1.000000|1.000000
c6060_9001|2|58.695602|24.219316|101.464134|3.456000|-260.536682|-5.060000|1.000000|1.000000|1.000000
c6060_9002|2|53.515560|23.420149|100.446892|3.112000|-262.294678|-4.966000|1.000000|1.000000|1.000000
c6060_9003|2|59.430527|24.513597|103.166008|-12.778000|24.321236|-4.996000|1.000000|1.000000|1.000000
c6060_9004|2|53.841965|24.051279|105.506172|-10.105000|40.206245|-5.252000|1.000000|1.000000|1.000000
c6060_9005|2|49.198418|22.624138|98.267403|12.342000|-217.794678|-4.688000|1.000000|1.000000|1.000000
c6060_9006|2|64.940903|24.164238|94.795845|-14.118000|-11.577770|3.026000|1.000000|1.000000|1.000000
c6060_9007|2|69.534210|25.399942|101.124077|6.847000|-242.669678|-5.040000|1.000000|1.000000|1.000000
c6100_9000|2|-101.514999|11.487000|-30.834999|-2.624000|44.743999|0.000000|1.000000|1.000000|1.000000
c6100_9001|2|-109.870003|14.177000|-21.656000|8.784000|107.723000|0.000000|1.000000|1.000000|1.000000
c6100_9002|2|-108.928001|12.850000|-27.381001|0.000000|106.680000|0.000000|1.000000|1.000000|1.000000
c7100_9001|2|-127.374001|19.941999|109.081001|0.000000|-76.586998|0.000000|1.000000|1.000000|1.000000
c0000_9000|4|78.839996|31.940001|-36.849998|0.000000|83.879997|0.000000|1.000000|1.000000|1.000000
c0000_9001|4|-72.779999|18.320000|96.260002|0.000000|110.339996|0.000000|1.000000|1.000000|1.000000
h423300|5|0.000000|0.000000|0.000000|0.000000|0.000000|0.000000|1.000000|1.000000|1.000000
h423301|5|0.000000|0.000000|0.000000|0.000000|0.000000|0.000000|1.000000|1.000000|1.000000
c0100_9006|10|16.158001|11.716000|-53.446999|0.000000|72.579002|0.000000|1.000000|1.000000|1.000000
c4315_9005|10|21.104000|12.618000|-52.456001|0.000000|79.938004|0.000000|1.000000|1.000000|1.000000
c4315_9006|10|17.364000|11.725000|-51.247002|0.000000|76.527000|0.000000|1.000000|1.000000|1.000000
c4315_9007|10|17.483000|12.118000|-55.008999|0.000000|77.213997|0.000000|1.000000|1.000000|1.000000
c4660_9000|10|110.809998|32.950001|24.233000|0.000000|-152.964996|-0.000000|1.000000|1.000000|1.000000
h423301_0000|11|0.000000|0.000000|0.000000|0.000000|0.000000|0.000000|1.000000|1.000000|1.000000
AEG001_169_1000|13|-110.000000|18.819824|106.000000|0.000000|-180.000000|0.000000|1.000000|1.000000|1.000000
AEG001_290_7000|13|-62.767677|5.019562|55.675838|4.674172|-165.123215|-8.715487|1.100000|1.100000|1.100000
AEG001_290_7001|13|-62.859894|14.377083|81.721390|-15.878334|-5.866707|-6.744510|1.100000|1.100000|1.100000
AEG001_290_7003|13|-107.004417|21.705202|25.761600|0.000000|98.006218|0.000000|1.100000|1.100000|1.100000
AEG001_290_7005|13|-48.939854|6.071570|24.147362|-8.566174|61.462326|2.433597|1.100000|1.100000|1.100000
AEG001_290_7006|13|-33.659451|9.187148|-76.177094|-2.469477|-160.354736|-0.989207|1.100000|1.100000|1.100000
AEG001_290_7007|13|-48.765331|20.773821|116.302147|-3.544051|-56.128456|8.600985|1.100000|1.100000|1.100000
AEG001_290_7008|13|103.112137|75.483536|-54.182587|-6.275434|104.816879|-2.053639|0.900000|0.900000|0.900000
AEG001_290_7009|13|89.624748|73.966797|-107.225105|0.000000|-58.813469|0.000000|1.100000|1.100000|1.100000
AEG001_290_7010|13|44.476425|56.482822|-124.048096|-0.433743|-42.152065|8.065878|0.900000|0.900000|0.900000
AEG001_290_7011|13|2.562225|12.830797|-91.211922|13.127403|-61.457695|-0.266105|1.100000|1.100000|1.100000
AEG001_290_7012|13|26.579189|56.432495|-124.613899|-2.079165|-163.355881|-3.697865|1.100000|1.100000|1.100000
AEG001_290_7014|13|122.328972|39.163383|80.079216|6.700498|160.331604|-17.719154|1.100000|1.100000|1.100000
AEG001_290_7015|13|118.419830|38.243290|80.448128|-14.926873|87.629112|-13.189095|1.100000|1.100000|1.100000
AEG001_290_7016|13|19.459013|17.260870|-97.530815|-19.239466|110.387260|10.064474|0.900000|0.900000|0.900000
AEG001_290_7017|13|17.697002|20.911566|-114.051445|-7.620213|-163.492523|-18.397213|0.900000|0.900000|0.900000
AEG001_290_7027|13|3.205244|14.969125|62.451214|5.494504|-101.902374|4.169420|1.100000|1.100000|1.100000
AEG001_290_7033|13|-30.039066|9.502900|41.093704|-8.643847|69.982376|-0.524135|1.100000|1.100000|1.100000
AEG001_290_7041|13|-62.084831|4.700146|43.294823|3.443975|-35.074100|8.400312|1.100000|1.100000|1.100000
AEG001_290_7052|13|-0.207078|14.666292|62.172726|4.634639|169.088333|-5.461066|1.100000|1.100000|1.100000
AEG001_290_7055|13|5.105625|9.825516|-16.445793|-0.326073|-11.247519|5.018004|1.100000|1.100000|1.100000
AEG001_290_7086|13|-39.641918|11.276187|-104.307983|4.068662|37.600319|4.927817|1.100000|1.100000|1.100000
AEG001_290_7093|13|-53.298260|5.277241|20.647903|-4.141618|139.307190|-7.750794|1.100000|1.100000|1.100000
AEG001_290_7141|13|-69.029549|3.235561|32.016273|7.929659|-124.152824|-3.269147|1.100000|1.100000|1.100000
AEG001_290_7142|13|52.303368|19.188227|-10.230700|-3.276527|174.383148|-18.690948|1.100000|1.100000|1.100000
AEG001_290_7143|13|48.955204|18.006203|-9.034006|17.267483|-112.006477|-8.569177|1.100000|1.100000|1.100000
AEG001_290_7144|13|65.388306|23.440191|-12.816742|-11.106041|153.043442|-12.397115|1.100000|1.100000|1.100000
AEG001_290_7145|13|30.700377|15.606569|40.302132|2.853216|-166.493149|-6.929267|1.100000|1.100000|1.100000
AEG001_290_7146|13|-62.266418|11.498422|-107.056915|4.238925|60.846973|6.492505|1.100000|1.100000|1.100000
AEG001_290_7148|13|-25.388023|14.949541|-126.822563|6.974579|11.603534|5.676870|1.100000|1.100000|1.100000
AEG001_290_7149|13|-16.251795|16.063244|-129.003906|-1.604031|62.655865|9.863149|1.100000|1.100000|1.100000
AEG001_290_7150|13|-38.816647|13.565918|-122.297127|1.994061|62.573742|7.561812|1.100000|1.100000|1.100000
AEG001_290_7152|13|-75.399445|2.931458|48.911106|3.859139|-143.054779|-2.967877|1.100000|1.100000|1.100000
AEG001_290_7153|13|-85.599213|10.967730|-28.678480|3.432334|98.215057|-6.962772|1.100000|1.100000|1.100000
AEG001_290_7154|13|-99.269928|10.938304|-33.135880|7.534408|177.694305|3.482496|1.100000|1.100000|1.100000
AEG001_290_7155|13|-70.982262|16.531193|85.428970|3.930282|-151.996353|13.429627|1.100000|1.100000|1.100000
AEG001_290_7156|13|-96.208344|12.755035|-21.501724|-12.177052|-3.693441|-5.237951|1.100000|1.100000|1.100000
AEG001_290_7157|13|1.890814|13.801742|49.148136|5.280501|-163.412811|-4.174456|1.100000|1.100000|1.100000
AEG001_290_7158|13|11.830978|14.260990|41.095203|-3.511428|110.830063|-4.943022|1.100000|1.100000|1.100000
AEG001_290_7159|13|14.796398|14.693280|44.412369|-5.698435|51.674278|0.330089|1.100000|1.100000|1.100000
AEG001_290_7160|13|111.661636|76.457718|-68.903709|-0.763938|174.075317|-6.211885|0.900000|0.900000|0.900000
AEG001_290_7161|13|76.300095|73.404510|-77.190414|-1.276034|69.950729|0.734191|1.100000|1.100000|1.100000
AEG001_290_7162|13|71.751747|73.316765|-77.227058|0.606521|-158.883896|-1.269249|0.900000|0.900000|0.900000
AEG001_290_7163|13|56.408665|72.967621|-88.342888|3.072766|70.105103|-9.152113|1.100000|1.100000|1.100000
AEG001_290_7164|13|56.926117|72.777649|-91.970459|-3.113313|-158.638229|6.522830|0.900000|0.900000|0.900000
AEG001_290_7165|13|68.418045|72.888435|-104.409363|-4.491997|70.235031|1.329701|1.100000|1.100000|1.100000
AEG001_290_7166|13|64.072708|72.345924|-102.890221|5.207145|-96.772392|1.832977|0.900000|0.900000|0.900000
AEG001_290_7167|13|48.059170|56.484848|-120.687454|-3.016345|41.010899|-4.097212|1.100000|1.100000|1.100000
AEG001_290_7168|13|37.896873|14.385572|-7.622572|-1.831665|6.743418|14.345201|0.900000|0.900000|0.900000
AEG001_290_7169|13|103.334221|30.838228|29.379715|-2.157287|174.467331|-17.002047|1.100000|1.100000|1.100000
AEG001_290_7170|13|116.807632|36.643036|-2.206874|-2.697355|174.440552|-17.707037|1.100000|1.100000|1.100000
AEG001_290_7171|13|118.762283|37.241653|-8.387936|3.140139|-164.732605|-14.240121|1.100000|1.100000|1.100000
AEG001_290_7172|13|118.322121|37.246094|-12.954241|-11.202262|79.610825|4.806157|0.900000|0.900000|0.900000
AEG001_290_7173|13|106.139122|37.228447|-31.353485|-8.587493|91.022842|5.865302|1.100000|1.100000|1.100000
AEG001_290_7174|13|102.467346|36.812805|-32.772102|1.816967|22.357004|10.099256|0.900000|0.900000|0.900000
AEG001_290_7175|13|87.022842|33.914886|-41.392448|-13.631458|90.105698|1.202250|1.100000|1.100000|1.100000
AEG001_290_7176|13|89.711212|34.494362|-39.035149|-3.659479|22.399185|12.671122|0.900000|0.900000|0.900000
AEG001_290_7177|13|92.432274|34.748631|-28.294268|8.265266|-37.382866|7.053265|0.900000|0.900000|0.900000
AEG001_290_7178|13|98.674568|31.230118|-0.893069|-19.697783|90.914536|5.967834|1.100000|1.100000|1.100000
AEG001_290_7179|13|93.853493|30.524616|-5.848106|-1.986637|35.929974|17.546429|0.900000|0.900000|0.900000
AEG001_290_7180|13|22.903309|19.178570|-100.400253|8.723491|14.252312|21.631048|1.100000|1.100000|1.100000
AEG001_290_7181|13|47.704361|17.650721|-16.640923|-1.863015|174.341187|-19.590729|1.100000|1.100000|1.100000
AEG001_290_7182|13|44.489922|16.499262|-14.752089|18.960388|-99.911331|-3.515418|0.900000|0.900000|0.900000
AEG003_079_1000|13|-104.984299|8.627606|31.178358|-7.988966|121.079117|-0.000000|1.000000|1.000000|1.000000
AEG003_082_1000|13|-104.648933|8.581795|31.784969|-8.000002|99.618866|3.000001|1.000000|1.000000|1.000000
AEG004_800_1000|13|-115.000000|6.500000|31.200001|0.000000|-90.000000|0.000000|1.000000|1.000000|1.000000
AEG007_076_1001|13|70.850197|67.174683|-90.702408|8.803514|-79.276276|8.795235|1.000000|1.000000|1.000000
AEG007_078_1001|13|-38.139053|24.002617|111.396133|-90.156357|46.588284|-46.559090|1.000000|1.000000|1.000000
AEG007_078_1002|13|11.049604|14.010803|61.414623|-90.156357|46.588291|25.440910|1.000000|1.000000|1.000000
AEG007_093_1001|13|70.850197|67.174683|-90.702408|8.803514|-79.276276|8.795235|1.000000|1.000000|1.000000
AEG007_094_1000|13|11.049604|14.010803|61.414623|-90.156357|46.588291|25.440910|1.000000|1.000000|1.000000
AEG007_094_1001|13|-38.139053|24.002617|111.396133|-90.156357|46.588284|-46.559090|1.000000|1.000000|1.000000
AEG007_391_1000|13|70.850197|67.174683|-90.702408|-8.803512|100.723724|-8.795235|1.000000|1.000000|1.000000
AEG007_393_1000|13|70.850197|67.174683|-90.702408|8.803514|-79.276276|8.795235|1.000000|1.000000|1.000000
AEG007_394_1000|13|-38.139053|24.002617|111.396133|-90.156357|46.588284|-46.559090|1.000000|1.000000|1.000000
AEG007_395_1000|13|11.049604|14.010803|61.414623|-90.156357|46.588291|25.440910|1.000000|1.000000|1.000000
AEG007_397_1001|13|-42.298195|33.836319|126.512810|0.000000|142.951202|0.000000|1.000000|1.000000|1.000000
AEG007_398_1001|13|-40.182995|32.256367|126.697075|0.000000|140.000015|0.000000|1.000000|1.000000|1.000000
AEG007_399_1001|13|-49.283566|38.466682|122.670387|0.000000|139.523026|0.000000|1.000000|1.000000|1.000000
AEG027_079_9000|13|-96.816002|20.000000|107.125999|0.000000|-92.500999|0.000000|1.000000|1.000000|1.000000
AEG027_216_9000|13|-96.816002|20.000000|107.125999|0.000000|-92.500999|0.000000|1.000000|1.000000|1.000000
AEG092_104_1000|13|-110.000000|7.500000|32.200001|0.000000|-100.000008|0.000000|1.000000|1.000000|1.000000
AEG099_090_9000|13|-109.947998|18.660000|105.892998|0.000000|126.749001|0.000000|1.000000|1.000000|1.000000
AEG099_120_1000|13|-110.000000|18.819824|106.000000|0.000000|0.000000|0.000000|1.000000|1.000000|1.000000
AEG099_502_9000|13|-73.736588|18.617096|98.890381|0.000000|262.312561|0.000000|1.000000|1.000000|1.000000
AEG099_610_9000|13|109.258003|59.437000|52.570999|0.000000|95.430000|0.000000|1.000000|1.000000|1.000000
AEG099_651_9000|13|-79.383003|2.628000|39.643002|0.000000|138.496002|0.000000|1.000000|1.000000|1.000000
AEG099_651_9001|13|-80.705002|2.853000|39.299000|0.000000|169.703995|0.000000|1.000000|1.000000|1.000000
AEG099_651_9002|13|-80.473999|2.736000|40.810001|0.000000|-11.258000|0.000000|1.000000|1.000000|1.000000
AEG099_680_9000|13|-57.955002|13.461000|80.820000|6.025000|132.494003|0.720000|1.000000|1.000000|1.000000
AEG099_680_9003|13|-69.711998|2.854000|22.606001|-5.713000|28.966000|0.530000|1.000000|1.000000|1.000000
AEG099_680_9005|13|3.955000|9.671000|-15.176000|3.646000|-91.709000|0.893000|1.000000|1.000000|1.000000
AEG099_680_9007|13|104.575996|31.225000|64.780998|0.268000|179.809006|-13.703000|1.000000|1.000000|1.000000
AEG099_680_9008|13|90.411003|29.343000|-5.544000|-2.069000|34.139999|9.548000|1.000000|1.000000|1.000000
AEG099_680_9009|13|50.814999|18.510000|-6.860000|7.532000|-2.312000|13.619000|1.000000|1.000000|1.000000
AEG099_680_9010|13|-42.271999|11.256000|-105.365997|-1.136000|-109.377998|-7.818000|1.000000|1.000000|1.000000
AEG099_680_9012|13|-97.540001|15.710000|-117.105003|4.758000|-91.155998|-5.851000|1.000000|1.000000|1.000000
AEG099_680_9013|13|-15.707000|15.866000|-127.962997|4.235000|40.076000|6.586000|1.000000|1.000000|1.000000
AEG099_680_9020|13|104.813004|75.642998|-53.875999|-1.090000|81.851997|0.783000|1.000000|1.000000|1.000000
AEG099_680_9021|13|123.602997|75.853996|51.799999|0.000000|102.831001|0.000000|1.000000|1.000000|1.000000
AEG099_680_9022|13|123.315002|75.906998|54.884998|0.000000|-41.118999|0.000000|1.000000|1.000000|1.000000
AEG099_680_9023|13|118.869003|75.128998|49.799999|0.000000|-82.440002|2.481000|1.000000|1.000000|1.000000
AEG099_685_9000|13|41.837002|25.474001|-79.490997|0.000000|-21.316999|15.000000|1.000000|1.000000|1.000000
AEG099_685_9001|13|40.879002|25.070000|-81.233002|-15.000000|76.977997|5.000000|1.000000|1.000000|1.000000
AEG099_685_9002|13|43.035000|25.736000|-82.913002|-15.000000|69.396004|5.000000|1.000000|1.000000|1.000000
AEG099_685_9003|13|37.554001|23.816000|-83.245003|-0.000000|169.535995|-10.000000|1.000000|1.000000|1.000000
AEG099_685_9004|13|1.055000|15.076000|65.156998|0.000000|56.977001|0.000000|1.000000|1.000000|1.000000
AEG099_685_9005|13|-3.232000|14.599000|63.895000|0.000000|-76.150002|0.000000|1.000000|1.000000|1.000000
AEG099_685_9006|13|-2.577000|14.853000|65.818001|0.000000|95.773003|0.000000|1.000000|1.000000|1.000000
AEG099_690_9001|13|26.153999|18.938999|85.029999|0.000000|119.690002|-3.553000|1.000000|1.000000|1.000000
AEG099_690_9002|13|-34.605999|13.360000|-119.724998|0.000000|92.581001|0.000000|1.000000|1.000000|1.000000
AEG099_690_9003|13|-36.747002|13.326000|-120.091003|0.000000|142.580994|0.000000|1.000000|1.000000|1.000000
AEG099_690_9004|13|120.258003|40.992001|90.936996|0.000000|92.581001|0.000000|1.000000|1.000000|1.000000
AEG099_691_9000|13|-90.445000|11.498000|-26.424000|0.000000|139.076004|0.000000|1.000000|1.000000|1.000000
AEG099_720_9000|13|121.044998|77.239998|-114.696999|-2.692000|116.914001|-2.707000|1.000000|1.000000|1.000000
AEG099_720_9001|13|83.047997|73.496002|-126.672997|0.000000|-5.843000|0.000000|1.000000|1.000000|1.000000
AEG099_720_9002|13|-50.151001|5.660000|21.125000|-6.619000|76.056000|0.384000|1.000000|1.000000|1.000000
AEG099_720_9003|13|91.769997|74.210999|-107.407997|0.000000|54.841000|0.000000|1.000000|1.000000|1.000000
AEG099_720_9004|13|35.689999|15.479000|29.409000|0.821000|-178.095001|-3.587000|1.000000|1.000000|1.000000
AEG099_720_9007|13|89.741997|73.807999|-102.869003|2.244000|-80.367996|1.177000|1.000000|1.000000|1.000000
AEG099_720_9009|13|115.543999|76.832001|-65.300003|-0.000000|44.849998|0.872000|1.000000|1.000000|1.000000
AEG099_720_9015|13|-49.838001|21.091999|117.753998|7.963000|-137.320999|3.521000|1.000000|1.000000|1.000000
AEG099_720_9016|13|-45.953999|16.674999|94.293999|-9.535000|-41.573002|4.543000|1.000000|1.000000|1.000000
AEG099_720_9021|13|-63.459999|5.124000|57.636002|5.193000|-88.500000|-0.885000|1.000000|1.000000|1.000000
AEG099_720_9023|13|-121.794998|23.188999|79.672997|-8.607000|173.102997|5.585000|1.000000|1.000000|1.000000
AEG099_720_9032|13|-48.410999|7.950000|-19.188000|9.106000|69.039001|-4.687000|1.000000|1.000000|1.000000
AEG099_720_9033|13|-49.821999|8.165000|-15.219000|-4.082000|-13.503000|-12.107000|1.000000|1.000000|1.000000
AEG099_720_9036|13|120.887001|39.408001|82.754997|16.794001|-147.621002|-1.306000|1.000000|1.000000|1.000000
AEG099_720_9037|13|113.785004|35.787998|-1.771000|8.086000|-161.535004|-9.926000|1.000000|1.000000|1.000000
AEG099_720_9038|13|102.356003|30.422001|24.893000|-11.164000|144.759003|-8.706000|1.000000|1.000000|1.000000
AEG099_720_9039|13|120.216003|37.777000|76.888000|0.000000|20.855000|0.000000|1.000000|1.000000|1.000000
AEG099_720_9046|13|32.993999|17.256001|65.259003|-1.676000|-34.794998|0.172000|1.000000|1.000000|1.000000
AEG099_720_9047|13|95.674004|35.282001|-29.393999|6.855000|-54.359001|5.709000|1.000000|1.000000|1.000000
AEG099_720_9048|13|90.081001|34.292000|-32.279999|1.366000|-168.218994|-7.217000|1.000000|1.000000|1.000000
AEG099_720_9049|13|-47.799000|20.549000|114.401001|2.291000|121.950996|-9.425000|1.000000|1.000000|1.000000
AEG099_720_9050|13|-34.111000|9.018000|-72.614998|0.000000|-134.121994|0.000000|1.000000|1.000000|1.000000
AEG099_720_9051|13|-31.285999|8.887000|-72.007004|0.000000|33.297001|-1.626000|1.000000|1.000000|1.000000
AEG099_720_9056|13|12.784000|15.900000|-98.969002|1.967000|-128.764008|-14.713000|1.000000|1.000000|1.000000
AEG099_720_9058|13|16.148001|20.339001|-113.596001|-14.385000|75.361000|14.784000|1.000000|1.000000|1.000000
AEG099_720_9059|13|-98.989998|14.196000|-16.476999|10.775000|103.528999|-8.729000|1.000000|1.000000|1.000000
AEG099_720_9061|13|-90.809998|10.412000|-33.587002|6.279000|136.076004|-5.414000|1.000000|1.000000|1.000000
AEG099_720_9064|13|-109.003998|22.030001|23.981001|7.626000|-172.945999|11.633000|1.000000|1.000000|1.000000
AEG099_720_9073|13|15.004000|16.398001|-98.233002|9.846000|-57.578999|-2.479000|1.000000|1.000000|1.000000
AEG099_720_9074|13|-80.209000|11.715000|-106.570000|-6.403000|-98.542999|-7.483000|1.000000|1.000000|1.000000
AEG099_720_9080|13|-44.130001|7.666000|47.240002|3.065000|-43.691002|8.167000|1.000000|1.000000|1.000000
AEG099_720_9084|13|-62.441002|5.112000|55.019001|-1.390000|109.161003|-4.248000|1.000000|1.000000|1.000000
AEG099_720_9085|13|-20.250999|13.346000|-113.044998|-0.976000|-140.052994|-9.947000|1.000000|1.000000|1.000000
AEG099_720_9088|13|-15.191000|13.750000|-113.167000|11.196000|-19.618999|3.931000|1.000000|1.000000|1.000000
AEG099_760_9000|13|-93.833000|9.098000|24.204000|0.000000|-98.157997|0.000000|1.000000|1.000000|1.000000
AEG099_760_9001|13|116.974998|36.826000|-9.902000|0.064000|-83.350998|1.988000|1.000000|1.000000|1.000000
AEG099_760_9002|13|110.925003|35.526001|-9.657000|-22.278000|-4.333000|8.065000|1.000000|1.000000|1.000000
AEG099_760_9004|13|26.370001|15.796000|48.882999|0.169000|-146.279007|-1.323000|1.000000|1.000000|1.000000
AEG099_760_9005|13|78.758003|73.472000|-75.332001|1.541000|98.771004|-0.503000|1.000000|1.000000|1.000000
AEG099_760_9006|13|57.324001|59.321999|-119.248001|-15.787000|85.050003|-6.266000|1.000000|1.000000|1.000000
AEG099_760_9007|13|27.233999|56.562000|-126.058998|-1.590000|141.343002|0.134000|1.000000|1.000000|1.000000
AEG099_760_9008|13|-99.625999|11.504000|-29.302999|2.339000|130.445999|-2.849000|1.000000|1.000000|1.000000
AEG099_775_9000|13|-65.213997|3.954000|34.055000|-0.000000|72.806000|0.075000|1.000000|1.000000|1.000000
AEG099_775_9001|13|-63.523998|4.245000|35.847000|-1.362000|-21.254999|8.644000|1.000000|1.000000|1.000000
AEG099_775_9002|13|-66.990997|3.836000|38.737000|0.000000|-3.141000|9.035000|1.000000|1.000000|1.000000
AEG099_795_9000|13|81.732002|73.348999|-79.066002|0.000000|85.597000|0.000000|1.000000|1.000000|1.000000
AEG099_795_9001|13|73.179001|86.137001|-96.130997|0.000000|86.359001|0.000000|1.000000|1.000000|1.000000
AEG099_795_9002|13|58.813999|83.582001|-98.948997|0.000000|-176.151001|0.000000|1.000000|1.000000|1.000000
AEG099_796_9000|13|-48.754002|40.279999|115.860001|0.000000|24.614000|0.000000|1.000000|1.000000|1.000000
AEG099_796_9001|13|14.925000|17.886000|78.429001|0.000000|-53.194000|0.000000|1.000000|1.000000|1.000000
AEG099_796_9002|13|-4.650000|14.854000|69.195999|0.000000|162.018997|0.000000|1.000000|1.000000|1.000000
AEG099_796_9003|13|14.757000|21.881001|56.113998|0.000000|-120.253998|0.000000|1.000000|1.000000|1.000000
AEG099_802_9000|13|121.170998|77.561996|-78.458000|0.000000|19.410999|0.000000|1.000000|1.000000|1.000000
AEG099_802_9001|13|123.905998|77.879997|-85.848999|0.000000|-46.071999|0.000000|1.000000|1.000000|1.000000
AEG099_802_9002|13|114.977997|76.857002|-84.167999|0.000000|85.309998|0.000000|1.000000|1.000000|1.000000
AEG099_802_9003|13|111.169998|76.419998|-89.404999|0.000000|26.379999|0.000000|1.000000|1.000000|1.000000
AEG099_802_9004|13|115.742996|76.945999|-86.834000|0.000000|-110.377998|0.000000|1.000000|1.000000|1.000000
AEG099_830_9002|13|-56.922001|15.043000|-128.893997|6.572000|87.738998|14.133000|1.000000|1.000000|1.000000
AEG099_830_9003|13|-47.952999|14.627000|-128.121002|-0.000000|88.556999|14.824000|1.000000|1.000000|1.000000
AEG099_830_9004|13|-54.706001|12.173000|-112.389000|0.000000|88.556999|9.630000|1.000000|1.000000|1.000000
AEG801_006_7002|13|-25.938953|11.084840|-98.145576|-0.306261|72.706024|7.052608|1.100000|1.100000|1.100000
AEG801_006_7016|13|-63.551659|4.355424|39.903889|-0.002293|152.670395|-0.008680|1.100000|1.100000|1.100000
AEG801_006_7064|13|-41.646515|11.741888|-108.827080|-0.213456|82.813019|6.931850|1.100000|1.100000|1.100000
AEG801_006_7086|13|-61.362732|4.309256|28.765850|8.495909|-116.367065|-2.169252|1.100000|1.100000|1.100000
AEG801_006_7087|13|-53.280540|4.817708|7.094653|-2.047107|154.429749|-8.447670|1.100000|1.100000|1.100000
AEG801_006_7093|13|-29.498247|13.004457|-115.068710|8.016786|-6.523905|2.560474|1.100000|1.100000|1.100000
AEG801_006_7103|13|-56.434364|5.906982|51.667660|-2.170226|152.054474|-10.359394|1.100000|1.100000|1.100000
AEG801_006_7109|13|29.533619|17.062387|65.510117|-6.239968|41.718208|0.324953|1.100000|1.100000|1.100000
AEG801_006_7110|13|32.411400|17.045168|62.122780|-6.010506|42.110744|0.953358|1.100000|1.100000|1.100000
AEG801_006_7111|13|14.884359|17.911079|82.815750|-7.387425|41.486992|-2.213266|1.100000|1.100000|1.100000
AEG801_006_7112|13|-22.922941|22.425613|119.636436|-9.683803|40.374165|-7.427021|1.100000|1.100000|1.100000
AEG801_006_7114|13|30.351906|16.290182|52.108810|1.372431|155.283829|-5.280462|1.100000|1.100000|1.100000
AEG801_006_7115|13|-22.658419|20.381361|109.501053|9.214610|155.490707|-6.062799|1.100000|1.100000|1.100000
AEG801_006_7163|13|22.487286|18.508694|84.132950|7.357918|-173.587769|-2.682589|1.100000|1.100000|1.100000
AEG801_006_7167|13|7.460225|10.150451|-11.742787|-4.980846|89.161919|-1.729334|1.100000|1.100000|1.100000
AEG801_006_7183|13|7.267604|9.952438|-18.776646|-4.459786|99.641891|-1.888481|1.100000|1.100000|1.100000
AEG801_006_7197|13|24.765965|18.293459|81.197136|7.474221|-165.497681|-1.832240|1.100000|1.100000|1.100000
AEG801_006_7211|13|11.460258|10.493608|-11.335543|-0.563828|-15.209291|5.265065|1.100000|1.100000|1.100000
AEG801_006_7241|13|-47.436253|17.460703|97.722862|-1.933172|-78.693138|11.498266|1.100000|1.100000|1.100000
AEG801_006_7243|13|-42.387745|16.906528|94.709717|-11.509561|-7.620267|2.839063|1.100000|1.100000|1.100000
AEG801_006_7244|13|-29.955648|17.700603|96.661407|-10.680766|1.638555|2.159542|1.100000|1.100000|1.100000
AEG801_006_7245|13|-47.802296|21.383482|119.950562|-4.965454|73.935509|-7.883727|1.100000|1.100000|1.100000
AEG801_006_7252|13|-112.013908|22.306023|73.810577|-0.735256|-20.801678|-7.060401|1.100000|1.100000|1.100000
AEG801_006_7254|13|-57.270321|11.707701|75.157112|-16.507425|-31.186306|9.652616|1.100000|1.100000|1.100000
AEG801_006_7255|13|-53.251690|10.608290|71.522903|-0.792585|76.600586|-13.482990|1.100000|1.100000|1.100000
AEG801_006_7264|13|-69.859337|2.559477|12.806638|4.375775|-162.881134|-6.765972|1.100000|1.100000|1.100000
AEG801_006_7265|13|-44.053780|7.638512|44.742958|6.511766|-160.307022|-7.417464|1.100000|1.100000|1.100000
AEG801_006_7268|13|-101.331009|8.839379|41.615887|0.324434|172.637833|1.808033|1.100000|1.100000|1.100000
AEG801_006_7278|13|-98.864899|13.600053|-19.093035|14.558714|155.279556|1.157335|1.100000|1.100000|1.100000
AEG801_006_7283|13|-52.789833|8.663625|-15.731907|6.596652|94.759300|2.297840|1.100000|1.100000|1.100000
AEG801_006_7284|13|-39.658993|6.545247|-14.128822|9.263814|17.912092|-0.592411|1.100000|1.100000|1.100000
AEG801_006_7285|13|3.786500|13.768252|45.752632|4.344110|-73.749207|4.901836|1.100000|1.100000|1.100000
AEG801_006_7288|13|-88.180901|10.644047|-32.192528|6.834944|179.381882|2.022692|1.100000|1.100000|1.100000
AEG801_006_7289|13|-95.580460|10.836429|-32.569542|3.123827|-132.677948|6.739812|1.100000|1.100000|1.100000
AEG801_006_7290|13|-102.371956|11.759378|-29.644371|-10.967996|-43.191414|2.834282|1.100000|1.100000|1.100000
AEG801_006_7298|13|-26.079725|12.022896|-106.010513|2.441054|-96.929962|-7.642139|1.100000|1.100000|1.100000
AEG801_006_7301|13|-13.423215|15.248226|-121.473152|10.176380|-18.984221|3.874329|1.100000|1.100000|1.100000
AEG801_006_7309|13|92.725403|34.903969|-30.923323|-6.120669|43.131348|9.803780|1.100000|1.100000|1.100000
AEG801_006_7311|13|97.380516|35.904423|-32.159870|7.080584|-16.510525|9.120325|1.100000|1.100000|1.100000
AEG801_006_7312|13|116.195557|36.252586|9.576585|11.660910|-69.209953|-0.298174|1.100000|1.100000|1.100000
AEG801_006_7313|13|100.919769|31.659027|2.606454|-20.102369|126.690376|-5.891311|1.100000|1.100000|1.100000
AEG801_006_7317|13|-66.165985|3.169541|17.145258|-8.248175|64.986740|1.693805|1.100000|1.100000|1.100000
AEG801_006_7318|13|-77.246613|2.711023|26.997751|7.277539|62.551147|-4.341483|1.100000|1.100000|1.100000
AEG801_006_7329|13|33.343246|15.433518|30.242935|-5.842510|23.790977|4.535601|1.100000|1.100000|1.100000
AEG801_006_7330|13|-8.517756|14.343673|65.942154|-7.203197|8.444445|4.084208|1.100000|1.100000|1.100000
AEG801_006_7332|13|124.920227|76.258789|57.726654|-14.195804|127.012604|-1.660473|1.100000|1.100000|1.100000
AEG801_006_7333|13|126.945847|75.958015|45.025120|12.203197|-113.634720|-5.116261|1.100000|1.100000|1.100000
AEG801_006_7334|13|119.449089|75.206940|53.703957|-2.784750|-9.228168|3.213987|1.100000|1.100000|1.100000
AEG801_006_7335|13|122.432175|75.492188|47.228607|6.475402|-179.873810|-6.893927|1.100000|1.100000|1.100000
AEG801_006_7336|13|123.135536|74.953857|40.754974|13.398701|-122.456848|-4.581499|1.100000|1.100000|1.100000
AEG801_006_7337|13|127.004669|75.719482|36.073940|-4.159678|4.997140|18.372093|1.100000|1.100000|1.100000
AEG801_006_7338|13|121.115524|73.371101|4.007207|7.108054|-60.360336|4.912819|1.100000|1.100000|1.100000
AEG801_006_7339|13|127.993134|78.785820|-20.807644|7.647107|142.584290|-5.398856|1.100000|1.100000|1.100000
AEG801_006_7341|13|100.378990|75.171471|-52.616871|-2.523684|13.687173|6.606624|0.900000|0.900000|0.900000
AEG801_006_7342|13|103.352440|75.511032|-57.235821|1.188153|-168.261261|-6.096540|1.100000|1.100000|1.100000
AEG801_006_7343|13|92.903229|74.324463|-104.688148|-4.196589|139.547577|-4.464367|0.900000|0.900000|0.900000
AEG801_006_7344|13|113.408722|76.656944|-65.002144|-4.992739|128.529556|-3.878364|1.100000|1.100000|1.100000
AEG801_006_7345|13|85.298996|73.672501|-83.560181|0.807820|-20.329409|2.949959|1.100000|1.100000|1.100000
AEG801_006_7346|13|108.661072|76.115662|-66.553688|-4.527872|134.537872|-4.200515|0.900000|0.900000|0.900000
AEG801_006_7347|13|86.083466|73.669472|-90.442955|3.079896|-156.265259|-4.037970|1.100000|1.100000|1.100000
AEG801_006_7348|13|84.421021|73.411118|-94.349098|5.057263|-81.425346|1.618455|1.100000|1.100000|1.100000
AEG801_006_7349|13|120.257370|77.141846|-118.287361|1.544961|-46.507938|4.834134|1.100000|1.100000|1.100000
AEG801_006_7350|13|123.598434|77.542854|-116.521255|-3.746623|107.464638|-3.348835|0.900000|0.900000|0.900000
AEG801_006_7353|13|43.361412|57.440434|-108.371635|-4.517949|5.203593|-3.398921|1.100000|1.100000|1.100000
AEG801_006_7354|13|48.828880|57.415695|-109.069115|-1.074329|86.374825|-4.190309|1.100000|1.100000|1.100000
AEG801_006_7355|13|59.359203|60.129272|-118.407150|-15.768272|22.741537|15.079883|1.100000|1.100000|1.100000
AEG801_006_7373|13|36.474884|23.703949|-75.849907|6.962230|-22.345940|17.482141|1.100000|1.100000|1.100000
AEG801_006_7374|13|42.016361|25.249403|-88.592361|-17.808081|61.216480|7.062442|1.100000|1.100000|1.100000
AEG801_006_7378|13|-29.037590|9.088440|-74.332115|-0.867928|126.505623|1.458382|1.100000|1.100000|1.100000
AEG801_006_7379|13|-10.389050|12.186087|-99.029747|0.490079|-115.563454|-10.106894|1.100000|1.100000|1.100000
AEG801_006_7380|13|-36.410931|9.121865|-74.714943|-2.347618|-146.571396|-1.971910|1.100000|1.100000|1.100000
AEG801_006_7384|13|-53.765335|12.883957|-117.969032|8.105494|12.621323|0.927348|1.100000|1.100000|1.100000
AEG801_006_7386|13|-88.253670|13.321487|-108.010994|16.187443|3.983224|-6.906042|1.100000|1.100000|1.100000
AEG801_006_7387|13|-35.550838|9.003964|-69.738121|2.369447|9.402622|2.884881|1.100000|1.100000|1.100000
AEG801_006_7388|13|102.701332|30.630516|33.700935|-13.662358|108.692978|-5.666861|1.100000|1.100000|1.100000
AEG801_006_7389|13|119.040947|39.302082|84.319542|18.564400|-139.889114|-2.708351|1.100000|1.100000|1.100000
AEG801_006_7390|13|111.829247|37.162968|83.429489|2.071076|144.048309|-20.534170|1.100000|1.100000|1.100000
AEG801_006_7393|13|122.356972|42.464493|95.217896|17.452526|-123.661644|2.273305|1.100000|1.100000|1.100000
AEG801_006_7420|13|56.764126|73.102089|-84.653259|-8.853819|-86.601074|13.490935|1.100000|1.100000|1.100000
AEG801_006_7422|13|-70.838058|4.038673|59.667168|-3.357458|147.569504|-10.582471|1.100000|1.100000|1.100000
AEG801_006_7423|13|-66.661598|15.912310|85.899574|-5.291925|31.986984|-13.023269|1.100000|1.100000|1.100000
AEG801_006_7424|13|-121.123650|23.975330|76.272491|-5.843251|-53.642406|-16.084274|1.100000|1.100000|1.100000
AEG801_006_7425|13|-106.667580|21.401690|22.770941|2.924195|-172.242798|12.524217|1.100000|1.100000|1.100000
AEG801_006_7426|13|-124.646774|24.125128|79.648216|15.639135|8.074202|-11.656847|1.100000|1.100000|1.100000
AEG801_006_7428|13|-92.224373|11.116156|-29.557367|-4.380891|-74.079689|6.855898|1.100000|1.100000|1.100000
AEG801_006_7429|13|-37.533844|12.783584|-116.189354|-0.802325|81.651871|7.663826|1.100000|1.100000|1.100000
AEG801_006_7430|13|-52.328289|11.241439|-105.360512|-5.824533|-149.505890|-3.650085|1.100000|1.100000|1.100000
AEG801_006_7431|13|-79.386818|12.215675|-108.359467|-6.960191|-105.328949|-9.402778|1.100000|1.100000|1.100000
AEG801_006_7432|13|-37.092789|9.120354|-74.666985|1.205720|59.989204|2.917502|1.100000|1.100000|1.100000
AEG801_006_7433|13|-90.587547|9.204973|21.923876|-1.923863|91.715019|0.326784|1.100000|1.100000|1.100000
AEG801_006_7434|13|-42.635326|21.490934|119.135025|0.023086|-76.385300|10.683290|1.100000|1.100000|1.100000
AEG801_006_7435|13|-22.769766|23.594030|124.723030|8.012003|127.765823|-11.506598|1.100000|1.100000|1.100000
AEG801_006_7436|13|-50.140705|8.268657|-18.139925|4.038281|32.669510|-8.465198|1.100000|1.100000|1.100000
AEG801_006_7437|13|5.231285|13.712463|42.485886|4.145133|-171.022644|-4.945739|1.100000|1.100000|1.100000
AEG801_006_7438|13|-49.116447|18.183517|101.302742|-9.980505|-25.079821|4.530437|1.100000|1.100000|1.100000
AEG801_006_7439|13|76.937729|73.393051|-74.338448|-0.534783|52.253582|1.305605|1.100000|1.100000|1.100000
AEG801_006_7440|13|79.041389|73.369308|-69.528778|-0.706430|134.934982|-0.549691|1.100000|1.100000|1.100000
AEG801_006_7441|13|99.230476|75.041084|-56.859562|-3.179745|33.173874|5.191216|1.100000|1.100000|1.100000
AEG801_006_7442|13|89.232742|73.907257|-104.445786|6.095508|-93.364929|-0.694860|1.100000|1.100000|1.100000
AEG801_006_7443|13|57.693680|59.198753|-122.706116|0.155837|169.885803|-19.654428|1.100000|1.100000|1.100000
AEG801_006_7444|13|30.411724|21.588989|-78.254463|7.390977|-31.893499|15.041419|1.100000|1.100000|1.100000
AEG801_006_7445|13|23.405590|56.446224|-126.708817|-2.714911|-159.780777|-4.618261|1.100000|1.100000|1.100000
AEG801_006_7446|13|-68.120644|3.512040|35.956863|0.008688|-93.074356|0.001366|1.100000|1.100000|1.100000
AEG801_006_7450|13|108.121628|36.065945|-21.294447|11.468870|-31.868134|1.506740|1.100000|1.100000|1.100000
AEG801_006_7451|13|110.989037|37.004951|-24.908640|-0.742406|50.785503|11.160395|1.100000|1.100000|1.100000
AEG801_006_7452|13|104.181396|35.803989|-22.700771|10.217962|-43.954449|-1.125844|1.100000|1.100000|1.100000
AEG801_006_7453|13|122.095818|40.681625|87.244217|-3.956547|126.012772|-17.459108|1.100000|1.100000|1.100000
AEG801_006_7454|13|123.276703|38.636070|76.554398|0.642665|145.444214|-20.267984|1.100000|1.100000|1.100000
AEG801_006_7456|13|111.545204|35.523098|-8.468422|-11.809527|95.991653|1.568184|1.100000|1.100000|1.100000
AEG801_006_7457|13|114.797089|36.258686|-5.195437|1.033244|-0.755106|13.306633|1.100000|1.100000|1.100000
AEG801_006_7458|13|97.157112|31.128805|-4.445030|6.087977|11.171324|14.541777|1.100000|1.100000|1.100000
AEG801_006_7459|13|113.556374|36.274075|-17.528265|-12.768271|131.819626|0.031282|1.100000|1.100000|1.100000
AEG801_006_7460|13|96.960358|31.905214|-8.838196|-10.810315|79.093826|14.711787|1.100000|1.100000|1.100000
AEG801_006_7462|13|16.440552|21.095026|-116.446465|-8.095214|-165.979218|-18.336023|1.100000|1.100000|1.100000
AEG801_006_7463|13|31.156210|21.601093|-94.760620|-7.154620|26.796717|17.642485|1.100000|1.100000|1.100000
AEG801_006_7464|13|-68.788818|15.687204|83.107368|-15.349068|-35.717812|-1.653125|1.100000|1.100000|1.100000
AEG801_006_7465|13|91.906906|34.885860|-35.361012|-4.088555|26.533541|11.756124|1.100000|1.100000|1.100000
AEG801_006_7467|13|-80.267075|3.303484|32.902016|-4.235673|-116.778831|14.336048|1.100000|1.100000|1.100000
AEG801_006_7468|13|-63.696358|3.840592|25.618849|-0.374793|165.250244|-8.577372|1.100000|1.100000|1.100000
AEG801_006_7469|13|-59.647598|4.943120|39.460342|2.174486|-178.510925|-8.727737|1.100000|1.100000|1.100000
AEG801_006_7470|13|-52.094696|6.289727|44.297108|-1.934362|153.504333|-9.258062|1.100000|1.100000|1.100000
AEG801_006_7471|13|-91.572899|9.033625|25.925188|5.207036|-90.787888|1.930922|1.100000|1.100000|1.100000
AEG801_006_7472|13|-35.894581|23.467289|126.520065|3.824880|127.978058|-13.505233|1.100000|1.100000|1.100000
AEG801_006_7473|13|114.402992|33.557060|67.668381|-13.417978|146.051254|-10.401706|1.100000|1.100000|1.100000
AEG801_006_7474|13|106.144844|31.846029|57.818790|-9.129894|143.813644|-10.575788|1.100000|1.100000|1.100000
AEG801_006_7475|13|115.442963|36.213818|3.259249|-1.545403|170.130875|-12.236656|1.100000|1.100000|1.100000
AEG801_006_7477|13|30.264683|21.375570|-82.580338|20.755444|-90.976486|0.765115|1.100000|1.100000|1.100000
AEG801_006_7478|13|25.711868|19.650272|-97.893623|12.332533|-4.175140|22.775621|1.100000|1.100000|1.100000
AEG801_006_7479|13|13.335840|21.457508|-122.021523|-8.099948|-166.439453|-21.361025|1.100000|1.100000|1.100000
AEG801_006_7480|13|-17.885290|13.653599|-113.410782|-7.376095|-171.555222|-6.397884|1.100000|1.100000|1.100000
AEG801_006_7481|13|-45.283569|12.962782|-118.712364|-6.970380|152.966721|3.377091|1.100000|1.100000|1.100000
AEG801_006_7482|13|-21.209387|14.643738|-122.337822|-9.212685|152.448669|-0.275176|1.100000|1.100000|1.100000
AEG801_006_7483|13|-42.303009|14.837137|-130.137146|-11.952950|153.793274|8.573009|1.100000|1.100000|1.100000
AEG801_006_7484|13|-32.911419|16.413450|-138.327698|-7.365660|150.482666|0.172066|1.100000|1.100000|1.100000
AEG801_006_7485|13|-32.243023|13.394009|-119.078896|-8.358321|165.433121|-1.132125|1.100000|1.100000|1.100000
AEG801_006_7486|13|-46.438725|13.592302|-123.323502|-3.385658|-116.218933|-7.072516|1.100000|1.100000|1.100000
AEG801_006_7487|13|-19.651270|15.745373|-129.116776|-5.216134|-160.589920|-7.722853|1.100000|1.100000|1.100000
AEG801_006_7489|13|-73.739784|3.870422|62.301041|-16.609083|35.553516|3.204752|1.100000|1.100000|1.100000
AEG801_006_7490|13|-29.725687|17.754576|-145.267487|-4.127085|154.390945|17.826303|1.100000|1.100000|1.100000
AEG801_006_7491|13|-59.314331|11.391213|-106.419861|7.298631|-6.196602|-1.037416|1.100000|1.100000|1.100000
AEG801_006_7492|13|-1.789113|17.267750|-123.155701|9.150867|-104.299072|-12.424304|1.100000|1.100000|1.100000
AEG801_006_7493|13|-67.528641|3.359575|28.865139|8.375533|-105.311897|-0.454402|1.100000|1.100000|1.100000
AEG801_006_7494|13|-6.923734|13.809925|59.525280|7.732321|-143.597214|-1.040773|0.900000|0.900000|0.900000
AEG801_006_7495|13|-10.307507|13.779513|62.349056|3.169508|152.860397|-7.601342|1.100000|1.100000|1.100000
AEG801_006_7496|13|74.103752|73.207397|-70.669975|-0.849711|139.660233|-1.911052|0.900000|0.900000|0.900000
AEG801_006_7497|13|78.689896|73.452194|-79.144676|-1.601374|92.683784|-0.004967|0.900000|0.900000|0.900000
AEG801_006_7498|13|127.586639|79.293640|-17.422705|1.953762|75.528152|-9.832218|0.900000|0.900000|0.900000
AEG801_006_7499|13|41.486179|15.401632|-5.867172|-11.465257|44.381161|12.852888|1.100000|1.100000|1.100000
AEG801_006_7500|13|104.730064|31.614288|53.602127|12.857310|-109.724457|-5.739891|1.100000|1.100000|1.100000
AEG801_006_7501|13|107.785843|32.067719|40.302486|15.173730|-88.766052|1.245036|1.100000|1.100000|1.100000
AEG801_006_7502|13|106.308968|31.765228|31.280664|0.528165|-175.297516|-17.504383|1.100000|1.100000|1.100000
AEG801_006_7503|13|28.932730|15.923618|47.171417|3.663740|-97.919250|3.178770|1.100000|1.100000|1.100000
AEG801_006_7504|13|14.550759|16.846661|-100.665955|12.879688|-1.860144|12.908320|1.100000|1.100000|1.100000
AEG801_006_7505|13|20.824577|21.859230|-114.451622|-17.189043|101.756088|9.166771|1.100000|1.100000|1.100000
AEG801_006_7506|13|7.063692|18.512835|-117.952621|-18.699335|109.648071|4.400469|1.100000|1.100000|1.100000
AEG801_011_7012|13|-30.530724|9.446175|41.272251|0.005983|-159.811188|-0.006316|1.000000|1.000000|1.000000
AEG801_011_7039|13|-80.267075|3.303486|32.902016|-0.002252|49.355602|-0.016119|1.000000|1.000000|1.000000
AEG801_011_7041|13|-42.474781|21.487450|119.074783|-0.010283|29.838160|-0.003004|1.000000|1.000000|1.000000
AEG801_011_7043|13|-37.145626|23.355232|126.563942|-0.013005|33.814697|-0.002383|1.000000|1.000000|1.000000
AEG801_011_7044|13|-29.955648|17.700603|96.661400|0.010109|169.479477|-0.004329|1.000000|1.000000|1.000000
AEG801_011_7045|13|-48.031319|21.383326|120.011124|-0.008638|-4.845026|0.003360|1.000000|1.000000|1.000000
AEG801_011_7047|13|-39.641918|11.276187|-104.307983|0.005027|-33.022346|-0.002090|1.000000|1.000000|1.000000
AEG801_011_7052|13|-124.941467|23.785347|81.224380|-0.013071|-91.311630|-0.013583|1.000000|1.000000|1.000000
AEG801_011_7055|13|-74.688530|2.970386|48.268589|-0.001024|153.566467|-0.005466|1.000000|1.000000|1.000000
AEG801_011_7058|13|31.193672|16.409050|53.086319|-0.005299|41.011566|0.000792|1.000000|1.000000|1.000000
AEG801_011_7059|13|33.023293|15.383125|29.994429|-0.006656|35.588837|0.003251|1.000000|1.000000|1.000000
AEG801_011_7060|13|-22.710403|20.527098|110.246796|-0.010535|-10.536074|0.003661|1.000000|1.000000|1.000000
AEG801_011_7061|13|-22.517397|22.279449|118.893860|-0.010533|33.777992|-0.005858|1.000000|1.000000|1.000000
AEG801_011_7063|13|-61.367271|4.309838|28.803301|0.008278|-120.902138|-0.002840|1.000000|1.000000|1.000000
AEG801_011_7068|13|-100.394150|8.839375|42.159027|0.004617|140.525665|0.005328|1.000000|1.000000|1.000000
AEG801_011_7069|13|-90.026642|9.242814|22.743200|-0.001673|167.757751|-0.001601|1.000000|1.000000|1.000000
AEG801_011_7077|13|-49.819023|5.949112|24.540016|0.007704|-132.531265|-0.004445|1.000000|1.000000|1.000000
AEG801_011_7078|13|-97.849968|13.529301|-18.842335|-0.009649|-76.263206|0.010628|1.000000|1.000000|1.000000
AEG801_011_7083|13|-52.358810|8.586380|-14.984997|0.002131|8.283381|-0.006648|1.000000|1.000000|1.000000
AEG801_011_7084|13|-39.595203|6.517305|-13.853009|-0.006476|-114.690636|-0.006201|1.000000|1.000000|1.000000
AEG801_011_7085|13|3.786501|13.768252|45.752632|-0.006226|39.703926|0.001994|1.000000|1.000000|1.000000
AEG801_011_7088|13|-88.404785|10.556392|-32.981609|0.006612|-178.842865|0.002186|1.000000|1.000000|1.000000
AEG801_011_7090|13|-102.895638|11.892738|-29.200844|0.009863|-178.211487|0.005929|1.000000|1.000000|1.000000
AEG801_011_7091|13|21.988008|18.447300|83.871292|-0.006773|-3.479761|0.003880|1.000000|1.000000|1.000000
AEG801_011_7092|13|-0.207078|14.666292|62.172726|-0.005123|-2.766096|0.005027|1.000000|1.000000|1.000000
AEG801_011_7109|13|91.585350|34.685509|-31.102282|0.011475|-88.973778|-0.001664|1.000000|1.000000|1.000000
AEG801_011_7111|13|96.959595|31.183475|-5.026936|0.016037|-57.968006|-0.000893|1.000000|1.000000|1.000000
AEG801_011_7113|13|101.257713|31.613945|4.184504|-0.013395|139.621765|-0.018430|1.000000|1.000000|1.000000
AEG801_011_7117|13|-44.772186|7.521652|44.808590|0.009371|-130.497528|-0.003279|1.000000|1.000000|1.000000
AEG801_011_7126|13|-52.094696|6.289727|44.297108|-0.008062|107.398079|-0.005167|1.000000|1.000000|1.000000
AEG801_011_7135|13|123.170708|75.600586|47.466640|0.001803|150.243561|-0.007646|1.000000|1.000000|1.000000
AEG801_011_7137|13|126.036667|75.392815|35.887299|-0.000618|-6.794081|0.018305|1.000000|1.000000|1.000000
AEG801_011_7138|13|120.090141|73.188957|4.253202|0.009781|-102.438042|-0.005823|1.000000|1.000000|1.000000
AEG801_011_7139|13|127.246964|78.983994|-19.717949|-0.008549|16.078974|-0.004729|1.000000|1.000000|1.000000
AEG801_011_7144|13|113.726028|76.691406|-65.298462|0.000000|-178.018982|0.000000|1.000000|1.000000|1.000000
AEG801_011_7146|13|74.058502|73.168068|-70.078064|-0.000846|-3.671509|0.002186|1.000000|1.000000|1.000000
AEG801_011_7147|13|85.992592|73.617554|-91.986923|0.001530|-29.252214|0.005054|1.000000|1.000000|1.000000
AEG801_011_7149|13|121.051399|77.208252|-118.436928|0.000000|33.966946|0.000000|1.000000|1.000000|1.000000
AEG801_011_7153|13|44.155323|57.432991|-108.520988|-3.966246|2.791735|-1.723889|1.000000|1.000000|1.000000
AEG801_011_7154|13|48.828884|57.415691|-109.069107|0.000027|-142.594620|-0.000013|1.000000|1.000000|1.000000
AEG801_011_7157|13|8.198580|19.105885|-119.372139|0.019097|-38.872768|0.007158|1.000000|1.000000|1.000000
AEG801_011_7173|13|36.690563|23.772396|-76.213837|-0.015361|55.300076|0.010682|1.000000|1.000000|1.000000
AEG801_011_7174|13|45.136242|26.434534|-86.117767|0.016638|-141.670166|-0.013703|1.000000|1.000000|1.000000
AEG801_011_7178|13|-29.037590|9.088440|-74.332115|-0.000111|-86.259094|-0.002382|1.000000|1.000000|1.000000
AEG801_011_7179|13|-33.987339|9.137074|-75.095619|-0.002413|148.920410|0.001311|1.000000|1.000000|1.000000
AEG801_011_7180|13|-15.264776|14.954594|-120.708939|-0.009222|167.354248|-0.003682|1.000000|1.000000|1.000000
AEG801_011_7184|13|-54.800888|12.996540|-118.659752|0.006284|-33.174812|-0.005189|1.000000|1.000000|1.000000
AEG801_011_7186|13|-89.180618|13.419369|-107.947426|-0.017563|-158.330551|0.000301|1.000000|1.000000|1.000000
AEG801_011_7187|13|-35.550838|9.003964|-69.738121|-0.002298|87.776947|0.002978|1.000000|1.000000|1.000000
AEG801_011_7188|13|105.448143|31.490086|30.932335|-0.003780|15.386668|0.016994|1.000000|1.000000|1.000000
AEG801_011_7189|13|114.572571|33.657757|67.089485|0.009754|-129.097366|-0.014309|1.000000|1.000000|1.000000
AEG801_011_7193|13|122.998116|42.721523|95.703072|0.003005|149.503632|-0.017295|1.000000|1.000000|1.000000
AEG801_011_7220|13|57.517460|73.040581|-84.888092|0.009890|101.551102|-0.011175|1.000000|1.000000|1.000000
AEG801_011_7221|13|-63.412586|14.524616|81.945526|0.012622|109.036453|-0.011304|1.000000|1.000000|1.000000
AEG801_011_7222|13|-66.664917|3.760830|36.642357|0.002295|-176.951553|-0.008520|1.000000|1.000000|1.000000
AEG801_011_7223|13|7.554237|10.120827|-12.869417|-0.004232|35.513325|0.003060|1.000000|1.000000|1.000000
AEG801_011_7224|13|-62.927242|11.390105|-106.211571|-5.738883|-134.288818|-5.180440|1.000000|1.000000|1.000000
AEG801_011_7225|13|-18.764919|13.452646|-112.583427|-0.001614|-131.126328|-0.009476|1.000000|1.000000|1.000000
AEG801_011_7226|13|-46.698082|13.617624|-123.505363|-0.004096|-121.882965|-0.006694|1.000000|1.000000|1.000000
AEG801_011_7227|13|-20.041878|15.633485|-128.563583|-0.000772|-130.979126|-0.009135|1.000000|1.000000|1.000000
AEG801_011_7228|13|-9.220320|13.762314|61.199474|-0.008063|39.723755|0.000273|1.000000|1.000000|1.000000
AEG801_015_7001|13|111.500519|37.009048|-24.434818|-0.007187|-172.990356|-0.008745|1.000002|1.000002|1.000002
AEG801_015_7002|13|113.405174|35.939774|-5.140746|0.009804|-121.698616|-0.007454|1.000002|1.000002|1.000001
AEG801_015_7098|13|-74.370979|3.054593|49.931297|0.002732|-169.075348|-0.005606|1.000002|1.000002|1.000002
AEG801_015_7107|13|-22.922941|22.425613|119.636436|0.006759|-119.175598|0.010128|1.000002|1.000002|1.000002
AEG801_015_7109|13|-63.094353|3.964906|26.532497|0.003496|-168.093384|-0.007820|1.000002|1.000002|1.000002
AEG801_015_7110|13|-67.860771|3.508126|34.691292|-0.008300|96.433388|-0.002776|1.000002|1.000002|1.000001
AEG801_015_7111|13|29.951359|15.999183|47.019272|0.004889|-169.260361|-0.001173|1.000002|1.000002|1.000002
AEG801_015_7112|13|-32.461937|13.386473|-119.103447|-0.007074|-169.268341|-0.004565|1.000002|1.000002|1.000002
AEG801_015_7113|13|-61.396683|4.759673|41.951466|0.004482|-29.409708|0.007898|1.000002|1.000002|1.000001
AEG801_016_7000|13|-73.531029|3.933917|62.483150|0.016693|-146.892059|-0.003879|1.000000|1.000000|1.000000
AEG801_016_7001|13|-67.305481|15.723969|84.508125|-0.014576|-46.475052|0.002377|1.000000|1.000000|1.000000
AEG801_016_7002|13|-121.036530|23.968971|76.187424|-0.014892|-151.533081|0.008333|1.000000|1.000000|1.000000
AEG801_016_7003|13|-107.177223|21.765450|26.049501|0.000000|-58.187504|0.000000|1.000000|1.000000|1.000000
AEG801_016_7004|13|-112.910316|22.411057|74.969452|-0.005687|-151.010696|0.006093|1.000000|1.000000|1.000000
AEG801_016_7005|13|-49.930672|5.885086|23.179844|-0.007393|110.731491|-0.004916|1.000000|1.000000|1.000000
AEG801_016_7006|13|-33.766079|9.218567|-76.848473|0.002568|12.589767|0.000683|1.000000|1.000000|1.000000
AEG801_016_7007|13|-48.854782|17.605629|98.371315|-0.011278|-14.319996|0.002759|1.000000|1.000000|1.000000
AEG801_016_7008|13|102.169365|75.376160|-56.908886|-0.003700|37.665314|0.004945|1.000000|1.000000|1.000000
AEG801_016_7010|13|59.547844|59.960556|-119.312004|0.000000|-61.780067|0.000000|1.000000|1.000000|1.000000
AEG801_016_7011|13|29.830051|21.275558|-80.265450|-0.000647|19.779383|0.002240|1.000000|1.000000|1.000000
AEG801_016_7012|13|28.083496|56.455322|-123.515289|0.000000|-129.719757|0.000000|1.000000|1.000000|1.000000
AEG801_016_7013|13|-100.899406|8.839375|42.669502|0.001152|36.351269|-0.001443|1.000000|1.000000|1.000000
AEG801_016_7015|13|111.415794|35.598206|-9.659095|0.007076|-48.669987|-0.002378|1.000000|1.000000|1.000000
AEG801_016_7042|13|-43.329845|7.659278|43.195274|0.006420|-62.721394|0.007185|1.000000|1.000000|1.000000
AEG801_016_7044|13|-63.068127|11.590451|-107.667160|-2.477781|112.919609|7.532251|1.000000|1.000000|1.000000
AEG801_016_7045|13|-16.752119|13.934303|-114.540367|0.008633|-61.257488|-0.004648|1.000000|1.000000|1.000000
AEG801_016_7046|13|-18.914394|15.994905|-130.455582|0.008743|-61.296448|-0.003965|1.000000|1.000000|1.000000
AEG801_016_7047|13|-62.510853|4.480442|38.877136|0.006338|-147.196701|-0.006325|1.000000|1.000000|1.000000
AEG801_016_7048|13|79.145920|73.384834|-68.313896|0.000546|-82.410019|-0.000050|1.000000|1.000000|1.000000
AEG801_250_7000|13|-74.644745|3.822081|63.152664|0.018114|-156.724258|-0.007731|0.700000|0.700000|0.700000
AEG801_250_7001|13|-52.794312|10.777864|72.104370|-0.006964|79.737694|-0.018089|0.700000|0.700000|0.700000
AEG801_250_7002|13|-121.388939|24.237568|75.144630|0.003169|140.170059|0.017185|0.700000|0.700000|0.700000
AEG801_250_7003|13|-106.140327|21.295429|22.401644|0.000000|-24.450514|0.000000|0.700000|0.700000|0.700000
AEG801_250_7004|13|-121.313629|23.950813|76.644234|0.009672|-0.522246|-0.014299|1.000000|1.000000|1.000000
AEG801_250_7005|13|-48.981247|6.036384|23.310211|-0.001597|-2.376971|0.008743|0.700000|0.700000|0.700000
AEG801_250_7006|13|-88.527855|10.704559|-31.803478|0.007213|162.163895|-0.000143|0.550000|0.550000|0.550000
AEG801_250_7008|13|-94.410767|10.985840|-31.058228|0.000000|-46.398914|0.000000|0.900000|0.900000|0.900000
AEG801_250_7012|13|-59.536835|11.330328|-105.934875|-0.007067|-162.993912|-0.001947|1.000000|1.000000|1.000000
AEG801_250_7013|13|-79.641983|12.183174|-108.083267|0.004016|92.105728|0.011065|0.600000|0.600000|0.600000
AEG801_250_7014|13|-36.765648|9.154117|-75.398598|0.000765|68.577751|0.002978|0.700000|0.700000|0.700000
AEG801_250_7015|13|-90.587547|9.204973|21.923876|-0.002828|178.558670|-0.000793|0.900000|0.900000|0.900000
AEG801_250_7018|13|-47.117996|17.495787|97.880424|-0.003835|-68.737862|0.010983|1.000000|1.000000|1.000000
AEG801_250_7019|13|-47.504333|21.612045|121.319038|-0.003904|-47.173100|0.008497|0.600000|0.600000|0.600000
AEG801_250_7021|13|4.924645|13.698618|42.779449|-0.005825|84.694710|-0.002812|0.800000|0.800000|0.800000
AEG801_250_7022|13|-47.463535|17.300282|96.911713|0.010437|-150.539948|0.005546|0.700000|0.700000|0.700000
AEG801_250_7023|13|77.239258|73.406494|-75.010941|0.000000|0.812591|0.000000|0.600000|0.600000|0.600000
AEG801_250_7024|13|79.123543|73.359367|-69.261955|0.000000|-153.741638|0.000000|1.000000|1.000000|1.000000
AEG801_250_7025|13|99.686516|75.092293|-57.179993|0.000000|123.496323|0.000000|0.700000|0.700000|0.700000
AEG801_250_7027|13|58.592930|59.625484|-121.443680|0.000000|145.258194|0.000000|0.700000|0.700000|0.700000
AEG801_250_7028|13|29.778193|21.243105|-79.132240|0.010737|-31.892729|0.018469|0.700000|0.700000|0.700000
AEG801_250_7029|13|23.052490|56.395020|-126.445755|0.000000|137.112152|0.000000|0.700000|0.700000|0.700000
AEG801_250_7030|13|-100.794731|8.839382|40.661854|0.004262|32.844486|-0.007521|0.700000|0.700000|0.700000
AEG801_250_7033|13|-51.828979|5.016503|6.305818|0.004808|-46.041946|0.007158|0.550000|0.550000|0.550000
AEG801_250_7034|13|-53.913853|4.728344|7.359505|-0.005421|26.731539|0.006830|0.900000|0.900000|0.900000
AEG801_250_7036|13|111.640884|37.190662|-25.566433|0.010382|-22.560711|0.003989|1.000000|1.000000|1.000000
AEG801_250_7037|13|119.245705|39.550304|83.918991|0.000000|-170.110321|0.000000|0.800000|0.800000|0.800000
AEG801_250_7038|13|122.843315|40.859829|87.238937|-0.010789|101.353355|-0.014293|0.600000|0.600000|0.600000
AEG801_250_7039|13|123.302979|38.535889|76.095581|0.000000|125.716202|0.000000|0.600000|0.600000|0.600000
AEG801_250_7040|13|122.067390|39.190910|80.523132|0.000000|-50.748837|0.000000|1.000000|1.000000|1.000000
AEG801_250_7042|13|117.786583|36.666157|7.338573|-0.026189|116.921158|-0.000549|0.700000|0.700000|0.700000
AEG801_250_7044|13|114.506226|35.998749|3.394100|0.000000|-47.474663|0.000000|1.000000|1.000000|1.000000
AEG801_250_7045|13|110.910500|35.433403|-7.660653|0.001530|33.674713|0.006393|0.800000|0.800000|0.800000
AEG801_250_7046|13|113.884842|36.323849|-17.172951|0.007295|-37.363522|0.007103|0.700000|0.700000|0.700000
AEG801_250_7048|13|14.033083|16.763924|-100.839584|-0.013179|174.876129|-0.011815|0.650000|0.650000|0.650000
AEG801_250_7050|13|14.297468|21.812473|-122.130730|-0.021253|147.037735|-0.008114|0.700000|0.700000|0.700000
AEG801_250_7051|13|17.114241|21.329805|-116.638214|0.018469|-29.859398|0.007486|1.000000|1.000000|1.000000
AEG801_250_7052|13|20.240141|21.501486|-113.577774|0.006231|-122.127441|-0.018653|0.625775|0.625775|0.625775
AEG801_250_7053|13|30.343147|21.350506|-96.055672|-0.017714|69.696083|0.009016|0.900000|0.900000|0.900000
AEG801_250_7056|13|-68.617279|15.588799|82.780350|0.007185|76.109215|-0.013960|0.900000|0.900000|0.900000
AEG801_250_7057|13|-63.408123|14.185143|80.754372|-0.000000|72.359390|-0.000018|0.600000|0.600000|0.600000
AEG801_250_7059|13|91.487457|34.805687|-35.773102|-0.005283|161.714706|-0.011429|0.600000|0.600000|0.600000
AEG801_250_7060|13|96.869888|35.774559|-31.967262|-0.011502|101.080864|0.001667|0.550000|0.550000|0.550000
AEG801_250_7061|13|93.376343|35.077641|-31.976807|0.000000|70.095192|0.000000|0.900000|0.900000|0.900000
AEG801_250_7081|13|27.369457|15.829067|47.692921|-0.001024|127.409500|-0.005170|1.000000|1.000000|1.000000
AEG801_250_7082|13|-23.537388|22.186333|118.519699|-0.011240|-15.920753|0.004563|1.000000|1.000000|1.000000
AEG801_250_7149|13|22.196205|18.349556|82.952148|-0.000171|115.335548|-0.007746|0.600000|0.600000|0.600000
AEG801_250_7186|13|-46.830837|7.203527|45.091084|-0.002278|-6.718489|0.009726|1.000000|1.000000|1.000000
AEG801_250_7187|13|-44.169643|7.601036|44.468376|-0.004151|133.447083|-0.008913|0.700000|0.700000|0.700000
AEG801_250_7188|13|-70.445061|3.899621|57.725471|0.001940|-29.312986|0.008142|1.000000|1.000000|1.000000
AEG801_250_7189|13|-52.572479|5.366637|19.983519|-0.007532|46.635757|0.004535|0.800000|0.800000|0.800000
AEG801_250_7195|13|-9.898291|12.342068|-99.715668|0.008087|8.453170|0.006284|0.600000|0.600000|0.600000
AEG801_250_7196|13|-61.882668|11.572557|-107.634865|7.712705|-2.617339|-0.923197|0.700000|0.700000|0.700000
AEG801_250_7197|13|-17.998653|13.575405|-112.964409|-0.009480|134.323593|0.002322|0.700000|0.700000|0.700000
AEG801_250_7198|13|-19.876589|13.507584|-113.631805|0.008715|-7.805424|0.003770|1.000000|1.000000|1.000000
AEG801_250_7199|13|-19.862753|15.710336|-129.006577|-0.009125|133.788315|0.001612|0.700000|0.700000|0.700000
AEG801_250_7200|13|-2.314408|17.424728|-124.716156|0.007923|-111.090225|-0.013805|0.800000|0.800000|0.800000
AEG801_250_7201|13|-67.739929|3.336122|29.133621|-0.008148|91.699638|-0.002031|0.900000|0.900000|0.900000
AEG801_253_7001|13|-94.961174|10.787313|-32.836327|-0.006814|2.564780|-0.002619|1.000000|1.000000|1.000000
AEG801_253_7003|13|-41.676003|11.849236|-109.746330|-0.003906|-131.552704|-0.005918|1.000000|1.000000|1.000000
AEG801_253_7004|13|-11.012537|12.212410|-99.561157|0.008661|1.865116|0.005109|1.000000|1.000000|1.000000
AEG801_253_7005|13|-26.279898|12.082169|-106.567451|0.004890|27.727772|0.006393|1.000000|1.000000|1.000000
AEG801_253_7006|13|-103.358841|8.839375|40.793228|0.000273|54.805443|-0.002475|1.000000|1.000000|1.000000
AEG801_253_7009|13|-67.254066|2.820995|11.859440|-0.007793|58.186115|0.003087|1.000000|1.000000|1.000000
AEG801_253_7013|13|123.731667|38.263321|74.277824|-0.016267|97.606766|-0.014871|0.800000|0.800000|0.800000
AEG801_253_7014|13|121.221535|39.765999|83.978737|0.016338|-157.830475|-0.008436|1.000000|1.000000|1.000000
AEG801_253_7016|13|115.928360|36.354912|1.237714|-0.000625|-178.060013|-0.020304|1.200000|1.200000|1.200000
AEG801_253_7019|13|12.980685|21.384768|-122.242630|0.019917|-26.494043|0.011775|1.000000|1.000000|1.000000
AEG801_253_7020|13|14.043335|16.357973|-99.032242|0.015873|27.192505|0.006284|1.200000|1.200000|1.200000
AEG801_253_7022|13|15.841773|20.995876|-116.763451|0.017895|-25.132864|0.009453|1.000000|1.000000|1.000000
AEG801_253_7023|13|25.926989|19.976383|-98.996483|-0.013919|169.972244|-0.020200|1.000000|1.000000|1.000000
AEG801_253_7025|13|32.122456|21.926107|-94.793442|0.007677|-149.355835|-0.016074|1.200000|1.200000|1.200000
AEG801_253_7029|13|94.174484|35.217880|-31.701015|0.004153|-146.754913|-0.011085|1.000000|1.000000|1.000000
AEG801_253_7032|13|57.920975|59.298149|-122.457039|0.009754|-42.084751|0.016584|0.900000|0.900000|0.900000
AEG801_253_7033|13|44.629379|57.631981|-106.051834|0.000000|-40.566620|0.000000|1.000000|1.000000|1.000000
AEG801_253_7034|13|58.158760|59.712402|-116.945160|0.000000|20.100456|0.000000|1.200000|1.200000|1.200000
AEG801_253_7036|13|22.678726|56.450195|-127.239281|-0.005203|98.272469|0.004426|1.000000|1.000000|1.000000
AEG801_253_7040|13|-51.480251|11.295683|-105.811005|-0.005151|136.698792|0.004590|1.000000|1.000000|1.000000
AEG801_253_7042|13|-79.015305|12.305001|-108.982056|0.010081|-9.050156|-0.005771|1.000000|1.000000|1.000000
AEG801_253_7044|13|-11.627456|15.280554|-120.357338|-0.003054|68.883286|0.010109|1.000000|1.000000|1.000000
AEG801_253_7045|13|-38.017044|9.107159|-74.363144|0.002049|-60.034397|-0.002569|1.000000|1.000000|1.000000
AEG801_253_7048|13|-99.349205|13.630438|-19.241873|0.006666|-146.232529|0.013169|1.000000|1.000000|1.000000
AEG801_253_7051|13|-68.800949|15.493061|82.064659|0.006202|70.971039|-0.015124|1.200000|1.200000|1.200000
AEG801_253_7055|13|-93.273529|9.104669|25.514860|-0.002545|-12.019077|0.003224|1.000000|1.000000|1.000000
AEG801_253_7057|13|-92.332977|9.119755|22.266039|0.003005|-47.016479|0.000301|1.000000|1.000000|1.000000
AEG801_253_7059|13|24.053543|18.137524|80.231728|-0.000761|112.813240|-0.007608|1.000000|1.000000|1.000000
AEG801_253_7060|13|-53.654488|4.783247|7.804476|-0.000752|-6.901016|0.008715|1.000000|1.000000|1.000000
AEG801_253_7071|13|-125.731216|24.553738|79.036064|-0.016956|-102.602341|-0.011281|1.200000|1.200000|1.200000
AEG801_253_7074|13|-49.027977|20.895649|117.141098|0.007595|-134.395248|0.005136|1.000000|1.000000|1.000000
AEG801_253_7075|13|-49.225338|18.311092|101.958725|-0.010364|-16.909876|0.003005|1.000000|1.000000|1.000000
AEG801_253_7076|13|-30.369719|17.475409|95.549454|0.003634|122.172882|-0.010394|1.200000|1.200000|1.200000
AEG801_253_7077|13|-22.179636|23.889893|125.852615|-0.003556|77.316460|-0.013842|1.000000|1.000000|1.000000
AEG801_253_7082|13|-50.119694|8.273281|-17.911673|0.006174|143.709991|0.007021|0.800000|0.800000|0.800000
AEG801_253_7083|13|6.090966|13.786987|42.308090|-0.005126|95.430916|-0.003837|1.200000|1.200000|1.200000
AEG801_253_7084|13|-53.847881|8.783600|-16.280602|-0.003473|-52.934647|-0.004122|1.200000|1.200000|1.200000
AEG801_253_7085|13|-111.480400|22.241798|74.024208|-0.006483|-117.251877|0.001339|0.800000|0.800000|0.800000
AEG801_253_7089|13|-107.818176|21.775993|23.951164|0.000000|-100.154282|0.000000|1.000000|1.000000|1.000000
AEG801_253_7090|13|-29.596363|9.537159|40.656044|0.008442|-102.353920|0.001639|1.000000|1.000000|1.000000
AEG801_253_7096|13|-54.441624|5.122231|21.281967|0.008005|-126.365753|-0.003586|1.000000|1.000000|1.000000
AEG801_253_7106|13|31.429216|21.772335|-83.906250|-0.017001|118.534721|-0.010760|1.000000|1.000000|1.000000
AEG801_253_7107|13|41.814770|25.182091|-88.495422|-0.005750|10.010653|0.018278|0.800000|0.800000|0.800000
AEG801_253_7109|13|116.328262|36.278297|9.766124|0.015600|-65.670479|0.000355|1.200000|1.200000|1.200000
AEG801_253_7112|13|100.425209|31.617992|1.340191|0.006065|-147.083817|-0.019626|1.200000|1.200000|1.200000
AEG801_253_7113|13|113.889481|36.305668|-16.339277|0.009754|98.314102|0.002978|1.200000|1.200000|1.200000
AEG801_253_7114|13|104.382278|35.801552|-22.519005|0.006584|-87.837189|-0.008000|1.200000|1.200000|1.200000
AEG801_253_7117|13|-61.617485|4.125563|24.559696|-0.004986|131.529968|-0.006879|1.000000|1.000000|1.000000
AEG801_253_7129|13|-53.670685|10.546994|71.227417|0.000792|115.378082|-0.006431|0.800000|0.800000|0.800000
AEG801_253_7131|13|-65.420578|3.328033|18.413860|-0.000006|32.072647|-0.000000|1.000000|1.000000|1.000000
AEG801_253_7133|13|-56.666000|5.972289|53.754387|0.005655|-46.977184|0.009863|1.000000|1.000000|1.000000
AEG801_253_7147|13|111.949776|37.267368|83.701263|0.016994|-97.250496|0.012212|0.800000|0.800000|0.800000
AEG801_253_7148|13|-62.484814|4.681952|44.552738|-0.007642|43.991974|0.005000|1.000000|1.000000|1.000000
AEG801_253_7149|13|-59.120674|5.037304|39.827175|0.008797|-171.852493|-0.001924|1.200000|1.200000|1.200000
AEG801_253_7150|13|30.037409|16.143744|49.915970|0.005273|-127.176743|0.000519|1.000000|1.000000|1.000000
AEG801_253_7151|13|106.940865|32.038433|57.963917|0.013551|-96.903900|-0.002899|0.800000|0.800000|0.800000
AEG801_253_7152|13|-31.325333|13.347036|-118.365959|0.008333|-34.237320|-0.001656|1.000000|1.000000|1.000000
AEG801_253_7153|13|-0.971770|17.285887|-122.228951|0.012458|-87.043900|-0.009169|1.000000|1.000000|1.000000
AEG801_253_7154|13|-67.561165|3.329338|28.129002|-0.006233|36.355659|0.005519|1.000000|1.000000|1.000000
AEG801_253_7155|13|100.729568|75.211548|-53.071800|0.005601|-60.235085|0.004098|1.000000|1.000000|1.000000
AEG801_253_7156|13|75.706429|73.351387|-73.888435|0.001011|32.757568|0.000464|1.000000|1.000000|1.000000
AEG801_253_7157|13|88.631653|73.860931|-105.880051|0.005437|149.659988|0.002213|1.000000|1.000000|1.000000
AEG801_253_7158|13|40.430923|15.080149|-4.972465|-0.003143|169.992737|-0.015838|0.800000|0.800000|0.800000
AEG801_255_7044|13|-69.859329|2.559477|12.806660|-0.003585|154.545441|0.006748|1.000000|1.000000|1.000000
AEG801_255_7049|13|-91.587860|9.198580|25.919420|0.004207|21.645050|-0.000769|1.000000|1.000000|1.000000
AEG801_255_7055|13|-42.303009|14.837137|-130.137146|0.000027|-5.207647|-0.000018|1.000000|1.000000|1.000000
AEG801_255_7063|13|-13.423215|15.248226|-121.473152|0.009808|-21.993164|0.002350|0.900000|0.900000|0.900000
AEG801_255_7064|13|-53.765350|12.883957|-117.969025|-0.000335|-35.689568|0.007978|0.900000|0.900000|0.900000
AEG801_255_7065|13|-56.434361|5.906982|51.667652|0.010081|-88.524284|0.003224|1.000000|1.000000|1.000000
AEG801_255_7066|13|-29.725687|17.912962|-145.267487|0.015846|156.444077|-0.004682|1.000000|1.000000|1.000000
AEG801_257_7000|13|104.436844|36.092533|-23.001789|0.000000|-15.970927|0.000000|1.000000|1.000000|1.000000
AEG801_257_7001|13|115.134102|36.321915|-4.643366|0.000000|30.905647|0.000000|1.000000|1.000000|1.000000
AEG801_257_7012|13|-40.779308|11.658876|-107.987572|0.006639|-22.621130|-0.001377|1.000000|1.000000|1.000000
AEG801_257_7018|13|-21.209387|14.643738|-122.337822|0.004563|30.116026|0.008415|1.000000|1.000000|1.000000
AEG801_257_7019|13|-63.696358|3.840592|25.618849|-0.001981|1.267519|0.008169|1.000000|1.000000|1.000000
AEG801_257_7022|13|-70.796410|4.255034|61.175762|-0.010326|36.259071|0.005382|1.000000|1.000000|1.000000
AEG801_257_7024|13|-68.120644|3.512040|35.956867|-0.006303|34.043468|0.006120|1.000000|1.000000|1.000000
AEG801_257_7026|13|-77.578087|2.782084|27.828091|-0.005224|-137.684372|0.007377|1.000000|1.000000|1.000000
AEG801_257_7027|13|-26.863741|14.927685|-127.490692|-0.003387|-139.057373|-0.008225|1.000000|1.000000|1.000000
AEG801_260_7002|13|-81.520157|3.498142|33.057945|-0.005033|23.323538|0.007158|0.800000|0.800000|0.800000
AEG801_260_7007|13|-75.399437|2.931458|48.911091|-0.003277|22.272345|0.004235|0.700000|0.700000|0.700000
AEG801_260_7008|13|-32.911419|16.413450|-138.327698|0.017458|35.641651|-0.021785|0.800000|0.800000|0.800000
AEG801_260_7010|13|-45.283569|12.962782|-118.712364|0.006912|23.144558|0.003497|0.700000|0.700000|0.700000
AEG801_260_7016|13|-66.165985|3.169541|17.145258|-0.008254|86.881393|-0.001573|0.700000|0.700000|0.700000
AEG801_260_7018|13|-16.251795|16.063244|-129.003906|0.007213|-79.067879|-0.006666|0.700000|0.700000|0.700000
AEG801_262_7002|13|-62.686790|4.516378|40.688843|-0.002148|1.332515|0.007978|0.700000|0.700000|0.700000
AEG801_262_7004|13|-25.388023|14.949541|-126.822563|0.008224|-3.674386|0.003770|0.900000|0.900000|0.900000
