m364100_0000|0|0.000000|0.000000|0.000000|0.000000|0.000000|0.000000|1.000000|1.000000|1.000000
m364104_0000|0|0.000000|0.000000|0.000000|0.000000|0.000000|0.000000|1.000000|1.000000|1.000000
c0100_9004|2|23.697001|237.658997|134.537994|0.000000|-90.117996|0.000000|1.000000|1.000000|1.000000
c0100_9005|2|89.676559|251.291718|29.157539|0.000000|-70.498001|0.000000|1.000000|1.000000|1.000000
c1000_9000|2|139.289001|151.119003|-62.938000|0.000000|57.131001|0.000000|1.000000|1.000000|1.000000
c1000_9001|2|77.452003|244.203995|66.726997|0.000000|0.000000|0.000000|1.000000|1.000000|1.000000
c3170_9000|2|131.259003|150.811005|-60.251999|0.000000|97.550003|0.000000|1.000000|1.000000|1.000000
c3180_9000|2|131.608002|150.867996|-60.509998|-3.517000|92.550003|0.000000|1.000000|1.000000|1.000000
c3900_9000|2|67.041000|247.477997|42.987999|0.000000|-93.316002|0.000000|1.000000|1.000000|1.000000
c3900_9002|2|81.014000|249.804993|32.500000|0.000000|-58.316002|0.000000|1.000000|1.000000|1.000000
c4200_9001|2|-20.940001|256.426697|16.391001|0.000000|-159.337997|0.000000|1.000000|1.000000|1.000000
c4200_9003|2|-24.318001|255.315994|25.909000|-9.570000|-96.120003|-8.093000|1.000000|1.000000|1.000000
c4200_9005|2|-18.306999|256.571014|13.920000|-10.976000|-173.817001|4.467000|1.000000|1.000000|1.000000
c4200_9006|2|-34.604000|258.972992|13.777000|-13.552000|-110.804001|-3.611000|1.000000|1.000000|1.000000
c4381_9000|2|65.149002|246.063995|55.660000|0.000000|-76.924004|0.000000|1.000000|1.000000|1.000000
c4381_9002|2|68.806000|246.016998|58.324001|0.000000|18.386000|0.000000|1.000000|1.000000|1.000000
c4381_9007|2|87.436996|250.598999|31.165001|0.000000|-64.971001|0.000000|1.000000|1.000000|1.000000
c4381_9008|2|87.508003|251.283997|28.114000|0.000000|-64.971001|0.000000|1.000000|1.000000|1.000000
c4381_9009|2|84.598000|250.871002|28.878000|0.000000|-64.971001|0.000000|1.000000|1.000000|1.000000
c4381_9010|2|84.148003|250.052002|32.455002|0.000000|-64.971001|0.000000|1.000000|1.000000|1.000000
c6001_9000|2|-75.738235|342.068085|93.376869|0.000000|-116.113998|0.000000|1.000000|1.000000|1.000000
c6001_9001|2|-76.170242|343.037537|95.577873|0.000000|-97.744003|0.000000|1.000000|1.000000|1.000000
c6001_9002|2|-74.503242|342.920380|95.027870|0.000000|-131.763000|0.000000|1.000000|1.000000|1.000000
c6001_9003|2|-43.599926|323.883606|47.665226|0.000000|-96.113998|0.000000|1.000000|1.000000|1.000000
c6001_9004|2|-41.984928|324.496521|49.852226|0.000000|-62.743999|0.000000|1.000000|1.000000|1.000000
c6001_9005|2|-41.665928|323.693909|47.831226|0.000000|-96.763000|0.000000|1.000000|1.000000|1.000000
c6001_9006|2|-82.065002|315.957001|-16.948000|0.000000|-41.113998|0.000000|1.000000|1.000000|1.000000
c6001_9007|2|-82.724998|316.166992|-13.836000|0.000000|-7.744000|0.000000|1.000000|1.000000|1.000000
c6001_9008|2|-84.494003|316.052002|-16.195000|0.000000|-81.763000|0.000000|1.000000|1.000000|1.000000
c6010_9000|2|-124.519997|325.909973|32.541000|0.000000|-99.804001|0.000000|1.000000|1.000000|1.000000
c6010_9001|2|-64.448997|321.514587|21.419001|-4.602000|-75.945999|0.000000|1.000000|1.000000|1.000000
c6010_9002|2|-76.677002|338.681976|81.723999|17.874001|161.869995|-0.000000|1.000000|1.000000|1.000000
c6010_9003|2|-122.557999|349.671936|123.531998|3.350000|-123.839996|-0.000000|1.000000|1.000000|1.000000
c6060_9000|2|134.078003|270.506989|-33.941002|-8.214000|110.161003|4.987000|1.000000|1.000000|1.000000
c6060_9001|2|126.692001|270.122986|-34.678001|-7.145000|106.716003|4.990000|1.000000|1.000000|1.000000
c6060_9002|2|120.456001|268.894012|-30.715000|0.000000|53.278999|0.000000|1.000000|1.000000|1.000000
c6060_9003|2|123.046997|268.403015|-27.563999|-2.557000|85.738998|4.999000|1.000000|1.000000|1.000000
c6060_9008|2|8.533000|243.699463|73.251999|-2.733000|87.195999|0.000000|1.000000|1.000000|1.000000
c6060_9009|2|4.755000|243.847107|74.000000|0.000000|78.668999|0.000000|1.000000|1.000000|1.000000
c6060_9010|2|7.717000|243.494705|74.862000|-1.237000|77.899002|0.000000|1.000000|1.000000|1.000000
c6060_9011|2|6.848000|243.969421|72.280998|-0.003000|97.696999|0.000000|1.000000|1.000000|1.000000
c6060_9012|2|-32.779999|242.495239|109.876999|0.000000|87.195999|0.000000|1.000000|1.000000|1.000000
c6060_9013|2|-36.558998|241.952103|110.625999|0.000000|78.668999|0.000000|1.000000|1.000000|1.000000
c6060_9014|2|-33.596001|241.452469|111.487000|10.584000|77.899002|0.000000|1.000000|1.000000|1.000000
c6060_9015|2|-34.464001|242.066010|108.907997|0.010000|97.696999|0.000000|1.000000|1.000000|1.000000
c6060_9016|2|0.761000|257.717285|2.500000|-4.017000|87.195999|0.000000|1.000000|1.000000|1.000000
c6060_9017|2|-3.018000|257.803436|3.249000|2.497000|78.668999|0.000000|1.000000|1.000000|1.000000
c6060_9018|2|-0.055000|257.463501|4.110000|-0.000000|77.899002|0.000000|1.000000|1.000000|1.000000
c6060_9019|2|-0.924000|258.004242|1.529000|0.000000|97.696999|0.000000|1.000000|1.000000|1.000000
c6080_9000|2|125.040001|237.779510|125.150002|0.000000|138.789001|0.000000|1.000000|1.000000|1.000000
c6080_9001|2|-3.395000|238.745743|123.175003|0.000000|138.789001|0.000000|1.000000|1.000000|1.000000
c6100_9000|2|91.801003|264.860992|-18.798000|-5.097000|104.936996|-0.000000|1.000000|1.000000|1.000000
c6100_9001|2|98.779999|264.388000|-14.965000|-4.009000|96.402000|0.000000|1.000000|1.000000|1.000000
c6100_9002|2|95.515999|263.964996|-13.724000|3.105000|64.492996|0.000000|1.000000|1.000000|1.000000
c6100_9006|2|-16.250000|248.052994|65.532997|0.000000|99.936996|0.000000|1.000000|1.000000|1.000000
c6100_9007|2|-22.344000|250.225998|58.618999|10.582000|96.402000|0.000000|1.000000|1.000000|1.000000
c6100_9008|2|-13.751000|248.268997|61.597000|11.979000|64.488998|0.000000|1.000000|1.000000|1.000000
c6100_9009|2|-113.647003|323.367981|13.417000|7.426000|99.936996|0.000000|1.000000|1.000000|1.000000
c6100_9010|2|-111.084999|322.396576|13.628000|0.000000|96.402000|0.000000|1.000000|1.000000|1.000000
c6100_9011|2|-112.170998|323.169922|15.076000|-6.028000|64.488998|0.000000|1.000000|1.000000|1.000000
c6100_9012|2|-55.928001|320.874176|20.504999|0.000000|99.936996|0.000000|1.000000|1.000000|1.000000
c6100_9013|2|-53.366001|320.697083|20.714001|5.774000|96.402000|0.000000|1.000000|1.000000|1.000000
c6100_9014|2|-54.452000|320.967773|22.164000|-2.710000|64.488998|0.000000|1.000000|1.000000|1.000000
c6100_9015|2|-93.338997|335.991119|74.662003|-5.940000|99.936996|-0.000000|1.000000|1.000000|1.000000
c6100_9016|2|-90.777000|335.986359|74.873001|-1.000000|96.402000|0.000000|1.000000|1.000000|1.000000
c6100_9017|2|-91.862999|336.406433|76.320999|-6.320000|64.488998|-0.000000|1.000000|1.000000|1.000000
c6100_9018|2|-94.825996|346.133240|114.135002|9.461000|99.936996|0.000000|1.000000|1.000000|1.000000
c6100_9019|2|-92.307999|346.080261|114.359001|0.000000|96.402000|0.000000|1.000000|1.000000|1.000000
c6100_9020|2|-93.367996|346.504852|115.799004|1.975000|64.488998|0.000000|1.000000|1.000000|1.000000
c0000_9000|4|140.835007|151.139999|-62.083000|0.000000|54.973999|0.000000|1.000000|1.000000|1.000000
c0000_9001|4|69.830002|239.429993|89.519997|0.000000|-1.710000|0.000000|1.000000|1.000000|1.000000
h364100|5|0.000000|0.000000|0.000000|0.000000|0.000000|0.000000|1.000000|1.000000|1.000000
h364101|5|0.000000|0.000000|0.000000|0.000000|0.000000|0.000000|1.000000|1.000000|1.000000
h364102|5|0.000000|0.000000|0.000000|0.000000|0.000000|0.000000|1.000000|1.000000|1.000000
h364150|5|0.000000|0.000000|0.000000|0.000000|0.000000|0.000000|1.000000|1.000000|1.000000
h364151|5|0.000000|0.000000|0.000000|0.000000|0.000000|0.000000|1.000000|1.000000|1.000000
h364152|5|0.000000|0.000000|0.000000|0.000000|0.000000|0.000000|1.000000|1.000000|1.000000
h364153|5|0.000000|0.000000|0.000000|0.000000|0.000000|0.000000|1.000000|1.000000|1.000000
AEG099_610_9002|9|-37.155998|260.244995|7.577000|6.800000|-8.043000|-10.100000|1.000000|1.000000|1.000000
AEG099_600_9000|10|142.468002|152.606995|-73.739998|0.000000|-16.278000|0.000000|1.000000|1.000000|1.000000
AEG099_600_9001|10|142.468002|152.606995|-73.739998|0.000000|-16.278000|0.000000|1.000000|1.000000|1.000000
h364101_0000|11|0.000000|0.000000|0.000000|0.000000|0.000000|0.000000|1.000000|1.000000|1.000000
h364102_0000|11|0.000000|0.000000|0.000000|0.000000|0.000000|0.000000|1.000000|1.000000|1.000000
AEG001_290_7007|13|-51.721710|240.672699|122.768158|-0.528222|-84.823502|-9.387744|1.000000|1.000000|1.000000
AEG001_290_7008|13|-30.795082|243.295746|101.444328|0.000000|154.380417|0.000000|1.000000|1.000000|1.000000
AEG001_290_7011|13|-27.070396|246.530014|84.784538|-15.934443|-122.004845|-4.178207|1.000000|1.000000|1.000000
AEG001_290_7013|13|-7.286426|252.993118|27.293262|-9.329809|167.382767|7.811470|1.000000|1.000000|1.000000
AEG001_290_7014|13|-18.061283|257.081177|11.057768|-11.668806|-164.716278|2.626699|1.000000|1.000000|1.000000
AEG001_290_7018|13|35.556595|253.051239|15.159837|-15.239963|170.929688|3.752670|0.800000|0.800000|0.800000
AEG001_290_7019|13|-12.867661|253.057526|30.223955|11.819835|39.421143|1.098294|1.000000|1.000000|1.000000
AEG001_290_7020|13|-11.973841|250.693909|44.182652|3.208684|112.965477|11.265331|1.000000|1.000000|1.000000
AEG001_290_7023|13|119.891663|240.163910|68.066093|4.675374|97.502510|12.155413|1.000000|1.000000|1.000000
AEG001_290_7024|13|-11.548465|251.619980|38.335815|-11.657255|-145.019135|-0.011775|1.000000|1.000000|1.000000
AEG001_290_7025|13|-21.325912|252.075363|43.588787|1.502314|-37.211838|-11.992170|1.000000|1.000000|1.000000
AEG001_290_7028|13|-23.921743|244.971161|89.221924|-6.585653|-77.839096|-13.635943|1.000000|1.000000|1.000000
AEG001_290_7031|13|104.226051|245.133148|59.973537|-15.298947|169.234741|5.369460|0.844719|0.844719|0.844719
AEG001_290_7035|13|72.308792|254.561935|12.093075|-5.387501|100.353111|15.082453|1.000000|1.000000|1.000000
AEG001_290_7036|13|-7.233454|248.137543|55.620094|-11.452803|-113.746727|-4.757504|1.000000|1.000000|1.000000
AEG001_290_7038|13|29.126019|252.366074|18.349089|-10.756485|-129.397751|-9.860340|1.000000|1.000000|1.000000
AEG001_290_7040|13|-11.845922|241.028137|100.890244|-4.015391|141.615494|10.929122|1.000000|1.000000|1.000000
AEG001_290_7042|13|0.994278|256.901428|6.265896|1.617416|100.791222|12.288903|1.000000|1.000000|1.000000
AEG001_290_7043|13|-25.096825|251.064209|56.171146|-4.712567|-52.993343|-12.085611|1.000000|1.000000|1.000000
AEG001_290_7044|13|8.019159|239.343811|102.283051|6.203588|-14.557351|-4.391283|0.900000|0.900000|0.900000
AEG001_290_7045|13|28.183327|245.991272|54.273640|2.758249|-75.822945|-6.081392|1.000000|1.000000|1.000000
AEG001_290_7052|13|-45.393623|242.640366|112.099861|-8.962850|156.266357|10.974859|1.000000|1.000000|1.000000
AEG001_290_7053|13|86.108757|238.068726|90.097511|-1.391716|-89.001450|-4.047881|1.000000|1.000000|1.000000
AEG001_290_7054|13|115.782967|243.955856|56.381035|12.477936|-15.743829|-18.849047|1.000000|1.000000|1.000000
AEG001_290_7059|13|13.970850|252.053940|23.183296|-11.655072|166.609604|7.194565|1.000000|1.000000|1.000000
AEG001_290_7060|13|92.678581|246.271774|56.998211|-10.239060|-135.187607|-7.640103|1.000000|1.000000|1.000000
AEG001_290_7061|13|106.215523|250.800720|39.093151|6.361586|-75.366745|-15.739904|1.000000|1.000000|1.000000
AEG001_290_7062|13|-5.178004|238.031998|124.372086|2.637355|-3.513849|-2.441167|1.000000|1.000000|1.000000
AEG001_290_7063|13|107.640778|244.228012|61.873127|-11.963403|-105.907692|-17.298429|1.000000|1.000000|1.000000
AEG001_290_7065|13|78.532356|263.675690|-16.598051|-3.225239|84.180298|11.311640|0.850000|0.850000|0.850000
AEG001_290_7066|13|116.347168|260.025574|7.173654|-14.354095|151.579941|2.479223|1.000000|1.000000|1.000000
AEG001_290_7067|13|-4.567869|257.217010|6.483181|-10.858312|-137.824677|-5.616868|1.000000|1.000000|1.000000
AEG001_290_7068|13|-34.893158|249.935593|77.664520|-8.461971|167.787354|16.710823|1.000000|1.000000|1.000000
AEG001_290_7069|13|46.232666|241.353912|87.089394|0.167450|-83.442833|-11.022554|1.000000|1.000000|1.000000
AEG001_290_7070|13|-21.105083|250.777405|52.717319|10.866038|78.400360|5.435055|1.000000|1.000000|1.000000
AEG001_290_7071|13|72.883606|255.371033|9.351240|-11.869019|-146.835678|-10.981778|1.000000|1.000000|1.000000
AEG001_290_7072|13|51.018864|259.738800|-9.091036|-4.377575|-119.090919|-12.311342|1.000000|1.000000|1.000000
AEG001_290_7073|13|42.120342|241.812042|85.028526|-8.902696|157.892761|4.425826|0.850000|0.850000|0.850000
AEG001_290_7074|13|-49.415092|241.276779|119.341797|-6.034297|128.213989|10.711103|1.000000|1.000000|1.000000
AEG001_290_7076|13|-8.872041|240.354202|103.137375|-10.329707|-147.244720|-0.733471|1.000000|1.000000|1.000000
AEG001_290_7079|13|8.969209|238.470337|110.268295|-4.971444|-147.987198|-1.248709|0.800000|0.800000|0.800000
AEG001_290_7081|13|-27.820158|240.136383|116.719452|1.343170|114.445709|7.741336|1.000000|1.000000|1.000000
AEG001_290_7084|13|-40.807442|239.818634|126.544655|4.624421|-31.537914|-5.515357|0.831134|0.831134|0.831134
AEG001_290_7085|13|115.504425|272.788971|-53.467438|-10.470589|151.384460|1.302107|1.000000|1.000000|1.000000
AEG001_290_7086|13|102.868454|273.031799|-58.949825|-1.331611|84.373932|16.420759|0.850000|0.850000|0.850000
AEG001_290_7087|13|90.826828|269.847351|-45.796715|-6.172875|167.872162|13.552570|1.000000|1.000000|1.000000
AEG001_290_7088|13|84.918480|266.376160|-29.633957|4.153028|-76.040733|-7.901743|1.000000|1.000000|1.000000
AEG001_290_7089|13|125.832581|272.739990|-48.585827|-11.188648|165.168564|-1.651602|1.000000|1.000000|1.000000
AEG001_290_7090|13|104.006454|264.029327|-14.161355|-7.062109|100.545502|12.742920|1.000000|1.000000|1.000000
AEG001_290_7091|13|-32.250443|260.878448|-1.478999|-9.453985|-175.865662|7.241285|1.000000|1.000000|1.000000
AEG001_290_7092|13|-2.708355|259.314880|-5.138951|-9.053072|166.449951|5.032648|1.000000|1.000000|1.000000
AEG001_290_7093|13|130.557175|150.121231|-69.908943|2.190961|127.471138|-9.712646|1.000000|1.000000|1.000000
AEG001_290_7094|13|112.311119|148.538147|-68.254730|6.453465|-64.920105|8.120495|1.000000|1.000000|1.000000
AEG001_290_7095|13|116.994370|150.897720|-53.220474|3.095933|-107.884087|5.521771|1.000000|1.000000|1.000000
AEG001_290_7096|13|118.983513|149.795883|-63.227253|-7.477712|69.443054|-4.752770|0.850000|0.850000|0.850000
AEG001_290_7097|13|104.894714|150.975647|-53.496769|6.109032|130.532761|-5.313422|1.000000|1.000000|1.000000
AEG001_290_7098|13|105.539711|148.616211|-65.359856|10.757138|155.294098|-4.661422|1.000000|1.000000|1.000000
AEG001_290_7099|13|131.412186|151.042618|-54.191498|1.616705|127.311310|-3.480370|0.824504|0.824504|0.824504
AEG001_290_7100|13|-20.887917|253.415833|34.541859|-12.135503|-128.184875|-2.050335|1.000000|1.000000|1.000000
AEG001_290_7101|13|-44.490128|245.310608|102.526848|3.858973|113.556633|21.044060|1.000000|1.000000|1.000000
AEG001_290_7102|13|-33.457436|243.282730|103.031845|0.000000|32.093769|0.000000|0.831134|0.831134|0.831134
AEG001_290_7103|13|-11.749610|249.004868|54.737679|-11.824298|-144.680069|1.615313|1.000000|1.000000|1.000000
AEG001_290_7104|13|-12.594454|244.066437|84.571831|0.884344|-46.378189|-13.003255|1.000000|1.000000|1.000000
AEG001_290_7105|13|89.521362|237.880463|91.891815|1.531520|-39.043129|-2.781635|1.000000|1.000000|1.000000
AEG001_290_7106|13|-16.441280|238.814056|122.423157|5.451775|72.256561|3.582763|1.000000|1.000000|1.000000
AEG001_290_7107|13|6.027859|246.929077|53.825821|2.297266|100.154106|9.685673|1.000000|1.000000|1.000000
AEG001_290_7108|13|21.015268|260.205231|-9.427605|-16.754810|-149.365082|-9.315759|1.000000|1.000000|1.000000
AEG001_290_7109|13|22.401707|257.568909|-0.230871|-12.544906|154.147690|5.670015|1.000000|1.000000|1.000000
AEG001_290_7112|13|-121.828995|347.990784|118.138565|15.170135|-146.738358|9.717392|1.000000|1.000000|1.000000
AEG001_290_7113|13|-120.775444|349.014465|121.430077|3.712647|100.225586|-15.803044|0.800000|0.800000|0.800000
AEG001_290_7114|13|-107.676636|347.184814|116.089668|11.548978|-146.807251|10.065378|1.000000|1.000000|1.000000
AEG001_290_7115|13|-111.498405|341.274475|93.658783|0.684631|-88.503426|14.432763|1.000000|1.000000|1.000000
AEG001_290_7116|13|-107.463852|340.906006|91.901245|4.390037|100.082031|-13.974676|0.800000|0.800000|0.800000
AEG001_290_7117|13|-93.911621|331.462952|56.045208|6.120450|100.132469|-14.715156|0.800000|0.800000|0.800000
AEG001_290_7118|13|-96.524139|332.337677|58.585590|-3.918693|-88.472145|15.487729|1.000000|1.000000|1.000000
AEG001_290_7119|13|-80.274506|335.346375|73.034309|15.966633|-170.618393|6.769674|0.800000|0.800000|0.800000
AEG001_290_7120|13|-83.532143|336.188995|75.236992|-2.459543|-88.413895|16.647165|1.000000|1.000000|1.000000
AEG001_290_7121|13|-73.863556|331.273163|59.853649|-8.793225|43.064060|-12.650198|1.000000|1.000000|1.000000
AEG001_290_7122|13|-65.887535|325.685181|42.771519|-15.056596|-53.700848|8.923234|0.800000|0.800000|0.800000
AEG001_290_7123|13|-62.265652|325.275208|43.226242|-5.671190|42.604111|-17.692459|1.000000|1.000000|1.000000
AEG001_290_7124|13|-56.990753|319.175934|7.366486|-8.024818|-54.672253|4.769958|0.800000|0.800000|0.800000
AEG001_290_7125|13|-59.547085|320.604675|16.350689|-7.613690|-32.572342|1.282873|1.000000|1.000000|1.000000
AEG001_290_7126|13|-73.653763|318.187561|-1.188268|-3.459266|70.206383|-10.744132|0.800000|0.800000|0.800000
AEG001_290_7127|13|-70.643364|318.591248|1.042152|8.210079|137.362686|-6.653476|1.000000|1.000000|1.000000
AEG001_290_7128|13|-109.617218|322.587524|18.230183|-3.107890|69.994263|-11.093334|0.800000|0.800000|0.800000
AEG001_290_7129|13|-107.333771|322.051575|15.673594|8.468042|137.423889|-7.035746|1.000000|1.000000|1.000000
AEG001_290_7130|13|-122.877922|322.599396|17.846533|7.147246|-123.741707|11.103810|1.000000|1.000000|1.000000
AEG001_290_7131|13|-116.953857|336.510803|71.119202|-2.856857|-88.671066|10.740254|1.000000|1.000000|1.000000
AEG001_290_7132|13|-121.996635|339.830322|87.814316|11.090261|172.768311|-0.934663|0.800000|0.800000|0.800000
AEG001_290_7133|13|-97.892548|323.563782|24.799059|4.065984|99.797577|-10.274298|0.800000|0.800000|0.800000
AEG001_290_7134|13|-75.035339|324.729004|35.488304|5.010571|97.525085|-11.979299|1.000000|1.000000|1.000000
AEG001_290_7135|13|-100.810051|324.197235|27.189484|-1.640805|-88.616806|12.228061|1.000000|1.000000|1.000000
AEG001_290_7136|13|-91.306641|318.688080|0.455571|-1.721441|-88.590065|11.968267|1.000000|1.000000|1.000000
AEG001_290_7137|13|-79.711998|325.210114|36.523102|-3.462326|63.441639|-12.880348|0.800000|0.800000|0.800000
AEG001_290_7138|13|77.417229|242.420227|74.678238|-13.304117|-129.080917|-10.069100|0.800000|0.800000|0.800000
AEG001_290_7139|13|74.559448|242.513382|75.029449|-13.079186|166.253616|6.934200|1.000000|1.000000|1.000000
AEG001_290_7140|13|58.230099|239.143402|96.074669|-8.047078|-128.524063|-4.724546|0.800000|0.800000|0.800000
AEG001_290_7141|13|56.616074|247.434860|42.128963|-5.894447|131.077362|5.551496|1.000000|1.000000|1.000000
AEG001_290_7142|13|53.354206|247.275696|42.964195|-4.625144|-128.830002|-6.753946|0.800000|0.800000|0.800000
AEG001_290_7143|13|68.812485|249.430634|31.694689|9.353425|-46.046257|-7.603346|0.800000|0.800000|0.800000
AEG001_290_7144|13|117.572197|258.986908|11.824092|-4.931550|89.528442|13.881021|0.800000|0.800000|0.800000
AEG001_290_7145|13|72.729523|240.243301|84.462013|-13.256447|-128.622162|-6.839643|0.800000|0.800000|0.800000
AEG001_290_7146|13|39.334000|243.969894|71.769882|-9.291622|-151.231186|-4.180086|1.000000|1.000000|1.000000
AEG001_290_7147|13|29.783455|242.158936|82.196365|-3.829939|-128.736679|-7.698905|0.800000|0.800000|0.800000
AEG001_290_7148|13|24.571724|237.831467|118.228943|-1.221347|-122.924080|-1.340637|1.000000|1.000000|1.000000
AEG001_290_7149|13|25.758650|237.917557|115.607582|-0.028721|-82.946770|-1.924714|0.800000|0.800000|0.800000
AEG001_290_7150|13|0.436593|237.871872|123.854271|-2.585538|-147.901031|-0.054915|0.800000|0.800000|0.800000
AEG001_290_7151|13|53.265354|237.879227|111.512878|-0.454207|-88.970222|-2.320680|1.000000|1.000000|1.000000
AEG001_290_7152|13|57.059658|237.816910|112.245010|0.699439|-50.070408|-1.737180|0.800000|0.800000|0.800000
AEG001_290_7153|13|125.382797|240.113007|65.397095|-9.939655|169.716125|7.919825|0.844719|0.844719|0.844719
AEG001_290_7154|13|86.849716|247.154404|52.411209|-7.922273|171.679291|-1.809915|1.000000|1.000000|1.000000
AEG001_290_7155|13|145.420975|150.863373|-63.820633|-4.391331|13.647757|-0.529883|0.824504|0.824504|0.824504
AEG003_011_1001|13|63.600517|245.479889|61.036678|0.002022|67.125198|0.006120|1.000000|1.000000|1.000000
AEG003_011_1002|13|60.590260|246.900253|46.892052|-0.003589|110.516930|0.005437|1.000000|1.000000|1.000000
AEG003_011_1004|13|76.701195|246.305725|55.948811|-0.004254|-141.270264|-0.005874|1.000000|1.000000|1.000000
AEG003_011_1006|13|66.881363|246.088821|54.977505|0.005273|24.648388|0.003333|1.000000|1.000000|1.000000
AEG003_011_1007|13|68.640083|246.293869|53.360332|0.002240|-78.974304|-0.005981|1.000000|1.000000|1.000000
AEG003_011_1008|13|68.238914|245.969833|56.251507|-0.006342|172.028351|-0.000000|1.000000|1.000000|1.000000
AEG003_012_1002|13|68.104530|246.118454|54.881481|0.002869|-72.422676|-0.005584|1.000000|1.000000|1.000000
AEG003_054_1008|13|66.592056|244.539917|67.619553|10.051198|5.722168|-1.081558|1.000000|1.000000|1.000000
AEG003_054_1011|13|62.576435|247.180023|44.897430|5.454288|26.657835|4.203900|1.000000|1.000000|1.000000
AEG003_054_1014|13|66.296341|248.567230|35.884933|10.475244|-7.970978|-0.195156|1.000000|1.000000|1.000000
AEG003_054_1015|13|75.662247|245.643570|60.758911|4.215019|54.562634|7.964738|1.000000|1.000000|1.000000
AEG003_054_1016|13|61.369724|245.597443|59.692558|4.213353|38.474335|4.568932|1.000000|1.000000|1.000000
AEG003_055_1004|13|76.288261|246.461899|53.497021|-4.747124|117.304085|5.403992|1.000000|1.000000|1.000000
AEG003_055_1014|13|77.785133|247.863144|41.095028|-8.420048|148.290512|1.728940|1.000000|1.000000|1.000000
AEG003_055_1015|13|73.170723|245.082153|63.702675|9.614093|12.071731|2.203446|1.000000|1.000000|1.000000
AEG003_055_1016|13|65.185013|247.272110|44.672695|-6.522101|153.360016|1.661156|1.000000|1.000000|1.000000
AEG003_056_1015|13|76.625587|246.044601|58.042587|-2.380156|-123.125046|-7.069300|1.000000|1.000000|1.000000
AEG003_056_1016|13|74.240677|246.906891|50.371788|5.179906|-56.151878|-4.512887|1.000000|1.000000|1.000000
AEG003_056_1017|13|61.615788|245.303329|62.434277|0.171821|81.575218|6.471358|1.000000|1.000000|1.000000
AEG003_056_1018|13|73.888405|245.694275|60.134865|-7.914131|-177.452469|-1.566098|1.000000|1.000000|1.000000
AEG003_056_1019|13|59.287018|245.828613|57.096977|4.052843|-59.268852|-4.394330|1.000000|1.000000|1.000000
AEG003_057_1008|13|56.394989|246.167053|52.892662|-1.752655|-121.687645|-5.375462|1.000000|1.000000|1.000000
AEG003_057_1010|13|75.922264|246.937683|50.557476|-4.920954|121.020432|4.882630|1.000000|1.000000|1.000000
AEG003_057_1011|13|77.957825|245.918182|59.376465|-5.213584|-147.959976|-5.601213|1.000000|1.000000|1.000000
AEG003_057_1012|13|59.869049|245.417999|61.093559|3.862691|-61.719017|-4.932456|1.000000|1.000000|1.000000
AEG003_057_1013|13|59.603386|246.515457|50.283035|0.716623|-98.837662|-5.969482|1.000000|1.000000|1.000000
AEG003_058_1009|13|57.695404|245.610336|58.873997|5.082562|-42.991928|-3.231827|1.000000|1.000000|1.000000
AEG003_058_1013|13|60.651230|247.344147|43.206329|-3.582395|110.302773|6.748774|1.000000|1.000000|1.000000
AEG003_058_1014|13|63.015739|247.465973|42.649818|-6.682714|-163.020844|-3.286327|1.000000|1.000000|1.000000
AEG003_061_1007|13|65.924858|245.840317|57.106358|0.005410|-36.513851|-0.002991|1.000000|1.000000|1.000000
AEG003_061_1008|13|70.348106|245.903397|57.072399|0.001421|71.089386|0.006557|1.000000|1.000000|1.000000
AEG003_061_1009|13|68.925232|244.494263|67.430779|7.815977|53.622334|7.426575|1.000000|1.000000|1.000000
AEG003_061_1010|13|66.004921|246.360855|52.175423|0.003251|44.802132|0.005027|1.000000|1.000000|1.000000
AEG003_061_1011|13|70.236023|246.381027|52.813602|-0.004363|120.408051|0.004754|1.000000|1.000000|1.000000
AEG003_063_1002|13|74.331581|247.431122|45.707157|-3.537896|104.143143|5.901611|1.000000|1.000000|1.000000
AEG003_063_1003|13|63.644695|245.259705|62.948254|-3.958174|-124.750526|-5.697284|1.000000|1.000000|1.000000
AEG003_069_1002|13|53.045280|246.045242|50.098843|-26.523655|-94.399345|-6.318966|1.000000|1.000000|1.000000
AEG003_069_1014|13|80.195023|246.984543|49.497032|-13.619454|129.340439|3.776685|1.000000|1.000000|1.000000
AEG003_069_1022|13|64.384781|247.646347|41.188660|9.559608|-62.844387|-6.608817|1.000000|1.000000|1.000000
AEG003_069_1024|13|73.889137|247.164429|49.214401|-2.326998|132.761078|3.382309|1.000000|1.000000|1.000000
AEG003_069_1025|13|58.197029|246.357620|51.445904|-0.311803|-109.429787|-5.946938|1.000000|1.000000|1.000000
AEG004_808_1000|13|108.000000|149.000000|-40.999996|0.000000|0.000000|0.000000|1.000000|1.000000|1.000000
AEG004_904_7051|13|89.856117|238.056030|89.002792|-3.675409|-126.196205|-2.600955|1.000000|1.000000|1.000000
AEG004_904_7052|13|112.587997|237.614044|125.277290|-3.394538|85.873550|-0.133507|1.000000|1.000000|1.000000
AEG004_904_7053|13|126.180084|239.916336|65.708443|-7.238447|128.545151|18.890617|1.000000|1.000000|1.000000
AEG004_904_7056|13|122.641953|237.757355|119.973564|-5.511520|-35.863922|4.033647|1.000000|1.000000|1.000000
AEG004_904_7057|13|56.097546|237.654510|111.767700|-1.677183|157.941071|1.536665|1.000000|1.000000|1.000000
AEG004_904_7058|13|42.175720|241.191208|87.497910|-16.079468|130.034714|7.163759|1.000000|1.000000|1.000000
AEG004_904_7059|13|50.434631|237.744171|112.088066|-3.394534|-103.062935|-0.133503|1.000000|1.000000|1.000000
AEG004_907_7000|13|114.928131|237.756790|124.475479|0.032238|-41.829609|0.601685|1.000000|1.000000|1.000000
AEG004_907_7001|13|55.085762|237.901184|110.485092|-1.598810|148.208755|1.808825|1.000000|1.000000|1.000000
AEG007_420_1000|13|81.039307|245.741486|59.132629|0.000000|-14.897621|0.000000|1.000000|1.000000|1.000000
AEG007_420_1001|13|66.541405|247.931168|39.843830|0.000000|-51.414955|0.000000|1.000000|1.000000|1.000000
AEG007_420_1002|13|53.053764|245.902588|55.190266|0.000000|66.417313|0.000000|1.000000|1.000000|1.000000
AEG099_053_9000|13|77.452003|244.203995|66.726997|0.000000|0.000000|0.000000|1.000000|1.000000|1.000000
AEG099_090_9000|13|131.539993|150.871002|-60.509998|0.000000|92.550003|0.000000|1.000000|1.000000|1.000000
AEG099_502_9000|13|71.893997|239.746994|86.653000|-5.000000|163.427994|5.000000|1.000000|1.000000|1.000000
AEG099_610_9000|13|60.105999|246.207993|53.542999|-3.400000|-155.647003|0.000000|1.000000|1.000000|1.000000
AEG099_610_9001|13|75.956001|247.358994|46.998001|0.000000|-156.001007|0.000000|1.000000|1.000000|1.000000
AEG099_610_9003|13|142.167999|153.007004|-73.239998|0.000000|-16.278000|0.000000|1.000000|1.000000|1.000000
AEG099_651_9000|13|103.073997|146.936996|-80.788002|0.000000|-51.820000|0.000000|1.000000|1.000000|1.000000
AEG099_680_9000|13|106.491997|263.773987|-12.760000|14.655000|-2.361000|-0.739000|1.000000|1.000000|1.000000
AEG099_680_9001|13|105.216003|244.309998|62.285000|-1.141000|92.374001|22.924000|1.000000|1.000000|1.000000
AEG099_680_9002|13|52.908001|247.300003|42.256001|-1.757000|5.855000|4.700000|1.000000|1.000000|1.000000
AEG099_680_9003|13|-11.292000|251.686005|36.988998|2.300000|124.271004|4.930000|1.000000|1.000000|1.000000
AEG099_680_9004|13|-12.270000|243.434998|87.204002|-1.956000|140.223007|11.961000|1.000000|1.000000|1.000000
AEG099_680_9005|13|53.562000|238.016998|109.559998|1.566000|170.003998|0.300000|1.000000|1.000000|1.000000
AEG099_680_9006|13|-104.043999|324.665985|29.737000|7.088000|-176.727997|-0.717000|1.000000|1.000000|1.000000
AEG099_680_9007|13|-82.614998|337.898010|81.079002|2.856000|145.753998|-6.164000|1.000000|1.000000|1.000000
AEG099_690_9000|13|-43.492001|264.945007|-15.812000|0.000000|92.581001|0.000000|1.000000|1.000000|1.000000
AEG099_690_9001|13|-42.931999|264.686005|-13.878000|0.000000|92.581001|0.000000|1.000000|1.000000|1.000000
AEG099_691_9000|13|-37.070000|260.191986|8.032000|0.000000|-123.664001|0.000000|1.000000|1.000000|1.000000
AEG099_730_9000|13|121.278999|239.123993|72.098999|6.779000|48.299999|6.712000|1.000000|1.000000|1.000000
AEG099_730_9001|13|116.766998|239.826996|70.236000|-10.528000|-121.151001|-8.424000|1.000000|1.000000|1.000000
AEG099_730_9002|13|12.226000|256.796997|3.124000|2.432000|68.071999|2.036000|1.000000|1.000000|1.000000
AEG099_730_9003|13|114.113998|258.877991|10.822000|-14.747000|119.447998|7.427000|1.000000|1.000000|1.000000
AEG099_730_9004|13|-122.695999|346.322998|113.478996|-9.381000|-7.665000|3.251000|1.000000|1.000000|1.000000
AEG099_730_9005|13|-100.983002|340.230011|90.311996|-8.676000|39.688999|-8.398000|1.000000|1.000000|1.000000
AEG099_730_9006|13|119.628998|273.454987|-55.662998|-6.119000|103.657997|9.174000|1.000000|1.000000|1.000000
AEG099_730_9007|13|98.396004|269.846985|-44.706001|4.835000|32.700001|4.540000|1.000000|1.000000|1.000000
AEG099_730_9008|13|97.237999|270.574005|-49.556000|-4.998000|109.554001|7.708000|1.000000|1.000000|1.000000
AEG099_730_9009|13|72.786003|263.592987|-20.270000|1.805000|79.375000|14.706000|1.000000|1.000000|1.000000
AEG099_730_9010|13|78.046997|254.535995|13.024000|-15.609000|168.701004|-1.232000|1.000000|1.000000|1.000000
AEG099_730_9011|13|68.669998|261.742004|-13.881000|-3.402000|-103.527000|-17.187000|1.000000|1.000000|1.000000
AEG099_730_9012|13|92.619003|238.320007|87.293999|-1.329000|-89.008003|-4.221000|1.000000|1.000000|1.000000
AEG099_730_9013|13|53.167000|244.130997|69.648003|-5.831000|-119.583000|-2.624000|1.000000|1.000000|1.000000
AEG099_730_9014|13|27.580000|241.634995|84.595001|-3.795000|122.418999|7.737000|1.000000|1.000000|1.000000
AEG099_730_9015|13|18.299999|242.209000|81.037003|3.392000|-59.320999|-9.162000|1.000000|1.000000|1.000000
AEG099_730_9016|13|-78.483002|324.579010|33.473000|-0.344000|78.536003|-11.082000|1.000000|1.000000|1.000000
AEG099_730_9017|13|7.807000|254.970001|12.791000|-5.857000|-127.084000|-6.660000|1.000000|1.000000|1.000000
AEG099_730_9018|13|38.251999|253.175003|14.596000|-13.362000|-160.658005|-1.441000|1.000000|1.000000|1.000000
AEG099_730_9019|13|13.047000|238.546005|108.098999|0.536000|70.258003|1.605000|1.000000|1.000000|1.000000
AEG099_730_9020|13|-12.151000|253.681000|26.072001|-11.855000|-167.042007|3.628000|1.000000|1.000000|1.000000
AEG099_730_9021|13|-6.779000|257.806000|4.055000|-1.105000|94.967003|12.478000|1.000000|1.000000|1.000000
AEG099_730_9022|13|-2.086000|248.643997|47.865002|-8.985000|-134.244995|-1.957000|1.000000|1.000000|1.000000
AEG099_730_9023|13|-30.743000|248.826004|77.674004|13.969000|65.964996|3.848000|1.000000|1.000000|1.000000
AEG099_730_9024|13|-24.931999|250.505997|59.936001|-8.777000|-79.550003|-9.615000|1.000000|1.000000|1.000000
AEG099_730_9025|13|-21.070999|249.873993|58.860001|12.044000|84.835999|7.145000|1.000000|1.000000|1.000000
AEG099_730_9026|13|8.779000|238.151993|114.372002|0.000000|-44.040001|-1.649000|1.000000|1.000000|1.000000
AEG099_730_9027|13|126.429001|271.859985|-43.722000|13.778000|9.283000|5.442000|1.000000|1.000000|1.000000
AEG099_730_9028|13|-14.134000|238.373001|125.697998|0.350000|124.455002|2.910000|1.000000|1.000000|1.000000
AEG099_730_9029|13|-82.723000|325.740997|37.504002|-7.670000|-59.847000|7.543000|1.000000|1.000000|1.000000
AEG099_730_9030|13|-59.243999|321.065002|19.687000|-5.036000|-41.209999|0.985000|1.000000|1.000000|1.000000
AEG099_730_9031|13|-77.406998|318.243988|-0.791000|-9.007000|-17.275000|2.375000|1.000000|1.000000|1.000000
AEG099_730_9032|13|-75.572998|317.518005|-4.501000|-3.772000|81.785004|-7.308000|1.000000|1.000000|1.000000
AEG099_730_9033|13|-115.382004|319.765991|5.566000|-1.851000|-55.104000|4.815000|1.000000|1.000000|1.000000
AEG099_750_9000|13|-15.324000|256.816986|10.889000|0.000000|-11.733000|0.000000|1.000000|1.000000|1.000000
AEG099_750_9001|13|-23.475000|246.164993|83.153000|0.000000|81.084000|0.000000|1.000000|1.000000|1.000000
AEG099_760_9001|13|-9.494000|248.473999|56.659000|12.683000|22.347000|-10.455000|1.000000|1.000000|1.000000
AEG099_760_9002|13|118.371002|244.233994|55.109001|29.750000|47.535999|9.619000|1.000000|1.000000|1.000000
AEG099_760_9003|13|-16.989000|258.743011|1.399000|10.049000|69.499001|9.380000|1.000000|1.000000|1.000000
AEG099_802_9000|13|75.748001|246.274994|56.120998|0.000000|-92.064003|0.000000|1.000000|1.000000|1.000000
AEG099_830_9000|13|3.083000|258.024994|0.184000|0.000000|88.556999|3.033000|1.000000|1.000000|1.000000
AEG099_830_9001|13|-24.617001|256.316010|20.649000|5.444000|88.648003|9.449000|1.000000|1.000000|1.000000
AEG099_830_9002|13|-41.994999|243.117996|108.828003|-0.000000|88.556999|7.390000|1.000000|1.000000|1.000000
AEG099_830_9003|13|-26.393999|241.438004|108.004997|0.000000|-74.642998|0.000000|1.000000|1.000000|1.000000
AEG099_990_9000|13|69.329002|246.404007|54.436001|0.000000|156.266998|0.000000|1.000000|1.000000|1.000000
AEG201_003_1000|13|139.599792|151.085388|-63.645676|0.000000|12.000015|0.000000|1.000000|1.000000|1.000000
AEG201_008_1000|13|139.599792|151.085388|-63.645676|0.000000|12.000015|0.000000|1.000000|1.000000|1.000000
AEG201_009_1000|13|139.599792|151.085388|-63.645676|0.000000|12.000015|0.000000|1.000000|1.000000|1.000000
AEG801_006_7019|13|-45.441120|244.292480|106.278854|-1.331513|124.725769|18.706793|1.000000|1.000000|1.000000
AEG801_006_7021|13|-39.862053|240.891068|118.348946|-4.174419|139.997543|8.885366|0.774300|0.774300|0.774300
AEG801_006_7022|13|-14.920926|249.716263|53.039898|-6.682604|-77.597145|-10.044975|1.000000|1.000000|1.000000
AEG801_006_7029|13|-7.415668|238.551392|117.790306|-2.063091|150.580246|4.904022|0.774300|0.774300|0.774300
AEG801_006_7030|13|-0.993933|239.365341|105.938866|1.960484|100.021988|8.275649|0.774300|0.774300|0.774300
AEG801_006_7031|13|-5.560947|253.601303|23.482979|6.241755|82.537506|11.038458|1.000000|1.000000|1.000000
AEG801_006_7032|13|2.575661|255.293030|13.175629|-0.240357|108.511703|13.344085|1.000000|1.000000|1.000000
AEG801_006_7034|13|-15.879251|254.521973|23.754623|8.292151|76.323860|8.373703|1.000000|1.000000|1.000000
AEG801_006_7035|13|-2.667152|255.903137|12.027950|11.003001|-16.528641|-7.022840|0.774300|0.774300|0.774300
AEG801_006_7038|13|-14.213656|257.119446|9.405394|11.551081|15.087642|-0.685924|0.842800|0.842800|0.842800
AEG801_006_7039|13|11.793527|254.953293|11.949445|-13.226722|-167.656204|0.718809|0.842800|0.842800|0.842800
AEG801_006_7040|13|-62.283787|268.164062|-17.703312|16.297785|-1.926678|-10.960754|0.774300|0.774300|0.774300
AEG801_006_7041|13|13.426275|255.678085|8.421901|-10.666582|155.376266|7.771746|1.020000|1.020000|1.020000
AEG801_006_7042|13|31.431608|246.286194|51.818104|0.412954|-87.846115|-6.627852|1.000000|1.000000|1.000000
AEG801_006_7043|13|18.736519|257.479858|0.023742|13.109894|-5.950163|-1.151736|0.991549|0.991549|0.991549
AEG801_006_7044|13|-9.250149|259.359741|-3.919245|9.596717|-4.870853|-2.619187|0.991549|0.991549|0.991549
AEG801_006_7046|13|-61.046257|266.782379|-13.016313|-16.206684|-107.513664|-9.706160|1.000000|1.000000|1.000000
AEG801_006_7047|13|-18.656263|258.868835|1.496449|9.614175|-2.568870|-4.899359|1.000000|1.000000|1.000000
AEG801_006_7048|13|35.634308|258.989258|-6.223242|-12.426028|-153.187393|-6.207687|1.020000|1.020000|1.020000
AEG801_006_7049|13|-25.829727|255.088654|28.839323|10.394264|9.512105|-7.498271|1.000000|1.000000|1.000000
AEG801_006_7051|13|-14.168714|247.902771|64.132660|-12.968688|-138.091339|0.929726|1.020000|1.020000|1.020000
AEG801_006_7052|13|-24.113998|247.548416|76.886887|15.762137|34.426479|-3.863193|1.000000|1.000000|1.000000
AEG801_006_7053|13|-0.425421|249.228912|43.743774|-5.934310|-87.033264|-10.484691|0.991549|0.991549|0.991549
AEG801_006_7054|13|98.594513|243.018448|68.054817|-16.631601|155.441635|13.113332|1.020000|1.020000|1.020000
AEG801_006_7059|13|-19.379831|248.234589|67.755264|0.779844|135.805481|14.113601|1.000000|1.000000|1.000000
AEG801_006_7062|13|80.342857|255.786652|9.249902|-13.401290|134.955414|8.653331|1.000000|1.000000|1.000000
AEG801_006_7063|13|118.842873|260.682709|5.310342|-12.873151|137.885864|6.155859|1.000000|1.000000|1.000000
AEG801_006_7064|13|-5.339467|249.710693|44.452850|-12.051154|-140.172287|-0.495924|1.000000|1.000000|1.000000
AEG801_006_7067|13|-27.579151|240.469849|113.954193|-4.998299|-91.177376|-8.177948|0.774300|0.774300|0.774300
AEG801_006_7391|13|106.586876|249.562012|43.811878|0.873500|-88.411774|-15.306188|1.000000|1.000000|1.000000
AEG801_006_7392|13|57.066422|243.699127|74.287773|0.990432|-87.669975|-8.656252|1.000000|1.000000|1.000000
AEG801_006_7393|13|-41.362976|265.136292|-18.115383|9.521611|-10.426793|-5.998451|0.774300|0.774300|0.774300
AEG801_006_7396|13|45.436161|256.185760|4.103447|-4.563551|106.952835|15.700253|1.000000|1.000000|1.000000
AEG801_006_7397|13|83.210762|237.869583|94.700859|2.589352|-2.923859|-1.359655|1.000000|1.000000|1.000000
AEG801_006_7398|13|63.948273|261.796783|-14.750868|14.122972|-8.684419|1.700608|1.000000|1.000000|1.000000
AEG801_006_7399|13|-31.512672|253.158859|52.725487|-22.258751|-79.809891|-7.584752|1.000000|1.000000|1.000000
AEG801_006_7401|13|108.470161|253.788162|28.382881|-13.339147|138.478134|8.826737|1.000000|1.000000|1.000000
AEG801_006_7403|13|53.315929|260.510925|-12.165561|-2.320064|84.619026|10.942293|1.000000|1.000000|1.000000
AEG801_006_7404|13|47.127151|263.994934|-24.031591|2.153558|83.467239|20.451801|1.000000|1.000000|1.000000
AEG801_006_7405|13|10.678501|239.791687|99.741226|1.244763|96.067146|9.212780|0.774300|0.774300|0.774300
AEG801_006_7406|13|108.142235|265.905029|-20.623789|-12.223164|137.804779|5.671134|1.000000|1.000000|1.000000
AEG801_006_7407|13|122.205292|272.090271|-46.647377|-7.003936|106.554207|8.755674|1.000000|1.000000|1.000000
AEG801_006_7408|13|99.928856|264.123749|-15.935751|-13.776194|137.953094|6.426689|1.000000|1.000000|1.000000
AEG801_006_7409|13|84.273773|265.793823|-25.916424|2.508073|-88.018227|-9.189950|1.000000|1.000000|1.000000
AEG801_006_7410|13|100.442375|264.311340|-16.523918|14.160894|-4.126709|3.549540|0.774300|0.774300|0.774300
AEG801_006_7411|13|99.721214|272.239899|-56.546719|4.386976|-88.051399|-11.179757|1.000000|1.000000|1.000000
AEG801_006_7412|13|9.847189|258.070129|-1.688936|15.178566|-1.347770|-10.530882|1.000000|1.000000|1.000000
AEG801_006_7413|13|133.840515|150.329666|-70.256020|9.075055|-167.473343|-1.428172|0.842800|0.842800|0.842800
AEG801_006_7414|13|133.221344|151.198608|-51.818340|-2.967535|-7.225310|0.826070|0.800000|0.800000|0.800000
AEG801_006_7415|13|135.238541|151.032791|-56.133018|-0.946490|-18.012863|1.615229|0.774300|0.774300|0.774300
AEG801_006_7416|13|120.161186|150.809723|-54.451958|0.715231|-85.544594|6.312789|1.000000|1.000000|1.000000
AEG801_006_7417|13|111.712173|148.057892|-73.666290|-4.914763|105.392532|-5.237983|1.000000|1.000000|1.000000
AEG801_006_7418|13|102.162224|147.023041|-78.083855|-0.656709|-90.205475|5.958984|1.000000|1.000000|1.000000
AEG801_006_7419|13|101.815521|150.779160|-55.111740|8.725185|138.733734|-4.782192|1.000000|1.000000|1.000000
AEG801_006_7420|13|-27.572174|255.965973|25.233953|10.459313|84.851501|8.279910|1.000000|1.000000|1.000000
AEG801_006_7421|13|-11.173392|255.181686|18.007746|-5.447205|136.262268|11.155204|1.000000|1.000000|1.000000
AEG801_006_7422|13|-38.109680|259.868195|13.050641|5.738534|2.720492|-19.136614|1.000000|1.000000|1.000000
AEG801_006_7423|13|-31.342241|258.971283|9.811523|8.258108|-3.936534|-8.781746|0.991549|0.991550|0.991549
AEG801_006_7424|13|-47.551308|249.009460|94.605972|4.105080|124.272919|26.846085|1.000000|1.000000|1.000000
AEG801_006_7425|13|-43.846252|250.928528|84.831612|-18.524445|-91.855370|-14.679660|0.774300|0.774300|0.774300
AEG801_006_7426|13|-26.098518|244.308472|93.952316|-8.192099|157.052246|13.614179|1.020000|1.020000|1.020000
AEG801_006_7427|13|2.441343|247.441223|52.488846|-7.086043|-104.322578|-7.605481|1.020000|1.020000|1.020000
AEG801_006_7428|13|49.323196|242.115829|72.515091|-1.802886|108.457375|11.160641|1.000000|1.000000|1.000000
AEG801_006_7433|13|-91.933105|341.206421|95.034012|10.250009|134.753082|-8.275208|0.900000|0.900000|0.900000
AEG801_006_7434|13|-91.513481|343.148315|103.164322|11.798523|134.716415|-8.273357|1.000000|1.000000|1.000000
AEG801_006_7436|13|-72.931145|339.065460|80.783134|-0.156189|135.171555|-12.795700|1.000000|1.000000|1.000000
AEG801_006_7437|13|-50.687584|324.066467|48.212975|6.096873|133.195679|-2.973658|0.900000|0.900000|0.900000
AEG801_006_7438|13|-61.814888|328.578247|51.954609|11.096051|135.365936|-10.398153|1.000000|1.000000|1.000000
AEG801_006_7439|13|-50.868217|320.894470|22.182047|-4.086873|128.442444|-3.319888|0.900000|0.900000|0.900000
AEG801_006_7440|13|-47.799782|321.159576|23.958700|2.491134|135.099426|-4.140979|1.000000|1.000000|1.000000
AEG801_006_7441|13|-60.604706|317.621704|-3.876865|8.824032|134.955627|-2.831331|1.000000|1.000000|1.000000
AEG801_006_7442|13|-66.860901|316.665619|-9.007225|5.029561|128.047577|-7.501689|0.900000|0.900000|0.900000
AEG801_006_7443|13|-103.353714|316.830261|-10.601593|6.338279|128.288132|-4.904484|0.900000|0.900000|0.900000
AEG801_006_7444|13|-86.108597|316.510345|-10.739558|6.099577|135.158798|-4.379531|1.000000|1.000000|1.000000
AEG801_006_7445|13|-121.706329|316.932861|-8.541712|5.742304|135.066711|-3.471239|1.000000|1.000000|1.000000
AEG801_006_7446|13|-124.487587|317.447327|-5.743301|5.427869|129.827011|-8.787903|0.900000|0.900000|0.900000
AEG801_006_7447|13|-116.938377|335.788666|67.510857|10.776862|134.758972|-6.947064|1.000000|1.000000|1.000000
AEG801_006_7448|13|-110.869522|333.820160|61.012451|12.629811|134.844009|-8.503066|0.900000|0.900000|0.900000
AEG801_006_7449|13|-75.765129|325.837921|39.991417|12.045285|134.824783|-7.322276|1.000000|1.000000|1.000000
AEG801_006_7450|13|-103.202255|325.684296|34.228683|10.334103|134.579468|-7.030200|0.900000|0.900000|0.900000
AEG801_006_7451|13|-73.249405|334.983582|74.582588|16.542585|134.478180|-4.109029|1.000000|1.000000|1.000000
AEG801_006_7452|13|56.560345|244.931488|64.912949|-5.522701|134.810928|4.184119|1.000000|1.000000|1.000000
AEG801_016_7006|13|-9.345743|253.462173|25.886379|0.000000|-54.909615|0.000000|1.000000|1.000000|1.000000
AEG801_016_7009|13|-48.823521|241.168030|119.757965|0.000000|128.218246|0.000000|1.000000|1.000000|1.000000
AEG801_016_7011|13|-24.509377|251.076080|55.151089|0.000000|53.258347|0.000000|1.000000|1.000000|1.000000
AEG801_016_7013|13|28.949083|246.044250|53.874817|0.000000|-117.534180|0.000000|1.000000|1.000000|1.000000
AEG801_016_7101|13|-5.451242|247.998627|54.822693|0.000000|-58.612606|0.000000|1.000000|1.000000|1.000000
AEG801_016_7103|13|44.609859|256.042480|4.599678|0.000000|-54.406212|0.000000|1.000000|1.000000|1.000000
AEG801_016_7104|13|-13.337893|253.145340|30.038486|0.000000|-57.783291|0.000000|1.000000|1.000000|1.000000
AEG801_016_7105|13|-5.572749|238.415344|118.251984|0.000000|125.285507|0.000000|1.000000|1.000000|1.000000
AEG801_016_7106|13|-29.890278|242.740540|103.325760|0.000000|118.068703|0.000000|1.000000|1.000000|1.000000
AEG801_016_7108|13|112.041031|148.491730|-68.473312|0.000000|-114.970024|0.000000|1.000000|1.000000|1.000000
AEG801_016_7110|13|3.820650|247.324036|52.456352|0.000000|142.216400|0.000000|1.000000|1.000000|1.000000
AEG801_060_7977|13|100.270569|237.602631|107.971062|-0.144277|-58.500099|-0.076128|1.493425|1.493425|1.493425
AEG801_060_7978|13|104.237961|237.599289|102.380966|0.022813|-58.500053|0.076443|1.493425|1.493425|1.493425
AEG801_060_7979|13|81.323479|237.547180|124.273529|0.247663|-12.499541|-0.239258|1.493425|1.493425|1.493425
AEG801_060_7980|13|119.416664|237.605392|95.671257|-0.202556|166.500381|0.222227|1.493425|1.493425|1.493425
AEG801_060_7981|13|102.586845|237.598526|109.876175|0.103600|-58.500053|0.040380|1.493425|1.493425|1.493425
AEG801_060_7982|13|113.741882|237.643951|114.333725|-0.174119|-58.499771|0.597915|1.493425|1.493425|1.493425
AEG801_061_7977|13|105.546074|237.606140|104.055641|-0.099214|-108.499947|-0.076224|1.000000|1.000000|1.000000
AEG801_061_7978|13|61.275311|237.646545|125.027275|-0.116600|117.500496|0.442760|1.000000|1.000000|1.000000
AEG801_061_7979|13|60.547745|237.650986|124.372536|0.203348|-62.499161|-0.380189|1.000000|1.000000|1.000000
AEG801_061_7980|13|78.510841|237.582947|120.032013|0.158269|117.499580|0.395140|1.000000|1.000000|1.000000
AEG801_061_7981|13|118.855659|237.601669|97.479347|-0.329346|-130.500381|-0.136812|1.000000|1.000000|1.000000
AEG801_061_7982|13|86.098091|237.556564|120.100296|-0.155346|117.499565|0.248837|1.000000|1.000000|1.000000
AEG801_061_7983|13|112.100639|237.642838|116.214890|0.644333|-108.503006|0.560540|1.000000|1.000000|1.000000
AEG801_111_7004|13|-4.927393|258.336182|0.904705|0.009289|-15.493842|-0.005457|1.000000|1.000000|1.000000
AEG801_111_7005|13|-9.424549|255.050583|17.683151|0.000000|-106.960815|0.000000|0.799010|0.799009|0.799009
AEG801_111_7011|13|-21.153282|253.155746|35.447830|-0.000012|-140.510330|0.000000|0.903812|0.903812|0.903812
AEG801_210_7020|13|103.400558|238.020874|107.897408|-0.033926|43.500015|0.028386|1.000000|1.000000|1.000000
AEG801_210_7021|13|81.323479|237.952393|124.273529|0.000273|89.499321|0.000301|1.000000|1.000000|1.000000
AEG801_210_7022|13|60.222538|238.034286|125.950874|0.000410|-0.499898|-0.000035|1.000000|1.000000|1.000000
AEG801_210_7023|13|118.073677|238.024033|97.419235|0.172585|88.499840|0.142396|1.000000|1.000000|1.000000
AEG801_220_7245|13|104.713112|237.598618|101.790184|-0.036616|-30.000086|0.029206|1.000000|1.000000|1.000000
AEG801_220_7246|13|106.630623|237.605789|105.184982|-0.034451|150.000046|-0.074800|1.250000|1.250000|1.250000
AEG801_220_7247|13|120.239807|237.603958|95.192009|-0.166265|175.500443|0.218020|0.900000|0.900000|0.900000
AEG801_220_7248|13|79.398933|237.574219|120.798073|-0.251233|175.500717|0.343613|0.900000|0.900000|0.900000
AEG801_230_7245|13|86.715775|237.563675|118.743881|0.028332|85.499786|0.306676|1.000000|1.000000|1.000000
AEG801_231_7247|13|80.407143|237.580826|118.484772|-0.195998|-69.046066|-0.390431|0.750000|0.750000|0.750000
AEG801_250_7024|13|-46.670021|242.406372|113.602295|0.000000|79.100014|0.000000|0.591304|0.591304|0.591304
AEG801_250_7025|13|-31.929461|243.043808|103.139282|0.000000|144.392242|0.000000|0.719176|0.719176|0.719176
AEG801_250_7027|13|-27.385611|240.686050|112.404671|0.000001|-121.392746|-0.000008|0.625775|0.625775|0.625775
AEG801_250_7030|13|-25.048500|247.614212|77.571480|0.000000|-148.099304|0.000000|0.550000|0.550000|0.550000
AEG801_250_7031|13|-15.334524|249.849457|52.676128|0.000000|-111.526321|0.000000|0.692316|0.692316|0.692316
AEG801_250_7044|13|-21.754372|244.636200|89.069923|0.000000|137.412308|0.000000|0.650000|0.650000|0.650000
AEG801_250_7045|13|-25.653341|245.552307|87.982468|0.000000|-72.163742|0.000000|1.000000|1.000000|1.000000
AEG801_250_7046|13|-10.976141|240.756653|101.932762|-0.000001|-168.317825|-0.000002|0.555862|0.555862|0.555861
AEG801_250_7047|13|-6.749666|253.503372|24.457645|0.000000|24.714785|0.000000|0.600000|0.600000|0.600000
AEG801_250_7048|13|-4.414135|249.487854|45.042023|0.000000|171.071472|0.000000|0.550000|0.550000|0.550000
AEG801_250_7049|13|-5.685762|250.016327|42.936752|0.000000|-140.022186|0.000000|0.900000|0.900000|0.900000
AEG801_250_7050|13|1.570404|255.636902|11.965984|0.000000|-119.649002|0.000000|1.000000|1.000000|1.000000
AEG801_250_7051|13|-0.544425|256.011780|10.914124|0.000000|-49.522434|0.000000|0.600000|0.600000|0.600000
AEG801_250_7052|13|12.889198|252.153366|23.102127|12.813082|38.161598|4.877220|0.600000|0.600000|0.600000
AEG801_250_7053|13|11.229294|254.922684|12.225035|0.000000|129.907181|0.000000|0.700000|0.700000|0.700000
AEG801_250_7054|13|17.460613|257.610199|-0.539951|0.000000|-66.624763|0.000000|1.000000|1.000000|1.000000
AEG801_250_7055|13|20.411720|257.384735|0.458904|0.000000|130.283417|0.000000|0.700000|0.700000|0.700000
AEG801_250_7059|13|117.436340|244.022568|54.965332|0.000000|-17.770496|-0.000018|0.600000|0.600000|0.600000
AEG801_250_7064|13|-19.995745|248.510696|66.781715|0.000000|-152.410446|0.000000|0.597891|0.597891|0.597891
AEG801_250_7065|13|-17.999680|248.259705|66.088036|0.000000|-14.593669|0.000000|1.000000|1.000000|1.000000
AEG801_250_7067|13|-15.470272|248.166138|63.836727|0.000000|151.995499|0.000000|0.550000|0.550000|0.550000
AEG801_250_7071|13|-44.178646|242.582230|111.349434|0.000000|-69.506027|0.000000|1.000000|1.000000|1.000000
AEG801_250_7072|13|-15.046352|253.358688|30.009808|0.000000|174.683990|0.000000|0.550000|0.550000|0.550000
AEG801_250_7081|13|-8.458893|248.452042|54.819145|0.000000|-52.187263|0.000000|0.600000|0.600000|0.600000
AEG801_250_7082|13|43.725883|256.394592|3.409363|0.000000|-48.312958|0.000000|0.600000|0.600000|0.600000
AEG801_250_7084|13|-26.251331|251.345612|55.720085|0.000000|-114.053413|0.000000|0.692316|0.692316|0.692316
AEG801_250_7088|13|29.254715|246.151184|52.272148|0.000000|-55.750740|-0.000007|0.600000|0.600000|0.600000
AEG801_250_7092|13|-9.430151|259.303314|-3.809441|0.000000|-50.496899|0.000000|0.600000|0.600000|0.600000
AEG801_250_7093|13|134.909851|151.026382|-56.433533|0.000000|-119.569733|0.000000|1.000000|1.000000|1.000000
AEG801_250_7094|13|133.314575|150.983948|-56.279633|0.000000|127.608276|0.000000|0.700000|0.700000|0.700000
AEG801_250_7095|13|132.276489|151.132889|-52.528648|0.000000|40.929214|0.000000|0.600000|0.600000|0.600000
AEG801_250_7096|13|105.847115|148.301941|-66.590393|0.000000|-67.730644|0.000000|0.498681|0.498681|0.498681
AEG801_250_7097|13|112.975281|148.600143|-68.519463|0.000000|-122.346802|0.000000|0.600000|0.600000|0.600000
AEG801_250_7098|13|2.476555|247.252686|53.644741|0.000000|77.130051|0.000000|0.700000|0.700000|0.700000
AEG801_250_7099|13|20.028782|260.122253|-9.084511|0.000000|36.405064|0.000000|0.600000|0.600000|0.600000
AEG801_253_7005|13|-40.496803|240.898422|118.615417|0.000000|-134.549072|0.000000|1.092805|1.092805|1.092805
AEG801_253_7008|13|-43.245445|243.610168|107.398453|0.000000|-97.984360|0.000000|0.978020|0.978020|0.978020
AEG801_253_7010|13|-26.698133|244.497849|93.936821|0.000000|-70.909218|0.000000|1.192958|1.192958|1.192958
AEG801_253_7011|13|-8.457026|240.203278|103.851913|0.000000|-65.988091|0.000000|1.000000|1.000000|1.000000
AEG801_253_7015|13|-1.655242|256.035522|11.137268|0.000000|-138.738953|0.000000|0.700000|0.700000|0.700000
AEG801_253_7016|13|-7.899206|253.255432|26.237682|0.000000|36.041637|0.000000|0.742054|0.742054|0.742054
AEG801_253_7017|13|-12.646736|253.153961|29.510952|0.000000|15.751793|0.000000|0.700000|0.700000|0.700000
AEG801_253_7024|13|2.648163|255.646698|11.581909|0.000000|-107.989197|0.000000|0.947374|0.947374|0.947374
AEG801_253_7025|13|-11.548466|251.619965|38.335808|10.040242|4.556911|-5.953507|1.000000|1.000000|1.000000
AEG801_253_7026|13|-0.127825|249.396454|42.618881|0.000000|-32.564285|0.000000|0.600000|0.600000|0.600000
AEG801_253_7028|13|118.141289|243.911301|57.735504|-0.000020|136.939728|-0.000005|0.736391|0.736391|0.736391
AEG801_253_7029|13|20.315735|256.927582|2.361446|0.000000|-132.738541|0.000000|0.800000|0.800000|0.800000
AEG801_253_7030|13|-5.476322|247.674042|56.882576|0.000000|176.166275|0.000000|0.700000|0.700000|0.700000
AEG801_253_7031|13|-7.278505|253.795502|23.239342|0.000000|60.519115|0.000000|1.000000|1.000000|1.000000
AEG801_253_7032|13|-40.978832|239.817261|126.619370|-0.001967|-87.837776|-0.006901|0.661594|0.661594|0.661594
AEG801_253_7034|13|-19.900974|248.008987|69.673706|0.000000|5.286479|0.000000|0.903812|0.903812|0.903812
AEG801_253_7042|13|28.530245|252.520996|17.844635|0.000000|93.677574|0.000000|0.700000|0.700000|0.700000
AEG801_253_7044|13|-28.173952|240.412323|114.753174|0.000000|81.106331|0.000000|0.792880|0.792880|0.792880
AEG801_253_7046|13|-2.780521|249.160294|45.720673|0.000000|-151.900330|0.000000|1.000000|1.000000|1.000000
AEG801_253_7047|13|1.851421|256.947388|5.755413|-0.000000|-165.787094|-0.000000|0.851680|0.851680|0.851680
AEG801_253_7056|13|-12.572762|247.711884|63.701443|0.000000|-136.213013|0.000000|0.700000|0.700000|0.700000
AEG801_253_7057|13|15.501703|252.039551|22.778994|0.000000|12.531302|0.000000|0.700000|0.700000|0.700000
AEG801_253_7058|13|93.687706|246.407928|56.422913|0.034042|16.504915|-0.011307|0.700000|0.700000|0.700000
AEG801_253_7059|13|45.571941|256.469360|3.125481|0.000000|-139.615097|0.000000|0.700000|0.700000|0.700000
AEG801_253_7060|13|-23.164356|247.408112|76.613762|0.000000|6.538878|0.000000|0.700000|0.700000|0.700000
AEG801_253_7062|13|-46.604668|243.492294|109.526947|-0.000002|-135.067032|-0.000001|0.720318|0.720317|0.720317
AEG801_253_7067|13|32.700127|246.313675|51.557434|0.000000|13.288498|0.000000|0.700000|0.700000|0.700000
AEG801_253_7070|13|-10.751167|259.073669|-1.973377|0.000000|13.408602|0.000000|0.700000|0.700000|0.700000
AEG801_253_7071|13|134.382477|151.016937|-56.274960|0.000000|61.252029|0.000000|1.000000|1.000000|1.000000
AEG801_253_7072|13|133.088364|150.222336|-70.503967|0.000000|-107.431976|0.000000|0.700000|0.700000|0.700000
AEG801_253_7073|13|104.201332|151.027710|-53.218586|0.000000|14.538448|0.000000|0.700000|0.700000|0.700000
AEG801_253_7074|13|104.619003|148.981522|-63.621082|0.000000|-1.896870|0.000000|0.700000|0.700000|0.700000
AEG801_253_7075|13|-31.977325|258.893127|10.947186|0.000000|14.580606|0.000000|0.700000|0.700000|0.700000
AEG801_253_7076|13|-6.577798|238.346085|120.067688|0.000000|104.282265|0.000000|0.661594|0.661594|0.661594
AEG801_253_7077|13|-11.663662|248.909622|55.288918|0.000000|4.750123|0.000000|1.000000|1.000000|1.000000
AEG801_253_7078|13|-12.594456|244.066422|84.571838|0.000000|16.569834|0.000000|0.700000|0.700000|0.700000
AEG801_253_7079|13|5.700835|246.941727|53.905308|0.000000|160.712875|0.000000|0.700000|0.700000|0.700000
AEG801_253_7081|13|20.010714|260.639343|-10.809798|0.000000|8.577744|0.000000|0.700000|0.700000|0.700000
AEG801_253_7082|13|22.823853|257.750488|-0.959442|0.000000|9.392984|0.000000|0.947374|0.947374|0.947374
AEG801_254_7002|13|-15.743925|257.133789|9.841846|0.000000|67.189995|0.000000|0.900000|0.900000|0.900000
AEG801_254_7003|13|-21.936304|252.331635|42.619751|0.010382|72.459023|0.005519|1.000000|1.000000|1.000000
AEG801_254_7004|13|-44.909279|244.603073|104.711250|0.000000|99.088150|0.000000|1.000000|1.000000|1.000000
AEG801_255_7003|13|-15.773491|254.721420|22.568893|0.000000|-149.248016|0.000000|1.000000|1.000000|1.000000
AEG801_255_7004|13|10.005398|256.865784|1.058594|-0.002369|137.522003|0.012376|0.932238|0.932238|0.932238
AEG801_255_7005|13|-35.663174|242.943253|104.090012|0.000000|-112.551941|0.000000|0.900000|0.900000|0.900000
AEG801_255_7007|13|-23.917238|245.704681|83.614525|0.000000|136.913528|0.000000|1.000000|1.000000|1.000000
AEG801_255_7009|13|-11.973843|250.693924|44.182652|0.000000|-123.795662|0.000000|1.000000|1.000000|1.000000
AEG801_255_7011|13|-3.528773|257.236023|6.095490|0.000000|18.600683|0.000000|0.869237|0.869237|0.869237
AEG801_256_7001|13|-26.612551|254.951660|27.715017|-0.000001|-45.686001|-0.000000|1.000000|1.000000|1.000000
AEG801_259_7004|13|-44.795105|241.693573|116.149223|0.000000|-41.269249|0.000000|1.000000|1.000000|1.000000
