m60464000_0000|0|-128.000000|0.000000|-128.000000|0.000000|0.000000|0.000000|1.000000|1.000000|1.000000
m60464001_0000|0|-128.000000|0.000000|-128.000000|0.000000|0.000000|0.000000|1.000000|1.000000|1.000000
m60464002_0000|0|-128.000000|0.000000|-128.000000|0.000000|0.000000|0.000000|1.000000|1.000000|1.000000
m61464100_0000|0|-128.000000|0.000000|128.000000|0.000000|0.000000|0.000000|1.000000|1.000000|1.000000
m70474000_0000|0|128.000000|0.000000|-128.000000|0.000000|0.000000|0.000000|1.000000|1.000000|1.000000
m70474002_0000|0|128.000000|0.000000|-128.000000|0.000000|0.000000|0.000000|1.000000|1.000000|1.000000
m71474100_0000|0|128.000000|0.000000|128.000000|0.000000|0.000000|0.000000|1.000000|1.000000|1.000000
m71474101_0000|0|128.000000|0.000000|128.000000|0.000000|0.000000|0.000000|1.000000|1.000000|1.000000
m71474110_0000|0|128.000000|0.000000|128.000000|0.000000|0.000000|0.000000|1.000000|1.000000|1.000000
m60_47_41_00-c4492_9000|2|118.592003|145.063995|249.070999|0.000000|-11.562000|0.000000|1.000000|1.000000|1.000000
m60_47_41_00-c4660_9001|2|186.427002|119.446999|91.387001|0.000000|-30.333000|0.000000|1.000000|1.000000|1.000000
m60_46_40_00-AEG003_050_1000|13|-55.732765|171.364014|-204.675949|0.000000|152.919769|0.000000|1.000000|1.000000|1.000000
m60_46_40_00-AEG004_005_1000|13|-28.566322|130.427414|-31.711388|-5.717624|-148.442230|2.648401|1.000000|1.000000|1.000000
m60_46_40_00-AEG004_005_1001|13|-16.162193|128.963760|-31.400620|12.736360|145.021027|5.237697|1.000000|1.000000|1.000000
m60_46_40_00-AEG004_005_1003|13|-43.571953|151.419846|-82.690300|-21.225256|102.013885|33.710926|1.000000|1.000000|1.000000
m60_46_40_00-AEG004_005_1004|13|-158.062744|161.382629|-102.700073|-5.887027|132.711380|11.459099|1.000000|1.000000|1.000000
m60_46_40_00-AEG004_005_1006|13|-83.842941|157.049118|-104.925827|-6.538683|103.803406|16.156111|1.000000|1.000000|1.000000
m60_46_40_00-AEG004_005_1007|13|-74.189369|152.858734|-93.328110|-20.015898|153.060654|10.869680|1.000000|1.000000|1.000000
m60_46_40_00-AEG004_005_1008|13|-71.499680|140.028183|-44.353897|0.124577|141.960114|14.588528|1.000000|1.000000|1.000000
m60_46_40_00-AEG004_005_1011|13|-30.491226|141.983826|-61.923401|15.788551|-37.600933|-9.811119|1.000000|1.000000|1.000000
m60_46_40_00-AEG004_005_1012|13|-66.116379|144.365936|-72.250031|1.250985|146.950409|16.969862|1.000000|1.000000|1.000000
m60_46_40_00-AEG004_005_1013|13|-78.007668|145.061844|-64.506058|-2.117666|-71.701881|-14.870543|1.000000|1.000000|1.000000
m60_46_40_00-AEG004_005_1014|13|-130.145721|157.679810|-111.349976|-2.131939|-11.642829|0.004599|1.000000|1.000000|1.000000
m60_46_40_00-AEG004_005_1015|13|-135.310089|157.125671|-117.627342|-4.147938|-125.395195|-1.028413|1.000000|1.000000|1.000000
m60_46_40_00-AEG004_005_1016|13|-25.913727|133.947418|-48.766449|30.804779|-22.860407|-7.191252|1.000000|1.000000|1.000000
m60_46_40_00-AEG004_005_1017|13|-47.039513|133.933701|-29.629349|18.329599|93.667297|4.527499|1.000000|1.000000|1.000000
m60_46_40_00-AEG004_005_1018|13|-117.866562|162.838821|-159.179779|9.550951|161.751160|-19.110426|1.000000|1.000000|1.000000
m60_46_40_00-AEG004_005_1019|13|-99.602913|162.647141|-131.111832|13.722636|-6.781263|-0.240373|1.000000|1.000000|1.000000
m60_46_40_00-AEG004_005_1020|13|-98.335297|167.203262|-187.846176|13.957091|-111.085129|-13.168308|1.000000|1.000000|1.000000
m60_46_40_00-AEG004_005_1021|13|-52.806129|174.158966|-174.212097|10.401855|45.141575|-14.342146|1.000000|1.000000|1.000000
m60_46_40_00-AEG004_005_1023|13|-138.494934|155.363068|-185.038696|15.709922|-96.238968|-0.465932|1.000000|1.000000|1.000000
m60_46_40_00-AEG004_005_1024|13|-121.187119|160.594788|-191.983734|-17.330667|60.460323|10.922357|1.000000|1.000000|1.000000
m60_46_40_00-AEG004_005_1026|13|-30.228104|171.158600|-173.126831|0.407921|123.637939|-2.364753|1.000000|1.000000|1.000000
m60_46_40_00-AEG004_005_1027|13|-44.996086|172.344910|-172.311340|22.568552|116.599564|2.867732|1.000000|1.000000|1.000000
m60_46_40_00-AEG004_005_1028|13|-221.936279|143.002029|-178.445145|-11.180533|-25.629894|8.199132|1.000000|1.000000|1.000000
m60_46_40_00-AEG004_005_1029|13|-200.872284|145.825165|-166.816101|2.888114|88.424660|-10.498211|1.000000|1.000000|1.000000
m60_46_40_00-AEG004_006_1000|13|-47.477104|134.567902|-39.874100|9.436591|56.853939|-5.462487|1.000000|1.000000|1.000000
m60_46_40_00-AEG004_006_1001|13|-41.058701|142.712814|-67.792267|6.302598|-90.832565|-24.066210|1.000000|1.000000|1.000000
m60_46_40_00-AEG004_006_1003|13|-30.927505|130.022842|-24.967438|-18.663836|-100.274361|-3.076636|1.000000|1.000000|1.000000
m60_46_40_00-AEG004_006_1004|13|-31.237907|135.247711|-51.138184|-26.770227|-162.539322|-17.986725|1.000000|1.000000|1.000000
m60_46_40_00-AEG004_006_1005|13|-4.291443|132.234741|-42.826477|-21.911390|147.474197|15.861096|1.000000|1.000000|1.000000
m60_46_40_00-AEG004_006_1006|13|-10.989876|133.176849|-44.738434|12.571811|45.632614|24.143135|1.000000|1.000000|1.000000
m60_46_40_00-AEG004_006_1007|13|-12.713310|134.883148|-47.620819|21.709129|-32.899014|-20.419369|1.000000|1.000000|1.000000
m60_46_40_00-AEG004_006_1008|13|-138.879883|157.677628|-114.007835|-2.115727|133.436584|-4.463975|1.000000|1.000000|1.000000
m60_46_40_00-AEG004_006_1011|13|-110.617874|164.605408|-159.276917|1.185284|145.705139|-17.131500|1.000000|1.000000|1.000000
m60_46_40_00-AEG004_006_1012|13|-54.652260|173.419464|-190.512451|-7.578955|3.835599|-15.926613|1.000000|1.000000|1.000000
m60_46_40_00-AEG004_006_1013|13|-227.611816|143.175125|-176.202133|-13.354990|-7.689581|6.980426|1.000000|1.000000|1.000000
m60_46_40_00-AEG004_046_1013|13|-67.522598|169.478363|-208.803452|3.618333|48.489014|-4.272863|1.000000|1.000000|1.000000
m60_46_40_00-AEG004_046_1014|13|-75.096008|174.187073|-208.126144|-0.000003|-165.535110|0.000002|1.000000|1.000000|1.000000
m60_46_40_00-AEG004_046_1017|13|-69.019730|168.813141|-219.845703|-7.974051|5.490194|-8.318363|1.000000|1.000000|1.000000
m60_46_40_00-AEG004_046_1021|13|-60.237869|171.557648|-193.922852|-1.376065|121.934395|2.800241|1.000000|1.000000|1.000000
m60_46_40_00-AEG004_046_1026|13|-59.246521|169.710266|-240.164810|-7.487815|-106.646988|-2.382424|1.000000|1.000000|1.000000
m60_46_40_00-AEG004_046_1028|13|-29.152473|143.729904|-70.291107|0.269058|-79.191513|-1.409476|1.000001|1.000000|1.000000
m60_46_40_00-AEG004_046_1041|13|-0.831360|169.688782|-106.105286|-0.016163|107.482033|0.011939|1.000000|1.000000|1.000000
m60_46_40_00-AEG004_046_1043|13|-16.425842|169.572571|-109.932129|-0.016163|-47.826210|0.011939|1.000000|1.000000|0.999999
m60_46_40_00-AEG004_046_1046|13|-93.778564|166.497681|-149.987305|-0.000031|-67.381424|-0.000005|1.000000|1.000000|1.000000
m60_46_40_00-AEG004_046_1047|13|-76.855286|170.080017|-158.278442|-3.441344|-146.062012|-0.387518|1.000000|1.000000|1.000000
m60_46_40_00-AEG004_046_1049|13|-92.008606|165.821075|-138.805786|-0.000031|-101.032265|-0.000005|1.000000|1.000000|1.000000
m60_46_40_00-AEG004_046_1051|13|-25.794678|169.958008|-132.675659|-0.016163|151.411957|0.011939|1.000000|1.000000|1.000000
m60_46_40_00-AEG004_046_1052|13|-65.438919|172.176300|-197.893463|-0.000002|139.394760|0.000000|1.000000|1.000000|1.000000
m60_46_40_00-AEG004_046_1054|13|-139.153259|151.871094|-196.283813|15.424343|-110.125183|9.125570|1.000000|1.000000|1.000000
m60_46_40_00-AEG004_046_1056|13|-112.520729|162.853455|-152.787125|-15.268211|155.339737|4.486834|1.000000|1.000000|1.000000
m60_46_40_00-AEG004_046_1060|13|-126.250732|149.757874|-222.597229|0.000000|50.499996|0.000000|1.000000|1.000000|1.000000
m60_46_40_00-AEG004_046_1063|13|-239.119873|147.902466|-113.960953|1.499500|-88.846184|-0.160020|1.000000|1.000000|1.000000
m60_46_40_00-AEG004_046_1066|13|-133.412231|155.383118|-128.603516|-4.239975|21.528683|16.058731|1.000000|1.000000|1.000000
m60_46_40_00-AEG004_046_1069|13|-165.730377|149.844604|-151.671661|-16.416668|44.211414|8.164179|1.000000|1.000000|1.000000
m60_46_40_00-AEG004_046_1072|13|-142.830170|154.607910|-120.882538|-5.527631|143.695709|-3.583136|1.000000|1.000000|1.000000
m60_46_40_00-AEG004_046_1073|13|-209.461609|143.154236|-168.854187|-2.020943|95.171745|-6.072061|1.000000|1.000000|1.000000
m60_46_40_00-AEG004_046_1116|13|-22.770798|144.681961|-224.211594|-5.837562|-57.754070|-5.430721|1.000000|1.000000|1.000000
m60_46_40_00-AEG004_046_1117|13|-181.634003|153.564529|-105.373993|-2.020943|-84.828217|-6.072061|1.000000|1.000000|1.000000
m60_46_40_00-AEG004_056_1003|13|-53.271317|171.248749|-196.340759|0.000000|32.692410|0.000001|1.000000|1.000000|1.000000
m60_46_40_00-AEG004_056_1010|13|-24.921562|146.055756|-239.892303|0.000000|-117.499947|0.000000|1.000000|1.000000|1.000000
m60_46_40_00-AEG004_056_1019|13|-59.818962|136.034958|-38.340149|23.199409|38.704597|10.264386|1.000001|1.000000|1.000000
m60_46_40_00-AEG004_056_1026|13|-87.244492|161.463379|-119.415527|-16.674679|138.604431|2.329175|1.000000|1.000000|1.000000
m60_46_40_00-AEG004_056_1036|13|-67.954109|160.697144|-109.982323|-27.698881|135.966415|11.694214|1.000000|1.000000|1.000000
m60_46_40_00-AEG004_056_1037|13|-98.214783|166.030426|-143.290161|-5.249268|-178.677689|-1.218615|1.000000|1.000000|1.000000
m60_46_40_00-AEG004_056_1041|13|-62.196541|171.058136|-201.105423|-0.000003|21.393509|0.000000|1.000000|1.000000|1.000000
m60_46_40_00-AEG004_056_1042|13|-54.206253|171.889679|-196.446243|4.310668|150.296982|12.235791|1.000000|1.000000|1.000000
m60_46_40_00-AEG004_056_1044|13|-119.432358|160.583908|-202.961914|-6.212379|149.530441|-19.716145|1.000000|1.000000|1.000000
m60_46_40_00-AEG004_056_1050|13|-165.195908|155.387939|-118.005531|-12.908705|66.882729|-8.256312|1.000000|1.000000|1.000000
m60_46_40_00-AEG004_056_1056|13|-151.639923|154.404663|-122.912048|-2.457502|78.714531|8.960635|1.000000|1.000000|1.000000
m60_46_40_00-AEG004_056_1057|13|-52.324654|135.771759|-45.175499|1.278644|-36.864849|-6.026514|1.000001|1.000000|1.000000
m60_46_40_00-AEG004_056_1058|13|-183.711594|149.764038|-141.942902|-8.323157|76.091629|-6.579417|1.000000|1.000000|1.000000
m60_46_40_00-AEG004_056_1063|13|-19.020309|146.486328|-214.771545|0.799132|-47.105106|2.146428|1.000000|1.000000|1.000000
m60_46_40_00-AEG004_063_1002|13|-29.688400|150.673676|-74.016571|33.244884|124.809319|-4.685871|1.000000|1.000000|1.000000
m60_46_40_00-AEG004_063_1004|13|-8.128502|140.112061|-49.741295|13.808405|132.837723|-0.344954|1.000000|1.000000|1.000000
m60_46_40_00-AEG004_063_1006|13|-3.280029|136.831314|-47.403290|9.345803|-169.691742|-5.500618|1.000000|1.000000|1.000000
m60_46_40_00-AEG004_063_1010|13|-237.469849|140.420135|-119.208435|-15.654520|95.395531|6.411444|1.000000|1.000000|1.000000
m60_46_40_00-AEG004_063_1011|13|-188.153809|146.105865|-74.336853|-2.547627|-152.950546|-5.684741|1.000000|1.000000|1.000000
m60_46_40_00-AEG004_063_1012|13|-35.413315|156.259354|-82.496559|12.159204|121.219162|1.132581|1.000000|1.000000|1.000000
m60_46_40_00-AEG004_065_1000|13|6.700378|171.478516|-58.950317|-5.389832|-99.641579|-21.750099|1.000000|1.000000|1.000000
m60_46_40_00-AEG004_065_7000|13|-10.873444|154.019379|-256.704865|16.668968|32.203678|-10.728929|1.000000|1.000000|1.000000
m60_46_40_00-AEG004_890_1000|13|-86.867706|180.359131|-139.513367|-3.215928|-54.846954|-4.987659|1.000000|1.000000|1.000000
m60_46_40_00-AEG004_890_1002|13|-45.102135|171.409775|-227.642273|4.188107|122.968155|10.501278|1.000000|1.000000|1.000000
m60_46_40_00-AEG030_013_1000|13|-19.771889|170.258911|-185.074738|0.000000|50.000015|0.000000|1.000000|1.000000|1.000000
m60_46_40_00-AEG030_856_1000|13|-12.080421|169.829498|-187.991501|0.000000|-3.879317|0.000000|1.000000|1.000000|1.000000
m60_46_40_00-AEG040_080_1004|13|-17.659416|171.125717|-140.662766|0.000011|138.000031|0.000001|1.000000|1.000000|1.000000
m60_46_40_00-AEG040_080_1005|13|-33.599274|171.316666|-158.898758|4.000011|121.000015|0.000001|1.000000|1.000000|1.000000
m60_46_40_00-AEG040_080_1006|13|-23.155067|171.304504|-159.308502|0.000011|-54.000004|1.000001|1.000000|1.000000|1.000000
m60_46_40_00-AEG040_082_1004|13|-21.326881|171.125717|-144.065887|0.000010|136.000031|-0.000000|1.000000|1.000000|1.000000
m60_46_40_00-AEG040_082_1005|13|-36.071472|171.551590|-163.243042|5.000010|118.000031|2.000001|1.000000|1.000000|1.000000
m60_46_40_00-AEG040_082_1006|13|-20.011887|171.226929|-155.425461|0.000027|-47.999912|-2.000008|1.000000|1.000000|1.000000
m60_46_40_00-AEG040_083_1004|13|-13.858688|171.122238|-137.416626|0.000008|141.000061|-0.000001|1.000000|1.000000|1.000000
m60_46_40_00-AEG040_083_1005|13|-30.877327|171.198334|-154.707291|3.000009|125.000046|-0.000001|1.000000|1.000000|1.000000
m60_46_40_00-AEG040_084_1004|13|-19.528542|171.125717|-142.329239|0.000010|131.000000|0.000000|1.000000|1.000000|1.000000
m60_46_40_00-AEG040_084_1005|13|-34.899506|171.372559|-161.038879|0.000010|113.000000|0.000000|1.000000|1.000000|1.000000
m60_46_40_00-AEG040_084_1006|13|-21.686714|171.184174|-157.285538|0.000010|-57.999947|0.000000|1.000000|1.000000|1.000000
m60_46_40_00-AEG040_085_1004|13|-29.409134|171.296783|-152.695511|0.000000|125.999985|0.000000|1.000000|1.000000|1.000000
m60_46_40_00-AEG100_002_1086|13|-253.966034|130.876160|-204.202118|10.294436|106.892616|-15.981832|1.000000|1.000000|1.000000
m60_46_40_00-AEG100_009_1000|13|-220.071487|151.126877|-114.787140|-2.211227|-82.721420|0.200261|1.000000|1.000000|1.000000
m60_47_40_00-AEG003_071_1020|13|177.764297|169.519531|-56.759163|-0.000000|123.637405|-0.000003|1.000000|1.000000|1.000000
m60_47_40_00-AEG003_128_1000|13|164.159180|168.076538|-52.579453|-0.821997|143.713745|-19.104105|1.000000|1.000000|1.000000
m60_47_40_00-AEG003_128_1002|13|191.599152|167.686096|-66.743042|-0.822001|-116.286278|-19.104111|1.000000|1.000000|1.000000
m60_47_40_00-AEG003_129_1000|13|179.150116|169.512222|-48.320312|0.000000|7.609930|0.000000|1.000000|1.000000|1.000000
m60_47_40_00-AEG003_130_1000|13|191.821289|169.519775|-51.022957|0.000000|36.834293|0.000000|1.000000|1.000000|1.000000
m60_47_40_00-AEG004_005_1002|13|27.598061|169.187820|-63.083725|-1.314816|152.455658|6.832684|1.000000|1.000000|1.000000
m60_47_40_00-AEG004_005_1010|13|16.836418|171.717224|-106.430687|-0.900866|157.173538|-0.672943|1.000000|1.000000|1.000000
m60_47_40_00-AEG004_005_1011|13|9.471375|171.175888|-133.971802|-0.000005|-40.740055|-0.000005|1.000000|1.000000|1.000000
m60_47_40_00-AEG004_005_1012|13|38.708382|171.700653|-115.773575|0.685992|-120.115585|-1.552985|1.000000|1.000000|1.000000
m60_47_40_00-AEG004_005_1014|13|97.604202|168.923767|-93.526833|-12.748130|-177.733658|2.604497|1.000000|1.000000|1.000000
m60_47_40_00-AEG004_005_1015|13|73.854691|170.261307|-104.490585|-0.056996|144.679230|1.969412|1.000000|1.000000|1.000000
m60_47_40_00-AEG004_005_1018|13|130.953339|168.597702|-72.900452|-9.864041|-18.227348|2.775661|1.000000|1.000000|1.000000
m60_47_40_00-AEG004_005_1019|13|114.762367|168.524216|-96.242264|-7.544305|-89.285980|-12.946438|1.000000|1.000000|1.000000
m60_47_40_00-AEG004_005_1020|13|22.911682|171.489685|-124.657806|-1.158337|-56.087433|0.457932|1.000000|1.000000|1.000000
m60_47_40_00-AEG004_005_1021|13|83.504303|169.266342|-80.776993|0.434805|169.892563|3.857974|1.000000|1.000000|1.000000
m60_47_40_00-AEG004_005_1022|13|202.368256|163.946426|-142.985962|5.679543|-132.021347|5.707751|1.000000|1.000000|1.000000
m60_47_40_00-AEG004_005_1023|13|174.395187|164.574249|-123.311646|2.973449|112.637802|-7.840297|1.000000|1.000000|1.000000
m60_47_40_00-AEG004_005_1025|13|186.536911|164.585266|-131.534622|-7.091653|-16.680304|6.007570|1.000000|1.000000|1.000000
m60_47_40_00-AEG004_005_1026|13|215.820465|169.308594|-63.708961|-0.000005|-53.481369|-0.000005|1.000000|1.000000|1.000000
m60_47_40_00-AEG004_005_1029|13|181.630280|169.418427|-30.562798|-0.000005|-88.614319|-0.000005|1.000000|1.000000|1.000000
m60_47_40_00-AEG004_005_1033|13|54.215271|171.017563|-127.307037|0.209327|-134.195297|1.368874|1.000000|1.000000|1.000000
m60_47_40_00-AEG004_005_1034|13|38.943802|171.518005|-132.336914|-1.019343|7.108647|-2.050264|1.000000|1.000000|1.000000
m60_47_40_00-AEG004_005_1035|13|6.390518|146.407730|-188.766174|-2.606323|-28.655754|0.264392|1.000000|1.000000|1.000000
m60_47_40_00-AEG004_005_1036|13|37.049423|149.617645|-170.172943|-8.528345|-28.148361|-0.366677|1.000000|1.000000|1.000000
m60_47_40_00-AEG004_005_1037|13|55.432587|150.065048|-161.584198|10.424915|-155.473251|3.653751|1.000000|1.000000|1.000000
m60_47_40_00-AEG004_005_1047|13|204.331650|144.642792|-246.995361|-10.525518|8.012564|5.623549|1.000000|1.000000|1.000000
m60_47_40_00-AEG004_005_1048|13|86.893661|172.330368|-117.469749|5.004803|-132.325577|-5.494879|1.000000|1.000000|1.000000
m60_47_40_00-AEG004_005_1049|13|174.500549|151.621689|-199.126007|-3.333029|107.072235|-10.982130|1.000000|1.000000|1.000000
m60_47_40_00-AEG004_005_1050|13|172.968369|142.677963|-237.662064|-11.255173|-27.129576|10.182400|1.000000|1.000000|1.000000
m60_47_40_00-AEG004_005_1051|13|155.038544|150.467361|-201.678864|3.833288|-88.434738|13.256696|1.000000|1.000000|1.000000
m60_47_40_00-AEG004_006_1012|13|79.423386|169.995834|-101.871475|-2.846153|7.642091|-2.216655|1.000000|1.000000|1.000000
m60_47_40_00-AEG004_006_1013|13|142.040588|167.892120|-100.991005|11.777268|50.700180|15.469096|1.000000|1.000000|1.000000
m60_47_40_00-AEG004_006_1014|13|158.424637|166.008514|-105.486771|-14.136633|-89.084251|-11.143191|1.000000|1.000000|1.000000
m60_47_40_00-AEG004_006_1015|13|155.456635|166.247314|-103.297356|5.455506|82.168076|4.367169|1.000000|1.000000|1.000000
m60_47_40_00-AEG004_006_1016|13|140.061691|168.232498|-101.837029|-18.586451|162.815857|5.496610|1.000000|1.000000|1.000000
m60_47_40_00-AEG004_006_1017|13|194.625504|164.824905|-136.513428|-0.406401|133.622345|-3.414376|1.000000|1.000000|1.000000
m60_47_40_00-AEG004_006_1018|13|190.520630|164.977936|-131.501938|1.765114|179.594894|-3.032886|1.000000|1.000000|1.000000
m60_47_40_00-AEG004_006_1022|13|192.680908|169.523117|-35.851448|-3.384231|177.611176|0.560868|1.000000|1.000000|1.000000
m60_47_40_00-AEG004_046_1002|13|61.368797|168.472168|-123.112862|-0.390162|37.067181|1.298036|1.000000|1.000000|1.000000
m60_47_40_00-AEG004_046_1009|13|128.520172|165.814575|-100.779953|-15.957612|169.522690|12.788054|1.000000|1.000000|1.000000
m60_47_40_00-AEG004_046_1010|13|132.403702|153.118286|-162.765884|-11.434799|86.727875|-9.119618|1.000000|1.000000|1.000000
m60_47_40_00-AEG004_046_1012|13|1.465652|168.768585|-144.840607|1.111026|-45.393368|3.178661|1.000000|1.000000|1.000000
m60_47_40_00-AEG004_046_1015|13|227.271561|162.512329|-143.030487|3.957987|-90.979965|17.686554|1.000000|1.000000|1.000000
m60_47_40_00-AEG004_046_1057|13|254.005219|115.962936|-16.484451|0.000000|-97.000031|0.000000|1.000000|1.000000|1.000000
m60_47_40_00-AEG004_046_1076|13|19.385872|169.467422|-97.982468|-3.327627|-26.421688|5.244328|1.000000|1.000000|1.000000
m60_47_40_00-AEG004_046_1077|13|45.886978|168.634399|-86.638046|1.331805|-43.849491|-1.377567|1.000000|1.000000|1.000000
m60_47_40_00-AEG004_046_1079|13|214.586044|166.804825|-81.198105|-0.016163|-35.273827|0.011939|1.000000|1.000000|1.000000
m60_47_40_00-AEG004_046_1080|13|85.147186|151.765457|-146.800949|-9.230622|63.372868|-6.024391|1.000000|1.000000|1.000000
m60_47_40_00-AEG004_046_1081|13|98.644638|151.260788|-161.732208|0.000000|-97.000038|8.168802|1.000000|1.000000|1.000000
m60_47_40_00-AEG004_046_1090|13|132.834641|167.016220|-49.147980|-0.016163|20.607279|0.011939|1.000000|1.000000|1.000000
m60_47_40_00-AEG004_046_1092|13|188.445770|162.068817|-139.171295|-9.656086|57.581448|-4.229716|1.000000|1.000000|1.000000
m60_47_40_00-AEG004_046_1094|13|229.027695|166.804825|-58.960236|-3.024796|114.885818|1.730497|1.000000|1.000000|1.000000
m60_47_40_00-AEG004_046_1097|13|219.000763|163.303284|-135.974869|-8.653882|101.656456|-17.025995|1.000000|1.000000|1.000000
m60_47_40_00-AEG004_046_1099|13|200.873428|166.949280|-39.681580|-0.016163|64.823952|0.011939|1.000000|1.000000|1.000000
m60_47_40_00-AEG004_046_1100|13|164.704803|162.910980|-121.864182|-6.694487|-18.206341|4.505986|1.000000|1.000000|1.000000
m60_47_40_00-AEG004_046_1101|13|48.204468|169.136749|-112.917877|-9.687397|173.100204|1.183644|1.000000|1.000000|1.000000
m60_47_40_00-AEG004_046_1102|13|51.172798|164.448273|-53.930725|-0.887141|-104.202484|5.318450|1.000000|1.000000|1.000000
m60_47_40_00-AEG004_046_1105|13|64.645988|168.390442|-82.368156|4.767771|134.494965|4.341925|1.000000|1.000000|1.000000
m60_47_40_00-AEG004_046_1107|13|141.919937|153.979919|-168.613556|3.544321|-158.516144|5.418989|1.000000|1.000000|1.000000
m60_47_40_00-AEG004_046_1110|13|22.575592|148.154037|-180.170929|-5.837562|-26.754082|-5.430721|1.000000|1.000000|1.000000
m60_47_40_00-AEG004_046_1114|13|170.214310|166.778259|-17.745239|-0.016163|64.823952|0.011939|1.000000|1.000000|1.000000
m60_47_40_00-AEG004_046_1115|13|142.751053|169.256775|-20.577026|7.270765|-152.958649|10.946007|1.000000|1.000000|1.000000
m60_47_40_00-AEG004_056_1000|13|50.626472|147.206161|-167.885773|0.000000|32.499992|0.000000|1.000000|1.000000|1.000000
m60_47_40_00-AEG004_056_1001|13|64.558624|169.588684|-115.004852|8.845206|157.709549|13.266223|1.000000|1.000000|1.000000
m60_47_40_00-AEG004_056_1009|13|46.622658|170.568695|-143.577209|-5.666485|-134.200989|13.713737|1.000000|1.000000|1.000000
m60_47_40_00-AEG004_056_1040|13|5.893364|170.355682|-82.100494|-2.997105|85.772079|5.328859|1.000000|1.000000|1.000000
m60_47_40_00-AEG004_056_1047|13|9.253876|170.594193|-87.619156|5.349212|65.518921|11.492857|1.000000|1.000000|1.000000
m60_47_40_00-AEG004_056_1048|13|86.346039|168.561584|-98.369186|5.479452|125.113373|11.552747|1.000000|1.000000|1.000000
m60_47_40_00-AEG004_056_1053|13|83.171120|150.875366|-168.840118|-6.094114|93.022804|-3.970252|1.000000|1.000000|1.000000
m60_47_40_00-AEG004_056_1054|13|21.131042|125.026321|-0.172226|7.077961|56.774426|3.507384|1.000000|1.000000|1.000000
m60_47_40_00-AEG004_056_1055|13|64.970398|169.588684|-137.604172|8.845206|157.709549|13.266223|1.000000|1.000000|1.000000
m60_47_40_00-AEG004_056_1056|13|102.237564|129.035248|-16.591034|0.000000|135.499985|0.000000|1.000000|1.000000|1.000000
m60_47_40_00-AEG004_056_1057|13|53.638252|127.827614|1.659576|0.185153|-171.372650|-2.483324|1.000000|1.000000|1.000000
m60_47_40_00-AEG004_056_1058|13|59.414085|128.606491|10.840363|-9.041342|126.259125|6.626266|1.000000|1.000000|1.000000
m60_47_40_00-AEG004_056_1059|13|23.555298|125.749702|-2.996338|0.000000|31.034460|0.000001|1.000000|1.000000|1.000000
m60_47_40_00-AEG004_056_1060|13|89.137688|128.907822|-27.298889|0.000001|-154.801956|-0.000000|1.000000|1.000000|1.000000
m60_47_40_00-AEG004_056_1061|13|88.098579|130.430969|5.077301|-3.935950|107.104408|4.961175|1.000000|1.000000|1.000000
m60_47_40_00-AEG004_056_1062|13|15.737411|146.486328|-183.390686|0.000000|79.274117|0.000000|1.000000|1.000000|1.000000
m60_47_40_00-AEG004_056_1063|13|213.750763|153.537796|-204.667175|-9.252883|8.510728|8.430422|1.000000|1.000000|1.000000
m60_47_40_00-AEG004_063_1002|13|254.339294|120.367645|-22.350510|34.259132|-172.346024|-25.611732|1.000000|1.000000|1.000000
m60_47_40_00-AEG004_063_1003|13|257.679901|121.395020|-25.473495|34.806019|-123.374458|8.553117|1.000000|1.000000|1.000000
m60_47_40_00-AEG004_063_1004|13|204.624115|127.357407|9.541245|33.199306|-164.233200|2.605067|1.000000|1.000000|1.000000
m60_47_40_00-AEG004_063_1005|13|186.774338|159.875504|4.063766|16.137579|158.800293|-7.325451|1.000000|1.000000|1.000000
m60_47_40_00-AEG004_063_1006|13|173.975662|125.542847|15.938065|31.653990|177.604782|-3.848786|1.000000|1.000000|1.000000
m60_47_40_00-AEG004_063_1007|13|201.120850|124.854317|14.604263|44.542332|-165.052231|7.747921|1.000000|1.000000|1.000000
m60_47_40_00-AEG004_063_1008|13|191.042603|155.770325|6.018311|7.085337|161.959000|-2.062565|1.000000|1.000000|1.000000
m60_47_40_00-AEG004_063_1010|13|251.077911|121.101700|-21.550591|35.484364|-159.927902|-12.014043|1.000000|1.000000|1.000000
m60_47_40_00-AEG004_063_1011|13|178.804626|145.601532|7.419525|10.176273|142.880325|-11.523906|1.000000|1.000000|1.000000
m60_47_40_00-AEG004_063_1013|13|241.380524|125.164490|-16.938568|28.149067|-145.275330|-5.938627|1.000000|1.000000|1.000000
m60_47_40_00-AEG004_063_1016|13|78.650505|131.209686|-38.240768|0.000003|165.233459|-0.000001|1.000000|1.000000|1.000000
m60_47_40_00-AEG004_063_1017|13|68.815300|132.945770|-40.329811|5.943932|-150.221985|-2.596028|1.000000|1.000000|1.000000
m60_47_40_00-AEG004_063_1018|13|65.583282|134.786331|-40.760925|3.827901|162.021973|0.433772|1.000000|1.000000|1.000000
m60_47_40_00-AEG004_681_1000|13|194.828461|169.374756|-48.972816|-0.000000|-142.083389|0.000000|1.000000|1.000000|1.000000
m60_47_40_00-AEG004_681_1001|13|193.245605|169.365479|-47.667770|-0.000000|-146.083359|0.000000|1.000000|1.000000|1.000000
m60_47_40_00-AEG004_681_1002|13|191.508392|169.398193|-46.555702|-0.000000|-142.083389|0.000000|1.000000|1.000000|1.000000
m60_47_40_00-AEG004_681_1005|13|157.858322|169.303909|-47.905968|-6.955447|147.464523|0.790472|1.000000|1.000000|1.000000
m60_47_40_00-AEG004_681_1006|13|159.795364|169.351807|-46.665199|-0.000000|153.916489|1.500000|1.000000|1.000000|1.000000
m60_47_40_00-AEG004_681_1011|13|150.510468|169.386276|-65.450500|-1.694043|57.901794|-1.001410|1.000000|1.000000|1.000000
m60_47_40_00-AEG004_681_1012|13|151.541138|169.281891|-67.239990|-2.337908|50.979313|0.894509|1.000000|1.000000|1.000000
m60_47_40_00-AEG004_681_1021|13|197.393799|169.466553|-67.638695|-0.781725|-48.580532|-0.685193|1.000000|1.000000|1.000000
m60_47_40_00-AEG004_681_1022|13|198.963562|169.350708|-65.945305|-0.400716|-48.584747|-0.357561|1.000000|1.000000|1.000000
m60_47_40_00-AEG004_681_1032|13|189.659119|169.344513|-45.502396|-0.000015|-149.577393|-0.000098|1.000000|1.000000|1.000000
m60_47_40_00-AEG004_681_1033|13|187.783279|169.325439|-44.619293|-0.047983|-151.583511|0.006748|1.000000|1.000000|1.000000
m60_47_40_00-AEG004_681_1034|13|185.849487|169.374756|-44.041069|-0.000000|-162.083389|-0.000000|1.000000|1.000000|1.000000
m60_47_40_00-AEG004_681_1035|13|163.604828|169.388672|-44.997620|-0.000000|152.416580|0.000000|1.000000|1.000000|1.000000
m60_47_40_00-AEG004_681_1036|13|161.696777|169.365234|-45.808289|-0.000000|152.416580|0.000000|1.000000|1.000000|1.000000
m60_47_40_00-AEG004_681_1041|13|173.670532|169.365479|-42.242180|-0.000000|172.916656|0.000000|1.000000|1.000000|1.000000
m60_47_40_00-AEG004_681_1042|13|175.721313|169.374756|-42.188667|-0.000000|176.916641|0.000000|1.000000|1.000000|1.000000
m60_47_40_00-AEG004_681_1043|13|177.739182|169.325439|-42.133995|-0.047983|-172.583481|0.006748|1.000000|1.000000|1.000000
m60_47_40_00-AEG004_681_1044|13|179.806915|169.344513|-42.286209|-0.000015|-170.577377|-0.000098|1.000000|1.000000|1.000000
m60_47_40_00-AEG004_737_1000|13|149.007996|169.412277|-62.059929|0.000000|47.916672|0.000000|1.000000|1.000000|1.000000
m60_47_40_00-AEG004_737_1001|13|168.255569|169.251541|-74.392426|-5.029650|16.718922|-0.352192|1.000000|1.000000|1.000000
m60_47_40_00-AEG004_737_1002|13|199.894989|169.444763|-54.276878|0.000000|-132.300812|0.000000|1.000000|1.000000|1.000000
m60_47_40_00-AEG004_737_1003|13|186.727493|169.396530|-73.743187|-3.367420|-15.765022|1.640311|1.000000|1.000000|1.000000
m60_47_40_00-AEG004_738_1000|13|154.373871|168.837845|-69.571304|-2.394568|46.976288|0.729300|1.000000|1.000000|1.000000
m60_47_40_00-AEG004_738_1001|13|194.584076|169.404739|-69.241013|-12.107860|-40.583870|0.192804|1.000000|1.000000|1.000000
m60_47_40_00-AEG004_738_1002|13|190.876617|169.476547|-71.882469|-11.880516|-28.432980|-0.353548|1.000000|1.000000|1.000000
m60_47_40_00-AEG004_738_1003|13|170.090210|169.472916|-43.316437|-8.000002|167.916611|0.000000|1.000000|1.000000|1.000000
m60_47_40_00-AEG004_738_1004|13|182.530304|169.359192|-43.305885|-15.000002|-162.083389|0.000000|1.000000|1.000000|1.000000
m60_47_40_00-AEG004_738_1005|13|155.212906|169.387878|-50.301849|-17.186138|141.760849|0.521362|1.000000|1.000000|1.000000
m60_47_40_00-AEG004_738_1006|13|165.965836|169.472916|-44.779968|-8.000000|158.916611|-0.000000|1.000000|1.000000|1.000000
m60_47_40_00-AEG004_738_1007|13|196.943481|169.344498|-50.963684|-9.962734|-140.501816|0.867079|1.000000|1.000000|1.000000
m60_47_40_00-AEG004_739_1000|13|157.900085|168.623093|-72.039368|-4.881644|27.481556|-1.860189|1.000000|1.000000|1.000000
m60_47_40_00-AEG004_739_1001|13|153.088928|169.021423|-53.491379|-13.999998|111.620171|-0.000001|1.000000|1.000000|1.000000
m60_47_40_00-AEG004_739_1002|13|199.944946|168.719070|-62.652817|-12.297332|-70.507484|0.357601|1.000000|1.000000|1.000000
m60_47_40_00-AEG004_739_1003|13|172.553635|168.830353|-74.736526|-4.582877|-17.832651|2.077170|1.000000|1.000000|1.000000
m60_47_40_00-AEG004_890_7000|13|3.050049|172.978210|-174.284546|5.073246|134.569397|-5.533572|1.000000|1.000000|1.000000
m60_47_40_00-AEG004_890_7001|13|144.639648|173.647369|-129.659744|5.073246|-43.326855|-5.533572|1.000000|1.000000|1.000000
m60_47_40_00-AEG004_890_7002|13|208.000000|149.168854|-230.000015|3.576971|133.936661|-2.957553|1.000000|1.000000|1.000000
m60_47_40_00-AEG007_372_1000|13|54.629875|120.380142|-16.445374|-0.000007|-90.000000|-0.000003|1.000000|1.000000|1.000000
m60_47_40_00-AEG040_076_7000|13|184.173492|169.519684|-36.586090|0.000000|-120.000008|0.000000|1.000000|1.000000|1.000000
m60_47_40_00-AEG040_076_7001|13|106.816154|169.368683|-68.955025|7.995202|-50.019417|0.278289|1.000000|1.000000|1.000000
m60_47_40_00-AEG040_076_7002|13|106.690720|173.972000|-40.172470|0.000000|52.999992|0.000000|1.000000|1.000000|1.000000
m60_47_40_00-AEG040_076_7003|13|146.429474|170.805237|-28.668526|0.000000|-58.000015|0.000000|1.000000|1.000000|1.000000
m60_47_40_00-AEG040_076_7004|13|153.455353|170.259033|-3.221344|-0.000000|-0.000001|-0.000000|1.000000|1.000000|1.000000
m60_47_40_00-AEG040_076_7005|13|168.794983|169.519684|-7.648972|0.000000|-89.000008|0.000000|1.000000|1.000000|1.000000
m60_47_40_00-AEG040_076_7006|13|190.851456|169.235245|-78.274963|-5.062094|9.713814|-0.000000|1.000000|1.000000|1.000000
m60_47_40_00-AEG040_076_7007|13|215.054840|169.685516|-40.285995|0.000000|-133.000015|0.000000|1.000000|1.000000|1.000000
m60_47_40_00-AEG040_076_7008|13|170.413406|168.384918|-80.608551|0.000000|129.000015|0.000000|1.000000|1.000000|1.000000
m60_47_40_00-AEG040_076_7009|13|151.521210|169.529999|-34.771072|0.000000|-103.000015|0.000000|1.000000|1.000000|1.000000
m60_47_40_00-AEG040_076_7010|13|212.590363|169.443695|-74.146431|0.000000|-75.999969|0.000000|1.000000|1.000000|1.000000
m60_47_40_00-AEG040_076_7011|13|109.590988|168.457977|-76.296677|0.000000|115.999985|0.000000|1.000000|1.000000|1.000000
m60_47_40_00-AEG040_076_7012|13|161.963745|169.891983|-9.516182|0.000000|-120.000008|0.000000|1.000000|1.000000|1.000000
m60_47_40_00-AEG040_076_7013|13|213.987305|169.519684|-30.798973|0.000000|-153.843369|0.000000|1.000000|1.000000|1.000000
m60_47_40_00-AEG040_076_7014|13|121.031197|176.880768|-3.924583|-4.774856|-59.058754|1.531520|1.000000|1.000000|1.000000
m60_47_40_00-AEG040_076_7015|13|204.658920|167.270889|-102.722000|5.003960|41.278976|2.219920|1.000000|1.000000|1.000000
m60_47_40_00-AEG040_076_7016|13|69.372223|148.099457|-183.219208|5.003961|-53.721069|2.219920|1.000000|1.000000|1.000000
m60_47_40_00-AEG040_076_7017|13|110.106842|144.452362|-215.400543|0.000000|88.156609|0.000000|1.000000|1.000000|1.000000
m60_47_40_00-AEG040_076_7018|13|119.000183|149.954605|-193.403717|0.000000|30.999954|0.000000|1.000000|1.000000|1.000000
m60_47_40_00-AEG040_076_7019|13|185.504456|156.147385|-180.510437|0.000000|119.999992|0.000000|1.000000|1.000000|1.000000
m60_47_40_00-AEG040_076_7020|13|190.066467|161.891098|-150.963593|0.000000|153.000000|0.000000|1.000000|1.000000|1.000000
m60_47_40_00-AEG040_076_7021|13|176.377975|154.762512|-186.996094|0.000000|-78.000038|0.000000|1.000000|1.000000|1.000000
m60_47_40_00-AEG040_076_7023|13|159.977905|153.840454|-189.864182|7.425454|-110.862648|4.681385|1.000000|1.000000|1.000000
m60_47_40_00-AEG040_076_7024|13|88.872261|152.935791|-160.033325|0.000000|160.713791|-0.000000|1.000000|1.000000|1.000000
m60_47_40_00-AEG040_076_7025|13|155.783554|147.611893|-212.774673|0.000000|77.999985|0.000000|1.000000|1.000000|1.000000
m60_47_40_00-AEG040_076_7026|13|176.237503|161.258514|-153.029373|0.000000|-130.000000|0.000000|1.000000|1.000000|1.000000
m60_47_40_00-AEG040_076_7027|13|73.538467|146.127411|-202.958267|0.000000|75.000015|0.000000|1.000000|1.000000|1.000000
m60_47_40_00-AEG040_076_7028|13|110.647659|147.324600|-202.127777|0.000000|17.999973|0.000000|1.000000|1.000000|1.000000
m60_47_40_00-AEG040_076_7029|13|109.222870|154.774475|-157.534805|0.000000|150.999985|0.000000|1.000000|1.000000|1.000000
m60_47_40_00-AEG040_076_7030|13|149.647003|148.871033|-206.874039|0.000000|47.999969|0.000000|1.000000|1.000000|1.000000
m60_47_40_00-AEG040_076_7031|13|204.437073|155.594727|-193.839371|-4.774856|91.941254|1.531519|1.000000|1.000000|1.000000
m60_47_40_00-AEG040_076_7032|13|143.611481|142.901489|-228.573181|0.000000|75.000015|0.000000|1.000000|1.000000|1.000000
m60_47_40_00-AEG040_076_7033|13|116.615768|141.347687|-233.741119|0.000000|75.000015|0.000000|1.000000|1.000000|1.000000
m60_47_40_00-AEG040_076_7035|13|151.621048|167.403732|-84.558182|0.000000|73.999992|0.000000|1.000000|1.000000|1.000000
m60_47_40_00-AEG040_076_7036|13|79.501823|170.387192|-102.995201|0.000000|-26.000048|0.000000|1.000000|1.000000|1.000000
m60_47_40_00-AEG040_076_7037|13|70.377220|169.861130|-63.934006|0.000000|70.999977|0.000000|1.000000|1.000000|1.000000
m60_47_40_00-AEG040_076_7038|13|118.066017|168.736115|-98.330803|0.000000|139.999985|0.000000|1.000000|1.000000|1.000000
m60_47_40_00-AEG040_076_7039|13|103.028412|170.537262|-58.522652|0.000000|-85.000061|0.000000|1.000000|1.000000|1.000000
m60_47_40_00-AEG040_076_7040|13|220.923157|169.444763|-54.418793|0.000000|169.999954|0.000000|1.000000|1.000000|1.000000
m60_47_40_00-AEG040_076_7042|13|88.819336|172.831100|-127.344345|0.000000|70.999977|0.000000|1.000000|1.000000|1.000000
m60_47_40_00-AEG040_076_7043|13|130.323303|168.531662|-101.025444|0.000000|21.999912|0.000000|1.000000|1.000000|1.000000
m60_47_40_00-AEG040_076_7044|13|123.843597|169.665314|-66.153053|0.000000|133.999985|0.000000|1.000000|1.000000|1.000000
m60_47_40_00-AEG040_076_7045|13|211.232376|166.173859|-128.168442|5.003962|-123.721054|2.219921|1.000000|1.000000|1.000000
m60_47_40_00-AEG040_076_7046|13|102.432510|173.709213|-108.641846|0.000000|-133.000015|0.000000|1.000000|1.000000|1.000000
m60_47_40_00-AEG040_076_7047|13|130.867661|174.750198|-115.795036|0.000000|125.999985|0.000000|1.000000|1.000000|1.000000
m60_47_40_00-AEG040_076_7048|13|56.860123|170.918533|-137.651001|0.000000|-152.000061|0.000000|1.000000|1.000000|1.000000
m60_47_40_00-AEG040_076_7049|13|232.223297|167.286011|-100.376282|5.003961|51.278942|2.219919|1.000000|1.000000|1.000000
m60_47_40_00-AEG040_076_7050|13|120.621841|173.547119|-126.521065|0.000000|-8.999990|0.000000|1.000000|1.000000|1.000000
m60_47_40_00-AEG040_076_7051|13|164.887039|169.519684|-38.225044|0.000000|-120.000008|0.000000|1.000000|1.000000|1.000000
m60_47_40_00-AEG040_076_7052|13|135.168350|169.478546|-56.662796|0.000000|133.999985|0.000000|1.000000|1.000000|1.000000
m60_47_40_00-AEG040_076_7053|13|232.569107|166.377228|-121.592781|5.003961|165.278976|2.219920|1.000000|1.000000|1.000000
m60_47_40_00-AEG040_076_7054|13|223.486679|166.696838|-115.274117|5.003962|119.278954|2.219919|1.000000|1.000000|1.000000
m60_47_40_00-AEG040_076_7055|13|243.605988|167.666565|-101.536682|5.003961|-70.721046|2.219919|1.000000|1.000000|1.000000
m60_47_40_00-AEG040_076_7056|13|198.021301|166.837982|-107.834686|5.003961|20.278961|2.219920|1.000000|1.000000|1.000000
m60_47_40_00-AEG040_076_7057|13|95.711014|149.855240|-183.817932|0.000000|122.999977|0.000000|1.000000|1.000000|1.000000
m60_47_40_00-AEG040_076_7058|13|109.676819|174.026993|-110.514297|0.000000|-49.000038|0.000000|1.000000|1.000000|1.000000
m60_47_40_00-AEG040_076_7059|13|203.527405|158.276123|-178.061493|0.000000|-41.000004|0.000000|1.000000|1.000000|1.000000
m60_47_40_00-AEG040_076_7061|13|183.457153|145.822952|-232.022202|-4.774856|-43.058754|1.531520|1.000000|1.000000|1.000000
m60_47_40_00-AEG040_076_7062|13|185.462585|158.252655|-170.203369|0.000000|113.999969|0.000000|1.000000|1.000000|1.000000
m60_47_40_00-AEG040_076_7063|13|238.905121|165.561829|-138.195831|5.003960|-49.721035|2.219919|1.000000|1.000000|1.000000
m60_47_40_00-AEG040_076_7064|13|254.960739|161.457352|-164.957962|0.000000|-3.000020|0.000000|1.000000|1.000000|1.000000
m60_47_40_00-AEG040_076_7069|13|236.706635|163.310623|-151.799438|0.000000|141.999985|0.000000|1.000000|1.000000|1.000000
m60_47_40_00-AEG040_080_1001|13|196.350418|165.001648|-134.668060|-1.289917|44.915676|-2.418939|1.000000|1.000000|1.000000
m60_47_40_00-AEG040_080_1002|13|61.236397|171.204041|-99.167984|-1.247489|-23.083668|-2.441081|1.000000|1.000000|1.000000
m60_47_40_00-AEG040_080_1003|13|219.744034|163.671646|-146.309738|3.718874|-125.719742|5.123489|1.000000|1.000000|1.000000
m60_47_40_00-AEG040_080_1004|13|20.657051|171.829437|-109.722847|-0.000000|145.872086|-2.000000|1.000000|1.000000|1.000000
m60_47_40_00-AEG040_080_1005|13|92.440536|168.801193|-79.776917|3.000000|173.872070|3.000000|1.000000|1.000000|1.000000
m60_47_40_00-AEG040_080_1006|13|114.017548|167.648285|-79.581406|5.722525|-174.699997|3.110551|1.000000|1.000000|1.000000
m60_47_40_00-AEG040_081_1001|13|186.936523|166.044083|-110.872528|5.096819|-138.526932|1.715881|1.000000|1.000000|1.000000
m60_47_40_00-AEG040_081_1003|13|199.730972|164.710571|-138.526794|0.149069|51.304222|-5.542066|1.000000|1.000000|1.000000
m60_47_40_00-AEG040_081_1005|13|222.822510|163.143677|-150.773590|4.960986|-122.955002|6.696836|1.000000|1.000000|1.000000
m60_47_40_00-AEG040_081_1008|13|108.682053|167.885162|-79.238190|7.352399|-176.496780|1.728721|1.000000|1.000000|1.000000
m60_47_40_00-AEG040_081_1009|13|66.055786|170.928192|-97.361176|0.069613|-18.698931|-4.543973|1.000000|1.000000|1.000000
m60_47_40_00-AEG040_081_1010|13|25.235481|171.972610|-106.759033|-0.000001|148.678879|-0.000000|1.000000|1.000000|1.000000
m60_47_40_00-AEG040_081_1011|13|97.881317|168.498001|-79.312119|4.004267|176.608948|3.997574|1.000000|1.000000|1.000000
m60_47_40_00-AEG040_082_1001|13|190.678177|165.976395|-114.472351|2.539582|-134.565323|1.550098|1.000000|1.000000|1.000000
m60_47_40_00-AEG040_082_1003|13|178.328522|166.048752|-104.388901|6.436798|-144.599579|0.227391|1.000000|1.000000|1.000000
m60_47_40_00-AEG040_082_1004|13|192.720917|165.316879|-131.321915|-0.429154|38.606369|-0.578763|1.000000|1.000000|1.000000
m60_47_40_00-AEG040_082_1007|13|216.786850|164.085800|-142.455536|3.755293|-129.702377|5.446475|1.000000|1.000000|1.000000
m60_47_40_00-AEG040_082_1008|13|225.884689|162.524094|-155.129349|5.540322|-124.103813|5.849184|1.000000|1.000000|1.000000
m60_47_40_00-AEG040_082_1012|13|118.988838|167.376968|-80.042572|5.722524|-174.700012|3.110551|1.000000|1.000000|1.000000
m60_47_40_00-AEG040_082_1013|13|56.738495|171.362854|-101.263443|-0.429154|-25.393614|-0.578763|1.000000|1.000000|1.000000
m60_47_40_00-AEG040_082_1014|13|29.784622|172.027084|-103.920662|0.000000|148.507324|0.000000|1.000000|1.000000|1.000000
m60_47_40_00-AEG040_082_1015|13|16.694092|171.809555|-112.580925|0.000000|141.923859|-0.000000|1.000000|1.000000|1.000000
m60_47_40_00-AEG040_082_1016|13|87.600876|169.132980|-80.441254|2.000000|169.923859|3.000000|1.000000|1.000000|1.000000
m60_47_40_00-AEG040_082_1017|13|8.822174|171.766052|-118.748001|0.000000|138.923859|-0.000000|1.000000|1.000000|1.000000
m60_47_40_00-AEG040_083_1001|13|182.855408|166.087524|-107.615021|8.189182|-144.692291|0.393337|1.000000|1.000000|1.000000
m60_47_40_00-AEG040_083_1003|13|174.127838|166.076019|-101.751335|9.631788|-151.390045|0.125594|1.000000|1.000000|1.000000
m60_47_40_00-AEG040_083_1004|13|203.087784|164.308334|-142.735580|-1.740344|50.603962|-3.140098|1.000000|1.000000|1.000000
m60_47_40_00-AEG040_083_1007|13|213.604889|164.567444|-138.585358|6.447371|-130.297195|4.787198|1.000000|1.000000|1.000000
m60_47_40_00-AEG040_083_1011|13|103.244026|168.188797|-79.089828|7.808354|179.732010|2.448705|1.000000|1.000000|1.000000
m60_47_40_00-AEG040_083_1012|13|71.118774|170.472763|-95.607086|-1.744746|-18.457012|-5.139173|1.000000|1.000000|1.000000
m60_47_40_00-AEG040_083_1013|13|12.751465|171.836807|-115.582855|-0.000001|142.578278|0.000000|1.000000|1.000000|1.000000
m60_47_40_00-AEG040_084_1001|13|185.000320|166.306854|-109.252914|-4.128043|42.021973|1.653999|1.000000|1.000000|1.000000
m60_47_40_00-AEG040_084_1003|13|176.472595|166.036880|-103.076080|-7.813958|34.134289|0.821126|1.000000|1.000000|1.000000
m60_47_40_00-AEG040_084_1004|13|201.424927|164.674881|-140.723206|2.376577|-125.900223|2.749124|1.000000|1.000000|1.000000
m60_47_40_00-AEG040_084_1006|13|221.397858|163.661133|-148.590591|-4.363344|51.055038|-5.432506|1.000000|1.000000|1.000000
m60_47_40_00-AEG040_084_1010|13|106.048065|168.330505|-79.144814|-9.133377|-1.144257|0.460519|1.000000|1.000000|1.000000
m60_47_40_00-AEG040_084_1011|13|68.690384|170.926605|-96.492943|-0.349149|159.099304|2.485724|1.000000|1.000000|1.000000
m60_47_40_00-AEG040_084_1012|13|215.361603|164.541992|-140.671921|-4.641626|48.051373|-5.196944|1.000000|1.000000|1.000000
m60_47_40_00-AEG040_084_1013|13|22.969086|172.081879|-108.134377|0.000000|-37.323509|0.000000|1.000000|1.000000|1.000000
m60_47_40_00-AEG040_084_1014|13|14.844856|172.081894|-113.971832|-0.000000|-40.322273|0.000000|1.000000|1.000000|1.000000
m60_47_40_00-AEG040_084_1015|13|95.229836|168.651047|-79.461540|-2.988605|-4.330329|-0.261349|1.000000|1.000000|1.000000
m60_47_40_00-AEG040_084_1016|13|85.316040|169.421738|-80.801620|-0.000000|-12.322273|0.000000|1.000000|1.000000|1.000000
m60_47_40_00-AEG040_084_1017|13|116.426437|167.689560|-79.781631|-6.048975|5.420630|-2.865735|1.000000|1.000000|1.000000
m60_47_40_00-AEG040_085_1001|13|188.922882|165.947723|-112.820663|0.864319|42.410580|0.419483|1.000000|1.000000|1.000000
m60_47_40_00-AEG040_085_1003|13|171.741821|166.097778|-100.466591|1.072886|-150.337158|1.604330|1.000000|1.000000|1.000000
m60_47_40_00-AEG040_085_1004|13|194.462433|165.251984|-132.758118|-1.759653|38.498390|0.027020|1.000000|1.000000|1.000000
m60_47_40_00-AEG040_085_1006|13|212.014359|164.830048|-136.746185|1.458163|-132.343460|-4.254498|1.000000|1.000000|1.000000
m60_47_40_00-AEG040_085_1007|13|224.387451|163.028198|-153.060471|-4.700861|57.146290|-7.785918|1.000000|1.000000|1.000000
m60_47_40_00-AEG040_085_1008|13|111.446335|168.033386|-79.388687|-10.189982|2.434389|-2.545856|1.000000|1.000000|1.000000
m60_47_40_00-AEG040_085_1009|13|58.791031|171.497925|-100.265976|-1.759653|-30.501606|0.027020|1.000000|1.000000|1.000000
m60_47_40_00-AEG040_085_1010|13|218.290115|164.172546|-144.318924|3.718874|-125.719742|5.123489|1.000000|1.000000|1.000000
m60_47_40_00-AEG040_085_1011|13|27.596718|172.269257|-105.308807|0.000000|-31.182962|-0.000000|1.000000|1.000000|1.000000
m60_47_40_00-AEG040_085_1012|13|18.587639|172.098724|-111.134583|-0.000000|145.872086|0.000000|1.000000|1.000000|1.000000
m60_47_40_00-AEG040_085_1013|13|10.748489|171.978348|-117.098236|0.000000|140.144974|0.000000|1.000000|1.000000|1.000000
m60_47_40_00-AEG040_085_1014|13|100.642319|168.558502|-79.139252|-3.000000|-3.182956|-0.000000|1.000000|1.000000|1.000000
m60_47_40_00-AEG040_085_1015|13|89.952736|169.069305|-80.053604|-0.000000|173.872070|0.000000|1.000000|1.000000|1.000000
m60_47_40_00-AEG100_009_1001|13|237.051208|119.863617|-7.043442|-7.555793|-118.132751|-0.642692|1.000000|1.000000|1.000000
m60_47_40_00-AEG100_009_1003|13|240.820099|119.590950|-11.881287|-10.312283|-113.598312|4.589037|1.000000|1.000000|1.000000
m60_47_40_00-AEG100_009_1017|13|41.469528|171.038147|-135.789185|-1.151996|-119.898643|0.283452|1.000000|1.000000|1.000000
m60_47_40_00-AEG100_009_1018|13|70.314423|153.315598|-147.920715|-7.927881|-9.834299|5.634224|1.000000|1.000000|1.000000
m60_47_40_00-AEG100_009_1019|13|53.650261|151.036499|-156.995209|-11.882459|-1.322479|-6.362440|1.000000|1.000000|1.000000
m60_47_40_00-AEG100_009_1020|13|58.140862|170.614182|-142.119141|0.000000|-173.309280|0.000000|1.000000|1.000000|1.000000
m60_47_41_00-AEG004_005_1000|13|176.355835|119.316040|91.393837|0.029597|69.147240|-0.446194|1.000000|1.000000|1.000000
m60_47_41_00-AEG004_005_1001|13|201.804016|119.438995|90.679291|3.150324|-146.813797|-1.094707|1.000000|1.000000|1.000000
m60_47_41_00-AEG004_005_1002|13|163.587723|119.509529|65.786201|-0.217178|-71.041428|0.605874|1.000000|1.000000|1.000000
m60_47_41_00-AEG004_005_1003|13|230.693054|119.438995|27.577179|3.171552|-145.670380|-1.031582|1.000000|1.000000|1.000000
m60_47_41_00-AEG004_005_1004|13|208.580078|119.765320|18.652863|6.268142|82.708504|4.209565|1.000000|1.000000|1.000000
m60_47_41_00-AEG004_005_1005|13|214.317841|119.336525|54.726784|-2.093280|1.224155|2.596710|1.000000|1.000000|1.000000
m60_47_41_00-AEG004_005_1006|13|188.725922|119.390953|57.192017|-0.523375|1.096076|-0.911467|1.000000|1.000000|1.000000
m60_47_41_00-AEG004_005_1007|13|208.811920|119.336525|76.578583|-3.229647|37.900856|0.831789|1.000000|1.000000|1.000000
m60_47_41_00-AEG004_005_1008|13|215.994217|119.336525|45.749367|-3.229647|37.900856|0.831789|1.000000|1.000000|1.000000
m60_47_41_00-AEG004_005_1009|13|200.139923|119.358826|44.110199|-0.000005|-16.327244|-0.000005|1.000000|1.000000|1.000000
m60_47_41_00-AEG004_005_1010|13|169.524475|119.302528|78.383797|-3.229647|24.304840|0.831789|1.000000|1.000000|1.000000
m60_47_41_00-AEG004_005_1011|13|171.072571|119.653008|125.125229|2.457934|-133.615326|2.007674|1.000000|1.000000|1.000000
m60_47_41_00-AEG004_005_1012|13|163.896576|121.310883|138.371109|7.325811|158.018646|-2.577350|1.000000|1.000000|1.000000
m60_47_41_00-AEG004_005_1013|13|151.184906|123.216080|151.732819|4.084695|-152.783234|4.533452|1.000000|1.000000|1.000000
m60_47_41_00-AEG004_005_1014|13|245.489349|119.128365|12.463905|5.403657|-138.009521|2.631735|1.000000|1.000000|1.000000
m60_47_41_00-AEG004_005_1015|13|241.020569|119.404648|4.534470|6.044303|22.836294|-4.839385|1.000000|1.000000|1.000000
m60_47_41_00-AEG004_005_1016|13|112.081535|145.499939|244.529373|2.259776|-117.207016|3.952065|1.000000|1.000000|1.000000
m60_47_41_00-AEG004_005_1017|13|128.968002|145.300430|240.832977|5.606051|-120.073196|4.130198|1.000000|1.000000|1.000000
m60_47_41_00-AEG004_005_1018|13|129.614868|146.063980|253.560638|7.256935|165.491623|-1.205725|1.000000|1.000000|1.000000
m60_47_41_00-AEG004_006_1000|13|112.969719|130.473801|184.432693|-10.650759|72.913078|-17.163546|1.000000|1.000000|1.000000
m60_47_41_00-AEG004_006_1001|13|126.305809|138.034027|207.787628|8.405694|-129.593414|10.750309|1.000000|1.000000|1.000000
m60_47_41_00-AEG004_006_1002|13|131.029327|140.777802|219.044952|-28.204597|2.384801|-5.646109|1.000000|1.000000|1.000000
m60_47_41_00-AEG004_006_1003|13|119.794693|140.661392|216.070892|-15.927749|-34.374447|13.284444|1.000000|1.000000|1.000000
m60_47_41_00-AEG004_006_1004|13|118.288574|140.039200|213.550476|-3.651532|83.439217|-17.547949|1.000000|1.000000|1.000000
m60_47_41_00-AEG004_006_1005|13|214.503769|119.652626|17.078926|-4.037855|-100.526932|-1.456044|1.000000|1.000000|1.000000
m60_47_41_00-AEG004_006_1006|13|189.011780|119.450630|53.064835|0.000000|0.000010|0.000000|1.000000|1.000000|1.000000
m60_47_41_00-AEG004_006_1007|13|108.820679|145.130493|238.153564|0.000000|-169.333771|-0.000000|1.000000|1.000000|1.000000
m60_47_41_00-AEG004_006_1008|13|129.896240|146.026810|252.950500|-0.000000|-162.810242|-0.000000|1.000000|1.000000|1.000000
m60_47_41_00-AEG004_006_1009|13|106.595695|145.549408|243.181290|-3.541055|-61.897163|2.230603|1.000000|1.000000|1.000000
m60_47_41_00-AEG004_006_1010|13|100.961670|145.830353|249.192108|-0.000000|-113.065033|-0.000000|1.000000|1.000000|1.000000
m60_47_41_00-AEG004_006_1011|13|114.778236|127.718903|173.354553|11.326694|155.742981|-6.548076|1.000000|1.000000|1.000000
m60_47_41_00-AEG004_046_1020|13|198.298447|117.359726|34.691071|-11.203690|-100.905159|-3.170164|1.000000|1.000000|1.000000
m60_47_41_00-AEG004_046_1021|13|214.216705|116.878311|63.532883|-0.608105|-128.901138|-2.204711|1.000000|1.000000|1.000000
m60_47_41_00-AEG004_046_1022|13|216.586639|117.305626|22.577156|-8.026984|-79.614418|-5.024848|1.000000|1.000000|1.000000
m60_47_41_00-AEG100_007_1001|13|243.735260|103.896866|84.178467|8.729965|135.619888|-14.939903|1.000000|1.000000|1.000000
m60_47_41_00-AEG100_007_1011|13|243.340881|106.736801|80.058136|-45.675076|80.714378|53.466179|1.000000|1.000000|1.000000
