m22504200_0000|0|-128.000000|0.000000|-128.000000|0.000000|0.000000|0.000000|1.000000|1.000000|1.000000
m23504300_0000|0|-128.000000|0.000000|128.000000|0.000000|0.000000|0.000000|1.000000|1.000000|1.000000
m32514200_0000|0|128.000000|0.000000|-128.000000|0.000000|0.000000|0.000000|1.000000|1.000000|1.000000
m33514300_0000|0|128.000000|0.000000|128.000000|0.000000|0.000000|0.000000|1.000000|1.000000|1.000000
m33514302_0000|0|128.000000|0.000000|128.000000|0.000000|0.000000|0.000000|1.000000|1.000000|1.000000
m60_51_42_00-AEG004_005_1000|13|247.106995|269.938019|-43.582954|10.706700|99.125755|-16.658113|1.000000|1.000000|1.000000
m60_51_42_00-AEG004_005_1001|13|196.802307|254.862061|-77.082764|-5.475904|56.664387|-8.380253|1.000000|1.000000|1.000000
m60_51_42_00-AEG004_005_1003|13|147.168701|257.943359|-59.606934|-9.146120|23.741047|-4.060579|1.000000|1.000000|1.000000
m60_51_42_00-AEG004_005_1004|13|122.498840|247.488541|-118.899658|-5.765655|54.653175|-8.184334|1.000000|1.000000|1.000000
m60_51_42_00-AEG004_005_1005|13|204.731476|241.970230|-150.198242|9.637035|164.293777|-2.718734|1.000000|1.000000|1.000000
m60_51_42_00-AEG004_005_1006|13|178.164124|241.485870|-152.943115|-9.834728|-10.774248|1.872656|1.000000|1.000000|1.000000
m60_51_42_00-AEG004_005_1007|13|235.756989|271.389893|-48.637947|-0.237064|-104.292725|17.569330|1.000000|1.000000|1.000000
m60_51_42_00-AEG004_005_1008|13|208.473648|269.337646|-62.695312|6.837645|-128.305054|16.224632|1.000000|1.000000|1.000000
m60_51_42_00-AEG004_005_1009|13|119.687340|291.105957|-15.393066|2.601203|83.568405|-17.383263|1.000000|1.000000|1.000000
m60_51_42_00-AEG004_890_7000|13|120.388504|248.187286|-117.229095|5.106852|-138.932785|7.056598|1.000000|1.000000|1.000000
m60_51_42_00-AEG006_024_2000|13|137.692215|257.619965|-55.908257|0.000000|-9.461612|0.000000|1.000000|1.000000|1.000000
m60_51_42_00-AEG006_024_2006|13|155.179504|257.806854|-53.311996|0.000000|21.102594|0.000000|1.000000|1.000000|1.000000
m60_51_42_00-AEG006_024_2009|13|226.466400|251.243256|-92.114189|-1.175094|-14.879222|-3.346790|1.000000|1.000000|1.000000
m60_51_42_00-AEG006_024_2013|13|218.328400|244.389481|-131.574051|0.000000|134.533157|0.000000|1.000000|1.000000|1.000000
m60_51_42_00-AEG006_024_2014|13|160.139771|249.476959|-101.462425|0.000000|104.692276|0.000000|1.000000|1.000000|1.000000
m60_51_42_00-AEG006_024_2015|13|122.395454|249.609100|-101.354858|0.000000|-87.101898|0.000000|1.000000|1.000000|1.000000
m60_51_42_00-AEG006_024_2016|13|230.765976|262.795319|-70.600204|0.000000|-35.526985|0.000000|1.000000|1.000000|1.000000
m60_51_42_00-AEG006_024_2017|13|170.619293|279.612000|-32.832191|0.000000|-177.881866|-0.000001|1.000000|1.000000|1.000000
m60_51_42_00-AEG006_024_2018|13|134.243896|281.232788|-41.321602|0.000000|-37.129124|0.000000|1.000000|1.000000|1.000000
m60_51_42_00-AEG006_024_2021|13|180.495392|248.432678|-108.221664|0.000000|-39.980946|0.000000|1.000000|1.000000|1.000000
m60_51_42_00-AEG006_024_2022|13|241.709290|258.193390|-78.284637|0.000000|-50.526981|0.000000|1.000000|1.000000|1.000000
m60_51_42_00-AEG006_024_2048|13|164.673462|288.716248|-6.442368|-0.000000|68.160912|-0.000001|1.000000|1.000000|1.000000
m60_51_42_00-AEG006_025_2002|13|137.575012|258.408661|-48.269119|0.000000|-33.688187|0.000000|1.000000|1.000000|1.000000
m60_51_42_00-AEG006_025_2003|13|128.892380|280.495880|-39.694626|0.000000|31.311811|0.000000|1.000000|1.000000|1.000000
m60_51_42_00-AEG006_025_2004|13|216.789215|262.784668|-75.008568|0.000000|-158.688187|0.000000|1.000000|1.000000|1.000000
m60_51_42_00-AEG006_025_2005|13|175.060196|278.130249|-35.733475|0.000000|-160.237167|0.000000|1.000000|1.000000|1.000000
m60_51_42_00-AEG006_025_2006|13|167.269012|243.969482|-128.740112|0.000000|-140.196350|0.000000|1.000000|1.000000|1.000000
m60_51_42_00-AEG006_025_2007|13|203.684784|240.849792|-141.830811|0.000000|158.783234|0.000000|1.000000|1.000000|1.000000
m60_51_42_00-AEG006_025_2008|13|128.516663|255.286224|-64.015358|0.000000|-50.334347|0.000000|1.000000|1.000000|1.000000
m60_51_42_00-AEG006_025_2009|13|178.320251|254.527969|-68.528793|0.000000|2.834161|0.000000|1.000000|1.000000|1.000000
m60_51_42_00-AEG006_025_2010|13|236.202011|252.580109|-87.269302|0.000000|-67.498497|0.000000|1.000000|1.000000|1.000000
m60_51_42_00-AEG006_025_2011|13|247.888702|259.339600|-70.273315|0.000000|-67.498497|0.000000|1.000000|1.000000|1.000000
m60_51_42_00-AEG006_025_2012|13|211.595932|275.748566|-34.533577|0.000000|10.608557|0.000000|1.000000|1.000000|1.000000
m60_51_42_00-AEG006_025_2050|13|173.245621|287.935883|-4.035797|0.000000|-80.000008|0.000000|1.000000|1.000000|1.000000
m60_51_42_00-AEG006_068_2000|13|180.411835|279.963501|-32.819122|0.000000|-142.915421|-0.000001|1.000000|1.000000|1.000000
m60_51_42_00-AEG006_068_2001|13|216.653305|243.065201|-134.941666|0.000000|139.533157|0.000000|1.000000|1.000000|1.000000
m60_51_42_00-AEG006_068_2002|13|181.243256|250.985260|-97.227661|0.000000|-109.980965|0.000000|1.000000|1.000000|1.000000
m60_51_42_00-AEG006_068_2003|13|164.063309|245.872742|-126.056625|0.000000|-130.425827|0.000000|1.000000|1.000000|1.000000
m60_51_42_00-AEG006_068_2004|13|122.154991|249.609100|-105.004639|0.000000|-62.101906|0.000000|1.000000|1.000000|1.000000
m60_51_42_00-AEG006_068_2005|13|164.195740|248.792664|-107.315117|0.000000|32.462879|0.000000|1.000000|1.000000|1.000000
m60_51_42_00-AEG006_068_2006|13|213.178696|252.395386|-85.045883|0.351181|50.165943|-3.529464|1.000000|1.000000|1.000000
m60_51_42_00-AEG006_068_2007|13|228.417984|262.169373|-76.852577|0.000000|-10.526990|0.000000|1.000000|1.000000|1.000000
m60_51_42_00-AEG006_068_2008|13|131.422806|257.008850|-59.775314|0.000000|-24.461615|0.000000|1.000000|1.000000|1.000000
m60_51_42_00-AEG006_068_2010|13|124.762413|282.828857|-37.110336|0.000000|12.870888|0.000000|1.000000|1.000000|1.000000
m60_51_42_00-AEG006_068_2011|13|133.738129|280.994537|-36.363403|0.000000|-113.098289|0.000000|1.000000|1.000000|1.000000
m60_51_42_00-AEG006_068_2012|13|241.195801|256.981232|-81.808678|0.000000|-55.526989|0.000000|1.000000|1.000000|1.000000
m60_51_42_00-AEG006_068_2013|13|248.009552|261.372375|-66.809784|0.000000|-65.526993|0.000000|1.000000|1.000000|1.000000
m60_51_42_00-AEG006_068_2015|13|166.699875|287.689117|-10.264435|0.000000|55.636837|-0.000001|1.000000|1.000000|1.000000
m60_51_42_00-AEG006_069_2000|13|179.301147|277.366455|-39.498604|-0.621123|-142.915222|-3.294781|1.000000|1.000000|1.000000
m60_51_42_00-AEG006_069_2001|13|221.482483|245.172821|-126.488708|0.000000|114.533394|0.000000|1.000000|1.000000|1.000000
m60_51_42_00-AEG006_069_2002|13|176.392303|247.644958|-112.001884|0.000000|-44.980728|0.000000|1.000000|1.000000|1.000000
m60_51_42_00-AEG006_069_2003|13|171.070297|244.043732|-132.040070|0.000000|-155.425583|0.000000|1.000000|1.000000|1.000000
m60_51_42_00-AEG006_069_2004|13|122.811867|249.609100|-94.987801|0.000000|-97.101662|0.000000|1.000000|1.000000|1.000000
m60_51_42_00-AEG006_069_2005|13|162.786636|250.276306|-96.910370|0.000000|119.912468|0.000000|1.000000|1.000000|1.000000
m60_51_42_00-AEG006_069_2006|13|230.401398|251.852432|-90.074615|-2.249428|-24.898529|-2.743030|1.000000|1.000000|1.000000
m60_51_42_00-AEG006_069_2007|13|230.898941|262.318542|-75.165543|0.000000|-55.526749|0.000000|1.000000|1.000000|1.000000
m60_51_42_00-AEG006_069_2008|13|126.490273|254.328598|-74.350830|0.000000|-69.461395|0.000000|1.000000|1.000000|1.000000
m60_51_42_00-AEG006_069_2009|13|161.053604|257.806854|-56.286827|0.000000|1.102830|0.000000|1.000000|1.000000|1.000000
m60_51_42_00-AEG006_069_2010|13|140.744125|282.486572|-34.996750|0.000000|32.871113|0.000000|1.000000|1.000000|1.000000
m60_51_42_00-AEG006_069_2011|13|134.891022|280.994537|-29.873131|0.000000|-158.098038|0.000000|1.000000|1.000000|1.000000
m60_51_42_00-AEG006_069_2012|13|220.339691|262.189270|-78.364227|0.000000|-165.526733|0.000000|1.000000|1.000000|1.000000
m60_51_42_00-AEG006_069_2013|13|222.382248|275.269958|-34.606537|0.000000|-14.863786|0.000000|1.000000|1.000000|1.000000
m60_51_42_00-AEG006_069_2015|13|172.319290|287.130005|-8.112778|0.000000|-44.105717|-0.000001|1.000000|1.000000|1.000000
m60_51_42_00-AEG006_070_2000|13|144.676407|257.104584|-51.976830|-0.000000|26.311771|0.000000|1.000000|1.000000|1.000000
m60_51_42_00-AEG006_070_2001|13|197.620636|241.409393|-143.561920|0.000000|168.783203|-0.000001|1.000000|1.000000|1.000000
m60_51_42_00-AEG006_070_2002|13|180.900406|248.115921|-101.930702|0.000000|-90.196396|0.000000|1.000000|1.000000|1.000000
m60_51_42_00-AEG006_070_2003|13|234.273758|263.742004|-66.283218|-0.000000|-62.498539|-0.000000|1.000000|1.000000|1.000000
m60_51_42_00-AEG006_070_2004|13|174.272415|254.963516|-64.847061|-0.000000|2.834115|-0.000000|1.000000|1.000000|1.000000
m60_51_42_00-AEG006_070_2006|13|132.021545|256.926758|-55.402588|-0.000000|-30.334373|-0.000000|1.000000|1.000000|1.000000
m60_51_42_00-AEG006_070_2007|13|144.225754|279.873627|-37.472458|-0.000000|50.686821|0.000000|1.000000|1.000000|1.000000
m60_51_42_00-AEG006_070_2008|13|217.087860|274.645569|-34.027924|-0.000000|26.394701|0.000000|1.000000|1.000000|1.000000
m60_51_42_00-AEG006_070_2015|13|167.698334|289.155640|-1.444550|-0.000000|149.999954|-0.000000|1.000000|1.000000|1.000000
m60_51_43_00-AEG004_005_1000|13|226.182861|290.996582|24.137070|5.850680|-114.232491|14.116178|1.000000|1.000000|1.000000
m60_51_43_00-AEG004_005_1001|13|197.719482|297.855438|39.834373|-4.831475|-114.250961|16.128271|1.000000|1.000000|1.000000
m60_51_43_00-AEG004_005_1003|13|117.818970|314.518829|60.683342|-17.564154|-15.946834|0.170327|1.000000|1.000000|1.000000
m60_51_43_00-AEG004_005_1005|13|112.536766|300.850830|14.555901|6.824970|98.118980|-16.227333|1.000000|1.000000|1.000000
m60_51_43_00-AEG004_005_1006|13|32.275299|343.154541|102.700851|0.000801|-132.946869|0.000145|1.000000|1.000000|1.000000
m60_51_43_00-AEG004_005_1007|13|62.435982|343.154541|93.033264|0.000787|-13.446874|0.000091|1.000000|1.000000|1.000000
m60_51_43_00-AEG004_005_1008|13|125.808899|343.154541|169.105347|0.000787|-29.946861|0.000063|1.000000|1.000000|1.000000
m60_51_43_00-AEG004_005_1009|13|228.766754|332.227783|167.827957|10.411828|-151.175278|24.100689|1.000000|1.000000|1.000000
m60_51_43_00-AEG004_005_1010|13|168.700302|343.154541|178.663940|-0.025550|161.549103|-0.015605|1.000000|1.000000|1.000000
m60_51_43_00-AEG004_005_1011|13|4.489105|285.347015|130.143753|-0.000005|-114.121788|-0.000005|1.000000|1.000000|1.000000
m60_51_43_00-AEG004_005_1012|13|1.456963|285.347015|140.606277|-0.000005|94.878151|-0.000005|1.000000|1.000000|1.000000
m60_51_43_00-AEG004_005_1013|13|3.060112|285.347015|154.385483|-0.000005|-63.121807|-0.000005|1.000000|1.000000|1.000000
m60_51_43_00-AEG004_005_1014|13|5.033638|285.347015|165.738525|-0.000005|98.878265|-0.000005|1.000000|1.000000|1.000000
m60_51_43_00-AEG004_005_1015|13|8.775955|285.347015|173.654495|-0.000005|-67.121788|-0.000005|1.000000|1.000000|1.000000
m60_51_43_00-AEG004_005_1016|13|15.944702|285.347015|184.893082|-0.000005|128.878159|-0.000005|1.000000|1.000000|1.000000
m60_51_43_00-AEG004_005_1017|13|27.219574|285.347015|192.809692|-0.000005|-35.121830|-0.000005|1.000000|1.000000|1.000000
m60_51_43_00-AEG004_005_1018|13|40.994980|285.347015|199.449310|-0.000005|161.878159|-0.000005|1.000000|1.000000|1.000000
m60_51_43_00-AEG004_005_1019|13|54.047020|285.347015|200.197174|-0.000005|7.878159|-0.000005|1.000000|1.000000|1.000000
m60_51_43_00-AEG004_005_1020|13|65.301743|285.347015|199.839874|-0.000005|-173.121857|-0.000005|1.000000|1.000000|1.000000
m60_51_43_00-AEG004_005_1021|13|75.567032|285.347015|195.522400|-0.000005|12.878136|-0.000005|1.000000|1.000000|1.000000
m60_51_43_00-AEG004_006_1001|13|76.553719|313.263428|45.468987|16.116514|-171.940216|7.088507|1.000000|1.000000|1.000000
m60_51_43_00-AEG004_006_1002|13|2.097565|285.347015|132.569946|0.000000|-108.502068|0.000000|1.000000|1.000000|1.000000
m60_51_43_00-AEG004_006_1003|13|1.406570|285.347015|151.627869|0.000000|137.918762|0.000000|1.000000|1.000000|1.000000
m60_51_43_00-AEG004_006_1004|13|1.325302|285.347015|143.891541|0.000000|46.014130|0.000000|1.000000|1.000000|1.000000
m60_51_43_00-AEG004_006_1005|13|2.848030|285.346985|138.227325|0.000000|65.667587|0.000000|1.000000|1.000000|1.000000
m60_51_43_00-AEG004_006_1006|13|3.170471|285.347015|127.836075|0.000000|109.281158|0.000000|1.000000|1.000000|1.000000
m60_51_43_00-AEG004_006_1007|13|6.225060|285.347015|125.500565|-0.000164|120.184036|0.000000|1.000000|1.000000|1.000000
m60_51_43_00-AEG004_006_1008|13|6.064178|285.347015|122.418282|0.000000|-110.741547|0.000000|1.000000|1.000000|1.000000
m60_51_43_00-AEG004_006_1009|13|12.098175|285.346985|113.650864|0.000000|-3.993902|0.000000|1.000000|1.000000|1.000000
m60_51_43_00-AEG004_006_1010|13|11.858849|285.347015|116.766411|0.000000|151.016983|0.000000|1.000000|1.000000|1.000000
m60_51_43_00-AEG004_006_1011|13|3.358849|285.346985|155.354721|0.000000|-4.698713|0.000000|1.000000|1.000000|1.000000
m60_51_43_00-AEG004_006_1012|13|5.224007|285.347015|163.201843|0.000000|-82.126236|0.000000|1.000000|1.000000|1.000000
m60_51_43_00-AEG004_006_1013|13|5.658066|285.347015|166.574066|0.000000|15.092499|0.000000|1.000000|1.000000|1.000000
m60_51_43_00-AEG004_006_1014|13|10.841934|285.347015|171.745026|0.000000|-28.821957|0.000000|1.000000|1.000000|1.000000
m60_51_43_00-AEG004_006_1015|13|12.585861|285.347015|179.551422|0.000000|124.170448|0.000000|1.000000|1.000000|1.000000
m60_51_43_00-AEG004_006_1016|13|16.746735|285.347015|185.471466|0.000000|-82.193832|0.000000|1.000000|1.000000|1.000000
m60_51_43_00-AEG004_006_1017|13|11.546257|285.346985|174.347992|0.000000|-136.323685|0.000000|1.000000|1.000000|1.000000
m60_51_43_00-AEG004_006_1018|13|21.216629|285.347015|188.739227|0.000000|124.166023|0.000000|1.000000|1.000000|1.000000
m60_51_43_00-AEG004_006_1019|13|8.580414|285.346985|175.833344|0.000000|148.675156|0.000000|1.000000|1.000000|1.000000
m60_51_43_00-AEG004_006_1020|13|3.290375|285.347015|167.611237|0.000000|-164.379623|0.000000|1.000000|1.000000|1.000000
m60_51_43_00-AEG004_006_1021|13|7.620010|285.347015|168.757584|0.000000|172.718185|0.000000|1.000000|1.000000|1.000000
m60_51_43_00-AEG004_006_1022|13|24.264221|285.346985|192.335449|0.000000|-131.950500|0.000000|1.000000|1.000000|1.000000
m60_51_43_00-AEG004_006_1023|13|26.543625|285.346985|192.202667|0.000000|-10.585846|0.000000|1.000000|1.000000|1.000000
m60_51_43_00-AEG004_006_1024|13|29.814491|285.347015|194.701324|0.000000|153.948822|0.000000|1.000000|1.000000|1.000000
m60_51_43_00-AEG004_006_1025|13|33.307404|285.347015|196.531281|0.000000|-8.682627|0.000000|1.000000|1.000000|1.000000
m60_51_43_00-AEG004_006_1026|13|37.850899|285.347015|198.876129|0.000000|29.733364|0.000000|1.000000|1.000000|1.000000
m60_51_43_00-AEG004_006_1027|13|41.636322|285.346985|200.372574|0.000000|130.567337|0.000000|1.000000|1.000000|1.000000
m60_51_43_00-AEG004_006_1028|13|46.561844|285.347015|201.016998|0.000000|4.880709|0.000000|1.000000|1.000000|1.000000
m60_51_43_00-AEG004_006_1029|13|53.204613|285.347015|201.522583|0.000000|-139.260391|0.000000|1.000000|1.000000|1.000000
m60_51_43_00-AEG004_006_1030|13|56.348717|285.347015|201.173264|0.000000|-146.188705|0.000000|1.000000|1.000000|1.000000
m60_51_43_00-AEG004_006_1031|13|62.538239|285.346985|199.943451|0.000000|-106.259697|0.000000|1.000000|1.000000|1.000000
m60_51_43_00-AEG004_006_1032|13|65.966400|285.346985|199.818497|0.000000|-81.192894|0.000000|1.000000|1.000000|1.000000
m60_51_43_00-AEG004_006_1033|13|68.272018|285.347015|198.695023|0.000000|31.367527|0.000000|1.000000|1.000000|1.000000
m60_51_43_00-AEG004_006_1034|13|74.099609|285.347015|197.137665|0.000000|-113.426414|0.000000|1.000000|1.000000|1.000000
m60_51_43_00-AEG004_006_1035|13|78.040955|285.347015|195.120956|0.000000|-33.125027|0.000000|1.000000|1.000000|1.000000
m60_51_43_00-AEG004_006_1036|13|81.735497|285.346985|195.117538|0.000000|174.802750|0.000000|1.000000|1.000000|1.000000
m60_51_43_00-AEG004_006_1037|13|13.425049|285.347015|111.504120|0.000000|117.216362|0.000000|1.000000|1.000000|1.000000
m60_51_43_00-AEG004_006_1038|13|19.101906|285.347015|105.697792|0.000000|13.025481|0.000000|1.000000|1.000000|1.000000
m60_51_43_00-AEG004_006_1039|13|20.721802|285.347015|104.525314|0.000000|100.687080|0.000000|1.000000|1.000000|1.000000
m60_51_43_00-AEG004_006_1040|13|22.855446|285.346985|102.982269|0.000000|5.671281|0.000000|1.000000|1.000000|1.000000
m60_51_43_00-AEG004_006_1041|13|20.342102|283.090363|99.627571|-23.516457|19.220352|7.078837|1.000000|1.000000|1.000000
m60_51_43_00-AEG004_006_1042|13|84.676193|285.347015|192.722610|0.000000|-113.426414|0.000000|1.000000|1.000000|1.000000
m60_51_43_00-AEG004_006_1043|13|108.993767|280.618134|184.574524|-2.729864|-22.288158|-19.963526|1.000000|1.000000|1.000000
m60_51_43_00-AEG004_006_1044|13|28.509392|282.671173|92.986816|23.903337|-174.449173|-7.601817|1.000000|1.000000|1.000000
m60_51_43_00-AEG004_006_1045|13|36.493187|280.320282|82.087234|-3.011184|87.466827|-13.215669|1.000000|1.000000|1.000000
m60_51_43_00-AEG004_006_1046|13|36.341217|233.947906|72.439468|15.986743|-139.462967|8.556345|1.000000|1.000000|1.000000
m60_51_43_00-AEG004_006_1047|13|34.087852|236.916458|79.621140|-25.065207|47.464737|-13.836991|1.000000|1.000000|1.000000
m60_51_43_00-AEG004_006_1048|13|32.008514|234.904968|76.134377|17.748764|-121.471771|16.448214|1.000000|1.000000|1.000000
m60_51_43_00-AEG004_006_1049|13|33.767372|192.649094|64.087189|18.725180|174.806580|-6.647583|1.000000|1.000000|1.000000
m60_51_43_00-AEG004_006_1050|13|31.378578|194.622238|69.130356|21.944361|-126.600983|17.936760|1.000000|1.000000|1.000000
m60_51_43_00-AEG004_006_1051|13|111.816330|237.079971|188.728622|5.117943|-25.134005|-24.957813|1.000000|1.000000|1.000000
m60_51_43_00-AEG004_006_1052|13|114.618065|235.902496|188.990692|-13.322992|175.318939|21.877996|1.000000|1.000000|1.000000
m60_51_43_00-AEG004_006_1053|13|113.830772|195.662888|200.836746|24.430988|11.737437|-18.792274|1.000000|1.000000|1.000000
m60_51_43_00-AEG004_006_1054|13|18.570450|343.151367|128.641968|-0.142881|75.238403|0.106742|1.000000|1.000000|1.000000
m60_51_43_00-AEG004_056_1097|13|75.795822|330.170105|75.965439|13.674845|-165.570755|0.551224|1.000000|1.000000|1.000000
m60_51_43_00-AEG004_056_1098|13|34.896729|329.206177|103.721069|4.337809|167.882782|-0.327221|1.000000|1.000000|1.000000
m60_51_43_00-AEG004_056_1099|13|75.994583|326.427399|62.386612|-4.806854|144.797562|-14.066808|1.000000|1.000000|1.000000
m60_51_43_00-AEG004_065_7003|13|115.393799|297.190430|6.184761|0.000000|117.119522|0.000000|1.000000|1.000000|1.000000
m60_51_43_00-AEG004_890_7000|13|155.296738|339.913879|135.280899|1.429804|47.550926|-12.597076|1.000000|1.000000|1.000000
m60_51_43_00-AEG006_000_2001|13|64.532349|344.249939|151.083817|0.000000|40.000019|0.000000|1.000000|1.000000|1.000000
m60_51_43_00-AEG006_000_2002|13|64.371651|344.249939|150.892303|0.000000|130.000031|0.000000|1.000000|1.000000|1.000000
m60_51_43_00-AEG006_000_2003|13|64.371651|344.249939|150.892303|0.000000|-139.999954|0.000000|1.000000|1.000000|1.000000
m60_51_43_00-AEG006_001_2000|13|64.371651|344.249939|150.892303|0.000000|130.000000|0.000000|1.000000|1.000000|1.000000
m60_51_43_00-AEG006_001_2001|13|64.371651|344.249939|150.892303|0.000000|-139.999954|0.000000|1.000000|1.000000|1.000000
m60_51_43_00-AEG006_001_2002|13|64.371651|344.249939|150.892303|0.000000|40.000019|0.000000|1.000000|1.000000|1.000000
m60_51_43_00-AEG006_001_2003|13|64.371651|344.249939|150.892303|0.000000|-50.000000|0.000000|1.000000|1.000000|1.000000
m60_51_43_00-AEG006_002_2000|13|64.371651|344.249939|150.892303|0.000000|-50.000000|0.000000|1.000000|1.000000|1.000000
m60_51_43_00-AEG006_002_2001|13|64.371651|344.249939|150.892303|0.000000|130.000000|0.000000|1.000000|1.000000|1.000000
m60_51_43_00-AEG006_002_2002|13|64.371651|344.249939|150.892303|0.000000|40.000019|0.000000|1.000000|1.000000|1.000000
m60_51_43_00-AEG006_002_2003|13|64.371651|344.249939|150.892303|0.000000|-139.999954|0.000000|1.000000|1.000000|1.000000
m60_51_43_00-AEG006_003_2000|13|64.371651|344.249939|150.892303|0.000000|-139.999954|0.000000|1.000000|1.000000|1.000000
m60_51_43_00-AEG006_003_2001|13|64.371651|344.249939|150.892303|0.000000|40.000019|0.000000|1.000000|1.000000|1.000000
m60_51_43_00-AEG006_003_2002|13|64.371651|344.249939|150.892303|0.000000|-50.000000|0.000000|1.000000|1.000000|1.000000
m60_51_43_00-AEG006_003_2007|13|64.371651|344.249939|150.892303|0.000000|130.000000|0.000000|1.000000|1.000000|1.000000
m60_51_43_00-AEG006_004_2001|13|64.371643|344.250000|150.892303|0.000000|-50.000000|0.000000|1.000000|1.000000|1.000000
m60_51_43_00-AEG006_005_2003|13|91.566216|344.249939|128.073349|0.000000|-50.000000|0.000000|1.000000|1.000000|1.000000
m60_51_43_00-AEG006_015_2000|13|53.963509|231.346466|147.874146|0.000000|5.000000|0.000000|1.000000|1.000000|1.000000
m60_51_43_00-AEG006_015_2001|13|53.963509|231.346466|147.874146|0.000000|-107.500031|0.000000|1.000000|1.000000|1.000000
m60_51_43_00-AEG006_015_2002|13|53.963509|231.346466|147.874146|0.000000|-130.000015|0.000000|1.000000|1.000000|1.000000
m60_51_43_00-AEG006_015_2003|13|53.963509|231.346466|147.874146|0.000000|-152.500015|0.000000|1.000000|1.000000|1.000000
m60_51_43_00-AEG006_015_2004|13|53.963509|231.346466|147.874146|0.000000|-175.000015|0.000000|1.000000|1.000000|1.000000
m60_51_43_00-AEG006_015_2005|13|53.963509|231.346466|147.874146|0.000000|162.499969|0.000000|1.000000|1.000000|1.000000
m60_51_43_00-AEG006_015_2006|13|53.963509|231.346466|147.874146|0.000000|139.999954|0.000000|1.000000|1.000000|1.000000
m60_51_43_00-AEG006_015_2007|13|53.963509|231.346466|147.874146|0.000000|117.499962|0.000000|1.000000|1.000000|1.000000
m60_51_43_00-AEG006_015_2008|13|53.963509|231.346466|147.874146|0.000000|94.999947|0.000000|1.000000|1.000000|1.000000
m60_51_43_00-AEG006_015_2009|13|53.963509|231.346466|147.874146|0.000000|72.499939|0.000000|1.000000|1.000000|1.000000
m60_51_43_00-AEG006_015_2010|13|53.963509|231.346466|147.874146|0.000000|49.999924|0.000000|1.000000|1.000000|1.000000
m60_51_43_00-AEG006_015_2011|13|53.963509|231.346466|147.874146|0.000000|27.499912|0.000000|1.000000|1.000000|1.000000
m60_51_43_00-AEG006_016_2000|13|53.963509|231.346466|147.874146|0.000000|-107.500023|0.000000|1.000000|1.000000|1.000000
m60_51_43_00-AEG006_016_2001|13|53.963509|231.346466|147.874146|0.000000|-130.000015|0.000000|1.000000|1.000000|1.000000
m60_51_43_00-AEG006_016_2002|13|53.963509|231.346466|147.874146|0.000000|-152.500015|0.000000|1.000000|1.000000|1.000000
m60_51_43_00-AEG006_016_2003|13|53.963509|231.346466|147.874146|0.000000|-175.000015|0.000000|1.000000|1.000000|1.000000
m60_51_43_00-AEG006_016_2004|13|53.963509|231.346466|147.874146|0.000000|162.499969|0.000000|1.000000|1.000000|1.000000
m60_51_43_00-AEG006_016_2005|13|53.963509|231.346466|147.874146|0.000000|139.999954|0.000000|1.000000|1.000000|1.000000
m60_51_43_00-AEG006_016_2006|13|53.963509|231.346466|147.874146|0.000000|117.499962|0.000000|1.000000|1.000000|1.000000
m60_51_43_00-AEG006_016_2007|13|53.963509|231.346466|147.874146|0.000000|94.999947|0.000000|1.000000|1.000000|1.000000
m60_51_43_00-AEG006_016_2008|13|53.963509|231.346466|147.874146|0.000000|72.499939|0.000000|1.000000|1.000000|1.000000
m60_51_43_00-AEG006_016_2009|13|53.963509|231.346466|147.874146|0.000000|49.999924|0.000000|1.000000|1.000000|1.000000
m60_51_43_00-AEG006_016_2010|13|53.963509|231.346466|147.874146|0.000000|27.499912|0.000000|1.000000|1.000000|1.000000
m60_51_43_00-AEG006_016_2011|13|53.963509|231.346466|147.874146|0.000000|4.999908|0.000000|1.000000|1.000000|1.000000
m60_51_43_00-AEG006_018_2000|13|53.963509|231.346466|147.874146|0.000000|27.499912|0.000000|1.000000|1.000000|1.000000
m60_51_43_00-AEG006_018_2002|13|53.963509|231.346466|147.874146|0.000000|-152.500137|0.000000|1.000000|1.000000|1.000000
m60_51_43_00-AEG006_018_2003|13|53.963509|231.346466|147.874146|0.000000|-175.000137|0.000000|1.000000|1.000000|1.000000
m60_51_43_00-AEG006_018_2004|13|53.963509|231.346466|147.874146|0.000000|162.499863|0.000000|1.000000|1.000000|1.000000
m60_51_43_00-AEG006_018_2005|13|53.963509|231.346466|147.874146|0.000000|139.999832|0.000000|1.000000|1.000000|1.000000
m60_51_43_00-AEG006_018_2006|13|53.963509|231.346466|147.874146|0.000000|117.499840|0.000000|1.000000|1.000000|1.000000
m60_51_43_00-AEG006_018_2007|13|53.963509|231.346466|147.874146|0.000000|94.999817|0.000000|1.000000|1.000000|1.000000
m60_51_43_00-AEG006_018_2008|13|53.963509|231.346466|147.874146|0.000000|72.499817|0.000000|1.000000|1.000000|1.000000
m60_51_43_00-AEG006_018_2009|13|53.963509|231.346466|147.874146|0.000000|49.999817|0.000000|1.000000|1.000000|1.000000
m60_51_43_00-AEG006_019_2002|13|53.963509|231.346466|147.874146|0.000000|-152.500015|0.000000|1.000000|1.000000|1.000000
m60_51_43_00-AEG006_019_2003|13|53.963509|231.346466|147.874146|0.000000|-175.000015|0.000000|1.000000|1.000000|1.000000
m60_51_43_00-AEG006_019_2004|13|53.963509|231.346466|147.874146|0.000000|162.499969|0.000000|1.000000|1.000000|1.000000
m60_51_43_00-AEG006_019_2005|13|53.963509|231.346466|147.874146|0.000000|139.999954|0.000000|1.000000|1.000000|1.000000
m60_51_43_00-AEG006_019_2006|13|53.963509|231.346466|147.874146|0.000000|117.499962|0.000000|1.000000|1.000000|1.000000
m60_51_43_00-AEG006_019_2007|13|53.963509|231.346466|147.874146|0.000000|94.999947|0.000000|1.000000|1.000000|1.000000
m60_51_43_00-AEG006_019_2008|13|53.963509|231.346466|147.874146|0.000000|72.499939|0.000000|1.000000|1.000000|1.000000
m60_51_43_00-AEG006_019_2009|13|53.963509|231.346466|147.874146|0.000000|49.999924|0.000000|1.000000|1.000000|1.000000
m60_51_43_00-AEG006_019_2010|13|53.963509|231.346466|147.874146|0.000000|27.499912|0.000000|1.000000|1.000000|1.000000
m60_51_43_00-AEG006_021_2109|13|62.797821|345.250122|158.739960|0.000000|39.999996|0.000000|1.000000|1.000000|1.000000
m60_51_43_00-AEG006_021_2110|13|78.118729|345.250122|145.884216|0.000000|-20.000010|0.000000|1.000000|1.000000|1.000000
m60_51_43_00-AEG006_021_2114|13|85.779160|345.250122|139.456345|0.000000|39.999977|0.000000|1.000000|1.000000|1.000000
m60_51_43_00-AEG006_021_2115|13|70.458252|345.250122|152.312088|0.000000|-80.000008|0.000000|1.000000|1.000000|1.000000
m60_51_43_00-AEG006_021_2126|13|79.351288|345.250122|131.795898|0.000000|40.000004|0.000000|1.000000|1.000000|1.000000
m60_51_43_00-AEG006_021_2127|13|71.690842|345.250122|138.223785|0.000000|-140.000015|0.000000|1.000000|1.000000|1.000000
m60_51_43_00-AEG006_021_2128|13|64.030380|345.250122|144.651642|0.000000|-20.000013|0.000000|1.000000|1.000000|1.000000
m60_51_43_00-AEG006_021_2129|13|56.369942|345.250122|151.079514|0.000000|-20.000010|0.000000|1.000000|1.000000|1.000000
m60_51_43_00-AEG006_022_2108|13|92.823349|353.750122|140.072647|-0.000000|40.000008|-0.000017|1.000000|1.000000|1.000000
m60_51_43_00-AEG006_022_2109|13|85.162903|353.750122|146.500534|-0.000000|40.000008|-0.000017|1.000000|1.000000|1.000000
m60_51_43_00-AEG006_022_2110|13|77.502457|353.750122|152.928406|-0.000000|40.000008|-0.000017|1.000000|1.000000|1.000000
m60_51_43_00-AEG006_022_2111|13|69.842018|353.750122|159.356293|-0.000000|40.000008|-0.000017|1.000000|1.000000|1.000000
m60_51_43_00-AEG006_022_2112|13|62.181572|353.750122|165.784164|-0.000000|40.000008|-0.000017|1.000000|1.000000|1.000000
m60_51_43_00-AEG006_022_2113|13|49.325821|353.750122|150.463272|-0.000000|40.000008|-0.000017|1.000000|1.000000|1.000000
m60_51_43_00-AEG006_022_2114|13|56.986267|353.750122|144.035400|-0.000000|40.000008|-0.000017|1.000000|1.000000|1.000000
m60_51_43_00-AEG006_022_2115|13|79.967590|353.750122|124.751762|-0.000000|40.000008|-0.000017|1.000000|1.000000|1.000000
m60_51_43_00-AEG006_022_2116|13|64.646706|353.750122|137.607513|-0.000000|40.000008|-0.000017|1.000000|1.000000|1.000000
m60_51_43_00-AEG006_022_2117|13|72.307144|353.750122|131.179642|-0.000000|40.000008|-0.000017|1.000000|1.000000|1.000000
m60_51_43_00-AEG006_022_2118|13|55.753700|353.750153|158.123718|-0.000000|40.000008|-0.000017|1.000000|1.000000|1.000000
m60_51_43_00-AEG006_022_2119|13|63.414146|353.750153|151.695847|-0.000000|40.000008|-0.000017|1.000000|1.000000|1.000000
m60_51_43_00-AEG006_022_2120|13|86.395462|353.750122|132.412216|-0.000000|40.000008|-0.000017|1.000000|1.000000|1.000000
m60_51_43_00-AEG006_022_2121|13|71.074585|353.750153|145.267960|-0.000000|40.000008|-0.000017|1.000000|1.000000|1.000000
m60_51_43_00-AEG006_022_2122|13|78.735023|353.750122|138.840088|-0.000000|40.000008|-0.000017|1.000000|1.000000|1.000000
m60_51_43_00-AEG006_023_2000|13|36.794029|344.249939|174.032654|0.000000|130.000000|0.000000|1.000000|1.000000|1.000000
m60_51_43_00-AEG006_023_2001|13|87.512001|344.249939|178.469910|0.000000|-139.999985|0.000000|1.000000|1.000000|1.000000
m60_51_43_00-AEG006_023_2002|13|41.552681|344.249939|123.697739|0.000000|40.000019|0.000000|1.000000|1.000000|1.000000
m60_51_43_00-AEG006_024_2002|13|74.185081|342.514771|94.720917|-0.000000|-45.000004|-0.000000|1.000000|1.000000|1.000000
m60_51_43_00-AEG006_024_2005|13|155.120819|309.630219|58.738930|0.000000|-32.910313|-5.012042|1.000000|1.000000|1.000000
m60_51_43_00-AEG006_024_2013|13|102.519127|330.502594|74.264999|-0.021407|-33.918266|-0.015351|1.000000|1.000000|1.000000
m60_51_43_00-AEG006_024_2035|13|149.010971|341.389343|144.717819|-0.000000|-60.000004|-0.000000|1.000000|1.000000|1.000000
m60_51_43_00-AEG006_024_2036|13|158.918030|341.449280|170.117981|-0.000000|25.000004|0.000000|1.000000|1.000000|1.000000
m60_51_43_00-AEG006_024_2037|13|172.779129|326.252075|115.462410|-0.000000|-65.000061|0.000000|1.000000|1.000000|1.000000
m60_51_43_00-AEG006_024_2038|13|236.161346|315.840942|137.604309|-0.000000|-60.000031|-0.000000|1.000000|1.000000|1.000000
m60_51_43_00-AEG006_024_2040|13|247.268890|307.229614|110.010201|-0.000000|-65.000031|0.000000|1.000000|1.000000|1.000000
m60_51_43_00-AEG006_024_2041|13|222.169785|304.147400|85.457092|-0.000000|93.999969|0.000000|1.000000|1.000000|1.000000
m60_51_43_00-AEG006_024_2042|13|200.951355|319.282715|116.446121|-0.000000|-74.000038|0.000000|1.000000|1.000000|1.000000
m60_51_43_00-AEG006_024_2043|13|198.391998|331.589020|145.882156|-0.000000|-80.000038|0.000000|1.000000|1.000000|1.000000
m60_51_43_00-AEG006_024_2044|13|240.118668|294.260010|44.712578|-0.000000|179.999969|0.000000|1.000000|1.000000|1.000000
m60_51_43_00-AEG006_024_2045|13|100.690140|310.394928|46.450623|0.160673|-7.910319|-5.012042|1.000000|1.000000|1.000000
m60_51_43_00-AEG006_024_2047|13|138.722031|297.271881|18.976616|2.403489|33.887741|-12.024623|1.000000|1.000000|1.000000
m60_51_43_00-AEG006_024_2049|13|141.731873|342.041565|170.750687|-0.000000|139.766251|0.000000|1.000000|1.000000|1.000000
m60_51_43_00-AEG006_025_2002|13|99.242966|330.310486|71.891418|0.000000|-25.537899|0.000000|1.000000|1.000000|1.000000
m60_51_43_00-AEG006_025_2003|13|149.651947|310.300629|60.013222|0.000000|-21.999994|0.000000|1.000000|1.000000|1.000000
m60_51_43_00-AEG006_025_2010|13|87.521744|337.781189|92.260941|0.000000|-59.999969|0.000000|1.000000|1.000000|1.000000
m60_51_43_00-AEG006_025_2027|13|48.828659|341.000000|77.234306|0.000000|-34.999973|0.000000|1.000000|1.000000|1.000000
m60_51_43_00-AEG006_025_2028|13|69.414978|335.360840|63.491821|0.000000|-94.999992|0.000000|1.000000|1.000000|1.000000
m60_51_43_00-AEG006_025_2041|13|188.038437|314.002563|97.304688|0.000000|-12.000026|0.000000|1.000000|1.000000|1.000000
m60_51_43_00-AEG006_025_2042|13|231.773193|314.985687|141.769073|0.000000|-94.999992|0.000000|1.000000|1.000000|1.000000
m60_51_43_00-AEG006_025_2044|13|242.121643|306.671265|107.205627|0.000000|-56.000023|0.000000|1.000000|1.000000|1.000000
m60_51_43_00-AEG006_025_2045|13|233.429901|301.191254|80.526115|0.000000|-63.000034|0.000000|1.000000|1.000000|1.000000
m60_51_43_00-AEG006_025_2046|13|195.809692|329.795349|141.578003|0.000000|-70.999985|0.000000|1.000000|1.000000|1.000000
m60_51_43_00-AEG006_025_2047|13|93.365669|308.163269|42.085884|0.000000|-55.000004|0.000000|1.000000|1.000000|1.000000
m60_51_43_00-AEG006_025_2048|13|111.064316|310.715790|55.113640|-1.926004|-29.868423|-0.239193|1.000000|1.000000|1.000000
m60_51_43_00-AEG006_025_2049|13|139.496857|291.921906|-0.029984|10.285526|-128.353027|3.920938|1.000000|1.000000|1.000000
m60_51_43_00-AEG006_025_2052|13|149.680359|341.601715|168.195068|0.000000|104.766281|0.000000|1.000000|1.000000|1.000000
m60_51_43_00-AEG006_025_2055|13|125.418381|323.290558|74.235878|0.000000|-40.537895|0.000000|1.000000|1.000000|1.000000
m60_51_43_00-AEG006_068_2000|13|236.393280|294.192230|41.835434|0.000000|139.000000|0.000000|1.000000|1.000000|1.000000
m60_51_43_00-AEG006_068_2001|13|243.915802|306.507233|103.897461|0.000000|-40.000019|0.000000|1.000000|1.000000|1.000000
m60_51_43_00-AEG006_068_2002|13|219.192490|301.980530|72.517029|0.000000|105.999954|0.000000|1.000000|1.000000|1.000000
m60_51_43_00-AEG006_068_2004|13|232.156036|315.840942|133.109283|0.000000|-35.000042|0.000000|1.000000|1.000000|1.000000
m60_51_43_00-AEG006_068_2005|13|200.964127|317.588531|113.295410|0.000000|-70.000038|0.000000|1.000000|1.000000|1.000000
m60_51_43_00-AEG006_068_2006|13|176.865829|325.296539|115.152191|0.000000|93.999962|0.000000|1.000000|1.000000|1.000000
m60_51_43_00-AEG006_068_2007|13|190.123489|330.445343|137.293686|0.000000|-30.000051|0.000000|1.000000|1.000000|1.000000
m60_51_43_00-AEG006_068_2009|13|170.634033|342.782135|171.291031|0.000000|-20.000021|0.000000|1.000000|1.000000|1.000000
m60_51_43_00-AEG006_068_2010|13|123.876190|342.273773|154.773788|0.000000|-35.000019|0.000000|1.000000|1.000000|1.000000
m60_51_43_00-AEG006_068_2011|13|147.021332|342.041565|173.626343|0.000000|164.766235|0.000000|1.000000|1.000000|1.000000
m60_51_43_00-AEG006_068_2013|13|149.526611|309.406494|56.573059|2.268033|-7.828764|-4.473562|1.000000|1.000000|1.000000
m60_51_43_00-AEG006_068_2015|13|119.059288|294.666840|-1.160202|2.408598|-2.363191|-11.016246|1.000000|1.000000|1.000000
m60_51_43_00-AEG006_068_2016|13|105.175232|309.898865|47.672302|2.757757|23.648312|-4.189800|1.000000|1.000000|1.000000
m60_51_43_00-AEG006_068_2017|13|119.196228|309.620361|48.633743|-1.690611|51.813107|-5.616245|1.000000|1.000000|1.000000
m60_51_43_00-AEG006_068_2018|13|160.777069|311.285614|67.889824|0.000000|-58.180939|0.000000|1.000000|1.000000|1.000000
m60_51_43_00-AEG006_068_2019|13|94.379349|328.722534|70.669647|0.000000|22.081757|0.000000|1.000000|1.000000|1.000000
m60_51_43_00-AEG006_068_2020|13|71.984306|336.735229|67.342308|0.000000|-57.918358|0.000000|1.000000|1.000000|1.000000
m60_51_43_00-AEG006_068_2021|13|78.925522|340.960663|91.625763|0.000000|-35.000019|0.000000|1.000000|1.000000|1.000000
m60_51_43_00-AEG006_069_2000|13|244.759964|293.242737|41.458252|0.000000|-123.999802|0.000000|1.000000|1.000000|1.000000
m60_51_43_00-AEG006_069_2001|13|254.047791|305.607727|105.408691|0.000000|-48.999809|0.000000|1.000000|1.000000|1.000000
m60_51_43_00-AEG006_069_2002|13|221.972565|302.701538|77.535713|0.000000|111.000206|0.000000|1.000000|1.000000|1.000000
m60_51_43_00-AEG006_069_2004|13|240.008896|317.874237|142.947617|0.000000|-79.999802|0.000000|1.000000|1.000000|1.000000
m60_51_43_00-AEG006_069_2005|13|203.930756|320.237915|119.321342|0.000000|-42.999794|0.000000|1.000000|1.000000|1.000000
m60_51_43_00-AEG006_069_2006|13|176.303055|323.540985|111.711700|0.000000|-100.999847|0.000000|1.000000|1.000000|1.000000
m60_51_43_00-AEG006_069_2007|13|196.951996|332.125916|150.888138|0.000000|-74.999809|0.000000|1.000000|1.000000|1.000000
m60_51_43_00-AEG006_069_2009|13|167.389618|341.449280|170.054916|0.000000|15.000229|0.000000|1.000000|1.000000|1.000000
m60_51_43_00-AEG006_069_2010|13|152.858536|342.041565|150.061111|0.000000|-79.999771|0.000000|1.000000|1.000000|1.000000
m60_51_43_00-AEG006_069_2011|13|136.304001|342.041565|167.023392|0.000000|119.766479|0.000000|1.000000|1.000000|1.000000
m60_51_43_00-AEG006_069_2012|13|144.251221|340.151550|142.521652|0.000000|-19.999783|0.000000|1.000000|1.000000|1.000000
m60_51_43_00-AEG006_069_2013|13|160.958633|309.059723|61.730408|-1.567218|-52.982323|-4.764010|1.000000|1.000000|1.000000
m60_51_43_00-AEG006_069_2015|13|154.301331|296.520844|15.792549|-7.737558|-31.722025|-1.226332|1.000000|1.000000|1.000000
m60_51_43_00-AEG006_069_2016|13|96.153503|307.485687|38.221649|-4.691741|-120.395607|1.772106|1.000000|1.000000|1.000000
m60_51_43_00-AEG006_069_2017|13|109.223022|310.503693|52.646118|-3.733434|-41.819931|-3.367530|1.000000|1.000000|1.000000
m60_51_43_00-AEG006_069_2018|13|136.471558|307.832367|47.479660|0.000000|-45.430771|0.000000|1.000000|1.000000|1.000000
m60_51_43_00-AEG006_069_2019|13|95.822968|330.819031|69.740097|0.000000|-49.918030|0.000000|1.000000|1.000000|1.000000
m60_51_43_00-AEG006_069_2021|13|72.672279|341.442749|89.852737|0.000000|-79.999771|0.000000|1.000000|1.000000|1.000000
m60_51_43_00-AEG006_070_2000|13|251.881683|307.422180|115.185448|0.000000|-40.000076|-0.000000|1.000000|1.000000|1.000000
m60_51_43_00-AEG006_070_2001|13|229.781006|304.885773|91.437195|0.000000|-61.000065|-0.000000|1.000000|1.000000|1.000000
m60_51_43_00-AEG006_070_2002|13|238.434738|317.911591|146.218872|0.000000|-35.000042|0.000000|1.000000|1.000000|1.000000
m60_51_43_00-AEG006_070_2003|13|191.031647|332.981781|150.497406|0.000000|-30.000025|-0.000000|1.000000|1.000000|1.000000
m60_51_43_00-AEG006_070_2004|13|179.068604|317.493042|100.867500|-0.000000|23.999960|-0.000000|1.000000|1.000000|1.000000
m60_51_43_00-AEG006_070_2006|13|155.096191|341.009430|170.751541|-0.000000|-0.000050|-0.000000|1.000000|1.000000|1.000000
m60_51_43_00-AEG006_070_2007|13|141.906464|341.601715|166.260269|-0.000000|164.766251|-0.000000|1.000000|1.000000|1.000000
m60_51_43_00-AEG006_070_2008|13|147.328079|341.601715|148.884613|0.000000|-35.000050|-0.000000|1.000000|1.000000|1.000000
m60_51_43_00-AEG006_070_2009|13|119.329895|341.734741|153.697433|0.000000|-55.000023|0.000000|1.000000|1.000000|1.000000
m60_51_43_00-AEG006_070_2010|13|155.818115|310.300629|65.883621|0.000000|-20.000051|-0.000000|1.000000|1.000000|1.000000
m60_51_43_00-AEG006_070_2012|13|116.115364|310.727966|56.358337|-3.154435|15.253371|-2.789587|1.000000|1.000000|1.000000
m60_51_43_00-AEG006_070_2013|13|145.424423|296.249695|16.802536|-0.000000|19.999947|0.000000|1.000000|1.000000|1.000000
m60_51_43_00-AEG006_070_2016|13|95.608398|309.300537|46.737427|0.000000|-45.000061|0.000000|1.000000|1.000000|1.000000
m60_51_43_00-AEG006_070_2017|13|91.254669|337.851898|96.484848|-0.000000|0.000005|0.000000|1.000000|1.000000|1.000000
m60_51_43_00-AEG006_070_2018|13|62.157516|340.074280|70.557205|0.000000|-64.999977|0.000000|1.000000|1.000000|1.000000
m60_51_43_00-AEG006_070_2019|13|66.094635|341.000000|94.583496|-0.000000|9.999969|0.000000|1.000000|1.000000|1.000000
m60_51_43_00-AEG006_070_2023|13|121.392273|324.456451|74.430061|-0.000000|-44.999996|0.000000|1.000000|1.000000|1.000000
m60_51_43_00-AEG006_078_2000|13|94.821892|344.249939|125.341476|0.000000|-49.999958|0.000000|1.000000|1.000000|1.000000
m60_51_43_00-AEG006_079_2000|13|110.142776|344.249939|112.485710|0.000000|-49.999958|0.000000|1.000000|1.000000|1.000000
m60_51_43_00-AEG006_080_2000|13|-16.163223|189.532654|202.350830|0.000000|127.750000|0.000000|1.000000|1.000000|1.000000
m60_51_43_00-AEG006_083_2000|13|94.821892|344.249939|125.341476|0.000000|-49.999958|0.000000|1.000000|1.000000|1.000000
m60_51_43_00-AEG007_223_1000|13|2.332420|285.347015|157.032776|0.000000|0.000000|0.000000|1.000000|1.000000|1.000000
m60_51_43_00-AEG007_223_1001|13|1.146629|285.347015|152.842453|0.000000|147.000015|0.000000|1.000000|1.000000|1.000000
m60_51_43_00-AEG007_223_1002|13|1.985680|285.347015|147.932114|0.000000|-19.000006|0.000000|1.000000|1.000000|1.000000
m60_51_43_00-AEG007_223_1003|13|2.310402|284.578156|125.277054|10.710885|-176.247726|-21.038889|1.000000|1.000000|1.000000
m60_51_43_00-AEG007_223_1004|13|6.060600|284.173187|116.938820|-18.744204|95.245155|-13.183413|1.000000|1.000000|1.000000
m60_51_43_00-AEG007_223_1005|13|-1.178574|283.871643|131.168274|13.389577|-48.191032|23.082464|1.000000|1.000000|1.000000
m60_51_43_00-AEG007_223_1006|13|14.829636|284.416809|106.950233|11.725771|-74.042061|26.000483|1.000000|1.000000|1.000000
m60_51_43_00-AEG007_223_1007|13|13.583374|284.422699|108.384468|8.472659|-65.146057|26.517445|1.000000|1.000000|1.000000
m60_51_43_00-AEG007_223_1008|13|22.219482|282.895325|97.864532|-18.009676|74.011292|-16.895023|1.000000|1.000000|1.000000
m60_51_43_00-AEG007_223_1009|13|9.187401|285.604126|121.593201|0.028223|-27.693636|5.838638|1.000000|1.000000|1.000000
m60_51_43_00-AEG007_223_1010|13|87.681923|283.695557|194.692139|-2.202607|146.998398|28.526262|1.000000|1.000000|1.000000
m60_51_43_00-AEG007_223_1011|13|96.285347|282.152618|192.661346|-10.551967|-85.966019|-13.723305|1.000000|1.000000|1.000000
m60_51_43_00-AEG007_223_1012|13|106.534958|281.123718|185.420105|4.851893|115.600227|16.572578|1.000000|1.000000|1.000000
m60_51_43_00-AEG007_223_1013|13|31.213402|196.466705|72.434845|-34.602383|30.220308|-5.325828|1.000000|1.000000|1.000000
m60_51_43_00-AEG007_223_1014|13|117.938126|234.680695|188.577652|-22.363008|-154.794724|12.461682|1.000000|1.000000|1.000000
m60_51_43_00-AEG007_223_1015|13|116.395004|193.372421|205.107971|-7.030756|155.546967|24.047020|1.000000|1.000000|1.000000
m60_51_43_00-AEG030_218_2000|13|107.958344|355.812012|146.189926|0.000000|-50.000015|0.000000|1.000000|1.000000|1.000000
m60_51_43_00-AEG030_218_2001|13|75.759354|352.592957|106.719330|0.000000|-50.000015|0.000000|1.000000|1.000000|1.000000
m60_51_43_00-AEG100_008_1000|13|101.477890|342.513458|172.946869|-0.263946|28.165915|4.703897|1.000000|1.000000|1.000000
m60_51_43_00-AEG100_008_1001|13|52.676804|344.409851|191.877716|-12.754255|-172.926849|-20.667509|1.000000|1.000000|1.000000
m60_51_43_00-AEG100_008_1002|13|56.369591|343.373352|196.246246|-12.285704|-166.019531|-7.218473|1.000000|1.000000|1.000000
m60_51_43_00-AEG100_008_1003|13|71.369606|341.520264|192.649536|11.261724|41.014248|9.972979|1.000000|1.000000|1.000000
m60_51_43_00-AEG100_008_1004|13|24.117363|341.858459|135.485870|-11.431325|-117.503601|11.073681|1.000000|1.000000|1.000000
m60_51_43_00-AEG100_008_1005|13|43.916328|341.858459|114.365463|0.000000|60.000004|0.000000|1.000000|1.000000|1.000000
m60_51_43_00-AEG100_008_1006|13|19.106194|341.933167|159.482651|25.000004|-49.499985|0.000000|1.000000|1.000000|1.000000
m60_51_43_00-AEG100_008_1007|13|35.793945|341.169739|177.514862|0.000000|-55.500008|0.000000|1.000000|1.000000|1.000000
m60_51_43_00-AEG100_008_1008|13|18.556389|344.919830|145.744812|-16.658602|141.434998|-21.497141|1.000000|1.000000|1.000000
m60_51_43_00-AEG100_008_1009|13|53.435646|343.142395|107.399269|-4.999999|29.999998|0.000000|1.000000|1.000000|1.000000
m60_51_43_00-AEG100_008_1010|13|19.884338|345.907532|140.959167|-33.585087|34.672531|10.486197|1.000000|1.000000|1.000000
m60_51_43_00-AEG100_008_1011|13|28.693428|341.858459|124.468002|0.000000|34.999996|0.000000|1.000000|1.000000|1.000000
m60_51_43_00-AEG100_008_1012|13|114.176476|343.388000|164.403442|-7.761601|-85.018280|-2.511369|1.000000|1.000000|1.000000
m60_51_43_00-AEG100_008_1013|13|66.500069|341.858459|99.943832|0.000000|34.999996|0.000000|1.000000|1.000000|1.000000
