m375000_0000|0|0.000000|0.000000|0.000000|0.000000|0.000000|0.000000|1.000000|1.000000|1.000000
m375001_0000|0|0.000000|0.000000|0.000000|0.000000|0.000000|0.000000|1.000000|1.000000|1.000000
c4200_9000|2|118.557999|241.806000|148.026993|0.000000|135.488998|0.000000|1.000000|1.000000|1.000000
c4200_9001|2|102.373001|241.753998|149.772003|0.000000|-100.334999|0.000000|1.000000|1.000000|1.000000
c4200_9002|2|73.283997|245.712006|2.749000|0.000000|1.350000|0.000000|1.000000|1.000000|1.000000
c4200_9003|2|102.160004|241.089005|146.473999|0.000000|-117.342003|0.000000|1.000000|1.000000|1.000000
c4200_9004|2|84.926003|241.177002|4.935000|0.000000|26.923000|0.000000|1.000000|1.000000|1.000000
c4200_9005|2|66.017998|242.380005|-4.243000|0.000000|-42.818001|0.000000|1.000000|1.000000|1.000000
c4200_9006|2|69.264000|244.113007|1.250000|0.000000|-17.039000|0.000000|1.000000|1.000000|1.000000
c4441_9000|2|-37.905998|237.406998|-13.662000|-0.000000|-146.740005|0.568000|1.000000|1.000000|1.000000
c4441_9001|2|70.522003|237.382996|46.851002|0.000000|-146.740005|0.000000|1.000000|1.000000|1.000000
c4441_9002|2|82.866997|237.382004|79.568001|0.000000|-116.739998|0.000000|1.000000|1.000000|1.000000
c4441_9003|2|66.702003|238.147003|65.543999|-0.002000|-121.411003|-0.002000|1.000000|1.000000|1.000000
c4441_9004|2|85.667000|237.380005|59.652000|0.000000|-91.739998|0.000000|1.000000|1.000000|1.000000
c4441_9005|2|-66.522003|238.740005|-70.262001|-2.694000|-146.901993|-6.868000|1.000000|1.000000|1.000000
c4441_9006|2|-77.286003|237.473999|-52.562000|1.989000|165.537994|1.349000|1.000000|1.000000|1.000000
c4441_9007|2|-78.572998|240.108994|-89.640999|-1.898000|-146.953995|-12.860000|1.000000|1.000000|1.000000
c6010_9000|2|-111.635696|396.141479|69.343002|-2.590000|-50.025002|0.000000|1.000000|1.000000|1.000000
c6010_9001|2|-81.635002|374.601990|-25.513000|-4.465000|-1.561000|4.095000|1.000000|1.000000|1.000000
c6010_9002|2|-59.510475|387.811218|35.032391|-4.914000|-24.962000|0.000000|1.000000|1.000000|1.000000
c6060_9000|2|-22.273401|343.598419|-121.090805|-6.383000|87.195999|0.000000|1.000000|1.000000|1.000000
c6060_9001|2|-26.052401|343.682526|-120.341805|-7.011000|78.668999|-0.000000|1.000000|1.000000|1.000000
c6060_9002|2|-23.089401|343.678619|-119.480804|-7.366000|77.899002|0.000000|1.000000|1.000000|1.000000
c6060_9003|2|-23.958401|343.555603|-122.061806|-5.348000|97.696999|-0.000000|1.000000|1.000000|1.000000
c6060_9008|2|86.639999|349.581360|-80.466003|-1.596000|87.195999|0.000000|1.000000|1.000000|1.000000
c6060_9009|2|79.903999|348.463318|-69.615997|-0.000000|78.668999|0.000000|1.000000|1.000000|1.000000
c6060_9010|2|82.878998|348.841553|-68.750999|-0.730000|77.899002|0.000000|1.000000|1.000000|1.000000
c6060_9011|2|82.010002|348.728790|-71.332001|-0.463000|97.696999|0.000000|1.000000|1.000000|1.000000
h375000|5|0.000000|0.000000|0.000000|0.000000|0.000000|0.000000|1.000000|1.000000|1.000000
h375001|5|0.000000|0.000000|0.000000|0.000000|0.000000|0.000000|1.000000|1.000000|1.000000
h375050|5|0.000000|0.000000|0.000000|0.000000|0.000000|0.000000|1.000000|1.000000|1.000000
h375051|5|0.000000|0.000000|0.000000|0.000000|0.000000|0.000000|1.000000|1.000000|1.000000
h375052|5|0.000000|0.000000|0.000000|0.000000|0.000000|0.000000|1.000000|1.000000|1.000000
h375053|5|0.000000|0.000000|0.000000|0.000000|0.000000|0.000000|1.000000|1.000000|1.000000
AEG099_060_9000|9|-96.369003|237.942993|-99.524002|0.000000|-158.628998|0.000000|1.000000|1.000000|1.000000
h375001_0000|11|0.000000|0.000000|0.000000|0.000000|0.000000|0.000000|1.000000|1.000000|1.000000
AEG001_290_7000|13|87.156586|352.252563|-37.249870|-0.034998|96.406670|-2.385188|0.900000|0.900000|0.900000
AEG001_290_7001|13|91.705307|349.703888|-84.003784|4.070055|-73.267921|0.324598|0.900000|0.900000|0.900000
AEG001_290_7002|13|68.300819|346.294617|-57.467777|5.878444|-73.122177|0.894864|0.900000|0.900000|0.900000
AEG001_290_7003|13|-4.652466|343.731598|-111.933365|0.841534|-73.387497|4.901590|1.100000|1.100000|1.100000
AEG001_290_7004|13|122.590485|352.086365|-45.546383|5.461884|-76.485947|1.548213|0.900000|0.900000|0.900000
AEG001_290_7005|13|50.881439|345.589691|-70.254272|3.489598|-72.796013|-1.575170|1.100000|1.100000|1.100000
AEG001_290_7006|13|20.395689|345.508484|-83.153076|-1.335180|-72.776291|-0.159679|1.100000|1.100000|1.100000
AEG001_290_7007|13|3.089687|346.356781|-66.300476|-5.641901|-72.751663|0.153433|0.900000|0.900000|0.900000
AEG001_290_7008|13|48.202568|345.389282|-68.354134|-1.473525|-162.862015|-2.816842|1.100000|1.100000|1.100000
AEG001_290_7009|13|39.464264|345.052856|-67.365738|0.550845|37.174232|2.561867|0.900000|0.900000|0.900000
AEG001_290_7010|13|-66.515709|378.971771|-3.378062|3.598198|-102.987198|13.472330|0.900000|0.900000|0.900000
AEG001_290_7011|13|-86.723839|378.334625|-8.042488|-4.721990|-73.153427|7.457830|1.100000|1.100000|1.100000
AEG001_290_7012|13|-94.670631|375.067444|-23.085457|9.641933|-126.075729|12.897498|0.900000|0.900000|0.900000
AEG001_290_7013|13|-53.318558|375.894165|-20.753670|1.764319|-102.400406|5.837763|1.100000|1.100000|1.100000
AEG001_290_7014|13|48.484642|237.844925|59.665398|0.735311|114.065926|-1.727219|1.000000|1.000000|1.000000
AEG001_290_7015|13|-25.771852|384.826508|33.623287|0.545296|-102.979652|14.294985|0.900000|0.900000|0.900000
AEG001_290_7016|13|-76.224937|382.895172|14.197016|-0.946530|-73.372589|13.642538|1.100000|1.100000|1.100000
AEG001_290_7017|13|49.395084|237.533707|52.480625|-1.068720|128.274063|-1.704378|1.000000|1.000000|1.000000
AEG001_290_7018|13|124.084061|237.861649|78.739517|0.830606|-141.644745|-0.445326|1.000000|1.000000|1.000000
AEG001_290_7019|13|56.231339|237.630707|21.046272|-0.924944|-141.726379|-1.153061|1.000000|1.000000|1.000000
AEG001_290_7020|13|82.204826|348.925598|-127.119629|0.984530|-72.942818|3.229532|0.900000|0.900000|0.900000
AEG001_290_7021|13|83.535507|349.110321|-124.375122|3.525115|-162.874252|-1.144222|1.100000|1.100000|1.100000
AEG001_290_7022|13|119.961517|237.739716|73.379181|-0.015819|-141.717514|-0.089335|1.000000|1.000000|1.000000
AEG001_290_7023|13|111.885971|350.397736|-109.436066|0.781128|-72.927002|2.071187|1.100000|1.100000|1.100000
AEG001_290_7024|13|84.347076|237.667999|100.551514|1.790766|-141.715897|-0.499451|1.000000|1.000000|1.000000
AEG001_290_7025|13|-56.766693|245.494461|-106.368546|3.739446|-73.104675|-6.582176|1.100000|1.100000|1.100000
AEG001_290_7026|13|89.014008|237.722519|98.647202|2.490942|-141.734543|0.359869|1.000000|1.000000|1.000000
AEG001_290_7027|13|94.355286|237.630432|95.932129|-0.186191|-141.739151|2.540093|1.000000|1.000000|1.000000
AEG001_290_7028|13|-62.913795|243.082947|-95.237297|8.535441|-72.645752|-8.795539|0.900000|0.900000|0.900000
AEG001_290_7029|13|124.731689|237.944000|105.924438|-1.589147|128.244308|-2.048696|1.000000|1.000000|1.000000
AEG001_290_7030|13|-66.114655|239.506653|-76.225487|7.620988|-73.033234|-6.071955|0.900000|0.900000|0.900000
AEG001_290_7031|13|108.150955|237.667984|59.481197|0.366426|-62.216316|-1.599795|1.000000|1.000000|1.000000
AEG001_290_7032|13|139.738541|237.735733|55.648579|-0.879693|-163.128479|-2.224269|1.100000|1.100000|1.100000
AEG001_290_7033|13|-64.606201|239.229279|-73.170647|-5.828872|-163.777283|-6.958427|0.900000|0.900000|0.900000
AEG001_290_7034|13|70.837616|237.744507|52.377808|-1.169916|-92.686844|1.258586|1.000000|1.000000|1.000000
AEG001_290_7035|13|108.683746|238.250214|50.333977|0.000000|-141.183548|0.000000|1.000000|1.000000|1.000000
AEG001_290_7036|13|154.057739|238.530731|55.022221|-3.080275|106.838615|-0.407951|0.900000|0.900000|0.900000
AEG001_290_7037|13|67.067513|238.109024|60.108524|0.507510|91.985184|-2.902376|1.000000|1.000000|1.000000
AEG001_290_7038|13|157.648514|239.184479|67.307999|0.607068|78.593536|-4.572948|0.900000|0.900000|0.900000
AEG001_290_7039|13|104.621475|237.628189|58.769405|-5.708038|-141.877579|-4.422078|1.000000|1.000000|1.000000
AEG001_290_7040|13|-59.887547|238.440353|-62.596806|-4.935456|106.659828|3.153990|0.900000|0.900000|0.900000
AEG001_290_7041|13|11.900253|237.488708|31.998888|0.224222|-147.612442|2.767702|1.000000|1.000000|1.000000
AEG001_290_7042|13|160.432938|238.977905|65.473000|-1.043297|-46.251850|0.943440|1.100000|1.100000|1.100000
AEG001_290_7043|13|-91.133278|238.211838|-43.774902|-4.306060|-74.852898|2.809530|1.100000|1.100000|1.100000
AEG001_290_7044|13|123.891495|237.904541|83.071289|1.343334|-141.720764|-0.308908|1.000000|1.000000|1.000000
AEG001_290_7045|13|132.897888|238.514328|85.275391|4.185131|-141.612793|-4.275431|1.000000|1.000000|1.000000
AEG001_290_7046|13|106.064110|239.033646|9.458498|7.687760|-103.254372|-4.052624|0.900000|0.900000|0.900000
AEG001_290_7047|13|-120.297699|237.979996|-79.527832|-2.991840|-74.583748|6.243694|0.900000|0.900000|0.900000
AEG001_290_7048|13|129.490601|237.885620|68.432137|1.666348|-141.819244|0.309490|1.000000|1.000000|1.000000
AEG001_290_7049|13|125.474548|237.990479|93.359978|0.474316|-141.734482|-0.935993|1.000000|1.000000|1.000000
AEG001_290_7050|13|122.191803|237.869232|102.479980|1.069990|-77.264801|-0.122424|1.000000|1.000000|1.000000
AEG001_290_7051|13|104.667519|238.752838|19.650265|9.021231|-104.109787|0.231651|1.000000|1.000000|1.000000
AEG001_290_7052|13|-114.415230|373.812225|-27.965824|6.263611|-117.514618|13.672265|0.900000|0.900000|0.900000
AEG001_290_7053|13|105.059227|238.743179|15.780766|2.906820|-18.033903|8.829959|0.900000|0.900000|0.900000
AEG001_290_7054|13|91.730515|239.232910|-6.150882|-3.795800|166.552002|-0.494289|0.900000|0.900000|0.900000
AEG001_290_7055|13|99.067001|239.423309|-6.522586|0.265667|76.809479|6.560287|0.900000|0.900000|0.900000
AEG001_290_7056|13|-75.665932|380.770508|4.813858|0.844292|107.154564|-13.174821|1.100000|1.100000|1.100000
AEG001_290_7058|13|67.271683|238.906982|2.466429|-5.122417|-126.931297|14.517842|0.900000|0.900000|0.900000
AEG001_290_7059|13|76.734238|238.002884|11.783085|2.453786|-13.178805|-3.454955|1.100000|1.100000|1.100000
AEG001_290_7060|13|105.220337|238.793030|40.182007|-4.097631|166.440613|-1.151797|1.100000|1.100000|1.100000
AEG001_290_7061|13|132.133728|238.035782|45.194950|-0.256842|-103.445084|-3.539459|1.100000|1.100000|1.100000
AEG001_290_7062|13|-84.717926|384.882263|22.362055|5.990729|106.561172|-14.237999|1.100000|1.100000|1.100000
AEG001_290_7063|13|123.014320|238.497787|39.391228|-6.415743|166.847061|2.846632|0.900000|0.900000|0.900000
AEG001_290_7064|13|-60.970924|391.693115|50.353271|13.794005|118.076134|2.469579|0.900000|0.900000|0.900000
AEG001_290_7066|13|126.013916|239.934113|28.145142|0.781810|-70.257408|-10.294350|1.100000|1.100000|1.100000
AEG001_290_7067|13|-109.278679|380.359650|4.474848|3.369113|-105.698128|7.178146|1.100000|1.100000|1.100000
AEG001_290_7068|13|126.945618|237.770142|55.998772|-0.579512|76.480682|-0.065260|0.900000|0.900000|0.900000
AEG001_290_7069|13|45.731686|238.945312|87.806763|4.171278|-153.939072|7.391713|1.100000|1.100000|1.100000
AEG001_290_7070|13|-120.675400|380.043030|5.561892|-1.479091|106.474213|-5.939651|0.900000|0.900000|0.900000
AEG001_290_7071|13|38.312897|239.043365|82.192230|7.560145|117.462616|-1.733299|1.100000|1.100000|1.100000
AEG001_290_7072|13|-117.405441|382.370514|21.354744|-3.879849|106.391533|-11.386098|0.900000|0.900000|0.900000
AEG001_290_7074|13|69.067062|237.910110|102.359764|0.425384|27.896105|-5.670840|1.100000|1.100000|1.100000
AEG001_290_7075|13|59.401760|238.601562|109.454704|-1.219628|-62.402733|-1.755859|1.100000|1.100000|1.100000
AEG001_290_7076|13|-118.266907|391.919708|58.355812|-16.264938|17.516840|2.960614|1.100000|1.100000|1.100000
AEG001_290_7077|13|52.534634|238.995834|105.546989|2.961379|38.473206|-7.117173|1.100000|1.100000|1.100000
AEG001_290_7078|13|-99.315994|392.361267|50.142448|3.661827|-73.634354|19.221218|0.900000|0.900000|0.900000
AEG001_290_7079|13|-119.387085|381.300415|15.962035|8.625681|-156.103027|-2.161907|0.900000|0.900000|0.900000
AEG001_290_7080|13|50.141388|239.716797|113.913681|-10.125850|-62.270084|-1.947495|0.900000|0.900000|0.900000
AEG001_290_7081|13|-112.500473|388.225220|41.934948|-12.417085|17.866026|5.421858|0.900000|0.900000|0.900000
AEG001_290_7082|13|51.822571|238.053391|69.758675|-1.926190|-152.063538|4.727120|1.100000|1.100000|1.100000
AEG001_290_7083|13|-118.229347|385.457855|34.454704|13.382224|-74.107277|17.340509|0.900000|0.900000|0.900000
AEG001_290_7084|13|49.976692|238.153625|75.034798|3.868673|117.682823|2.996242|1.100000|1.100000|1.100000
AEG001_290_7085|13|34.278526|238.573959|70.824074|2.515021|118.049278|-4.430180|1.100000|1.100000|1.100000
AEG001_290_7087|13|125.575668|238.441956|131.747330|-2.136278|17.158421|4.268158|1.100000|1.100000|1.100000
AEG001_290_7088|13|114.459824|237.904572|114.222466|-1.152333|-113.016457|3.291331|1.100000|1.100000|1.100000
AEG001_290_7090|13|-116.441818|378.852600|-6.022582|4.418450|122.762199|-7.170886|1.100000|1.100000|1.100000
AEG001_290_7091|13|122.787773|238.687759|149.860611|4.408942|-119.434181|-3.019133|0.900000|0.900000|0.900000
AEG001_290_7092|13|119.877434|238.419067|148.652100|-4.514050|150.342361|-4.097520|1.100000|1.100000|1.100000
AEG001_290_7093|13|-126.778114|377.914246|-11.770988|2.231177|106.791916|-10.174901|1.100000|1.100000|1.100000
AEG001_290_7095|13|-95.410034|383.136475|14.487687|-15.362765|13.743734|-6.229888|0.900000|0.900000|0.900000
AEG001_290_7096|13|19.502319|238.313004|59.420654|-1.897723|27.512978|-3.913902|0.900000|0.900000|0.900000
AEG001_290_7098|13|-54.321331|385.743256|29.130974|-12.499169|-48.923218|7.253716|1.100000|1.100000|1.100000
AEG001_290_7099|13|24.345337|237.841339|50.311657|0.307031|28.001251|-1.365614|1.100000|1.100000|1.100000
AEG001_290_7100|13|-117.849617|376.363220|-18.498909|-7.266253|54.662170|-11.695933|1.100000|1.100000|1.100000
AEG001_290_7101|13|26.767305|237.743927|43.526852|-1.313191|-26.592804|-0.672754|0.900000|0.900000|0.900000
AEG001_290_7102|13|56.208473|238.440094|-2.184936|-1.943733|166.315018|-3.521348|1.100000|1.100000|1.100000
AEG001_290_7103|13|51.823086|238.643112|-8.215089|0.673566|76.683701|5.626163|1.100000|1.100000|1.100000
AEG001_290_7106|13|65.448242|238.245956|-6.912355|1.863850|165.560760|4.236876|1.100000|1.100000|1.100000
AEG001_290_7107|13|36.381042|238.658920|-6.677734|2.995311|76.713089|6.561135|1.100000|1.100000|1.100000
AEG001_290_7108|13|25.990540|238.207367|10.023438|5.441886|-12.852132|-3.863074|1.100000|1.100000|1.100000
AEG001_290_7109|13|-97.374588|386.560791|28.917236|-11.816450|16.271564|-2.124954|1.100000|1.100000|1.100000
AEG001_290_7111|13|-8.330415|238.288559|31.210217|4.508035|117.602898|-3.679147|1.100000|1.100000|1.100000
AEG001_290_7112|13|-123.555359|387.011475|44.647820|5.309871|-73.980576|20.045702|0.900000|0.900000|0.900000
AEG001_290_7113|13|-12.382814|238.688690|32.344849|-7.584039|-61.822044|4.462272|1.000000|1.000000|1.000000
AEG001_290_7114|13|-15.985228|237.867966|19.466311|0.985432|-152.318558|3.176639|0.900000|0.900000|0.900000
AEG001_290_7115|13|-90.775696|395.607513|56.302383|-2.857465|106.306290|-20.118536|0.900000|0.900000|0.900000
AEG001_290_7116|13|-22.875977|238.211166|17.120483|5.012484|118.762596|-0.255728|1.100000|1.100000|1.100000
AEG001_290_7117|13|-37.317776|238.322250|8.434208|-4.469913|29.060577|-2.237704|0.900000|0.900000|0.900000
AEG001_290_7118|13|14.641053|238.252838|0.148927|4.576856|-103.765961|-4.432981|1.100000|1.100000|1.100000
AEG001_290_7120|13|43.204422|238.020325|0.241090|-1.801254|-103.179558|-3.497258|0.900000|0.900000|0.900000
AEG001_290_7121|13|7.654020|237.896744|-10.701296|-2.201504|165.667191|-3.940597|0.900000|0.900000|0.900000
AEG001_290_7122|13|8.190796|238.065857|-13.829102|-4.925119|76.514877|4.422493|1.100000|1.100000|1.100000
AEG001_290_7124|13|-63.362671|379.515259|-1.157715|13.537599|-165.288589|4.716492|1.100000|1.100000|1.100000
AEG001_290_7125|13|-90.319283|389.234619|37.310043|3.011921|107.279984|-17.921827|0.900000|0.900000|0.900000
AEG001_290_7126|13|20.221401|345.305420|-94.276970|0.353722|-77.788651|1.713531|0.900000|0.900000|0.900000
AEG001_290_7127|13|-16.468109|238.434570|-37.301624|-0.707580|-9.862212|-7.958946|1.100000|1.100000|1.100000
AEG001_290_7128|13|-25.367496|237.943420|-37.009148|1.561436|-99.993721|-3.248241|1.100000|1.100000|1.100000
AEG001_290_7129|13|-37.498497|238.165237|-49.018787|-1.289984|80.108841|8.176038|1.100000|1.100000|1.100000
AEG001_290_7130|13|-41.593662|238.177109|-50.293335|1.254459|-99.950928|-8.207421|1.100000|1.100000|1.100000
AEG001_290_7132|13|-52.052460|237.818085|-12.855590|1.618153|170.198593|3.003425|1.100000|1.100000|1.100000
AEG001_290_7133|13|-74.069115|389.085083|36.736465|18.609262|147.772720|-8.792313|1.100000|1.100000|1.100000
AEG001_290_7135|13|-112.178307|371.417145|-37.020752|-14.186699|2.842451|-1.535487|1.100000|1.100000|1.100000
AEG001_290_7136|13|-44.476898|237.760880|-0.282104|0.275994|80.259209|-2.296241|1.100000|1.100000|1.100000
AEG001_290_7137|13|-50.901745|376.609375|-40.933784|0.571058|-102.756836|-6.007602|1.100000|1.100000|1.100000
AEG001_290_7138|13|-34.137577|238.056854|1.908325|-0.309698|-9.723133|-0.071827|0.900000|0.900000|0.900000
AEG001_290_7139|13|149.047256|238.868240|64.010376|-11.498625|16.756065|2.519029|1.100000|1.100000|1.100000
AEG001_290_7140|13|-48.094639|376.594482|-39.130207|-4.596581|167.150482|-2.574435|0.900000|0.900000|0.900000
AEG001_290_7141|13|-45.856377|238.021652|-50.252678|-0.127688|80.025993|6.217358|1.000000|1.000000|1.000000
AEG001_290_7142|13|-54.052956|375.881775|-35.390995|-2.369155|167.463287|-2.308493|0.900000|0.900000|0.900000
AEG001_290_7145|13|79.218376|238.673187|-10.168950|-5.992207|164.204346|-4.228476|1.100000|1.100000|1.100000
AEG001_290_7146|13|89.474190|237.905151|8.616455|2.251094|-13.250333|0.122506|1.100000|1.100000|1.100000
AEG001_290_7148|13|70.518997|237.798523|20.327148|-0.916963|166.901611|3.442825|0.900000|0.900000|0.900000
AEG001_290_7149|13|112.680412|238.640762|41.943722|4.738609|-12.017454|-4.635828|0.900000|0.900000|0.900000
AEG001_290_7150|13|119.584343|238.332596|41.518803|3.644070|76.504280|6.563784|0.900000|0.900000|0.900000
AEG001_290_7151|13|93.376068|237.993896|106.471283|5.929696|107.515724|-4.952125|1.100000|1.100000|1.100000
AEG001_290_7152|13|54.778111|239.498322|119.896362|-2.612405|-119.339699|9.366594|0.900000|0.900000|0.900000
AEG001_290_7154|13|28.285995|238.506119|67.681648|-4.605797|-62.006847|2.958783|1.100000|1.100000|1.100000
AEG001_290_7155|13|53.858406|237.524948|10.406133|0.000000|90.460487|0.000000|1.000000|1.000000|1.000000
AEG001_290_7156|13|57.945801|238.426178|5.222898|-4.912874|165.726715|-8.641017|0.900000|0.900000|0.900000
AEG001_290_7157|13|111.811882|237.311996|128.511292|6.143729|-72.107994|-7.273129|1.100000|1.100000|1.100000
AEG001_290_7158|13|102.175812|238.006088|140.110733|1.932534|-163.700516|7.000234|0.900000|0.900000|0.900000
AEG001_290_7159|13|65.401489|238.252106|117.042259|-0.902597|-156.682098|5.006064|0.900000|0.900000|0.900000
AEG001_290_7160|13|87.406540|237.832001|103.183601|-2.513509|17.504328|2.279972|1.100000|1.100000|1.100000
AEG001_290_7161|13|119.816299|237.881836|112.201180|-0.565447|106.927147|-0.232866|1.100000|1.100000|1.100000
AEG001_290_7162|13|117.327248|238.196777|155.377914|-1.905784|150.180771|-5.985515|1.100000|1.100000|1.100000
AEG001_290_7163|13|113.956268|237.814911|155.508789|2.839446|-29.661879|3.778132|1.100000|1.100000|1.100000
AEG001_290_7164|13|22.847878|238.292038|61.377083|2.196534|-152.552475|4.373261|1.100000|1.100000|1.100000
AEG001_290_7165|13|96.831886|238.191147|23.337521|0.806646|166.024887|-4.223116|1.100000|1.100000|1.100000
AEG001_290_7166|13|100.865372|238.724884|35.619019|2.063017|-13.916601|4.834407|1.100000|1.100000|1.100000
AEG001_290_7167|13|88.616508|238.458237|-0.549195|2.631890|-103.147804|-7.925957|0.900000|0.900000|0.900000
AEG001_290_7169|13|-114.516060|239.007660|-54.638306|-1.003771|-153.278778|4.665838|1.100000|1.100000|1.100000
AEG001_290_7171|13|-108.158623|238.808380|-49.034657|-1.174518|27.740723|-4.643513|1.100000|1.100000|1.100000
AEG001_290_7173|13|-115.532440|238.829849|-60.611679|-5.222564|-62.293797|1.034719|1.100000|1.100000|1.100000
AEG001_290_7174|13|-112.971191|239.364151|-43.514286|-3.555418|-62.042522|2.856166|1.100000|1.100000|1.100000
AEG001_290_7175|13|-110.775246|238.505493|-60.328133|-4.942509|-62.236942|0.335280|1.100000|1.100000|1.100000
AEG001_290_7176|13|-125.851578|239.368393|-50.880863|0.976280|-164.964157|1.426936|0.900000|0.900000|0.900000
AEG001_290_7177|13|-123.932533|239.455505|-57.233772|-0.462724|104.841034|3.988475|0.900000|0.900000|0.900000
AEG001_290_7178|13|-96.846695|237.951340|-51.361198|-4.339712|-62.102962|1.948817|0.900000|0.900000|0.900000
AEG001_290_7179|13|-116.871452|239.344818|-45.760128|2.366278|116.804581|-1.675676|1.100000|1.100000|1.100000
AEG001_290_7180|13|-75.444756|237.752853|-43.297970|2.361962|-164.897598|1.585123|1.100000|1.100000|1.100000
AEG001_290_7181|13|-66.437668|237.815247|-39.141605|3.086399|105.126144|-2.649822|0.900000|0.900000|0.900000
AEG001_290_7182|13|-64.257843|237.866379|-36.060905|-1.478940|14.918115|-4.009792|1.100000|1.100000|1.100000
AEG001_290_7183|13|-32.339756|238.856079|14.868650|-3.357982|-99.598259|6.377675|1.100000|1.100000|1.100000
AEG001_290_7184|13|1.280517|238.041611|-23.355228|-3.077853|76.371330|5.443798|0.900000|0.900000|0.900000
AEG001_290_7187|13|31.912636|237.661285|17.577827|0.000000|-103.001251|0.000000|1.100000|1.100000|1.100000
AEG001_290_7188|13|34.454716|237.661285|15.972406|0.000000|166.998749|0.000000|1.100000|1.100000|1.100000
AEG001_290_7189|13|93.495468|237.830093|110.800720|10.237250|17.900999|1.472316|1.100000|1.100000|1.100000
AEG001_290_7190|13|76.934456|237.368866|108.027184|0.000000|128.252579|0.000000|1.000000|1.000000|1.000000
AEG001_290_7191|13|73.993774|237.368866|110.402336|0.000000|38.252583|0.000000|1.000000|1.000000|1.000000
AEG001_290_7192|13|73.761787|237.368866|120.311783|0.000000|-51.747429|0.000000|1.000000|1.000000|1.000000
AEG001_290_7193|13|87.514244|237.368866|109.758804|0.000000|1.664835|0.000000|1.000000|1.000000|1.000000
AEG001_290_7194|13|135.437119|239.056122|117.710487|0.526935|-9.425611|3.175819|1.100000|1.100000|1.100000
AEG001_290_7195|13|74.679993|238.539062|-12.748775|-1.364178|74.656197|6.718284|1.100000|1.100000|1.100000
AEG004_904_7001|13|-99.902664|237.767334|-99.929535|-166.435165|39.221680|-69.000313|1.000000|1.000000|1.000000
AEG004_904_7003|13|-76.057137|237.767334|-48.070454|13.564841|-31.238277|-110.999680|1.000000|1.000000|1.000000
AEG004_904_7005|13|-22.344246|237.767334|9.531475|13.564836|7.858840|-110.999695|1.000000|1.000000|1.000000
AEG004_904_7006|13|-34.664024|237.876953|-7.861027|-162.241684|84.252190|29.455256|1.000000|1.000000|1.000000
AEG004_904_7007|13|-20.467247|237.876953|8.085262|14.873007|59.949669|170.136627|1.000000|1.000000|1.000000
AEG004_904_7008|13|-50.082321|237.876953|-47.582218|-169.350098|86.437088|-40.414989|1.000000|1.000000|1.000000
AEG004_904_7014|13|-3.765819|237.876953|23.865700|-169.350098|5.925608|-40.414989|1.000000|1.000000|1.000000
AEG004_904_7015|13|-113.875572|237.876953|-103.860428|10.649898|10.873978|-139.585007|1.000000|1.000000|1.000000
AEG004_904_7016|13|-82.481125|237.876953|-51.398788|10.649895|70.937943|-139.585007|1.000000|1.000000|1.000000
AEG004_904_7018|13|102.993515|237.876953|72.363914|-169.350098|-58.290363|-40.414989|1.000000|1.000000|1.000000
AEG004_904_7020|13|63.165726|237.876953|31.128378|10.649899|-15.063606|-139.584991|1.000000|1.000000|1.000000
AEG004_904_7021|13|39.402573|237.152374|45.487137|-8.559641|-7.892432|19.027607|1.000000|1.000000|1.000000
AEG004_904_7024|13|68.172531|237.876953|85.905159|-169.350098|10.676676|-40.414989|1.000000|1.000000|1.000000
AEG004_904_7027|13|68.318665|237.876953|29.117355|-169.350098|53.054951|-40.414989|1.000000|1.000000|1.000000
AEG004_904_7030|13|82.121628|237.336060|91.963760|-3.857608|45.589077|16.088821|1.000000|1.000000|1.000000
AEG004_904_7032|13|97.658478|237.807434|96.642014|10.157311|-73.857903|177.069031|1.000000|1.000000|1.000000
AEG004_904_7033|13|94.361824|237.234360|87.328590|-6.284641|62.075279|6.147398|1.000000|1.000000|1.000000
AEG004_904_7034|13|100.107346|237.876953|97.827103|-169.350098|-16.750660|-40.414989|1.000000|1.000000|1.000000
AEG004_904_7035|13|110.720551|237.807434|136.175140|10.157311|7.174224|177.069031|1.000000|1.000000|1.000000
AEG004_904_7036|13|108.537186|237.519150|128.502472|-6.284641|150.548920|6.147398|1.000000|1.000000|1.000000
AEG004_904_7037|13|106.977585|237.234360|118.812866|-6.284641|-106.439873|6.147398|1.000000|1.000000|1.000000
AEG004_904_7038|13|105.258636|237.876953|115.500107|-169.350098|-16.750660|-40.414989|1.000000|1.000000|1.000000
AEG004_904_7039|13|103.169884|237.234360|74.727386|-4.622341|175.219986|24.021267|1.000000|1.000000|1.000000
AEG004_904_7042|13|96.616547|237.876953|135.322723|10.649900|-45.796188|-139.585007|1.000000|1.000000|1.000000
AEG004_904_7043|13|97.682602|237.234360|118.007034|-6.284641|41.289764|6.147398|1.000000|1.000000|1.000000
AEG004_904_7044|13|78.235947|237.807434|118.194946|-169.842697|83.131004|2.930968|1.000000|1.000000|1.000000
AEG004_904_7046|13|24.830431|237.152374|18.668095|-8.559641|23.499016|19.027607|1.000000|1.000000|1.000000
AEG004_904_7047|13|34.453094|237.876953|45.829536|10.649898|80.339287|-139.585007|1.000000|1.000000|1.000000
AEG004_904_7048|13|10.524002|237.234360|31.437637|-6.284641|159.172241|6.147399|1.000000|1.000000|1.000000
AEG004_904_7052|13|48.208069|237.152374|9.815723|-8.559639|-2.902048|19.027605|1.000000|1.000000|1.000000
AEG004_904_7057|13|43.784306|237.876953|32.013641|-169.350098|17.366711|-40.414982|1.000000|1.000000|1.000000
AEG004_904_7144|13|86.591232|237.208191|40.823456|-3.472492|51.847988|0.643933|1.000000|1.000000|1.000000
AEG004_904_7145|13|105.321266|237.896103|65.335983|-169.830811|13.193762|-2.643012|1.000000|1.000000|1.000000
AEG004_907_7000|13|83.611801|237.350143|26.394398|0.599991|-37.615845|1.331668|1.000000|1.000000|1.000000
AEG004_907_7001|13|68.174377|237.766998|51.554398|0.718126|-158.638428|1.446170|1.000000|1.000000|1.000000
AEG004_939_7000|13|37.366722|237.363525|23.077724|0.000000|-6.999926|0.000000|1.000000|1.000000|1.000000
AEG004_939_7001|13|38.073227|237.363525|14.149861|0.000000|-96.999931|0.000000|1.000000|1.000000|1.000000
AEG004_939_7002|13|42.744583|237.363525|9.176743|0.000000|173.000076|0.000000|1.000000|1.000000|1.000000
AEG004_939_7003|13|53.433746|237.363525|19.898508|0.000000|83.000076|0.000000|1.000000|1.000000|1.000000
AEG004_939_7004|13|51.581314|237.363525|31.778637|0.000000|-6.999944|0.000000|1.000000|1.000000|1.000000
AEG004_939_7005|13|34.993118|237.363525|43.865753|0.000000|-96.999954|0.000000|1.000000|1.000000|1.000000
AEG004_939_7006|13|67.098709|237.363525|27.423269|0.000000|-96.999954|0.000000|1.000000|1.000000|1.000000
AEG004_939_7008|13|83.822487|237.539139|26.805496|0.000000|83.000061|0.000000|1.000000|1.000000|1.000000
AEG004_939_7009|13|82.546448|237.318527|35.608902|0.000000|-6.999926|0.000000|1.000000|1.000000|1.000000
AEG004_939_7012|13|79.061455|237.363525|72.157715|0.000000|83.000122|0.000000|1.000000|1.000000|1.000000
AEG004_939_7013|13|90.258858|237.363525|88.997116|0.000000|-6.999909|0.000000|1.000000|1.000000|1.000000
AEG004_939_7014|13|68.201225|237.363525|80.078613|0.000000|-96.999947|0.000000|1.000000|1.000000|1.000000
AEG004_939_7015|13|108.261734|237.363525|109.389481|0.000000|173.000015|0.000000|1.000000|1.000000|1.000000
AEG004_939_7016|13|76.405350|237.363525|112.964851|0.000000|82.999985|0.000000|1.000000|1.000000|1.000000
AEG004_939_7019|13|103.154808|237.363525|136.441772|0.000000|172.999863|0.000000|1.000000|1.000000|1.000000
AEG004_939_7020|13|111.646111|237.363525|135.084961|0.000000|82.999840|0.000000|1.000000|1.000000|1.000000
AEG004_939_7021|13|110.942513|237.363525|153.226746|0.000000|-7.000203|0.000000|1.000000|1.000000|1.000000
AEG004_939_7022|13|-3.619256|237.363525|18.240772|0.000000|-97.000145|0.000000|1.000000|1.000000|1.000000
AEG004_939_7023|13|2.101553|237.363525|2.052523|0.000000|172.999847|0.000000|1.000000|1.000000|1.000000
AEG004_939_7025|13|-47.572357|237.363525|-14.779863|0.000000|-7.000239|0.000000|1.000000|1.000000|1.000000
AEG004_939_7026|13|-79.674698|237.363525|-47.704338|0.000000|-97.000275|0.000000|1.000000|1.000000|1.000000
AEG004_939_7027|13|-123.137802|237.363525|-109.040154|0.000000|172.999695|0.000000|1.000000|1.000000|1.000000
AEG099_090_9000|13|56.325001|237.932007|52.679001|0.000000|-67.763000|0.000000|1.000000|1.000000|1.000000
AEG099_135_7001|13|56.903912|237.942871|52.460567|0.000000|-48.789799|0.000000|1.000000|1.000000|1.000000
AEG099_136_7001|13|56.406948|237.919113|51.899536|2.105693|-60.290546|1.294703|1.300000|1.300000|1.300000
AEG099_136_7002|13|57.528805|237.955475|50.329834|-1.136151|85.898148|-1.051442|1.300000|1.300000|1.300000
AEG099_136_7003|13|56.394535|237.918549|50.917973|-2.113973|49.019970|1.095945|1.055024|1.055024|1.055024
AEG099_136_7004|13|55.529358|237.862122|53.001945|1.451114|-141.113892|-2.258218|1.038712|1.038712|1.038712
AEG099_136_7005|13|57.133083|237.951996|53.026611|2.254046|-102.591316|-0.675844|1.071856|1.071856|1.071856
AEG099_136_7006|13|57.322845|237.962936|51.120480|-0.395842|141.901199|-1.678944|0.869941|0.869941|0.869941
AEG099_136_7007|13|58.445194|237.963013|50.271240|1.418931|-179.131699|-0.105130|0.847120|0.847120|0.847120
AEG099_136_7008|13|55.648769|237.879105|50.382576|-2.578573|88.961906|-0.620823|0.804890|0.804890|0.804890
AEG099_136_7009|13|57.403294|237.970642|52.039066|-1.726485|85.921219|-0.189273|1.169402|1.169402|1.169402
AEG099_136_7010|13|59.384098|237.988968|52.149052|-0.580860|-65.007278|0.850222|1.300000|1.300000|1.300000
AEG099_136_7011|13|58.263374|238.004379|52.548580|0.012705|-19.122511|1.231975|1.213526|1.213526|1.213526
AEG099_136_7012|13|56.938965|237.915970|54.543346|2.113370|-40.781570|1.468108|1.038712|1.038712|1.038712
AEG099_136_7013|13|59.345104|238.018860|53.975330|0.594665|-83.996231|0.327415|0.934461|0.934461|0.934461
AEG099_136_7014|13|57.755947|237.977982|53.990841|-2.174082|98.128654|0.016171|1.381613|1.381613|1.381613
AEG099_136_7015|13|58.565102|237.983536|51.378300|-0.852435|59.336769|-0.674775|0.847120|0.847120|0.847120
AEG099_136_7016|13|55.402100|237.865936|52.185299|-2.560582|73.240852|0.867462|0.804890|0.804890|0.804890
AEG099_600_9000|13|103.250999|237.647995|102.819000|0.000000|-33.713001|0.000000|1.000000|1.000000|1.000000
AEG099_651_9000|13|59.126999|237.574005|26.271000|0.000000|94.736000|0.000000|1.000000|1.000000|1.000000
AEG099_651_9001|13|61.987999|237.595001|27.214001|0.000000|-126.227997|0.000000|1.000000|1.000000|1.000000
AEG099_680_9000|13|89.417000|237.776001|101.403999|-1.342000|-170.212006|3.851000|1.000000|1.000000|1.000000
AEG099_680_9001|13|27.077999|238.610992|67.463997|4.047000|-116.455002|4.615000|1.000000|1.000000|1.000000
AEG099_680_9002|13|102.920998|238.595001|41.757999|1.664000|-53.473999|-1.140000|1.000000|1.000000|1.000000
AEG099_680_9003|13|76.999001|238.197006|-9.027000|-2.832000|124.124001|-0.162000|1.000000|1.000000|1.000000
AEG099_680_9004|13|-29.624001|238.483994|13.402000|-0.044000|81.120003|-4.092000|1.000000|1.000000|1.000000
AEG099_680_9005|13|-47.549999|237.807007|-48.963001|2.496000|-85.522003|-3.304000|1.000000|1.000000|1.000000
AEG099_680_9006|13|125.299004|352.319000|-47.091999|-0.689000|116.746002|-2.215000|1.000000|1.000000|1.000000
AEG099_680_9007|13|110.603996|350.208008|-109.588997|0.000000|-86.641998|0.000000|1.000000|1.000000|1.000000
AEG099_680_9008|13|50.494999|345.299988|-66.874001|-2.891000|167.455994|0.538000|1.000000|1.000000|1.000000
AEG099_680_9009|13|-26.534000|384.483002|33.074001|-1.077000|-87.403000|7.981000|1.000000|1.000000|1.000000
AEG099_680_9010|13|-92.530998|374.838989|-22.891001|-1.951000|-97.234001|10.079000|1.000000|1.000000|1.000000
AEG099_680_9011|13|-96.360001|385.846008|26.669001|0.888000|91.841003|-2.381000|1.000000|1.000000|1.000000
AEG099_685_9000|13|6.027000|345.947998|-65.512001|-5.000000|2.282000|-5.000000|1.000000|1.000000|1.000000
AEG099_685_9001|13|1.856000|346.459991|-64.114998|-5.000000|0.313000|-5.000000|1.000000|1.000000|1.000000
AEG099_685_9002|13|4.330000|346.074005|-67.896004|0.000000|-86.931999|0.000000|1.000000|1.000000|1.000000
AEG099_685_9003|13|21.257999|237.820999|49.449001|0.000000|-83.760002|0.000000|1.000000|1.000000|1.000000
AEG099_685_9004|13|22.631001|237.837006|52.530998|0.000000|102.107002|0.000000|1.000000|1.000000|1.000000
AEG099_685_9005|13|21.111000|237.772995|52.437000|0.000000|134.533997|0.000000|1.000000|1.000000|1.000000
AEG099_690_9000|13|-51.095001|376.201996|-37.220001|0.000000|92.581001|0.000000|1.000000|1.000000|1.000000
AEG099_691_9000|13|-64.966003|393.908997|52.575001|0.000000|82.806000|-15.000000|1.000000|1.000000|1.000000
AEG099_723_9000|13|82.263000|237.388000|89.289001|0.000000|-69.692001|0.000000|1.000000|1.000000|1.000000
AEG099_723_9001|13|76.825996|237.389999|119.037003|0.000000|-131.108002|0.000000|1.000000|1.000000|1.000000
AEG099_723_9002|13|82.902000|237.451004|36.830002|0.000000|-114.782997|0.000000|1.000000|1.000000|1.000000
AEG099_730_9000|13|89.167999|349.364014|-122.680000|-2.702000|-40.435001|-0.000000|1.000000|1.000000|1.000000
AEG099_730_9001|13|38.402000|346.092010|-119.484001|3.872000|-128.634995|-2.856000|1.000000|1.000000|1.000000
AEG099_730_9002|13|17.172001|345.145996|-96.596001|0.000000|-157.362000|0.000000|1.000000|1.000000|1.000000
AEG099_730_9003|13|22.163000|345.080994|-98.400002|0.000000|31.438999|0.000000|1.000000|1.000000|1.000000
AEG099_730_9004|13|-9.899000|343.278015|-114.857002|0.254000|-153.751999|2.389000|1.000000|1.000000|1.000000
AEG099_730_9005|13|-3.946000|343.346008|-118.503998|-3.519000|62.723999|-3.191000|1.000000|1.000000|1.000000
AEG099_730_9006|13|55.243000|344.583008|-48.006001|5.208000|-74.070000|-1.823000|1.000000|1.000000|1.000000
AEG099_730_9007|13|16.332001|345.247009|-68.380997|0.000000|133.613998|0.000000|1.000000|1.000000|1.000000
AEG099_730_9008|13|19.308001|344.949005|-65.532997|0.000000|-27.468000|0.000000|1.000000|1.000000|1.000000
AEG099_730_9009|13|101.850998|351.042999|-57.176998|-4.518000|38.279999|-1.763000|1.000000|1.000000|1.000000
AEG099_730_9010|13|92.586998|350.489990|-60.203999|7.967000|-136.822998|-1.043000|1.000000|1.000000|1.000000
AEG099_730_9011|13|-65.353996|242.339005|-92.960999|-9.667000|137.910004|4.250000|1.000000|1.000000|1.000000
AEG099_730_9012|13|-61.547001|242.311005|-90.786003|10.510000|-30.431000|2.610000|1.000000|1.000000|1.000000
AEG099_730_9013|13|-89.557999|249.130005|-119.367996|8.239000|68.535004|8.748000|1.000000|1.000000|1.000000
AEG099_730_9014|13|-99.121002|238.781006|-42.199001|0.246000|-109.129997|5.312000|1.000000|1.000000|1.000000
AEG099_730_9015|13|-96.302002|238.266998|-46.595001|0.596000|59.123001|-5.713000|1.000000|1.000000|1.000000
AEG099_730_9016|13|-112.606003|237.891006|-75.301003|-2.882000|-91.568001|2.275000|1.000000|1.000000|1.000000
AEG099_730_9017|13|-4.070000|237.850006|-25.344999|2.717000|-56.832001|0.000000|1.000000|1.000000|1.000000
AEG099_730_9018|13|15.056000|238.003006|4.527000|-0.645000|88.963997|2.024000|1.000000|1.000000|1.000000
AEG099_730_9019|13|-37.539001|237.841995|0.091000|0.350000|-127.264999|0.771000|1.000000|1.000000|1.000000
AEG099_730_9020|13|-2.124000|238.113998|30.261000|-1.801000|48.027000|-2.692000|1.000000|1.000000|1.000000
AEG099_730_9021|13|-6.488000|237.871994|28.437000|-0.016000|-156.082001|-0.185000|1.000000|1.000000|1.000000
AEG099_730_9022|13|34.007000|238.457993|-2.758000|-1.188000|-161.393005|4.183000|1.000000|1.000000|1.000000
AEG099_730_9023|13|53.903000|238.141998|3.736000|-2.519000|128.024994|-1.554000|1.000000|1.000000|1.000000
AEG099_730_9024|13|55.937000|237.901001|7.912000|5.774000|-47.175999|0.872000|1.000000|1.000000|1.000000
AEG099_730_9025|13|79.005997|237.770996|15.426000|1.299000|74.219002|-0.033000|1.000000|1.000000|1.000000
AEG099_730_9026|13|93.480003|238.733994|-0.598000|-3.185000|-139.132996|-5.776000|1.000000|1.000000|1.000000
AEG099_730_9027|13|96.880997|239.041000|-3.711000|0.000000|26.989000|0.000000|1.000000|1.000000|1.000000
AEG099_730_9028|13|126.050003|238.244995|40.363998|-1.738000|-170.487000|-1.475000|1.000000|1.000000|1.000000
AEG099_730_9029|13|121.822998|238.104004|43.095001|1.776000|-40.445000|-2.738000|1.000000|1.000000|1.000000
AEG099_730_9030|13|120.319000|237.718002|70.500999|0.783000|88.598999|-0.728000|1.000000|1.000000|1.000000
AEG099_730_9031|13|54.620998|237.832001|74.078003|1.374000|-37.858002|1.689000|1.000000|1.000000|1.000000
AEG099_730_9032|13|55.933998|237.841995|66.985001|1.149000|133.182999|-2.196000|1.000000|1.000000|1.000000
AEG099_730_9033|13|53.988998|238.837997|108.445999|1.376000|-157.341003|3.239000|1.000000|1.000000|1.000000
AEG099_730_9034|13|60.806999|238.554993|104.908997|-3.243000|41.638000|-3.319000|1.000000|1.000000|1.000000
AEG099_730_9035|13|-116.258003|386.812012|39.087002|-2.305000|-34.743000|14.133000|1.000000|1.000000|1.000000
AEG099_730_9036|13|-120.223999|385.139008|36.301998|0.000000|135.460007|-20.639000|1.000000|1.000000|1.000000
AEG099_730_9037|13|-123.662003|379.157013|-2.774000|2.219000|150.529999|-4.995000|1.000000|1.000000|1.000000
AEG099_730_9038|13|-105.098000|379.897003|1.273000|-3.007000|-58.618000|7.682000|1.000000|1.000000|1.000000
AEG099_730_9039|13|-115.072998|372.842987|-31.368999|2.637000|89.450996|-13.006000|1.000000|1.000000|1.000000
AEG099_730_9040|13|-117.132004|373.932007|-27.264999|1.334000|-126.911003|9.236000|1.000000|1.000000|1.000000
AEG099_730_9042|13|-87.639999|388.725006|35.687000|-16.020000|35.229000|-8.800000|1.000000|1.000000|1.000000
AEG099_730_9043|13|-74.422997|387.583008|32.537998|6.398000|-139.854004|9.727000|1.000000|1.000000|1.000000
AEG099_730_9044|13|-67.405998|385.401001|25.356001|-5.592000|38.896999|-6.314000|1.000000|1.000000|1.000000
AEG099_730_9045|13|-63.993000|376.656006|-14.118000|-4.610000|63.924999|-8.597000|1.000000|1.000000|1.000000
AEG099_730_9046|13|-62.665001|378.613007|-4.400000|4.099000|-121.029999|7.560000|1.000000|1.000000|1.000000
AEG099_750_9000|13|-96.695000|382.683990|13.236000|0.000000|-165.440002|0.000000|1.000000|1.000000|1.000000
AEG099_750_9002|13|104.050003|238.533997|16.750999|0.000000|-173.792999|0.000000|1.000000|1.000000|1.000000
AEG099_750_9003|13|41.702000|237.927994|1.766000|0.000000|-64.940002|0.000000|1.000000|1.000000|1.000000
AEG099_750_9004|13|-76.834999|382.649994|13.673000|0.000000|-110.153999|0.000000|1.000000|1.000000|1.000000
AEG099_760_9000|13|66.460999|346.151001|-58.573002|0.551000|-113.900002|-3.084000|1.000000|1.000000|1.000000
AEG099_760_9002|13|-123.033997|239.317993|-50.002998|0.659000|106.841003|0.030000|1.000000|1.000000|1.000000
AEG099_760_9003|13|-106.587997|238.557007|-51.181000|1.261000|144.994003|1.068000|1.000000|1.000000|1.000000
AEG099_760_9004|13|116.595001|237.820007|112.015999|-0.000000|-138.988007|-0.826000|1.000000|1.000000|1.000000
AEG099_760_9005|13|65.248001|237.960999|54.950001|0.000000|-120.640999|0.000000|1.000000|1.000000|1.000000
AEG099_760_9006|13|127.830002|238.397995|119.146004|0.639000|-95.347000|-0.086000|1.000000|1.000000|1.000000
AEG099_760_9007|13|-118.496002|391.002991|54.861000|11.739000|-107.092003|9.028000|1.000000|1.000000|1.000000
AEG099_760_9008|13|55.749001|239.330002|118.428001|-1.149000|-128.255005|6.310000|1.000000|1.000000|1.000000
AEG099_775_9000|13|-102.994003|392.438995|52.383999|8.212000|178.826996|-2.298000|1.000000|1.000000|1.000000
AEG099_775_9001|13|-97.778999|393.352997|52.624001|-0.099000|-91.859001|14.919000|1.000000|1.000000|1.000000
AEG099_775_9002|13|-103.797997|392.684998|53.444000|-6.851000|47.855000|-6.006000|1.000000|1.000000|1.000000
AEG801_006_7000|13|88.408241|352.305420|-39.838512|-2.104342|94.670929|-9.855505|0.900000|0.900000|0.900000
AEG801_006_7001|13|34.399960|345.864838|-124.378548|-5.623274|82.601891|2.368546|0.900000|0.900000|0.900000
AEG801_006_7002|13|91.856705|349.755829|-86.616951|3.623060|-101.152405|-1.792367|1.000000|1.000000|1.000000
AEG801_006_7003|13|67.591652|346.327393|-61.369865|5.325745|-100.799431|-3.457423|1.000000|1.000000|1.000000
AEG801_006_7004|13|37.116817|345.403992|-79.098030|-0.802967|82.471947|1.911660|1.000000|1.000000|1.000000
AEG801_006_7005|13|-1.206301|343.742706|-113.728149|2.998945|-101.510422|3.034980|0.900000|0.900000|0.900000
AEG801_006_7006|13|116.310913|352.990906|-24.443897|-3.349109|94.327934|-1.709132|0.900000|0.900000|0.900000
AEG801_006_7007|13|107.187546|352.549164|-39.754555|1.783307|-101.101151|-1.506769|0.900000|0.900000|0.900000
AEG801_006_7008|13|95.365799|351.109924|-57.169685|3.764282|-101.914825|9.216631|0.900000|0.900000|0.900000
AEG801_006_7009|13|66.584091|344.155090|-35.956062|2.215003|-100.983170|-5.628623|1.000000|1.000000|1.000000
AEG801_006_7010|13|23.234322|345.457977|-84.884171|0.722962|82.505341|-0.114529|0.900000|0.900000|0.900000
AEG801_006_7011|13|39.796509|345.753296|-88.363533|-2.346861|82.562408|1.899230|1.000000|1.000000|1.000000
AEG801_006_7012|13|0.888244|344.460480|-104.939835|-4.605981|-7.650294|1.874504|0.900000|0.900000|0.900000
AEG801_006_7013|13|8.393753|347.033569|-78.525406|-11.156731|-7.331214|0.099584|1.000000|1.000000|1.000000
AEG801_006_7014|13|11.386049|345.047058|-97.442505|0.982591|-99.180511|2.994574|1.000000|1.000000|1.000000
AEG801_006_7015|13|0.497675|346.666138|-66.932129|7.970531|82.967606|-4.711682|0.805234|0.805234|0.805234
AEG801_006_7016|13|39.167313|346.085968|-114.199600|4.403314|-101.160767|-1.658784|1.000000|1.000000|1.000000
AEG801_006_7017|13|33.824772|345.692902|-114.031021|-1.009747|168.723038|-3.930263|0.900000|0.900000|0.900000
AEG801_006_7018|13|-86.504852|377.767059|-11.580938|9.708840|155.001923|-1.186355|0.900000|0.900000|0.900000
AEG801_006_7019|13|-83.348961|377.990204|-9.335210|5.002075|-136.686340|8.007851|1.000000|1.000000|1.000000
AEG801_006_7020|13|-102.792747|378.032623|-11.058112|3.011868|-101.954536|10.348283|1.000000|1.000000|1.000000
AEG801_006_7021|13|-114.741882|374.889008|-23.968510|2.523210|-102.469383|14.775668|0.900000|0.900000|0.900000
AEG801_006_7022|13|-96.876907|374.436310|-25.255730|3.509625|-102.113327|15.497211|1.000000|1.000000|1.000000
AEG801_006_7023|13|-121.762527|369.231079|-46.007454|1.517970|-96.808517|13.912659|0.900000|0.900000|0.900000
AEG801_006_7024|13|-23.443611|385.333252|36.060184|0.138325|-101.725761|14.453720|0.900000|0.900000|0.900000
AEG801_006_7025|13|-23.749514|384.232483|31.666864|14.458256|167.790909|-0.001393|1.000000|1.000000|1.000000
AEG801_006_7026|13|-76.720444|382.168304|11.177486|5.820961|-101.878807|12.080145|1.000000|1.000000|1.000000
AEG801_006_7027|13|-102.494469|379.489441|-2.033577|-0.888554|81.471840|-8.083285|0.900000|0.900000|0.900000
AEG801_006_7028|13|-114.579224|388.104858|48.417114|-5.932938|81.215034|-12.121119|0.900000|0.900000|0.900000
AEG801_006_7029|13|-102.271606|389.370392|41.153316|13.230623|169.890015|-9.351726|0.900000|0.900000|0.900000
AEG801_006_7030|13|-122.647644|390.358429|54.937012|11.614985|-102.468018|13.923915|1.000000|1.000000|1.000000
AEG801_006_7031|13|92.760483|349.707123|-119.392952|1.731672|-101.363647|3.081098|1.000000|1.000000|1.000000
AEG801_006_7032|13|95.609222|349.887970|-116.712265|2.281857|168.696259|-1.196079|1.000000|1.000000|1.000000
AEG801_006_7033|13|-81.820786|246.551956|-108.872314|11.277161|76.789864|10.245175|1.000000|1.000000|1.000000
AEG801_006_7034|13|-59.690643|245.747116|-108.577263|-1.042171|-101.158195|-9.191942|1.000000|1.000000|1.000000
AEG801_006_7035|13|-82.598984|240.133560|-94.812126|4.501642|23.269590|14.239389|0.900000|0.900000|0.900000
AEG801_006_7036|13|-85.910583|239.554062|-95.503677|-6.401432|-172.569305|-13.320001|1.000000|1.000000|1.000000
AEG801_006_7037|13|156.106079|238.635239|57.736435|-0.366590|168.859207|-2.535997|0.900000|0.900000|0.900000
AEG801_006_7038|13|-96.514839|250.119904|-118.923683|-9.670744|-97.548027|-3.622815|1.000000|1.000000|1.000000
AEG801_006_7039|13|-65.125641|243.560623|-98.696899|-9.862088|-164.253525|-8.162243|1.000000|1.000000|1.000000
AEG801_006_7042|13|-94.744057|238.572235|-42.115604|-2.824379|-100.771332|5.656189|1.000000|1.000000|1.000000
AEG801_006_7043|13|-123.791107|238.250626|-77.789803|2.922584|-100.798988|7.556293|1.000000|1.000000|1.000000
AEG801_006_7044|13|100.313972|238.419495|7.224106|-6.419671|120.720299|1.180885|1.000000|1.000000|1.000000
AEG801_006_7045|13|-100.352249|379.985748|1.508179|8.135876|155.032516|-3.337267|1.000000|1.000000|1.000000
AEG801_006_7046|13|92.931961|239.503601|-9.669435|-0.562602|-130.818573|-4.648418|1.000000|1.000000|1.000000
AEG801_006_7047|13|75.956879|238.237167|7.865590|2.413188|139.166641|2.190688|1.000000|1.000000|1.000000
AEG801_006_7048|13|-106.335861|382.657501|14.989616|-12.986960|64.800911|-8.612285|0.900000|0.900000|0.900000
AEG801_006_7049|13|-119.645844|381.932434|20.526979|-5.201604|-21.581409|10.682772|1.000000|1.000000|1.000000
AEG801_006_7050|13|102.080017|238.826324|31.841677|3.046428|-41.751392|4.814054|0.900000|0.900000|0.900000
AEG801_006_7051|13|103.892441|238.882965|26.464718|5.117997|-131.116821|-2.787291|1.000000|1.000000|1.000000
AEG801_006_7052|13|-123.145584|381.859772|23.338264|-3.489914|-23.823334|11.458028|1.000000|1.000000|1.000000
AEG801_006_7053|13|133.889313|238.522110|39.578133|-2.185060|-130.523621|-6.236126|0.900000|0.900000|0.900000
AEG801_006_7054|13|127.149338|238.761261|35.980103|3.749228|-40.719360|-4.574830|0.900000|0.900000|0.900000
AEG801_006_7055|13|124.934601|237.808197|59.477787|0.700258|139.459595|-2.248645|1.000000|1.000000|1.000000
AEG801_006_7057|13|40.144138|239.161011|85.479362|4.949701|-173.146423|6.904911|1.000000|1.000000|1.000000
AEG801_006_7058|13|-119.999466|386.935516|42.173458|-12.260926|-19.754457|14.945217|1.000000|1.000000|1.000000
AEG801_006_7059|13|-114.007385|390.949951|52.500130|-13.591106|64.707161|-11.401847|0.900000|0.900000|0.900000
AEG801_006_7060|13|54.425385|238.458420|89.982292|-6.847637|-18.262707|-4.055707|0.900000|0.900000|0.900000
AEG801_006_7061|13|50.934631|239.453262|110.383530|-9.956365|-108.225868|3.739585|0.900000|0.900000|0.900000
AEG801_006_7062|13|-93.892761|386.983368|30.096430|-13.457539|-24.546825|7.746501|1.000000|1.000000|1.000000
AEG801_006_7064|13|-94.024406|388.925598|36.015903|12.841846|156.349396|-10.548854|0.900000|0.900000|0.900000
AEG801_006_7065|13|59.318214|239.019592|119.356438|4.166114|71.866295|-8.089678|1.000000|1.000000|1.000000
AEG801_006_7066|13|-100.956665|393.466553|54.490471|15.086386|-116.283524|11.851389|1.000000|1.000000|1.000000
AEG801_006_7068|13|127.494621|238.387756|121.934685|-5.080831|111.602615|-1.280453|1.000000|1.000000|1.000000
AEG801_006_7069|13|116.215935|237.820023|133.408966|-3.390092|95.111748|-1.361904|1.000000|1.000000|1.000000
AEG801_006_7070|13|40.135010|238.023026|66.083000|0.178978|90.569946|-4.834280|0.900000|0.900000|0.900000
AEG801_006_7071|13|44.153290|238.051971|65.350586|-6.425171|1.132363|3.142652|1.000000|1.000000|1.000000
AEG801_006_7072|13|-126.745895|378.844025|-5.615850|-4.942109|-24.642563|3.351301|1.000000|1.000000|1.000000
AEG801_006_7073|13|-98.382690|382.364624|11.768768|-14.745492|-23.303589|7.320050|1.000000|1.000000|1.000000
AEG801_006_7074|13|17.974854|238.935791|65.018791|-4.434701|-89.542419|7.879416|1.000000|1.000000|1.000000
AEG801_006_7075|13|13.430771|238.031830|47.544804|-2.169063|-89.562119|2.882777|1.000000|1.000000|1.000000
AEG801_006_7076|13|-50.769722|381.378784|9.842758|0.331539|-116.779457|12.643827|0.900000|0.900000|0.900000
AEG801_006_7077|13|11.188293|238.016129|45.290028|2.441137|-179.699921|2.781827|1.000000|1.000000|1.000000
AEG801_006_7079|13|54.845158|238.790787|-9.693238|-6.213646|-171.280273|-0.045516|1.000000|1.000000|1.000000
AEG801_006_7080|13|-84.570137|378.860565|-3.960075|8.872472|179.818756|1.416581|0.900000|0.900000|0.900000
AEG801_006_7082|13|-49.644043|386.053192|32.127445|15.871202|167.669327|2.310981|1.000000|1.000000|1.000000
AEG801_006_7084|13|-51.545780|386.846619|34.366821|2.287812|78.282333|-15.859032|0.900000|0.900000|0.900000
AEG801_006_7085|13|39.868870|238.589706|-6.467526|-7.464489|-171.710098|-0.609426|1.000000|1.000000|1.000000
AEG801_006_7086|13|29.554319|238.932877|-4.079713|-6.047353|-81.094559|-4.483615|1.000000|1.000000|1.000000
AEG801_006_7087|13|-119.904449|369.538483|-44.769783|-3.642912|74.508644|-13.668373|0.900000|0.900000|0.900000
AEG801_006_7088|13|29.627197|238.539383|3.723879|5.116685|98.886139|5.039013|0.900000|0.900000|0.900000
AEG801_006_7089|13|-15.216248|238.656036|30.596563|-2.954426|-89.410324|6.534688|1.000000|1.000000|1.000000
AEG801_006_7092|13|8.763978|237.930023|-7.178709|-0.821824|-179.607742|-3.840288|0.900000|0.900000|0.900000
AEG801_006_7094|13|-13.118119|238.424973|-36.347755|7.132137|0.326473|3.628442|1.000000|1.000000|1.000000
AEG801_006_7095|13|-28.647062|238.073822|-43.427250|3.344553|-89.478500|-3.813228|1.000000|1.000000|1.000000
AEG801_006_7096|13|-31.584076|238.243179|-46.972107|-7.821127|170.421890|-1.799290|0.900000|0.900000|0.900000
AEG801_006_7097|13|-118.387695|384.618530|31.447529|20.863577|-115.499603|8.112845|1.000000|1.000000|1.000000
AEG801_006_7098|13|-45.261520|241.980240|-65.169624|-12.372945|178.265778|-19.487877|1.000000|1.000000|1.000000
AEG801_006_7099|13|-44.421173|241.614899|-61.098862|-15.154097|91.231682|7.857070|0.900000|0.900000|0.900000
AEG801_006_7100|13|-33.521584|238.337936|8.921384|1.106081|90.361153|-4.753610|1.000000|1.000000|1.000000
AEG801_006_7101|13|-109.944519|380.776703|7.437508|-8.245798|-7.897355|4.406073|1.000000|1.000000|1.000000
AEG801_006_7102|13|160.662537|238.840561|60.525749|1.585342|-175.198776|-0.611657|1.000000|1.000000|1.000000
AEG801_006_7104|13|33.331833|239.530136|81.116852|8.505882|91.649628|-9.820311|1.000000|1.000000|1.000000
AEG801_006_7105|13|30.104340|239.539383|78.440559|-8.970381|0.021829|-7.364204|0.900000|0.900000|0.900000
AEG801_006_7106|13|100.015106|239.175613|-3.585081|-1.848363|-130.657364|-3.618221|0.900000|0.900000|0.900000
AEG801_006_7107|13|100.326813|238.736526|3.370852|-3.772766|-174.177017|-4.143721|1.000000|1.000000|1.000000
AEG801_006_7108|13|129.651123|238.728989|118.722290|3.614536|-174.771133|-8.256330|1.000000|1.000000|1.000000
AEG801_006_7109|13|-84.675568|387.836609|32.571915|7.097875|-111.597855|15.887321|1.000000|1.000000|1.000000
AEG801_006_7110|13|85.382111|238.392654|-1.956298|-0.833413|-130.469604|-6.284491|0.900000|0.900000|0.900000
AEG801_006_7111|13|39.682339|238.041428|1.014894|1.192632|98.430473|4.166689|1.000000|1.000000|1.000000
AEG801_006_7112|13|-113.865753|238.876450|-57.205074|-4.291987|-89.575027|2.385867|1.000000|1.000000|1.000000
AEG801_006_7113|13|-105.084351|238.617523|-48.840088|-3.997199|0.491255|-3.715632|1.000000|1.000000|1.000000
AEG801_006_7114|13|-103.048988|239.100296|-41.148438|-2.660578|-89.193275|5.017129|0.900000|0.900000|0.900000
AEG801_006_7115|13|51.918850|237.787781|57.685905|-0.459371|76.145370|-1.049111|1.000000|1.000000|1.000000
AEG801_006_7117|13|86.609100|237.626495|97.063469|-1.240677|-9.476332|-0.040134|1.000000|1.000000|1.000000
AEG801_006_7118|13|-112.598511|238.292694|-67.509895|2.726912|-179.780899|4.885333|0.900000|0.900000|0.900000
AEG801_006_7119|13|130.957184|237.853363|63.798225|-0.084563|-9.486794|0.182776|1.000000|1.000000|1.000000
AEG801_006_7120|13|-110.389328|238.002014|-70.499153|-3.820356|-89.368950|2.446520|0.900000|0.900000|0.900000
AEG801_006_7121|13|124.715088|237.832382|74.089355|-0.320609|-9.463764|1.040238|1.000000|1.000000|1.000000
AEG801_006_7122|13|128.725281|238.116882|91.702400|1.613591|-9.512640|3.312150|1.000000|1.000000|1.000000
AEG801_006_7123|13|91.026337|237.663361|95.769165|-1.022404|-9.453191|0.507046|1.000000|1.000000|1.000000
AEG801_006_7124|13|130.061844|237.835938|50.062267|-0.040298|-99.427025|-0.936333|1.000000|1.000000|1.000000
AEG801_006_7125|13|-106.929749|395.236328|63.804924|11.069715|158.970871|-14.288106|1.000000|1.000000|1.000000
AEG801_006_7126|13|131.087387|237.971252|72.221428|-0.938327|-9.778551|1.794236|1.000000|1.000000|1.000000
AEG801_006_7127|13|121.476685|237.860138|107.050415|-0.447913|-9.457344|1.597254|1.000000|1.000000|1.000000
AEG801_006_7128|13|-103.304062|397.380035|69.924438|7.238032|155.343933|-9.874121|1.000000|1.000000|1.000000
AEG801_006_7129|13|137.252930|238.053955|64.819695|-0.472711|115.981407|-4.124238|1.000000|1.000000|1.000000
AEG801_006_7130|13|-70.548073|386.327057|28.362196|-5.634695|61.843639|-14.255058|1.000000|1.000000|1.000000
AEG801_006_7131|13|19.830139|237.754410|14.948244|1.864860|-80.408447|-2.307392|1.000000|1.000000|1.000000
AEG801_006_7132|13|-81.248795|384.568024|21.344831|-13.682135|-24.689024|6.565041|1.000000|1.000000|1.000000
AEG801_006_7133|13|-92.291084|378.171051|-10.628540|7.015725|134.634109|-5.370409|1.000000|1.000000|1.000000
AEG801_006_7135|13|60.493778|237.961517|58.712765|1.682139|-35.386929|0.865549|1.000000|1.000000|1.000000
AEG801_006_7136|13|68.500122|237.956009|57.429436|1.386447|91.896683|-2.172362|1.000000|1.000000|1.000000
AEG801_006_7137|13|-119.660942|239.341019|-47.380733|-1.321960|-89.324081|2.256230|1.000000|1.000000|1.000000
AEG801_006_7140|13|-23.897982|238.116592|13.535527|-2.883742|0.023431|-4.236047|0.900000|0.900000|0.900000
AEG801_006_7141|13|67.649925|237.832352|53.109131|0.894919|80.568779|-1.768215|1.000000|1.000000|1.000000
AEG801_006_7144|13|-17.586393|238.125427|22.460688|3.433700|-179.922409|3.313243|0.900000|0.900000|0.900000
AEG801_006_7145|13|36.249146|345.801453|-102.756340|0.558710|-2.284716|3.598089|1.000000|1.000000|1.000000
AEG801_006_7146|13|134.916229|239.127731|113.288803|-8.183015|94.863113|2.152301|1.000000|1.000000|1.000000
AEG801_011_7000|13|35.062496|345.939941|-124.509270|0.000000|-2.094238|0.000000|1.000000|1.000000|1.000000
AEG801_011_7001|13|92.579102|349.779297|-85.134407|0.000000|-2.027191|0.000000|1.000000|1.000000|1.000000
AEG801_011_7002|13|67.936790|346.276581|-58.505501|0.000000|-2.762867|0.000000|1.000000|1.000000|1.000000
AEG801_011_7003|13|37.779419|345.447357|-80.101570|0.000000|-2.105969|0.000000|1.000000|1.000000|1.000000
AEG801_011_7004|13|-2.315334|343.795227|-112.315048|0.000000|-2.061651|0.000000|1.000000|1.000000|1.000000
AEG801_011_7005|13|96.286499|351.031311|-57.723038|0.000000|-1.819594|0.000000|1.000000|1.000000|1.000000
AEG801_011_7006|13|66.635315|344.079773|-35.084354|0.000000|-2.088289|0.000000|1.000000|1.000000|1.000000
AEG801_011_7007|13|154.681152|238.562012|57.490726|0.000000|-91.858894|0.000000|1.000000|1.000000|1.000000
AEG801_011_7008|13|0.334770|346.699707|-66.654846|0.000000|-2.448751|0.000000|1.000000|1.000000|1.000000
AEG801_011_7010|13|-113.238945|373.811005|-27.912109|-0.015069|-2.723417|-0.000000|1.000000|1.000000|1.000000
AEG801_011_7012|13|-66.515709|378.971802|-3.378074|-0.006974|-61.841694|0.013360|1.000000|1.000000|1.000000
AEG801_011_7014|13|126.960785|239.619720|29.533691|0.000000|129.083084|0.000000|1.000000|1.000000|1.000000
AEG801_011_7015|13|-102.494469|379.489441|-2.033577|-0.008215|-2.418756|0.000164|1.000000|1.000000|1.000000
AEG801_011_7016|13|-113.466232|390.763367|51.621819|-0.017494|9.429431|0.004508|1.000000|1.000000|1.000000
AEG801_011_7019|13|84.330711|349.109772|-124.885620|0.000000|-0.529215|0.000000|1.000000|1.000000|1.000000
AEG801_011_7020|13|-81.230316|246.464691|-108.910637|0.000000|-2.699842|0.000000|1.000000|1.000000|1.000000
AEG801_011_7022|13|119.068970|237.957077|131.096085|0.000000|-12.671656|0.000000|1.000000|1.000000|1.000000
AEG801_011_7023|13|-57.440887|245.297806|-105.138550|0.000000|-2.445353|0.000000|1.000000|1.000000|1.000000
AEG801_011_7024|13|54.670380|238.792786|-9.641846|0.000000|-53.604603|0.000000|1.000000|1.000000|1.000000
AEG801_011_7026|13|-120.751038|238.005646|-79.379280|0.000000|-4.881856|0.000000|1.000000|1.000000|1.000000
AEG801_011_7028|13|-111.026894|380.625519|6.822385|0.001940|-88.617638|0.007759|1.000000|1.000000|1.000000
AEG801_011_7030|13|-16.440170|238.635101|-39.887650|0.000000|-138.654190|0.000000|1.000000|1.000000|1.000000
AEG801_011_7031|13|-44.380333|241.965546|-63.468590|0.000000|126.993340|0.000000|1.000000|1.000000|1.000000
AEG801_011_7032|13|-118.455650|381.887695|19.306149|0.009125|-177.884521|-0.005905|1.000000|1.000000|1.000000
AEG801_011_7034|13|-123.996567|390.305176|55.442734|0.017239|-171.519836|-0.005874|1.000000|1.000000|1.000000
AEG801_011_7035|13|161.712982|238.906357|62.447762|0.000000|178.184113|0.000000|1.000000|1.000000|1.000000
AEG801_011_7038|13|-50.769718|381.378693|9.842789|-0.005079|-91.418182|0.011611|1.000000|1.000000|1.000000
AEG801_011_7041|13|19.997742|237.780579|14.306276|0.000000|89.516930|0.000000|1.000000|1.000000|1.000000
AEG801_011_7042|13|93.921494|237.676651|97.024178|0.000000|89.573639|0.000000|1.000000|1.000000|1.000000
AEG801_011_7043|13|-112.122124|371.107483|-38.240341|0.011966|-151.702759|0.007431|1.000000|1.000000|1.000000
AEG801_011_7044|13|57.451550|239.262848|119.659256|0.000000|167.487167|0.000000|1.000000|1.000000|1.000000
AEG801_011_7045|13|107.156586|237.560425|59.112453|0.000000|88.990944|0.000000|1.000000|1.000000|1.000000
AEG801_011_7046|13|59.719654|238.622559|109.154060|0.000000|-102.692764|0.000000|1.000000|1.000000|1.000000
AEG801_011_7047|13|137.605438|237.990997|62.897320|0.000000|115.848824|0.000000|1.000000|1.000000|1.000000
AEG801_011_7048|13|124.204384|237.820007|106.774826|0.000000|92.856796|0.000000|1.000000|1.000000|1.000000
AEG801_011_7049|13|-52.950264|386.153503|31.277481|6.654629|95.599762|-13.788724|1.000000|1.000000|1.000000
AEG801_011_7050|13|70.236984|237.934204|53.284698|0.000000|92.091766|0.000000|1.000000|1.000000|1.000000
AEG801_011_7051|13|121.496765|238.526459|150.910278|0.000000|-102.508270|0.000000|1.000000|1.000000|1.000000
AEG801_011_7052|13|-92.291084|378.171051|-10.628540|0.007076|179.991913|0.001421|1.000000|1.000000|1.000000
AEG801_011_7053|13|60.963409|238.017975|56.993290|0.000000|138.607025|0.000000|1.000000|1.000000|1.000000
AEG801_011_7054|13|-90.326141|389.526276|38.215683|-0.003185|89.762741|-0.018488|1.000000|1.000000|1.000000
AEG801_011_7057|13|124.828568|237.935547|83.734879|0.000000|-74.579742|0.000000|1.000000|1.000000|1.000000
AEG801_011_7059|13|84.634079|238.420837|-2.732670|0.000000|-53.838627|0.000000|1.000000|1.000000|1.000000
AEG801_011_7062|13|41.403534|238.107758|-0.509638|0.000000|126.211639|0.000000|1.000000|1.000000|1.000000
AEG801_011_7063|13|-94.453430|386.855377|29.664307|-0.013894|0.243473|0.001940|1.000000|1.000000|1.000000
AEG801_011_7064|13|-80.835114|384.697113|21.818014|-0.015148|0.826962|-0.000097|1.000000|1.000000|1.000000
AEG801_011_7065|13|57.872162|238.318085|7.213625|0.000000|-143.648849|0.000000|1.000000|1.000000|1.000000
AEG801_011_7066|13|10.021941|345.104279|-96.276245|0.000000|-89.939583|0.000000|1.000000|1.000000|1.000000
AEG801_011_7067|13|-115.322060|239.224167|-44.533527|0.000000|46.284275|0.000000|1.000000|1.000000|1.000000
AEG801_011_7069|13|-71.477638|386.994141|30.665039|0.000601|85.771896|-0.016608|1.000000|1.000000|1.000000
AEG801_011_7070|13|-125.062897|239.295975|-52.406734|0.000000|11.288286|0.000000|1.000000|1.000000|1.000000
AEG801_011_7072|13|-30.412582|238.904999|16.509911|0.000000|167.561493|0.000000|1.000000|1.000000|1.000000
AEG801_011_7076|13|-62.737556|392.103271|50.969971|0.000000|-0.468588|0.000000|1.000000|1.000000|1.000000
AEG801_011_7077|13|93.441391|237.676651|112.860329|0.000000|179.573639|0.000000|1.000000|1.000000|1.000000
AEG801_011_7078|13|140.944275|377.622223|77.007652|0.000000|113.405678|0.000000|1.000000|1.000000|1.000000
AEG801_011_7079|13|128.665558|453.256439|126.736603|-0.000003|-95.236191|0.000000|1.000000|1.000000|1.000000
AEG801_011_7080|13|101.234680|488.751831|191.319595|0.000000|170.000031|0.000000|1.000000|1.000000|1.000000
AEG801_011_7081|13|130.313873|428.965363|116.429977|-0.000001|125.048767|0.000001|1.000000|1.000000|1.000000
AEG801_011_7082|13|127.904846|363.501831|124.340263|0.000000|-87.465790|0.000000|1.000000|1.000000|1.000000
AEG801_011_7083|13|58.728828|478.559601|80.823311|0.000000|147.513840|0.000000|1.000000|1.000000|1.000000
AEG801_011_7085|13|35.393375|516.609863|64.921921|0.000000|160.636581|0.000000|1.000000|1.000000|1.000000
AEG801_015_7000|13|108.433975|352.507141|-42.480453|-0.000002|11.019908|-0.000002|1.000002|1.000002|1.000002
AEG801_015_7001|13|-87.219421|239.151382|-94.585327|0.000003|-59.600956|0.000004|1.000002|1.000002|1.000002
AEG801_015_7002|13|-118.588409|384.646667|31.778687|0.014210|-79.514275|0.017521|1.000002|1.000002|1.000002
AEG801_015_7003|13|69.493622|237.839249|54.710941|-0.000001|-177.929337|-0.000002|1.000002|1.000002|1.000002
AEG801_015_7005|13|19.205811|238.194458|58.109966|0.000006|-79.337173|0.000009|1.000002|1.000002|1.000002
AEG801_015_7006|13|-101.585747|380.105682|2.205437|0.009260|-168.029800|0.002426|1.000002|1.000002|1.000002
AEG801_015_7007|13|159.819672|238.967514|64.708008|-0.000011|99.956749|-0.000018|1.000002|1.000002|1.000002
AEG801_015_7008|13|-114.697739|391.190796|53.672989|-0.008851|86.214218|-0.015212|1.000002|1.000002|1.000002
AEG801_015_7009|13|119.901306|237.833786|107.864746|0.000002|146.059891|0.000002|1.000002|1.000002|1.000002
AEG801_015_7010|13|129.462463|237.859451|49.698811|-0.000009|93.792015|-0.000015|1.000002|1.000002|1.000002
AEG801_015_7013|13|-112.178322|371.417084|-37.020752|0.005752|110.843628|-0.013093|1.000002|1.000002|1.000002
AEG801_015_7014|13|105.273422|238.839493|14.453433|-0.000003|-169.329086|-0.000002|1.000002|1.000002|1.000002
AEG801_015_7016|13|-121.239807|368.934998|-47.190552|0.007871|123.901733|-0.011615|1.000002|1.000002|1.000002
AEG801_015_7018|13|-112.979111|239.386642|-43.770081|-0.000010|101.909698|-0.000018|1.000002|1.000002|1.000002
AEG801_015_7020|13|108.739464|352.945923|-22.088478|0.000001|-25.709612|0.000001|1.000002|1.000002|1.000002
AEG801_015_7021|13|-91.903412|238.172882|-43.821594|-0.000009|101.999962|-0.000019|1.000002|1.000002|1.000001
AEG801_015_7022|13|-23.277605|238.093414|14.738174|-0.000008|100.868202|-0.000016|1.000002|1.000002|1.000002
AEG801_015_7023|13|12.747986|345.085602|-96.983879|-0.000012|110.020561|-0.000024|1.000002|1.000002|1.000002
AEG801_015_7024|13|-32.381752|238.853592|14.276672|-0.000002|-168.891495|-0.000002|1.000002|1.000002|1.000002
AEG801_015_7026|13|123.638397|438.183136|169.829361|0.000000|178.971191|0.000000|1.000000|1.000000|1.000000
AEG801_015_7027|13|132.487442|428.457855|115.405273|-0.000000|125.048767|-0.000000|1.000000|1.000000|1.000000
AEG801_015_7028|13|139.710266|377.622223|78.776451|-3.496955|108.563095|-15.551468|1.000000|1.000000|1.000000
AEG801_015_7029|13|135.929565|362.981049|100.551552|20.454723|-133.667206|5.493384|1.000000|1.000000|1.000000
AEG801_015_7030|13|103.390747|488.751831|189.690887|0.000000|175.000031|0.000000|1.000000|1.000000|1.000000
AEG801_015_7031|13|110.538818|536.381104|188.365860|-0.000000|-127.256508|-0.000000|1.000000|1.000000|1.000000
AEG801_015_7032|13|33.172684|515.352600|81.559296|0.000000|-109.363434|0.000000|1.000000|1.000000|1.000000
AEG801_015_7033|13|44.517628|518.065247|96.988266|0.000000|160.636581|0.000000|1.000000|1.000000|1.000000
AEG801_015_7034|13|53.759583|478.038239|76.323471|0.000000|-108.587547|0.000000|1.000000|1.000000|1.000000
AEG801_015_7036|13|30.600506|519.016968|63.201149|0.000000|160.636581|0.000000|1.000000|1.000000|1.000000
AEG801_016_7000|13|87.199348|352.392273|-36.874359|0.000000|29.203732|0.000000|1.000000|1.000000|1.000000
AEG801_016_7001|13|103.212448|237.418411|60.171627|0.000000|-3.758526|0.000000|1.000000|1.000000|1.000000
AEG801_016_7002|13|-83.083511|378.981903|-3.045156|0.008524|160.848557|-0.002513|1.000000|1.000000|1.000000
AEG801_016_7003|13|-110.360268|380.416809|5.109850|0.007076|-135.985809|0.003934|1.000000|1.000000|1.000000
AEG801_016_7004|13|-122.833603|381.982056|23.859264|0.011939|-135.566971|-0.000990|1.000000|1.000000|1.000000
AEG801_016_7006|13|-126.193588|378.959381|-4.589233|0.004918|-136.043243|0.003388|1.000000|1.000000|1.000000
AEG801_016_7010|13|-53.143311|386.878418|33.924805|0.014671|136.196548|-0.006709|1.000000|1.000000|1.000000
AEG801_016_7012|13|37.112122|239.108017|81.382820|0.000000|-146.307007|0.000000|1.000000|1.000000|1.000000
AEG801_016_7013|13|52.119080|239.344177|113.316406|0.000000|33.050941|0.000000|1.000000|1.000000|1.000000
AEG801_016_7016|13|-15.757935|238.599045|29.867916|0.000000|123.969437|0.000000|1.000000|1.000000|1.000000
AEG801_016_7018|13|-73.642975|389.169403|37.013527|0.018305|147.563522|-0.009310|1.000000|1.000000|1.000000
AEG801_016_7019|13|157.196716|239.087250|65.838257|0.000000|-98.884171|0.000000|1.000000|1.000000|1.000000
AEG801_016_7022|13|90.152161|237.853714|8.003394|0.000000|171.533615|0.000000|1.000000|1.000000|1.000000
AEG801_016_7026|13|-111.110741|238.088684|-69.595703|0.000000|-75.784805|0.000000|1.000000|1.000000|1.000000
AEG801_016_7027|13|-125.765388|239.350525|-51.336426|0.000000|-165.761688|0.000000|1.000000|1.000000|1.000000
AEG801_016_7028|13|7.140949|237.825821|-6.072568|0.000000|171.782166|0.000000|1.000000|1.000000|1.000000
AEG801_016_7029|13|35.126198|345.726440|-101.844467|0.000000|119.104637|0.000000|1.000000|1.000000|1.000000
AEG801_016_7031|13|-66.085197|392.646973|51.134266|0.000000|43.976906|0.000000|1.000000|1.000000|1.000000
AEG801_016_7032|13|93.742210|238.322662|110.090378|0.000000|95.922295|0.000000|1.000000|1.000000|1.000000
AEG801_016_7033|13|140.416260|404.190216|102.037117|0.000000|107.949432|0.000000|1.000000|1.000000|1.000000
AEG801_111_7000|13|65.203407|238.035889|60.715946|0.000000|91.706665|0.000000|1.000000|1.000000|1.000000
AEG801_111_7001|13|-81.870888|384.416046|20.788307|-0.006460|-64.029282|0.013742|0.903812|0.903812|0.903812
AEG801_111_7002|13|-75.605591|384.080505|19.177132|0.012868|-155.355957|0.004863|0.903812|0.903812|0.903812
AEG801_111_7003|13|-109.798004|388.153198|39.719372|-0.000853|114.159645|-0.012398|0.903812|0.903812|0.903812
AEG801_111_7004|13|-92.819977|393.182037|49.890831|-0.000502|-66.480659|0.019316|0.903812|0.903812|0.903812
AEG801_111_7005|13|101.186478|238.434662|35.880856|0.000000|-36.288857|0.000000|1.000000|1.000000|1.000000
AEG801_111_7008|13|-98.817024|382.028015|10.642929|0.006721|116.652748|-0.014799|0.903812|0.903812|0.903812
AEG801_111_7009|13|39.064072|238.862549|81.581711|0.000000|8.001375|0.000000|1.000000|1.000000|1.000000
AEG801_111_7011|13|22.867899|237.999451|59.321823|0.000000|6.931960|0.000000|1.000000|1.000000|1.000000
AEG801_111_7012|13|52.879787|238.689301|-8.672131|0.000000|-35.489513|0.000000|1.000000|1.000000|1.000000
AEG801_111_7014|13|-44.853512|386.243744|34.524651|0.013414|-161.094208|0.010081|0.903812|0.903812|0.903812
AEG801_111_7020|13|80.538780|238.554550|-8.995848|0.000000|-35.088005|0.000000|1.000000|1.000000|1.000000
AEG801_111_7022|13|90.664658|237.613708|9.691022|0.000000|-125.228012|0.000000|1.000000|1.000000|1.000000
AEG801_111_7024|13|38.940857|238.043976|1.355949|0.000000|-146.234711|0.000000|1.000000|1.000000|1.000000
AEG801_111_7026|13|-76.698990|389.168579|36.618767|0.012950|122.105217|-0.016702|0.903812|0.903812|0.903812
AEG801_111_7027|13|-105.594940|238.713608|-47.946766|0.000000|-172.758926|0.000000|1.000000|1.000000|1.000000
AEG801_111_7029|13|-112.834076|237.928726|-69.680664|0.000000|6.955909|0.000000|1.000000|1.000000|1.000000
AEG801_111_7031|13|8.211118|237.891510|-6.602295|0.000000|-169.682831|0.000000|1.000000|1.000000|1.000000
AEG801_111_7032|13|112.618134|237.809006|113.985992|0.000000|77.087410|0.000000|1.000000|1.000000|1.000000
AEG801_231_7000|13|-94.917664|237.363525|-57.985958|0.000000|-171.545425|-0.000045|0.750000|0.750000|0.750000
AEG801_231_7001|13|37.466858|237.363525|48.130611|0.000000|31.230320|-0.000045|0.750000|0.750000|0.750000
AEG801_231_7002|13|-3.235243|237.363525|27.034348|-0.000000|-110.002930|-0.000045|0.750000|0.750000|0.750000
AEG801_231_7003|13|-115.663834|237.363525|-105.581230|0.000000|74.945450|-0.000045|0.750000|0.750000|0.750000
AEG801_231_7004|13|84.742371|237.363525|22.541677|0.000000|98.454575|-0.000045|0.750000|0.750000|0.750000
AEG801_231_7005|13|70.715210|237.363525|36.283607|0.000000|-114.729324|-0.000045|0.750000|0.750000|0.750000
AEG801_231_7006|13|84.712265|237.363525|87.708527|0.000000|63.226727|-0.000045|0.750000|0.750000|0.750000
AEG801_231_7007|13|98.909348|237.363525|99.202972|0.000000|-132.679199|-0.000045|0.750000|0.750000|0.750000
AEG801_231_7009|13|72.975647|237.363525|124.899246|-0.000000|47.320789|-0.000045|0.750000|0.750000|0.750000
AEG801_231_7010|13|8.372253|237.363525|28.031036|-0.000000|-132.679199|-0.000045|0.750000|0.750000|0.750000
AEG801_231_7011|13|40.545593|237.363525|24.325752|0.000000|-115.884430|-0.000045|0.750000|0.750000|0.750000
AEG801_231_7012|13|99.883530|237.363403|58.879745|0.000109|-83.337639|-0.000840|0.750000|0.750000|0.750000
AEG801_250_7000|13|88.634560|352.291321|-40.654629|0.000000|25.314104|0.000000|0.616496|0.616496|0.616496
AEG801_250_7001|13|106.666100|352.516327|-40.877499|0.000000|32.004688|0.000000|1.000000|1.000000|1.000000
AEG801_250_7003|13|-87.315804|377.838928|-11.407219|-0.007280|-59.848763|0.006557|1.000000|1.000000|1.000000
AEG801_250_7004|13|-83.456444|378.038605|-9.062004|0.009344|157.879440|-0.001255|0.700000|0.700000|0.700000
AEG801_250_7005|13|-85.548920|239.730988|-96.167725|0.000000|-40.127808|0.000000|1.000000|1.000000|1.000000
AEG801_250_7006|13|-124.924683|238.082336|-77.640762|0.000000|-39.323925|0.000000|0.711061|0.711061|0.711061
AEG801_250_7007|13|-111.172684|380.817719|8.147469|0.008032|171.648727|-0.004446|0.600000|0.600000|0.600000
AEG801_250_7008|13|-123.799637|381.688690|22.861324|-0.010268|79.852440|-0.006186|0.967608|0.967608|0.967608
AEG801_250_7009|13|-77.743561|382.126526|11.257072|-0.012552|-7.065158|0.005027|0.967608|0.967608|0.967608
AEG801_250_7010|13|-76.327271|382.781921|13.735336|0.012595|174.394577|-0.004311|0.669602|0.669602|0.669602
AEG801_250_7011|13|101.342110|238.773788|3.859009|0.000000|7.096066|0.000000|0.868596|0.868596|0.868596
AEG801_250_7012|13|-85.378815|378.904846|-3.807373|0.000137|-100.072922|0.008989|0.733439|0.733439|0.733439
AEG801_250_7013|13|-114.837044|374.784912|-24.360245|0.002240|-101.300766|0.014890|1.000000|1.000000|1.000000
AEG801_250_7014|13|-114.689964|374.023926|-27.187576|-0.003712|72.921585|-0.014559|0.719037|0.719037|0.719037
AEG801_250_7016|13|93.462776|239.427856|-8.346304|0.000000|69.350151|0.000000|0.869994|0.869994|0.869994
AEG801_250_7017|13|130.943695|238.048935|44.640625|0.000000|-21.265886|0.000000|0.868596|0.868596|0.868596
AEG801_250_7018|13|-118.966270|381.427277|16.556890|0.007541|172.555435|-0.006516|0.753821|0.753821|0.753821
AEG801_250_7019|13|47.033470|238.722961|86.850830|0.000000|19.746323|0.000000|0.584242|0.584242|0.584242
AEG801_250_7020|13|52.975891|238.500702|89.141708|0.000000|-69.657501|0.000000|0.910615|0.910615|0.910615
AEG801_250_7021|13|-100.897980|379.842285|0.542480|-0.000338|83.221947|-0.008560|0.800000|0.800000|0.800000
AEG801_250_7023|13|50.302765|239.583344|111.822632|0.000000|-69.958374|0.000000|0.584242|0.584242|0.584242
AEG801_250_7024|13|21.745483|238.304382|60.773193|0.000000|125.504906|0.000000|1.000000|1.000000|1.000000
AEG801_250_7025|13|11.630604|238.015656|45.474571|0.000000|21.332268|0.000000|0.598047|0.598047|0.598047
AEG801_250_7026|13|54.362732|238.361313|-1.464475|0.000000|118.136620|0.000000|0.584242|0.584242|0.584242
AEG801_250_7027|13|-120.880692|386.748962|42.117325|-0.015783|-3.691962|0.011939|1.000000|1.000000|1.000000
AEG801_250_7028|13|-99.315994|392.361267|50.142448|-0.016488|-4.858078|0.010218|0.967608|0.967608|0.967608
AEG801_250_7030|13|-14.163004|238.656769|30.138161|0.000000|-85.831520|0.000000|0.810729|0.810729|0.810729
AEG801_250_7031|13|-9.110349|238.237106|30.368774|0.000000|-157.266327|0.000000|0.593037|0.593036|0.593036
AEG801_250_7033|13|-12.033918|238.486023|-36.381657|0.000000|21.099174|0.000000|0.776640|0.776640|0.776641
AEG801_250_7035|13|26.181705|238.333450|9.162884|0.000000|-80.126747|0.000000|0.500000|0.500000|0.500000
AEG801_250_7037|13|-126.609833|378.820862|-5.862907|-0.001804|81.799484|-0.005691|0.529343|0.529343|0.529343
AEG801_250_7038|13|132.447296|238.221619|42.534050|0.000000|-126.825615|0.000000|0.635450|0.635450|0.635450
AEG801_250_7039|13|-49.837612|381.257233|9.671632|-0.011744|-8.578510|-0.003568|0.561040|0.561040|0.561040
AEG801_250_7041|13|-96.286102|382.916840|13.657494|-0.016754|-7.400931|0.001530|0.691822|0.691822|0.691822
AEG801_250_7042|13|101.491928|238.592972|32.930561|0.000000|159.461426|0.000000|0.706049|0.706049|0.706049
AEG801_250_7043|13|-48.935299|386.107056|32.591072|0.015764|169.892471|0.002951|0.800000|0.800000|0.800000
AEG801_250_7044|13|86.569763|238.442810|-1.743528|0.000000|-21.714493|0.000000|1.000000|1.000000|1.000000
AEG801_250_7045|13|-122.094032|369.145386|-46.360352|-0.009707|41.763752|-0.010176|0.967608|0.967608|0.967608
AEG801_250_7046|13|84.655815|238.277435|-0.741330|0.000000|-111.645996|0.000000|0.600000|0.600000|0.600000
AEG801_250_7047|13|102.755585|238.860535|31.250854|0.000000|-82.724091|0.000000|1.000000|1.000000|1.000000
AEG801_250_7049|13|-110.115723|238.495102|-59.512688|0.000000|22.509426|0.000000|0.600000|0.600000|0.600000
AEG801_250_7051|13|-110.528076|238.119476|-68.177834|0.000000|-67.530785|0.000000|0.650000|0.650000|0.650000
AEG801_250_7054|13|-24.653502|238.262039|15.315673|0.000000|-136.828461|0.000000|0.900000|0.900000|0.900000
AEG801_250_7055|13|-32.690933|238.277420|8.067503|0.000000|133.739899|0.000000|0.600000|0.600000|0.600000
AEG801_250_7056|13|-24.086609|238.372467|18.715332|0.000000|-136.527420|0.000000|0.500000|0.500000|0.500000
AEG801_250_7057|13|9.132138|237.982681|-8.232299|0.000000|61.985470|0.000000|0.788933|0.788933|0.788933
AEG801_250_7058|13|36.436779|345.809204|-102.123489|0.000000|-61.507214|0.000000|0.700000|0.700000|0.700000
AEG801_250_7059|13|12.075939|345.185303|-94.972900|0.000000|-61.451519|0.000000|0.828678|0.828677|0.828678
AEG801_250_7060|13|-54.678535|385.795502|29.221802|-0.014104|-7.317766|-0.003046|0.967608|0.967608|0.967608
AEG801_250_7061|13|127.524658|362.848938|125.520332|-0.000001|171.095154|-15.000008|1.000000|1.000000|1.000000
AEG801_250_7062|13|135.521805|491.992523|128.903595|-0.000001|-92.256493|-0.000001|1.422102|1.422102|1.422102
AEG801_250_7063|13|135.775024|362.088959|100.773476|17.388268|-117.719322|-5.815146|1.000000|1.000000|1.000000
AEG801_250_7064|13|134.049988|391.486115|145.248276|2.348246|172.995026|-35.482796|0.895977|0.895977|0.895977
AEG801_250_7065|13|174.628723|523.860962|77.512337|-10.714706|20.920286|13.805562|1.000000|1.000000|1.000000
AEG801_250_7066|13|142.618973|375.662689|73.838562|12.700679|-113.153526|8.047249|1.000000|1.000000|1.000000
AEG801_250_7067|13|108.856361|536.381104|190.786469|0.000000|-127.256493|0.000000|1.000000|1.000000|1.000000
AEG801_250_7068|13|128.318207|536.381104|169.876678|0.000000|52.743504|0.000000|0.846471|0.846471|0.846471
AEG801_250_7069|13|10.458225|383.628693|56.146015|9.196384|-176.027817|10.033959|1.448959|1.448959|1.448959
AEG801_250_7070|13|11.666206|510.853699|49.670784|32.481018|-177.895370|11.929279|1.368955|1.368955|1.368956
AEG801_250_7071|13|31.574444|515.352600|79.883255|0.000000|-19.363432|0.000000|1.251550|1.251550|1.251550
AEG801_250_7072|13|42.534363|538.508362|107.953606|0.000000|-46.951389|0.000000|0.589721|0.589721|0.589721
AEG801_251_7000|13|-117.480255|384.670410|30.653435|-0.020293|80.585762|-0.013248|1.000000|1.000000|1.000000
AEG801_251_7001|13|101.015869|238.414124|8.031376|0.000000|128.770569|0.000000|1.000000|1.000000|1.000000
AEG801_251_7002|13|43.673504|238.887268|87.819855|0.000000|80.727943|0.000000|0.883517|0.883517|0.883517
AEG801_251_7004|13|-114.022034|238.925751|-56.316406|0.000000|170.629852|0.000000|1.000000|1.000000|1.000000
AEG801_251_7005|13|-31.828339|238.858871|15.318850|0.000000|-9.785893|0.000000|1.000000|1.000000|1.000000
AEG801_253_7000|13|91.967781|349.781311|-87.576637|0.000000|4.259388|0.000000|1.000000|1.000000|1.000000
AEG801_253_7001|13|66.359123|346.225128|-61.974121|0.000000|3.667238|0.000000|1.000000|1.000000|1.000000
AEG801_253_7002|13|-4.994047|343.538788|-114.427353|0.000000|3.077300|0.000000|0.833748|0.833748|0.833748
AEG801_253_7003|13|107.684235|352.589783|-38.267673|0.000000|-175.815063|0.000000|0.824504|0.824504|0.824504
AEG801_253_7004|13|125.632065|352.401459|-44.068119|0.000000|-8.415077|0.000000|0.708048|0.708048|0.708048
AEG801_253_7005|13|-83.842430|377.799011|-10.608414|0.009508|-176.775146|0.003333|1.100000|1.100000|1.100000
AEG801_253_7006|13|-96.713371|374.360687|-25.524052|-0.015869|2.941080|-0.000605|0.833748|0.833748|0.833748
AEG801_253_7007|13|-76.375366|382.093048|10.765007|-0.013110|2.455043|0.002759|1.000000|1.000000|1.000000
AEG801_253_7008|13|-58.119289|245.812866|-108.901367|0.000000|9.852166|0.000000|1.000000|1.000000|1.000000
AEG801_253_7009|13|-82.589043|239.993698|-93.966072|0.000000|116.333916|0.000000|1.000000|1.000000|1.000000
AEG801_253_7010|13|-96.956459|250.190689|-118.903046|0.000000|148.857651|0.000000|0.600000|0.600000|0.600000
AEG801_253_7011|13|-94.236259|238.464767|-42.993778|0.000000|9.657451|0.000000|1.000000|1.000000|1.000000
AEG801_253_7012|13|-122.995087|238.251892|-77.868912|0.000000|9.711601|0.000000|0.706202|0.706202|0.706202
AEG801_253_7013|13|-118.229347|385.457855|34.454704|0.035053|-158.399521|-0.044379|1.000000|1.000000|1.000000
AEG801_253_7014|13|99.654579|238.528915|5.389769|0.000000|-135.323792|0.000000|0.849685|0.849685|0.849685
AEG801_253_7015|13|77.622269|238.054001|9.220825|0.000000|-28.952003|0.000000|0.849685|0.849685|0.849685
AEG801_253_7016|13|-120.236572|380.131439|6.227667|-0.002356|96.844070|-0.006356|1.000000|1.000000|1.000000
AEG801_253_7017|13|-120.482056|381.961792|21.422600|0.005983|-83.747612|0.009535|1.000000|1.000000|1.000000
AEG801_253_7019|13|132.609283|238.619415|38.181641|0.000000|-135.529266|0.000000|0.849685|0.849685|0.849685
AEG801_253_7020|13|126.228409|237.784912|57.125118|0.000000|3.250761|0.000000|0.849685|0.849685|0.849685
AEG801_253_7021|13|-50.011234|385.957947|31.612915|-0.010108|-68.298439|0.011256|1.000000|1.000000|1.000000
AEG801_253_7023|13|-114.875183|375.062744|-23.325333|-0.014853|4.882345|-0.002014|1.000000|1.000000|1.000000
AEG801_253_7024|13|56.228836|238.298340|90.429688|0.000000|86.743622|0.000000|0.915450|0.915450|0.915450
AEG801_253_7025|13|50.451370|239.525208|109.564079|0.000000|-92.779854|0.000000|0.710272|0.710272|0.710272
AEG801_253_7026|13|-100.373787|379.681885|-0.520134|-0.005360|-50.653839|0.005765|1.000000|1.000000|1.000000
AEG801_253_7027|13|41.927536|237.930008|64.864868|0.000000|-3.184991|0.000000|0.915451|0.915450|0.915451
AEG801_253_7028|13|13.741030|238.006226|47.194828|0.000000|-35.476864|0.000000|0.704233|0.704233|0.704233
AEG801_253_7029|13|-119.505386|387.037231|42.216286|-0.014846|-6.501978|0.012158|1.100000|1.100000|1.100000
AEG801_253_7031|13|97.447853|239.443176|-6.983877|0.000000|-131.760406|0.000000|0.972995|0.972995|0.972995
AEG801_253_7032|13|-121.077980|390.946869|56.186916|0.015846|-171.848801|-0.005996|1.000000|1.000000|1.000000
AEG801_253_7033|13|26.159494|238.060608|11.185463|0.000000|-101.249458|0.000000|0.849685|0.849685|0.849685
AEG801_253_7036|13|-123.555359|387.011475|44.647820|0.018332|-168.600586|-0.007348|0.900000|0.900000|0.900000
AEG801_253_7038|13|-14.497907|238.544601|-37.568943|0.000000|-134.075989|0.000000|1.000000|1.000000|1.000000
AEG801_253_7039|13|-45.180328|237.945847|-49.362305|0.000000|-134.202438|0.000000|0.787589|0.787589|0.787589
AEG801_253_7040|13|118.255058|238.315491|41.913216|0.000000|-101.141350|0.000000|0.742002|0.742002|0.742002
AEG801_253_7041|13|41.092651|239.138504|86.208008|0.000000|-92.292755|0.000000|0.915451|0.915450|0.915451
AEG801_253_7042|13|-94.950150|383.179077|14.695053|-0.004533|-81.699036|0.015928|1.000000|1.000000|1.000000
AEG801_253_7043|13|33.525032|239.436523|80.594360|0.000000|-13.392972|0.000000|0.688852|0.688852|0.688852
AEG801_253_7044|13|128.315872|238.679443|121.280396|0.000000|94.000771|0.000000|0.800000|0.800000|0.800000
AEG801_253_7045|13|54.137634|237.822235|59.437252|0.000000|113.951401|0.000000|0.849685|0.849685|0.849685
AEG801_253_7046|13|54.761902|237.580170|22.376833|0.000000|-172.720398|0.000000|1.000000|1.000000|1.000000
AEG801_253_7047|13|-119.429863|369.357391|-45.486450|-0.008165|-53.572144|0.011365|1.000000|1.000000|1.000000
AEG801_253_7048|13|91.290451|237.682846|96.467896|0.000000|-172.698471|0.000000|1.000000|1.000000|1.000000
AEG801_253_7049|13|117.414047|237.927017|115.451172|0.000000|93.990891|0.000000|0.500000|0.500000|0.500000
AEG801_253_7050|13|87.332169|237.706100|99.250000|0.000000|-172.681641|0.000000|0.700000|0.700000|0.700000
AEG801_253_7051|13|121.861053|237.817108|74.390923|0.000000|164.558487|0.000000|0.800000|0.800000|0.800000
AEG801_253_7052|13|23.939301|237.879501|51.630852|0.000000|176.785431|0.000000|0.720317|0.720317|0.720317
AEG801_253_7053|13|23.055176|238.324402|62.016228|0.000000|-90.711388|0.000000|1.000000|1.000000|1.000000
AEG801_253_7054|13|133.110031|237.982407|63.828201|0.000000|25.103088|0.000000|1.153851|1.153851|1.153851
AEG801_253_7055|13|65.090759|237.956894|56.011337|0.000000|50.336182|0.000000|1.000000|1.000000|1.000000
AEG801_253_7056|13|101.830055|238.754532|37.575928|0.000000|-132.175735|0.000000|0.849685|0.849685|0.849685
AEG801_253_7057|13|-117.248161|239.084167|-57.980347|0.000000|-91.360840|0.000000|1.000000|1.000000|1.000000
AEG801_253_7058|13|-106.232903|238.665802|-49.319458|0.000000|89.480659|0.000000|0.715986|0.715986|0.715986
AEG801_253_7060|13|-75.382912|380.896362|5.298080|-0.002986|90.266487|-0.012865|1.000000|1.000000|1.000000
AEG801_253_7062|13|-109.871490|237.982483|-70.225220|0.000000|-70.372879|0.000000|0.600000|0.600000|0.600000
AEG801_253_7063|13|-97.825813|237.916397|-52.769409|0.000000|-168.971405|0.000000|0.500000|0.500000|0.500000
AEG801_253_7064|13|89.893646|349.877319|-62.795647|0.000000|104.380020|0.000000|0.800000|0.800000|0.800000
AEG801_253_7065|13|-35.679382|238.305649|8.292967|0.000000|-33.360867|0.000000|0.854129|0.854129|0.854129
AEG801_253_7066|13|-16.476807|237.905869|19.753050|0.000000|129.211472|0.000000|0.800000|0.800000|0.800000
AEG801_253_7067|13|7.379120|237.909760|-12.031861|0.000000|135.652237|0.000000|1.000000|1.000000|1.000000
AEG801_253_7068|13|20.206268|345.377716|-91.495964|0.000000|160.593292|0.000000|0.800000|0.800000|0.800000
AEG801_253_7069|13|-91.386383|395.981049|57.706070|0.019343|-170.298294|-0.005680|1.000000|1.000000|1.000000
AEG801_253_7071|13|-23.952477|384.161285|31.340591|-0.013603|7.391957|-0.004947|1.000000|1.000000|1.000000
AEG801_253_7072|13|120.613083|237.937103|115.099991|0.000000|-150.749969|0.000000|0.889789|0.889789|0.889789
AEG801_253_7073|13|109.807953|609.174500|191.556778|0.000000|-63.340210|0.000000|0.889789|0.889789|0.889789
AEG801_253_7074|13|102.002884|536.381104|188.746063|0.000000|-37.256481|0.000000|0.889789|0.889789|0.889789
AEG801_253_7075|13|124.815247|536.381104|170.656387|0.000000|142.743546|0.000000|1.464168|1.464168|1.464168
AEG801_253_7076|13|129.802704|536.381104|168.831818|0.000000|52.743584|0.000000|0.891009|0.891009|0.891009
AEG801_253_7077|13|42.356213|537.853027|111.774612|0.000000|129.038925|0.000000|1.464168|1.464168|1.464168
AEG801_253_7078|13|9.066673|380.219269|57.384384|-14.403914|-4.674881|-20.984339|1.493425|1.493425|1.493425
AEG801_254_7000|13|-70.548073|386.327087|28.362198|0.015190|-179.353455|0.002131|1.000000|1.000000|1.000000
AEG801_255_7000|13|-84.717918|384.882263|22.362053|-0.015347|-0.918326|-0.001550|1.000000|1.000000|1.000000
AEG801_255_7001|13|28.399292|238.277863|69.171021|0.000000|21.632048|0.000000|1.000000|1.000000|1.000000
AEG801_255_7002|13|-94.024406|388.925598|36.015903|0.000000|90.819969|0.000000|1.000000|1.000000|1.000000
AEG801_255_7003|13|-117.405441|382.370514|21.354744|-0.008956|86.324165|-0.009301|1.000000|1.000000|1.000000
AEG801_255_7004|13|41.909332|237.690353|0.804321|0.000000|-158.436600|0.000000|1.000000|1.000000|1.000000
AEG801_255_7005|13|104.766052|238.392670|17.282974|0.000000|126.166039|0.000000|1.000000|1.000000|1.000000
AEG801_255_7006|13|-117.849617|376.363220|-18.498909|0.001721|-69.269310|0.014125|1.000000|1.000000|1.000000
AEG801_255_7007|13|-109.005707|238.934219|-47.702744|0.000000|-68.342064|0.000000|1.000000|1.000000|1.000000
AEG801_255_7008|13|21.541506|345.343628|-93.304230|0.000000|-7.258678|0.000000|1.000000|1.000000|1.000000
AEG801_255_7009|13|-111.669434|390.733093|50.755501|0.007704|-92.156929|0.016556|1.000000|1.000000|1.000000
AEG801_255_7010|13|144.330902|488.716522|119.730881|0.000000|132.743454|0.000000|1.261225|1.261225|1.261225
AEG801_255_7011|13|139.576050|489.744568|143.565186|0.000000|-92.256493|0.000000|0.964814|0.964814|0.964814
AEG801_255_7012|13|137.014664|536.230347|154.221710|0.000000|-127.256508|0.000000|1.000000|1.000000|1.000000
AEG801_255_7013|13|100.292252|536.381104|193.174408|0.000000|-37.256485|0.000000|1.000000|1.000000|1.000000
AEG801_255_7014|13|134.886353|363.197113|107.123474|14.500410|-115.546051|-1.502079|1.000000|1.000000|1.000000
AEG801_255_7015|13|180.154068|537.972107|69.420578|-33.884708|5.615590|10.701324|1.000000|1.000000|1.000000
AEG801_255_7016|13|178.213593|522.064209|63.749313|-13.892331|-59.857216|31.721230|0.921769|0.921769|0.921769
AEG801_255_7017|13|107.600990|603.032837|195.077713|-0.000002|-145.834808|-0.000002|1.000000|1.000000|1.000000
AEG801_255_7018|13|11.290802|381.495758|57.259117|36.938725|85.127350|-8.340611|0.831134|0.831134|0.831134
AEG801_255_7019|13|40.355148|537.520447|114.487015|0.000000|-114.675446|0.000000|1.000000|1.000000|1.000000
AEG801_255_7020|13|68.240784|391.394684|110.238892|29.639275|71.416542|-5.782764|1.000000|1.000000|1.000000
AEG801_255_7021|13|61.215660|425.764130|118.306976|21.195715|89.709312|-10.894105|1.000000|1.000000|1.000000
AEG801_255_7022|13|65.937637|404.759521|103.049858|-7.144001|-20.758734|-28.890413|0.698296|0.698296|0.698296
AEG801_256_7000|13|-90.775696|395.607513|56.302383|-0.019523|9.043798|0.005573|1.000000|1.000000|1.000000
AEG801_261_7001|13|83.153366|237.118668|87.457832|0.000000|30.461613|0.000000|0.805257|0.805257|0.805257
AEG801_262_7000|13|78.105713|237.118668|18.079350|0.000000|90.460518|0.000000|1.000000|1.000000|1.000000
AEG801_262_7001|13|70.641525|237.118668|102.633965|0.000000|30.461617|0.000000|1.000000|1.000000|1.000000
AEG801_264_7000|13|113.630798|238.161392|40.623405|0.000000|-86.955574|0.000000|0.800000|0.800000|0.800000
AEG801_264_7001|13|51.937286|237.118668|10.250088|0.000000|90.460518|0.000000|0.840458|0.840458|0.840458
AEG801_264_7002|13|60.930283|237.118668|82.023468|0.000000|30.461613|0.000000|0.840458|0.840458|0.840458
AEG801_265_7000|13|127.810959|237.939133|46.079830|0.000000|-88.284996|0.000000|0.952493|0.952493|0.952493
AEG801_265_7001|13|39.842728|237.118668|12.607357|0.000000|90.460518|0.000000|1.000000|1.000000|1.000000
AEG801_265_7002|13|78.349373|238.480042|-9.315922|0.000000|32.848484|0.000000|0.858756|0.858756|0.858756
AEG801_265_7003|13|123.205269|237.899170|107.804451|0.000000|-117.019104|0.000000|0.800000|0.800000|0.800000
AEG801_265_7004|13|49.110657|237.118668|62.467590|0.000000|30.461617|0.000000|1.000000|1.000000|1.000000
AEG801_265_7005|13|86.674538|237.118668|108.952026|0.000000|-59.538376|0.000000|1.000000|1.000000|1.000000
AEG801_265_7006|13|116.924744|237.118668|132.417633|0.000000|-59.538376|0.000000|1.000000|1.000000|1.000000
AEG801_266_7000|13|109.725555|237.454468|58.794308|0.000000|116.576385|0.000000|0.900000|0.900000|0.900000
AEG801_266_7001|13|87.962402|237.118668|87.154053|0.000000|-27.032442|0.000000|1.000000|1.000000|1.000000
AEG801_266_7002|13|121.073387|237.954422|112.883080|0.000000|-27.169735|0.000000|0.700000|0.700000|0.700000
AEG801_266_7003|13|105.910187|238.580368|41.702633|0.000000|-87.299873|0.000000|0.903175|0.903175|0.903175
AEG801_266_7004|13|85.340775|237.443481|29.671139|0.000000|74.907104|0.000000|1.000000|1.000000|1.000000
AEG801_266_7005|13|25.556503|237.798828|50.995880|0.000000|-147.690430|0.000000|0.700000|0.700000|0.700000
AEG801_266_7006|13|90.813553|237.363586|27.840637|0.000000|-28.689674|0.000000|0.700000|0.700000|0.700000
AEG801_266_7007|13|71.134323|237.670486|22.265875|0.000000|-55.474770|0.000000|0.700000|0.700000|0.700000
AEG801_266_7008|13|47.706070|237.118668|28.582104|0.000000|-179.539490|0.000000|0.732767|0.732767|0.732767
AEG801_266_7009|13|132.463379|237.837891|61.381824|0.000000|-15.092459|0.000000|1.000000|1.000000|1.000000
AEG801_266_7010|13|129.642761|237.801559|52.028442|0.000000|40.375946|0.000000|0.700000|0.700000|0.700000
AEG801_266_7011|13|43.212799|237.400803|22.492060|0.000000|0.450328|0.000000|1.000000|1.000000|1.000000
AEG801_266_7012|13|50.656464|237.807693|57.654533|0.000000|4.484773|0.000000|0.991732|0.991732|0.991732
AEG801_266_7013|13|12.988388|237.421402|33.256828|0.000000|-89.381760|0.000000|1.000000|1.000000|1.000000
AEG801_266_7014|13|92.623581|237.772629|98.504944|0.000000|91.480476|0.000000|0.800000|0.800000|0.800000
AEG801_266_7015|13|64.358887|238.009766|58.035172|0.000000|91.867004|0.000000|0.873267|0.873267|0.873267
AEG801_266_7016|13|92.580231|238.009766|108.264862|0.000000|1.866998|0.000000|0.788042|0.788042|0.788042
AEG801_266_7017|13|77.448799|237.573486|109.220940|0.000000|1.480464|0.000000|0.931580|0.931580|0.931580
AEG801_266_7018|13|114.180756|237.772629|129.818573|0.000000|-88.519539|0.000000|0.889630|0.889630|0.889630
AEG801_267_7000|13|115.041534|237.930389|115.066948|0.000000|1.627033|0.000000|0.800000|0.800000|0.800000
AEG801_267_7001|13|105.397308|237.422256|59.923096|0.000000|31.643938|0.000000|1.000000|1.000000|1.000000
AEG801_267_7002|13|128.869553|237.844330|64.855469|0.000000|115.998375|0.000000|0.918936|0.918936|0.918936
AEG801_267_7003|13|103.903076|238.866791|25.730957|0.000000|0.527209|0.000000|1.000000|1.000000|1.000000
AEG801_267_7005|13|72.572998|238.400024|-12.532103|0.000000|-89.437195|0.000000|1.000000|1.000000|1.000000
AEG801_267_7007|13|120.519447|238.511108|41.365585|0.000000|122.044884|0.000000|1.000000|1.000000|1.000000
AEG801_267_7009|13|68.795227|237.929626|56.935181|0.000000|91.907700|0.000000|1.000000|1.000000|1.000000
AEG801_267_7010|13|134.112625|238.935791|114.422836|0.000000|1.627033|0.000000|0.800000|0.800000|0.800000
AEG801_268_7000|13|94.961258|237.118668|23.916744|0.000000|-89.539482|0.000000|0.747035|0.747035|0.747035
AEG801_268_7001|13|58.848099|237.118668|21.599689|0.000000|0.460510|0.000000|1.000000|1.000000|1.000000
AEG801_268_7002|13|58.949203|237.118668|91.713348|0.000000|-59.538376|0.000000|1.000000|1.000000|1.000000
AEG801_268_7003|13|74.014297|237.118668|120.149925|0.000000|-149.538391|0.000000|0.962483|0.962483|0.962483
AEG801_291_7005|13|-106.929749|395.236328|63.804924|0.007431|-84.792557|0.016529|1.000000|1.000000|1.000000
AEG801_293_7010|13|-100.956665|393.466553|54.490471|0.013988|-109.475662|0.013442|0.900000|0.900000|0.900000
AEG801_293_7011|13|-84.675568|387.836609|32.571915|0.005000|-105.086296|0.017349|0.900000|0.900000|0.900000
AEG801_295_7000|13|123.517281|352.174622|-43.754635|0.000000|-90.684860|0.000000|1.000000|1.000000|1.000000
AEG801_295_7006|13|-84.059441|378.249176|-7.903931|0.000246|-105.972023|0.008934|0.900000|0.900000|0.900000
AEG801_295_7015|13|-51.545780|386.846619|34.366821|-0.015559|2.256148|-0.006247|1.000000|1.000000|1.000000
AEG801_296_7000|13|111.005844|352.958405|-23.632706|0.000000|137.210739|0.000000|0.936571|0.936571|0.936571
AEG801_296_7001|13|87.887444|352.289246|-40.271698|0.000000|-139.231659|0.000000|0.800000|0.800000|0.800000
AEG801_296_7014|13|-84.085426|377.702484|-11.244141|-0.003793|51.174175|-0.009367|0.900000|0.900000|0.900000
AEG801_297_7000|13|121.013237|351.932587|-46.266357|0.000000|-52.938519|0.000000|1.000000|1.000000|1.000000
AEG801_297_7001|13|116.605049|352.960602|-26.094727|0.000004|-140.026672|-0.000001|1.000000|1.000000|1.000000
AEG801_297_7002|13|85.919983|352.311188|-38.257977|0.000000|129.839066|0.000000|0.800000|0.800000|0.800000
AEG801_297_7021|13|-109.177223|380.449921|5.114983|0.006502|154.906494|-0.004522|0.900000|0.900000|0.900000
AEG801_298_7000|13|116.732285|353.047180|-22.088531|0.000000|-50.516094|0.000000|0.750000|0.750000|0.750000
AEG801_298_7005|13|-122.647644|390.358429|54.937012|-0.016880|48.533276|-0.006513|1.000000|1.000000|1.000000
AEG801_298_7008|13|-97.374588|386.560791|28.917236|-0.006903|-50.500130|0.012212|1.000000|1.000000|1.000000
AEG801_298_7014|13|-74.162796|389.300964|37.306030|-0.018195|-34.813557|0.009644|0.700000|0.700000|0.700000
